# s/c   cf_mean    cf_std
0.00000000 0.00223168 0.00024275
0.00130087 0.00346861 0.00028421
0.00260174 0.00462070 0.00033246
0.00390261 0.00569272 0.00038606
0.00520348 0.00668927 0.00044400
0.00650435 0.00761482 0.00050557
0.00780522 0.00847364 0.00057026
0.00910609 0.00926989 0.00063766
0.01040697 0.01000753 0.00070744
0.01170784 0.01069041 0.00077935
0.01300871 0.01132221 0.00085314
0.01430958 0.01190648 0.00092862
0.01561045 0.01244663 0.00100559
0.01691132 0.01294593 0.00108391
0.01821219 0.01340751 0.00116341
0.01951306 0.01383439 0.00124396
0.02081393 0.01422944 0.00132544
0.02211480 0.01459543 0.00140775
0.02341567 0.01493498 0.00149078
0.02470176 0.01525063 0.00157444
0.02600263 0.01554477 0.00165866
0.02730350 0.01581971 0.00174336
0.02860437 0.01607761 0.00182849
0.02990524 0.01632056 0.00191399
0.03120611 0.01655054 0.00199982
0.03250698 0.01676941 0.00208594
0.03380786 0.01697896 0.00217233
0.03510873 0.01718086 0.00225896
0.03640960 0.01737671 0.00234582
0.03771047 0.01756799 0.00243290
0.03901134 0.01775613 0.00252020
0.04029743 0.01794245 0.00260772
0.04159830 0.01812819 0.00269548
0.04289917 0.01831452 0.00278348
0.04420004 0.01850253 0.00287176
0.04550091 0.01869323 0.00296033
0.04680178 0.01888756 0.00304923
0.04810265 0.01908640 0.00313848
0.04940352 0.01929054 0.00322812
0.05068961 0.01950073 0.00331820
0.05199048 0.01971764 0.00340877
0.05329135 0.01994189 0.00349985
0.05459222 0.02017403 0.00359151
0.05589309 0.02041457 0.00368380
0.05719396 0.02066395 0.00377677
0.05849483 0.02092257 0.00387048
0.05978092 0.02119077 0.00396499
0.06108179 0.02146884 0.00406035
0.06238266 0.02175705 0.00415662
0.06368353 0.02205559 0.00425387
0.06498440 0.02236463 0.00435216
0.06628528 0.02268430 0.00445155
0.06757136 0.02301469 0.00455210
0.06887223 0.02335585 0.00465388
0.07017310 0.02370778 0.00475694
0.07147398 0.02407049 0.00486136
0.07277485 0.02444392 0.00496719
0.07407572 0.02482800 0.00507448
0.07536180 0.02522262 0.00518331
0.07666268 0.02562766 0.00529373
0.07796355 0.02604296 0.00540579
0.07926442 0.02646835 0.00551955
0.08056529 0.02690363 0.00563507
0.08185138 0.02734859 0.00575239
0.08315225 0.02780299 0.00587157
0.08445312 0.02826659 0.00599264
0.08575399 0.02873912 0.00611567
0.08704008 0.02922030 0.00624069
0.08834095 0.02970984 0.00636774
0.08964182 0.03020743 0.00649685
0.09094269 0.03071278 0.00662807
0.09224356 0.03122556 0.00676142
0.09352965 0.03174543 0.00689693
0.09483052 0.03227208 0.00703463
0.09613139 0.03280516 0.00717454
0.09743226 0.03334433 0.00731668
0.09871835 0.03388925 0.00746106
0.10001922 0.03443958 0.00760771
0.10132009 0.03499496 0.00775662
0.10260618 0.03555506 0.00790780
0.10390705 0.03611952 0.00806126
0.10520792 0.03668802 0.00821699
0.10650879 0.03726021 0.00837499
0.10779488 0.03783576 0.00853526
0.10909575 0.03841435 0.00869777
0.11039662 0.03899564 0.00886252
0.11169749 0.03957933 0.00902948
0.11298358 0.04016511 0.00919864
0.11428445 0.04075268 0.00936996
0.11558532 0.04134175 0.00954342
0.11687141 0.04193204 0.00971899
0.11817228 0.04252327 0.00989663
0.11947315 0.04311519 0.01007629
0.12075924 0.04370755 0.01025795
0.12206011 0.04430011 0.01044155
0.12336098 0.04489265 0.01062704
0.12466185 0.04548494 0.01081437
0.12594794 0.04607681 0.01100349
0.12724881 0.04666804 0.01119434
0.12854968 0.04725849 0.01138686
0.12983577 0.04784637 0.01158059
0.13113664 0.04848281 0.01178992
0.13243751 0.04908910 0.01200583
0.13372359 0.04970170 0.01222274
0.13502447 0.05031913 0.01243786
0.13632534 0.05092198 0.01265326
0.13761142 0.05150905 0.01286897
0.13891229 0.05210914 0.01307986
0.14019838 0.05278554 0.01328356
0.14149925 0.05360989 0.01348564
0.14280012 0.05450076 0.01368429
0.14408621 0.05526726 0.01387971
0.14538708 0.05580982 0.01408435
0.14668795 0.05619048 0.01430946
0.14797404 0.05651532 0.01454467
0.14927491 0.05687554 0.01477623
0.15056100 0.05734771 0.01500229
0.15186187 0.05789312 0.01522075
0.15316274 0.05837263 0.01542706
0.15444883 0.05876008 0.01563120
0.15574970 0.05919473 0.01584267
0.15703579 0.05970208 0.01605139
0.15833666 0.06018765 0.01625643
0.15963753 0.06054186 0.01645398
0.16092362 0.06090611 0.01664482
0.16222449 0.06156537 0.01683457
0.16351058 0.06253245 0.01700973
0.16481145 0.06351477 0.01715966
0.16611232 0.06427349 0.01730867
0.16739841 0.06483038 0.01747616
0.16869928 0.06526849 0.01766488
0.16998537 0.06565107 0.01786873
0.17128624 0.06601246 0.01807639
0.17257232 0.06637068 0.01828414
0.17387319 0.06673813 0.01848847
0.17517407 0.06712705 0.01868872
0.17646015 0.06754682 0.01888439
0.17776102 0.06799745 0.01907505
0.17904711 0.06847648 0.01926145
0.18034798 0.06897955 0.01944366
0.18163407 0.06951946 0.01962163
0.18293494 0.07011432 0.01979430
0.18422103 0.07079480 0.01996402
0.18552190 0.07155465 0.02013775
0.18680799 0.07228646 0.02031003
0.18810886 0.07285731 0.02047166
0.18939495 0.07324620 0.02063531
0.19069582 0.07367298 0.02080622
0.19199669 0.07439545 0.02098929
0.19328278 0.07543964 0.02117006
0.19458365 0.07652611 0.02132572
0.19586974 0.07743898 0.02146950
0.19717061 0.07821562 0.02161615
0.19845669 0.07896635 0.02178358
0.19975757 0.07974626 0.02196961
0.20104365 0.08050683 0.02215935
0.20234452 0.08116835 0.02234976
0.20363061 0.08165126 0.02253367
0.20493148 0.08210449 0.02272890
0.20621757 0.08280737 0.02293575
0.20750366 0.08383167 0.02313797
0.20880453 0.08497918 0.02333399
0.21009062 0.08600852 0.02351392
0.21139149 0.08685154 0.02368163
0.21267758 0.08761231 0.02386271
0.21397845 0.08842000 0.02406246
0.21526454 0.08931383 0.02426636
0.21656541 0.09027272 0.02447125
0.21785149 0.09125875 0.02467426
0.21915236 0.09223620 0.02487645
0.22043845 0.09317915 0.02507988
0.22173932 0.09406468 0.02528405
0.22302541 0.09488141 0.02548628
0.22432628 0.09568875 0.02569094
0.22561237 0.09655765 0.02589959
0.22689846 0.09752642 0.02611334
0.22819933 0.09854692 0.02632808
0.22948542 0.09951804 0.02653701
0.23078629 0.10040066 0.02674005
0.23207238 0.10120379 0.02694122
0.23337325 0.10194624 0.02714571
0.23465933 0.10261592 0.02735450
0.23594542 0.10318886 0.02756845
0.23724629 0.10367206 0.02778741
0.23853238 0.10411672 0.02801119
0.23983325 0.10459106 0.02823807
0.24111934 0.10512797 0.02846257
0.24240543 0.10572106 0.02868381
0.24370630 0.10632158 0.02890338
0.24499239 0.10686549 0.02912153
0.24629326 0.10732217 0.02934018
0.24757935 0.10769641 0.02955546
0.24886543 0.10800293 0.02976505
0.25016630 0.10827162 0.02997195
0.25145239 0.10854243 0.03018148
0.25275326 0.10880853 0.03039345
0.25403935 0.10905838 0.03060749
0.25532544 0.10929304 0.03082333
0.25662631 0.10949969 0.03103534
0.25791240 0.10965846 0.03124253
0.25919849 0.10973943 0.03143577
0.26049936 0.10973719 0.03161642
0.26178545 0.10970604 0.03179938
0.26307153 0.10966863 0.03198221
0.26437240 0.10964834 0.03216225
0.26565849 0.10971701 0.03235157
0.26695936 0.10991200 0.03254825
0.26824545 0.11019924 0.03273958
0.26953154 0.11045196 0.03291588
0.27083241 0.11052776 0.03306632
0.27211850 0.11036590 0.03320535
0.27340459 0.11002963 0.03334927
0.27470546 0.10970959 0.03350960
0.27599154 0.10953594 0.03369443
0.27727763 0.10948317 0.03388350
0.27857850 0.10945791 0.03406127
0.27986459 0.10938201 0.03421859
0.28115068 0.10923592 0.03434142
0.28243677 0.10900422 0.03445836
0.28373764 0.10868153 0.03459586
0.28502373 0.10824279 0.03474180
0.28630981 0.10777633 0.03489671
0.28761068 0.10746013 0.03507191
0.28889677 0.10728395 0.03523755
0.29018286 0.10702041 0.03535956
0.29148373 0.10650697 0.03546424
0.29276982 0.10580941 0.03557052
0.29405591 0.10507351 0.03568482
0.29534200 0.10443660 0.03581127
0.29664287 0.10394693 0.03594288
0.29792895 0.10354046 0.03606959
0.29921504 0.10310325 0.03618379
0.30051591 0.10253396 0.03628058
0.30180200 0.10180635 0.03636425
0.30308809 0.10097888 0.03644776
0.30437418 0.10016155 0.03653320
0.30567505 0.09945873 0.03662295
0.30696114 0.09891767 0.03670851
0.30824722 0.09850340 0.03678127
0.30953331 0.09813719 0.03684665
0.31083418 0.09770916 0.03690691
0.31212027 0.09712602 0.03696033
0.31340636 0.09640478 0.03700221
0.31469245 0.09564719 0.03704074
0.31599332 0.09490692 0.03708143
0.31727941 0.09413475 0.03711931
0.31856549 0.09333209 0.03716251
0.31985158 0.09257937 0.03720998
0.32115245 0.09195914 0.03725841
0.32243854 0.09150527 0.03730396
0.32372463 0.09121690 0.03734818
0.32501072 0.09104437 0.03739094
0.32629681 0.09090094 0.03742353
0.32759768 0.09071081 0.03743874
0.32888376 0.09044123 0.03743827
0.33016985 0.09010231 0.03743452
0.33145594 0.08970320 0.03742819
0.33275681 0.08929019 0.03742759
0.33404290 0.08892914 0.03744436
0.33532899 0.08863434 0.03747441
0.33661508 0.08835754 0.03750530
0.33790116 0.08806246 0.03752827
0.33918725 0.08775433 0.03754114
0.34048812 0.08746523 0.03754537
0.34177421 0.08723123 0.03754500
0.34306030 0.08707508 0.03754140
0.34434639 0.08701221 0.03753928
0.34563247 0.08703474 0.03754101
0.34693335 0.08710250 0.03755430
0.34821943 0.08712998 0.03757187
0.34950552 0.08705718 0.03758724
0.35079161 0.08688257 0.03760133
0.35207770 0.08661935 0.03760143
0.35336379 0.08631443 0.03759515
0.35466466 0.08603581 0.03758954
0.35595074 0.08585844 0.03758794
0.35723683 0.08583340 0.03759809
0.35852292 0.08589966 0.03760900
0.35980901 0.08595319 0.03761465
0.36109510 0.08598374 0.03762127
0.36238118 0.08601354 0.03762790
0.36368206 0.08603032 0.03763327
0.36496814 0.08598093 0.03763182
0.36625423 0.08583503 0.03762425
0.36754032 0.08562573 0.03761893
0.36882641 0.08543283 0.03761797
0.37011250 0.08535715 0.03763346
0.37139858 0.08541145 0.03766198
0.37269945 0.08548084 0.03768219
0.37398554 0.08548243 0.03769344
0.37527163 0.08541682 0.03769748
0.37655772 0.08530603 0.03769202
0.37784381 0.08518779 0.03767627
0.37912989 0.08511885 0.03765647
0.38041598 0.08513249 0.03764225
0.38170207 0.08514229 0.03762988
0.38298816 0.08505608 0.03762322
0.38428903 0.08491289 0.03763505
0.38557512 0.08477592 0.03766122
0.38686121 0.08466608 0.03769188
0.38814729 0.08459413 0.03772021
0.38943338 0.08457396 0.03774322
0.39071947 0.08460986 0.03776113
0.39200556 0.08466979 0.03777128
0.39329165 0.08472485 0.03777496
0.39457773 0.08478303 0.03777608
0.39586382 0.08486637 0.03777450
0.39714991 0.08498860 0.03777094
0.39843600 0.08512469 0.03776962
0.39973687 0.08518706 0.03777336
0.40102296 0.08503027 0.03777202
0.40230905 0.08466213 0.03777089
0.40359513 0.08426676 0.03779111
0.40488122 0.08402067 0.03783652
0.40616731 0.08394237 0.03788222
0.40745340 0.08394744 0.03791107
0.40873949 0.08393728 0.03792291
0.41002557 0.08380984 0.03791900
0.41131166 0.08357640 0.03790751
0.41259775 0.08339354 0.03790954
0.41388384 0.08335310 0.03792095
0.41516993 0.08337171 0.03792146
0.41645601 0.08345161 0.03791892
0.41774210 0.08370454 0.03792224
0.41902819 0.08424780 0.03793269
0.42031428 0.08493934 0.03793638
0.42160037 0.08541932 0.03791030
0.42288645 0.08551007 0.03786269
0.42417254 0.08537700 0.03783536
0.42545863 0.08525581 0.03783842
0.42674472 0.08518840 0.03785640
0.42803081 0.08514502 0.03786979
0.42931690 0.08513287 0.03787946
0.43060298 0.08519045 0.03789811
0.43188907 0.08531689 0.03792057
0.43317516 0.08548082 0.03794054
0.43446125 0.08565877 0.03795588
0.43574734 0.08583684 0.03796558
0.43703342 0.08601200 0.03797085
0.43831951 0.08618230 0.03797127
0.43960560 0.08634965 0.03796824
0.44089169 0.08650221 0.03796198
0.44217778 0.08662605 0.03795707
0.44346386 0.08669681 0.03795612
0.44474995 0.08669310 0.03794922
0.44603604 0.08669432 0.03794390
0.44732213 0.08687192 0.03796305
0.44860822 0.08734497 0.03800066
0.44989430 0.08795401 0.03803601
0.45118039 0.08837021 0.03803477
0.45246648 0.08840618 0.03799634
0.45375257 0.08821519 0.03796651
0.45503866 0.08800719 0.03796717
0.45632474 0.08778657 0.03798759
0.45761083 0.08746501 0.03799426
0.45889692 0.08702338 0.03798759
0.46018301 0.08657885 0.03799543
0.46146910 0.08628800 0.03802860
0.46275519 0.08631896 0.03809425
0.46404127 0.08660534 0.03815897
0.46532736 0.08684287 0.03819522
0.46661345 0.08682085 0.03820226
0.46789954 0.08660208 0.03819144
0.46917084 0.08640118 0.03820047
0.47045693 0.08636172 0.03824804
0.47174302 0.08645821 0.03830745
0.47302911 0.08656852 0.03834591
0.47431520 0.08660538 0.03836331
0.47560128 0.08653629 0.03836185
0.47688737 0.08637994 0.03835341
0.47817346 0.08619083 0.03835061
0.47945955 0.08602144 0.03835498
0.48074564 0.08592294 0.03836799
0.48203172 0.08594324 0.03839310
0.48331781 0.08605160 0.03842161
0.48460390 0.08616827 0.03844516
0.48587521 0.08620406 0.03845522
0.48716129 0.08612852 0.03845144
0.48844738 0.08598855 0.03844561
0.48973347 0.08583540 0.03844739
0.49101956 0.08570248 0.03845868
0.49230565 0.08559877 0.03847479
0.49359173 0.08553030 0.03849399
0.49487782 0.08549985 0.03851421
0.49616391 0.08550322 0.03853353
0.49743522 0.08552731 0.03855077
0.49872130 0.08554949 0.03856330
0.50000739 0.08555116 0.03857167
0.50129348 0.08551703 0.03857668
0.50257957 0.08543667 0.03857756
0.50386566 0.08530673 0.03857485
0.50515174 0.08514554 0.03857041
0.50643783 0.08498868 0.03857133
0.50770914 0.08487231 0.03858125
0.50899523 0.08481138 0.03859909
0.51028131 0.08477079 0.03861604
0.51156740 0.08470390 0.03862522
0.51285349 0.08457951 0.03862630
0.51413958 0.08439870 0.03862233
0.51542567 0.08418195 0.03861898
0.51669697 0.08395474 0.03861497
0.51798306 0.08377307 0.03862159
0.51926915 0.08369396 0.03864394
0.52055524 0.08371139 0.03866734
0.52184132 0.08381261 0.03869131
0.52312741 0.08393786 0.03871629
0.52439872 0.08395777 0.03872106
0.52568480 0.08378792 0.03869579
0.52697089 0.08344364 0.03865231
0.52825698 0.08304492 0.03861042
0.52954307 0.08272238 0.03859701
0.53082916 0.08257398 0.03861476
0.53210046 0.08262668 0.03865244
0.53338655 0.08273894 0.03868664
0.53467264 0.08274438 0.03868894
0.53595873 0.08259388 0.03866614
0.53724481 0.08234056 0.03863194
0.53853090 0.08209836 0.03860226
0.53980221 0.08201700 0.03861332
0.54108830 0.08212877 0.03865115
0.54237438 0.08228202 0.03866900
0.54366047 0.08240308 0.03867678
0.54494656 0.08244332 0.03867223
0.54621787 0.08233034 0.03863592
0.54750395 0.08214097 0.03859385
0.54879004 0.08198015 0.03857111
0.55007613 0.08190647 0.03856382
0.55134744 0.08194735 0.03856847
0.55263352 0.08206420 0.03857480
0.55391961 0.08216419 0.03856802
0.55520570 0.08217014 0.03854201
0.55649179 0.08208456 0.03850216
0.55776309 0.08196656 0.03846258
0.55904918 0.08190457 0.03843976
0.56033527 0.08194930 0.03843788
0.56162136 0.08207804 0.03844161
0.56289266 0.08222618 0.03844331
0.56417875 0.08233496 0.03843467
0.56546484 0.08236453 0.03841371
0.56675093 0.08230957 0.03838700
0.56803702 0.08218225 0.03835607
0.56930832 0.08198587 0.03832148
0.57059441 0.08175289 0.03828747
0.57188050 0.08153578 0.03826684
0.57316659 0.08137973 0.03826111
0.57443789 0.08130607 0.03826123
0.57572398 0.08132155 0.03826295
0.57701007 0.08142384 0.03826091
0.57829616 0.08159767 0.03825720
0.57956746 0.08179049 0.03824884
0.58085355 0.08193356 0.03823371
0.58213964 0.08196258 0.03820672
0.58341094 0.08185945 0.03816575
0.58469703 0.08166442 0.03812039
0.58598312 0.08144216 0.03808458
0.58726921 0.08124266 0.03806460
0.58854051 0.08108452 0.03805378
0.58982660 0.08098926 0.03805452
0.59111269 0.08093158 0.03805807
0.59239878 0.08083949 0.03804778
0.59367008 0.08067417 0.03802182
0.59495617 0.08047807 0.03799659
0.59624226 0.08030837 0.03798381
0.59751356 0.08020827 0.03798686
0.59879965 0.08019339 0.03800176
0.60008574 0.08025136 0.03801940
0.60137183 0.08036382 0.03803797
0.60264313 0.08048587 0.03805066
0.60392922 0.08056347 0.03805485
0.60521531 0.08053675 0.03804152
0.60648661 0.08037944 0.03800880
0.60777270 0.08011145 0.03796059
0.60905879 0.07979672 0.03791108
0.61033010 0.07953601 0.03788479
0.61161618 0.07937314 0.03787676
0.61290227 0.07930178 0.03787749
0.61417358 0.07929022 0.03788058
0.61545967 0.07929000 0.03787815
0.61674575 0.07928107 0.03787424
0.61801706 0.07926560 0.03787203
0.61930315 0.07924119 0.03787048
0.62058924 0.07920774 0.03786962
0.62187532 0.07916815 0.03786552
0.62314663 0.07915036 0.03786237
0.62443272 0.07917899 0.03786295
0.62571880 0.07924427 0.03786114
0.62699011 0.07930245 0.03785457
0.62827620 0.07928571 0.03783215
0.62954750 0.07914976 0.03779040
0.63083359 0.07891636 0.03774372
0.63211968 0.07862632 0.03769864
0.63339099 0.07830863 0.03765957
0.63467707 0.07799819 0.03763095
0.63596316 0.07772808 0.03761527
0.63723447 0.07752146 0.03761023
0.63852056 0.07739239 0.03761290
0.63980664 0.07735755 0.03762455
0.64107795 0.07740871 0.03764297
0.64236404 0.07750376 0.03765782
0.64365012 0.07760552 0.03766608
0.64492143 0.07770120 0.03766987
0.64620752 0.07778529 0.03766948
0.64749361 0.07785578 0.03766763
0.64876491 0.07790644 0.03766326
0.65005100 0.07793210 0.03765671
0.65132231 0.07792680 0.03764724
0.65260839 0.07788543 0.03763474
0.65389448 0.07780048 0.03761687
0.65516579 0.07766936 0.03759359
0.65645188 0.07749730 0.03756628
0.65772318 0.07729925 0.03753965
0.65900927 0.07709758 0.03752079
0.66029536 0.07689330 0.03750852
0.66156666 0.07667503 0.03750003
0.66285275 0.07641801 0.03748702
0.66413884 0.07612108 0.03746872
0.66541014 0.07582717 0.03745767
0.66669623 0.07558820 0.03746629
0.66796754 0.07542831 0.03749434
0.66925363 0.07533520 0.03753119
0.67053971 0.07528925 0.03756639
0.67181102 0.07527588 0.03759784
0.67309711 0.07527082 0.03762411
0.67436841 0.07521703 0.03763852
0.67565450 0.07505919 0.03763170
0.67692581 0.07480896 0.03761279
0.67821189 0.07451091 0.03759662
0.67949798 0.07418591 0.03758357
0.68076929 0.07383511 0.03757077
0.68205538 0.07345396 0.03755109
0.68332668 0.07306512 0.03752787
0.68461277 0.07273250 0.03751903
0.68589886 0.07252071 0.03754127
0.68717016 0.07240968 0.03758154
0.68845625 0.07232479 0.03761753
0.68972756 0.07222422 0.03764449
0.69101364 0.07210535 0.03766613
0.69228495 0.07197032 0.03768339
0.69357104 0.07182091 0.03769653
0.69484234 0.07166534 0.03770570
0.69612843 0.07152121 0.03771392
0.69741452 0.07140762 0.03772259
0.69868582 0.07133877 0.03773439
0.69997191 0.07130428 0.03774525
0.70124322 0.07125587 0.03774279
0.70252931 0.07116958 0.03772751
0.70380061 0.07106240 0.03771301
0.70508670 0.07095488 0.03770812
0.70635801 0.07084413 0.03770921
0.70764409 0.07071518 0.03771041
0.70893018 0.07056302 0.03770997
0.71020149 0.07038407 0.03770690
0.71148758 0.07018344 0.03770239
0.71275888 0.06997243 0.03769692
0.71404497 0.06978583 0.03769761
0.71531627 0.06967237 0.03771482
0.71660236 0.06963773 0.03774148
0.71787367 0.06963313 0.03775955
0.71915976 0.06961469 0.03776139
0.72043106 0.06957420 0.03775124
0.72171715 0.06951707 0.03773418
0.72298845 0.06945571 0.03771561
0.72427454 0.06940097 0.03770116
0.72554585 0.06935517 0.03769369
0.72683194 0.06929963 0.03768886
0.72810324 0.06920551 0.03767964
0.72938933 0.06906161 0.03766135
0.73066064 0.06889289 0.03764420
0.73194672 0.06873570 0.03763618
0.73321803 0.06861284 0.03764068
0.73450412 0.06852860 0.03765449
0.73577542 0.06846810 0.03766768
0.73706151 0.06841678 0.03767663
0.73833282 0.06836813 0.03767986
0.73961890 0.06831928 0.03767800
0.74089021 0.06826841 0.03767120
0.74217630 0.06821244 0.03765918
0.74344760 0.06814997 0.03764207
0.74473369 0.06807997 0.03762001
0.74600500 0.06800459 0.03759440
0.74729108 0.06793136 0.03756889
0.74856239 0.06786766 0.03754656
0.74984848 0.06781889 0.03752919
0.75111978 0.06778574 0.03751660
0.75240587 0.06776700 0.03750774
0.75367718 0.06775976 0.03750143
0.75496327 0.06776141 0.03749667
0.75623457 0.06776945 0.03749256
0.75752066 0.06778142 0.03748845
0.75879196 0.06779539 0.03748377
0.76007805 0.06780992 0.03747805
0.76134936 0.06782460 0.03747119
0.76263545 0.06784021 0.03746343
0.76390675 0.06785902 0.03745525
0.76517806 0.06788491 0.03744767
0.76646414 0.06792404 0.03744244
0.76773545 0.06798311 0.03744135
0.76902154 0.06806428 0.03744480
0.77029284 0.06815507 0.03744718
0.77157893 0.06823188 0.03744186
0.77285024 0.06828009 0.03742732
0.77413633 0.06829685 0.03740602
0.77540763 0.06828293 0.03738081
0.77669372 0.06823955 0.03735295
0.77796502 0.06816665 0.03732299
0.77923633 0.06806924 0.03729279
0.78052242 0.06795541 0.03726567
0.78179372 0.06783627 0.03724420
0.78307981 0.06772196 0.03723010
0.78435112 0.06762337 0.03722476
0.78563720 0.06754395 0.03722630
0.78690851 0.06747672 0.03723023
0.78817982 0.06741879 0.03723465
0.78946590 0.06736881 0.03723847
0.79073721 0.06732640 0.03724100
0.79202330 0.06729027 0.03724156
0.79329460 0.06725804 0.03723942
0.79458069 0.06722544 0.03723386
0.79585200 0.06718582 0.03722345
0.79712330 0.06713491 0.03720939
0.79840939 0.06706982 0.03719302
0.79968070 0.06698710 0.03717469
0.80096678 0.06688621 0.03715542
0.80223809 0.06676885 0.03713536
0.80350939 0.06664449 0.03711839
0.80479548 0.06652589 0.03710919
0.80606679 0.06642441 0.03711138
0.80735288 0.06634039 0.03712355
0.80862418 0.06626554 0.03713941
0.80989549 0.06619664 0.03715629
0.81118157 0.06613432 0.03717288
0.81245288 0.06608370 0.03718974
0.81373897 0.06604855 0.03720825
0.81501027 0.06602098 0.03722481
0.81628158 0.06598693 0.03723547
0.81756767 0.06593979 0.03723954
0.81883897 0.06587834 0.03723777
0.82012506 0.06579958 0.03722932
0.82139637 0.06569837 0.03721205
0.82266767 0.06556579 0.03718121
0.82395376 0.06540547 0.03713876
0.82522507 0.06524552 0.03710022
0.82651115 0.06511518 0.03707995
0.82778246 0.06501807 0.03707759
0.82905376 0.06494416 0.03708700
0.83033985 0.06488418 0.03710370
0.83161116 0.06482941 0.03712362
0.83288246 0.06477491 0.03714509
0.83416855 0.06471576 0.03716631
0.83543986 0.06464700 0.03718548
0.83672594 0.06456410 0.03720096
0.83799725 0.06446463 0.03721218
0.83926856 0.06434716 0.03721894
0.84055464 0.06421064 0.03722097
0.84182595 0.06405424 0.03721799
0.84309725 0.06387818 0.03720953
0.84438334 0.06368605 0.03719658
0.84565465 0.06348620 0.03718101
0.84692595 0.06329141 0.03716604
0.84821204 0.06312002 0.03715652
0.84948335 0.06299089 0.03715741
0.85076944 0.06291030 0.03717059
0.85204074 0.06285364 0.03718628
0.85331205 0.06279341 0.03719782
0.85459813 0.06271478 0.03720370
0.85586944 0.06261266 0.03720433
0.85714075 0.06248864 0.03720202
0.85842683 0.06234082 0.03719582
0.85969814 0.06217256 0.03718731
0.86096944 0.06198867 0.03717702
0.86225553 0.06180241 0.03716928
0.86352684 0.06163557 0.03717047
0.86479814 0.06151537 0.03719008
0.86608423 0.06145641 0.03723208
0.86735554 0.06144888 0.03728927
0.86862684 0.06146827 0.03734858
0.86991293 0.06149015 0.03739751
0.87118424 0.06149861 0.03743075
0.87245554 0.06148245 0.03744782
0.87374163 0.06143249 0.03744976
0.87501293 0.06134051 0.03743728
0.87628424 0.06120218 0.03741197
0.87757033 0.06101696 0.03737514
0.87884163 0.06078958 0.03732962
0.88011294 0.06053003 0.03727976
0.88138424 0.06025075 0.03723047
0.88267033 0.05996521 0.03718666
0.88394164 0.05968364 0.03715102
0.88521294 0.05941359 0.03712516
0.88649903 0.05916031 0.03710946
0.88777034 0.05893473 0.03710866
0.88904164 0.05874456 0.03712441
0.89032773 0.05858091 0.03714745
0.89159904 0.05843634 0.03717041
0.89287034 0.05831294 0.03719170
0.89415643 0.05821402 0.03721213
0.89542774 0.05813610 0.03723064
0.89669904 0.05807062 0.03724573
0.89797035 0.05800876 0.03725636
0.89925643 0.05794469 0.03726322
0.90052774 0.05787462 0.03726669
0.90179905 0.05779546 0.03726709
0.90308513 0.05770446 0.03726472
0.90435644 0.05759819 0.03725871
0.90562774 0.05747438 0.03724895
0.90691383 0.05733200 0.03723517
0.90818514 0.05717222 0.03721786
0.90945644 0.05699856 0.03719762
0.91072775 0.05682191 0.03717832
0.91201384 0.05665447 0.03716309
0.91328514 0.05650757 0.03715438
0.91455645 0.05638886 0.03715290
0.91582775 0.05630132 0.03715722
0.91711384 0.05624971 0.03716796
0.91838515 0.05623341 0.03718374
0.91965645 0.05625042 0.03720423
0.92094254 0.05629117 0.03722734
0.92221385 0.05634057 0.03725008
0.92348515 0.05637291 0.03726500
0.92475646 0.05636769 0.03726654
0.92604254 0.05632625 0.03725736
0.92731385 0.05625917 0.03724253
0.92858516 0.05617867 0.03722722
0.92985646 0.05609040 0.03721346
0.93114255 0.05599603 0.03720133
0.93241385 0.05589710 0.03719150
0.93368516 0.05579830 0.03718574
0.93495647 0.05571204 0.03719099
0.93624255 0.05564399 0.03720699
0.93751386 0.05559217 0.03722704
0.93878516 0.05557226 0.03725396
0.94005647 0.05559704 0.03729014
0.94134256 0.05564253 0.03732445
0.94261386 0.05567204 0.03734439
0.94388517 0.05567422 0.03735063
0.94515647 0.05565095 0.03734696
0.94644256 0.05560328 0.03733576
0.94771387 0.05553078 0.03731743
0.94898517 0.05543172 0.03729176
0.95025648 0.05530774 0.03725938
0.95154257 0.05516005 0.03722032
0.95281387 0.05498694 0.03717202
0.95408518 0.05479593 0.03711705
0.95535648 0.05460960 0.03706511
0.95664257 0.05446347 0.03703160
0.95791388 0.05438657 0.03702666
0.95918518 0.05437873 0.03704609
0.96045649 0.05440933 0.03707448
0.96174258 0.05444281 0.03709903
0.96301388 0.05446534 0.03711707
0.96428519 0.05447343 0.03712916
0.96555649 0.05446138 0.03713383
0.96682780 0.05442186 0.03712714
0.96811389 0.05435139 0.03710850
0.96938519 0.05425215 0.03707950
0.97065650 0.05412953 0.03704313
0.97192780 0.05399105 0.03700265
0.97321389 0.05384273 0.03696010
0.97448520 0.05369234 0.03691811
0.97575650 0.05354767 0.03687889
0.97702781 0.05341832 0.03684527
0.97829911 0.05331330 0.03682000
0.97958520 0.05323507 0.03680275
0.98085651 0.05318113 0.03679219
0.98212781 0.05314259 0.03678442
0.98339912 0.05311150 0.03677729
0.98468520 0.05308106 0.03676933
0.98595651 0.05304613 0.03675935
0.98722781 0.05300342 0.03674720
0.98849912 0.05294911 0.03673183
0.98977043 0.05288081 0.03671275
0.99105651 0.05279884 0.03669058
0.99232782 0.05270602 0.03666694
0.99359912 0.05260632 0.03664407
0.99487043 0.05250058 0.03662242
0.99614174 0.05238435 0.03659888
0.99742782 0.05225281 0.03657026
0.99869913 0.05210914 0.03653759
0.99997043 0.05195986 0.03650345
1.00124174 0.05181372 0.03647130
1.00251305 0.05167802 0.03644368
1.00378435 0.05155360 0.03642012
1.00507044 0.05143860 0.03639922
1.00634174 0.05132953 0.03637930
1.00761305 0.05122491 0.03635988
1.00888436 0.05112414 0.03634103
1.01015566 0.05102779 0.03632320
1.01144175 0.05093628 0.03630666
1.01271305 0.05085013 0.03629181
1.01398436 0.05077025 0.03627904
1.01525567 0.05069763 0.03626889
1.01652697 0.05063372 0.03626206
1.01779828 0.05057973 0.03625927
1.01908436 0.05053593 0.03626096
1.02035567 0.05049675 0.03626423
1.02162698 0.05045163 0.03626359
1.02289828 0.05039138 0.03625496
1.02416959 0.05030950 0.03623561
1.02545567 0.05020642 0.03620625
1.02672698 0.05009199 0.03617216
1.02799829 0.04997660 0.03613825
1.02926959 0.04986560 0.03610656
1.03054090 0.04976194 0.03607794
1.03181220 0.04966826 0.03605333
1.03309829 0.04958752 0.03603377
1.03436960 0.04952395 0.03602119
1.03564090 0.04947813 0.03601575
1.03691221 0.04944563 0.03601509
1.03818351 0.04942098 0.03601685
1.03945482 0.04940089 0.03601985
1.04072612 0.04938442 0.03602401
1.04201221 0.04937050 0.03602905
1.04328352 0.04935918 0.03603543
1.04455482 0.04934889 0.03604253
1.04582613 0.04933468 0.03604753
1.04709743 0.04931172 0.03604769
1.04836874 0.04927851 0.03604220
1.04965483 0.04923526 0.03603086
1.05092613 0.04918418 0.03601442
1.05219744 0.04913047 0.03599514
1.05346874 0.04908113 0.03597633
1.05474005 0.04904247 0.03596100
1.05601135 0.04902072 0.03595200
1.05728266 0.04902149 0.03595179
1.05856875 0.04904931 0.03596252
1.05984005 0.04910256 0.03598322
1.06111136 0.04917383 0.03601051
1.06238266 0.04925020 0.03603839
1.06365397 0.04932505 0.03606427
1.06492527 0.04940049 0.03609020
1.06619658 0.04947442 0.03611532
1.06746788 0.04954144 0.03613688
1.06875397 0.04959349 0.03615065
1.07002528 0.04962465 0.03615376
1.07129658 0.04963268 0.03614540
1.07256789 0.04961803 0.03612614
1.07383919 0.04958234 0.03609692
1.07511050 0.04952748 0.03605845
1.07638181 0.04946112 0.03601465
1.07766789 0.04939757 0.03597232
1.07893920 0.04936136 0.03594417
1.08021050 0.04937096 0.03593921
1.08148181 0.04941523 0.03594960
1.08275312 0.04946788 0.03596088
1.08402442 0.04951674 0.03596812
1.08529573 0.04956114 0.03597220
1.08656703 0.04960093 0.03597345
1.08783834 0.04963717 0.03597291
1.08912443 0.04966832 0.03596978
1.09039573 0.04969350 0.03596373
1.09166704 0.04971287 0.03595489
1.09293834 0.04972778 0.03594402
1.09420965 0.04973876 0.03593131
1.09548095 0.04974585 0.03591678
1.09675226 0.04974837 0.03590008
1.09802356 0.04974546 0.03588083
1.09930965 0.04973699 0.03585910
1.10058096 0.04972403 0.03583564
1.10185226 0.04970737 0.03581090
1.10312357 0.04968767 0.03578520
1.10439487 0.04966534 0.03575879
1.10566618 0.04964009 0.03573136
1.10693748 0.04961225 0.03570303
1.10820879 0.04958251 0.03567405
1.10948010 0.04955239 0.03564507
1.11075140 0.04952376 0.03561697
1.11203749 0.04949846 0.03559051
1.11330879 0.04947782 0.03556631
1.11458010 0.04946296 0.03554493
1.11585141 0.04945505 0.03552716
1.11712271 0.04945359 0.03551291
1.11839402 0.04945672 0.03550154
1.11966532 0.04945773 0.03549002
1.12093663 0.04944231 0.03547116
1.12220793 0.04938751 0.03543318
1.12347924 0.04927463 0.03536799
1.12475054 0.04911591 0.03528562
1.12603663 0.04894640 0.03520723
1.12730794 0.04879610 0.03514523
1.12857924 0.04868339 0.03510324
1.12985055 0.04862366 0.03507813
1.13112185 0.04863299 0.03506966
1.13239316 0.04872381 0.03507531
1.13366446 0.04890669 0.03509619
1.13493577 0.04918526 0.03513929
1.13620707 0.04954561 0.03521911
1.13747838 0.04991990 0.03536478
1.13874969 0.05026750 0.03556942
1.14002099 0.05053992 0.03573787
1.14130708 0.05070576 0.03582318
1.14257838 0.05080530 0.03585940
1.14384969 0.05082044 0.03585276
1.14512100 0.05071086 0.03580473
1.14639230 0.05045513 0.03571749
1.14766361 0.05011681 0.03558415
1.14893491 0.04982937 0.03540764
1.15020622 0.04963733 0.03523299
1.15147752 0.04942025 0.03506947
1.15274883 0.04905794 0.03490477
1.15402013 0.04862398 0.03472356
1.15529144 0.04853905 0.03465286
1.15656274 0.04845222 0.03458027
1.15783405 0.04836550 0.03450720
1.15912014 0.04827931 0.03443389
1.16039144 0.04819404 0.03436059
1.16166275 0.04811012 0.03428757
1.16293405 0.04802799 0.03421508
1.16420536 0.04794807 0.03414340
1.16547667 0.04787081 0.03407280
1.16674797 0.04779666 0.03400356
1.16801928 0.04772607 0.03393594
1.16929058 0.04765949 0.03387024
1.17056189 0.04759738 0.03380672
1.17183319 0.04754018 0.03374565
1.17310450 0.04748835 0.03368732
1.17437580 0.04744232 0.03363198
1.17564711 0.04740254 0.03357991
1.17691841 0.04736944 0.03353135
1.17818972 0.04734343 0.03348656
1.17946103 0.04732493 0.03344577
1.18074711 0.04731432 0.03340921
1.18201842 0.04731198 0.03337710
1.18328972 0.04731827 0.03334963
1.18456103 0.04733354 0.03332701
1.18583234 0.04735809 0.03330938
1.18710364 0.04739223 0.03329692
1.18837495 0.04743621 0.03328975
1.18964625 0.04749026 0.03328797
1.19091756 0.04755461 0.03329169
1.19218886 0.04762940 0.03330096
1.19346017 0.04771479 0.03331582
1.19473147 0.04781085 0.03333627
1.19600278 0.04791764 0.03336230
1.19727408 0.04803517 0.03339384
1.19854539 0.04816339 0.03343081
1.19981670 0.04830222 0.03347308
1.20108800 0.04845150 0.03352050
1.20235931 0.04861104 0.03357284
1.20363061 0.04878057 0.03362987
1.20490192 0.04895977 0.03369130
1.20617322 0.04914826 0.03375678
1.20744453 0.04934557 0.03382593
1.20873062 0.04955118 0.03389832
1.21000192 0.04976448 0.03397344
1.21127323 0.04998478 0.03405075
1.21254453 0.05021133 0.03412964
1.21381584 0.05044328 0.03420944
1.21508714 0.05067968 0.03428942
1.21635845 0.05091950 0.03436879
1.21762975 0.05116161 0.03444667
1.21890106 0.05140479 0.03452213
1.22017237 0.05164771 0.03459415
1.22144367 0.05188893 0.03466164
1.22271498 0.05212689 0.03472344
1.22398628 0.05235994 0.03477829
1.22525759 0.05258628 0.03482485
1.22652889 0.05280402 0.03486169
1.22780020 0.05301112 0.03488731
1.22907150 0.05320541 0.03490008
1.23034281 0.05338459 0.03489829
1.23161411 0.05354623 0.03488014
1.23288542 0.05368773 0.03484371
1.23415673 0.05380636 0.03478698
1.23542803 0.05389924 0.03470782
1.23669934 0.05396333 0.03460397
1.23797064 0.05399541 0.03447308
1.23924195 0.05399211 0.03431267
1.24051325 0.05394990 0.03412012
1.24178456 0.05386505 0.03389271
1.24305586 0.05373367 0.03362757
1.24432717 0.05355166 0.03332171
1.24559847 0.05331475 0.03297198
1.24686978 0.05301847 0.03257510
1.24814109 0.05265815 0.03212767
1.24941239 0.05222891 0.03162611
1.25068370 0.05172566 0.03106668
1.25195500 0.05114311 0.03044553
1.25322631 0.05047572 0.02975860
1.25449761 0.04971775 0.02900170
1.25576892 0.04886321 0.02817045
1.25704022 0.04790588 0.02726031
1.25831153 0.04683931 0.02626658
1.25958283 0.04565679 0.02518434
1.26085414 0.04435134 0.02400853
1.26212545 0.04291576 0.02273388
1.26339675 0.04134255 0.02135492
1.26466806 0.03962396 0.01986601
1.26593936 0.03775195 0.01826129
1.26721067 0.03571821 0.01653470
1.26848197 0.03351414 0.01467998
1.26975328 0.03113083 0.01269064
1.27102458 0.02855909 0.01056000
1.27229589 0.02578942 0.00828113
1.27356719 0.02281199 0.00584689
1.27483850 0.01961668 0.00324992
1.27610981 0.01619303 0.00048289
1.27738111 0.01253024 0.00246310
1.27865242 0.00861718 0.00559491
1.27992372 0.00444239 0.00892138
1.28119503 -0.00000596 0.01245109
-0.96316762 0.02909603 0.00319203
-0.96189631 0.02571003 0.00159008
-0.96062353 0.01950080 0.00110140
-0.95934927 0.01700797 0.00115145
-0.95807353 0.01736743 0.00216815
-0.95679779 0.02015760 0.00410547
-0.95551909 0.02369213 0.00498517
-0.95423744 0.03233857 0.00617319
-0.95295431 0.03229457 0.01716579
-0.95167118 0.09173260 0.04112313
-0.95038804 0.17702467 0.04878559
-0.94910048 0.18426600 0.04229005
-0.94781143 0.15699567 0.03878638
-0.94651943 0.13737310 0.03820157
-0.94522743 0.12998910 0.03797949
-0.94393247 0.12547107 0.03739229
-0.94263604 0.12355353 0.03675899
-0.94133960 0.12197987 0.03632158
-0.94004021 0.11987723 0.03585394
-0.93873934 0.11744613 0.03542686
-0.93743699 0.11523823 0.03510225
-0.93613316 0.11322010 0.03480335
-0.93482786 0.11141587 0.03452787
-0.93351959 0.10977897 0.03427117
-0.93221133 0.10829457 0.03402930
-0.93090011 0.10693773 0.03379959
-0.92958890 0.10569093 0.03358019
-0.92827472 0.10453820 0.03337025
-0.92695907 0.10346677 0.03316865
-0.92564341 0.10246417 0.03297482
-0.92432480 0.10151980 0.03278790
-0.92300472 0.10062363 0.03260733
-0.92168315 0.09976710 0.03243405
-0.92036010 0.09894033 0.03226766
-0.91903410 0.09813307 0.03210755
-0.91770810 0.09733440 0.03195132
-0.91638062 0.09655133 0.03179318
-0.91505167 0.09583567 0.03163080
-0.91371975 0.09523820 0.03147351
-0.91238784 0.09472200 0.03132129
-0.91105297 0.09422043 0.03116625
-0.90971810 0.09372247 0.03101098
-0.90838027 0.09323570 0.03085926
-0.90704096 0.09275937 0.03070878
-0.90570166 0.09229433 0.03055981
-0.90435940 0.09183967 0.03041233
-0.90301565 0.09139480 0.03026599
-0.90167044 0.09095927 0.03012111
-0.90032374 0.09053207 0.02997703
-0.89897556 0.09011260 0.02983356
-0.89762591 0.08970063 0.02969093
-0.89627478 0.08929583 0.02954933
-0.89492217 0.08889720 0.02940815
-0.89356808 0.08850450 0.02926752
-0.89221251 0.08811703 0.02912728
-0.89085547 0.08773467 0.02898749
-0.88949695 0.08735680 0.02884792
-0.88813547 0.08698347 0.02870920
-0.88677399 0.08661393 0.02857051
-0.88541103 0.08624793 0.02843203
-0.88404659 0.08588497 0.02829346
-0.88267920 0.08552520 0.02815531
-0.88131181 0.08516853 0.02801767
-0.87994294 0.08481413 0.02787981
-0.87857259 0.08446223 0.02774219
-0.87719928 0.08411233 0.02760452
-0.87582598 0.08376440 0.02746681
-0.87445120 0.08341827 0.02732917
-0.87307345 0.08307357 0.02719122
-0.87169571 0.08273080 0.02705390
-0.87031650 0.08238897 0.02691594
-0.86893580 0.08204863 0.02677826
-0.86755215 0.08170943 0.02664049
-0.86616849 0.08137093 0.02650219
-0.86478336 0.08103347 0.02636388
-0.86339675 0.08069697 0.02622556
-0.86200866 0.08036140 0.02608727
-0.86061762 0.08002603 0.02594819
-0.85922657 0.07969187 0.02580962
-0.85783405 0.07935787 0.02567026
-0.85644005 0.07902437 0.02553059
-0.85504457 0.07869127 0.02539064
-0.85364761 0.07835867 0.02525038
-0.85224918 0.07802657 0.02510976
-0.85084926 0.07769487 0.02496891
-0.84944787 0.07736333 0.02482730
-0.84804648 0.07703233 0.02468534
-0.84664213 0.07670160 0.02454258
-0.84523630 0.07637173 0.02439935
-0.84382899 0.07604307 0.02425542
-0.84242169 0.07571463 0.02411085
-0.84101143 0.07538510 0.02396580
-0.83960116 0.07505327 0.02381975
-0.83818795 0.07471963 0.02367312
-0.83677473 0.07438410 0.02352597
-0.83536003 0.07404623 0.02337804
-0.83394238 0.07370563 0.02322965
-0.83252472 0.07336110 0.02308106
-0.83110559 0.07300950 0.02293231
-0.82968498 0.07264710 0.02278383
-0.82826289 0.07227290 0.02263557
-0.82684081 0.07188790 0.02248769
-0.82541576 0.07149253 0.02234058
-0.82398924 0.07108603 0.02219407
-0.82256272 0.07066810 0.02204875
-0.82113324 0.07023820 0.02190469
-0.81970376 0.06979633 0.02176214
-0.81827280 0.06934277 0.02162122
-0.81684036 0.06887820 0.02148215
-0.81540645 0.06840377 0.02134498
-0.81397106 0.06792133 0.02120981
-0.81253418 0.06743313 0.02107655
-0.81109584 0.06694203 0.02094511
-0.80965749 0.06645123 0.02081536
-0.80821618 0.06596430 0.02068702
-0.80677488 0.06548473 0.02055986
-0.80533209 0.06501597 0.02043360
-0.80388783 0.06456090 0.02030791
-0.80244209 0.06412207 0.02018250
-0.80099487 0.06370117 0.02005707
-0.79954765 0.06329917 0.01993139
-0.79809748 0.06291623 0.01980530
-0.79664730 0.06255200 0.01967853
-0.79519565 0.06220550 0.01955105
-0.79374252 0.06187530 0.01942275
-0.79228791 0.06155987 0.01929342
-0.79083182 0.06125733 0.01916300
-0.78937573 0.06096570 0.01903151
-0.78791669 0.06068240 0.01889866
-0.78645764 0.06040657 0.01876404
-0.78499712 0.06013987 0.01862798
-0.78353512 0.05988033 0.01849066
-0.78207164 0.05962230 0.01835188
-0.78060816 0.05936137 0.01821186
-0.77914320 0.05909433 0.01807119
-0.77767528 0.05881693 0.01793065
-0.77620885 0.05852217 0.01779056
-0.77473946 0.05820430 0.01765076
-0.77326859 0.05786390 0.01751155
-0.77179771 0.05750357 0.01737369
-0.77032537 0.05712407 0.01723727
-0.76885154 0.05672613 0.01710246
-0.76737623 0.05631043 0.01696950
-0.76590093 0.05587767 0.01683863
-0.76442266 0.05542890 0.01671011
-0.76294440 0.05496563 0.01658405
-0.76146466 0.05448960 0.01646068
-0.75998492 0.05400323 0.01634004
-0.75850222 0.05350940 0.01622220
-0.75701953 0.05301150 0.01610702
-0.75553535 0.05251343 0.01599428
-0.75405118 0.05201927 0.01588386
-0.75256405 0.05153317 0.01577537
-0.75107691 0.05105933 0.01566852
-0.74958830 0.05060147 0.01556286
-0.74809822 0.05016290 0.01545807
-0.74660813 0.04974617 0.01535376
-0.74511656 0.04935290 0.01524952
-0.74362352 0.04898417 0.01514510
-0.74212899 0.04864003 0.01504010
-0.74063447 0.04831987 0.01493431
-0.73913847 0.04802240 0.01482746
-0.73764099 0.04774593 0.01471933
-0.73614351 0.04748833 0.01460984
-0.73464307 0.04724710 0.01449873
-0.73314412 0.04701973 0.01438596
-0.73164220 0.04680330 0.01427154
-0.73014029 0.04659463 0.01415573
-0.72863542 0.04638910 0.01403910
-0.72713202 0.04618157 0.01392325
-0.72562567 0.04595760 0.01381264
-0.72411933 0.04567147 0.01371047
-0.72261150 0.04528040 0.01360960
-0.72110367 0.04483023 0.01350729
-0.71959436 0.04440220 0.01341036
-0.71808358 0.04401217 0.01331635
-0.71657132 0.04364773 0.01322083
-0.71505906 0.04330267 0.01312520
-0.71354532 0.04297200 0.01302963
-0.71203158 0.04265317 0.01293424
-0.71051488 0.04234387 0.01283914
-0.70899966 0.04204253 0.01274430
-0.70748148 0.04174787 0.01264992
-0.70596331 0.04145893 0.01255583
-0.70444366 0.04117483 0.01246227
-0.70292400 0.04089493 0.01236912
-0.70140287 0.04061863 0.01227638
-0.69988026 0.04034553 0.01218412
-0.69835765 0.04007527 0.01209227
-0.69683356 0.03980740 0.01200093
-0.69530800 0.03954157 0.01191001
-0.69378243 0.03927770 0.01181954
-0.69225538 0.03901543 0.01172952
-0.69072834 0.03875460 0.01164002
-0.68919982 0.03849503 0.01155090
-0.68766982 0.03823660 0.01146226
-0.68613981 0.03797903 0.01137406
-0.68460833 0.03772230 0.01128637
-0.68307685 0.03746630 0.01119919
-0.68154390 0.03721080 0.01111246
-0.68001094 0.03695573 0.01102626
-0.67847650 0.03670107 0.01094053
-0.67694059 0.03644660 0.01085533
-0.67540467 0.03619233 0.01077067
-0.67386728 0.03593807 0.01068663
-0.67232841 0.03568373 0.01060320
-0.67078954 0.03542927 0.01052031
-0.66925067 0.03517447 0.01043816
-0.66771032 0.03491930 0.01035673
-0.66616849 0.03466360 0.01027600
-0.66462666 0.03440727 0.01019608
-0.66308484 0.03414997 0.01011712
-0.66154005 0.03389183 0.01003908
-0.65999675 0.03363267 0.00996201
-0.65845049 0.03337250 0.00988601
-0.65690570 0.03311120 0.00981112
-0.65535796 0.03284873 0.00973750
-0.65381022 0.03258510 0.00966510
-0.65226248 0.03232043 0.00959411
-0.65071326 0.03205503 0.00952435
-0.64916404 0.03178967 0.00945574
-0.64761335 0.03152573 0.00938780
-0.64606265 0.03126673 0.00931900
-0.64451047 0.03102710 0.00924762
-0.64295830 0.03082877 0.00917531
-0.64140464 0.03066693 0.00910456
-0.63985099 0.03050937 0.00903297
-0.63829586 0.03034043 0.00896033
-0.63674073 0.03016053 0.00888875
-0.63518412 0.02996990 0.00881787
-0.63362751 0.02977233 0.00874784
-0.63207090 0.02956997 0.00867868
-0.63051133 0.02936400 0.00861028
-0.62895324 0.02915520 0.00854258
-0.62739368 0.02894413 0.00847567
-0.62583411 0.02873143 0.00840938
-0.62427306 0.02851763 0.00834382
-0.62271202 0.02830303 0.00827897
-0.62114950 0.02808800 0.00821472
-0.61958697 0.02787287 0.00815125
-0.61802445 0.02765790 0.00808845
-0.61646045 0.02744343 0.00802635
-0.61489497 0.02722957 0.00796494
-0.61333097 0.02701667 0.00790424
-0.61176401 0.02680480 0.00784419
-0.61019853 0.02659417 0.00778492
-0.60863157 0.02638490 0.00772629
-0.60706461 0.02617723 0.00766839
-0.60549618 0.02597140 0.00761113
-0.60392774 0.02576747 0.00755453
-0.60235783 0.02556573 0.00749860
-0.60078939 0.02536620 0.00744329
-0.59921800 0.02516907 0.00738861
-0.59764808 0.02497440 0.00733449
-0.59607669 0.02478230 0.00728099
-0.59450530 0.02459293 0.00722804
-0.59293243 0.02440633 0.00717569
-0.59135956 0.02422253 0.00712385
-0.58978669 0.02404170 0.00707248
-0.58821234 0.02386383 0.00702157
-0.58663799 0.02368903 0.00697118
-0.58506364 0.02351727 0.00692121
-0.58348781 0.02334857 0.00687162
-0.58191198 0.02318310 0.00682238
-0.58033616 0.02302073 0.00677356
-0.57875885 0.02286157 0.00672499
-0.57718302 0.02270557 0.00667672
-0.57560424 0.02255270 0.00662866
-0.57402693 0.02240303 0.00658081
-0.57244815 0.02225643 0.00653316
-0.57086937 0.02211300 0.00648563
-0.56929058 0.02197260 0.00643812
-0.56771032 0.02183517 0.00639072
-0.56613006 0.02170070 0.00634324
-0.56454980 0.02156907 0.00629573
-0.56296805 0.02144017 0.00624812
-0.56138779 0.02131387 0.00620038
-0.55980605 0.02118997 0.00615247
-0.55822283 0.02106813 0.00610434
-0.55664109 0.02094810 0.00605609
-0.55505787 0.02082903 0.00600781
-0.55347466 0.02071013 0.00595965
-0.55189144 0.02058970 0.00591216
-0.55030822 0.02046537 0.00586644
-0.54872352 0.02032777 0.00582433
-0.54713882 0.02015413 0.00578555
-0.54555413 0.01993690 0.00574549
-0.54396943 0.01971113 0.00570556
-0.54238325 0.01950620 0.00566855
-0.54079708 0.01932090 0.00563195
-0.53921090 0.01915017 0.00559497
-0.53762473 0.01899020 0.00555805
-0.53603855 0.01883893 0.00552107
-0.53445090 0.01869480 0.00548422
-0.53286472 0.01855657 0.00544745
-0.53127707 0.01842330 0.00541078
-0.52968942 0.01829427 0.00537430
-0.52810029 0.01816877 0.00533803
-0.52651263 0.01804633 0.00530201
-0.52492498 0.01792653 0.00526612
-0.52333585 0.01780900 0.00523047
-0.52174671 0.01769343 0.00519510
-0.52015758 0.01757950 0.00515994
-0.51856845 0.01746700 0.00512497
-0.51697932 0.01735573 0.00509032
-0.51538871 0.01724550 0.00505590
-0.51379958 0.01713610 0.00502168
-0.51220897 0.01702743 0.00498775
-0.51061836 0.01691937 0.00495408
-0.50902775 0.01681173 0.00492069
-0.50743714 0.01670437 0.00488758
-0.50584653 0.01659727 0.00485474
-0.50425592 0.01649023 0.00482223
-0.50266383 0.01638317 0.00479005
-0.50107322 0.01627603 0.00475815
-0.49948261 0.01616863 0.00472662
-0.49789052 0.01606100 0.00469550
-0.49629843 0.01595303 0.00466475
-0.49470782 0.01584463 0.00463439
-0.49311573 0.01573573 0.00460445
-0.49152364 0.01562617 0.00457501
-0.48993156 0.01551600 0.00454602
-0.48833947 0.01540507 0.00451756
-0.48674738 0.01529323 0.00448968
-0.48515529 0.01518053 0.00446236
-0.48356320 0.01506680 0.00443572
-0.48196964 0.01495210 0.00440977
-0.48037755 0.01483640 0.00438443
-0.47878546 0.01471970 0.00435991
-0.47719337 0.01460210 0.00433604
-0.47559980 0.01448397 0.00431286
-0.47400772 0.01436546 0.00429023
-0.47241563 0.01424763 0.00426800
-0.47082206 0.01413165 0.00424555
-0.46922997 0.01402079 0.00422189
-0.46763788 0.01392559 0.00419658
-0.46604432 0.01385775 0.00417152
-0.46445223 0.01381082 0.00414777
-0.46286014 0.01376534 0.00412350
-0.46126658 0.01371198 0.00409842
-0.45967449 0.01365204 0.00407352
-0.45808240 0.01358809 0.00404904
-0.45649031 0.01352121 0.00402494
-0.45489822 0.01345199 0.00400115
-0.45330613 0.01338102 0.00397771
-0.45171257 0.01330861 0.00395457
-0.45012048 0.01323513 0.00393173
-0.44852839 0.01316083 0.00390920
-0.44693778 0.01308582 0.00388691
-0.44534569 0.01301028 0.00386491
-0.44375360 0.01293441 0.00384315
-0.44216151 0.01285834 0.00382169
-0.44057090 0.01278211 0.00380043
-0.43897882 0.01270596 0.00377948
-0.43738821 0.01262982 0.00375874
-0.43579612 0.01255388 0.00373824
-0.43420551 0.01247812 0.00371797
-0.43261490 0.01240272 0.00369797
-0.43102429 0.01232758 0.00367819
-0.42943368 0.01225285 0.00365864
-0.42784307 0.01217858 0.00363934
-0.42625394 0.01210473 0.00362025
-0.42466333 0.01203141 0.00360141
-0.42307419 0.01195863 0.00358278
-0.42148358 0.01188640 0.00356440
-0.41989445 0.01181476 0.00354623
-0.41830532 0.01174379 0.00352831
-0.41671619 0.01167343 0.00351059
-0.41512853 0.01160376 0.00349311
-0.41353940 0.01153472 0.00347580
-0.41195175 0.01146643 0.00345874
-0.41036262 0.01139887 0.00344189
-0.40877496 0.01133200 0.00342524
-0.40718731 0.01126588 0.00340878
-0.40560114 0.01120052 0.00339255
-0.40401348 0.01113596 0.00337655
-0.40242731 0.01107213 0.00336071
-0.40084113 0.01100910 0.00334509
-0.39925496 0.01094687 0.00332968
-0.39766878 0.01088542 0.00331443
-0.39608261 0.01082478 0.00329937
-0.39449791 0.01076494 0.00328451
-0.39291321 0.01070593 0.00326985
-0.39132851 0.01064773 0.00325538
-0.38974382 0.01059031 0.00324106
-0.38816060 0.01053377 0.00322695
-0.38657738 0.01047802 0.00321298
-0.38499416 0.01042311 0.00319919
-0.38341094 0.01036904 0.00318556
-0.38182920 0.01031587 0.00317213
-0.38024598 0.01026353 0.00315879
-0.37866424 0.01021216 0.00314559
-0.37708398 0.01016177 0.00313247
-0.37550224 0.01011253 0.00311943
-0.37392198 0.01006460 0.00310636
-0.37234172 0.01001852 0.00309313
-0.37076145 0.00997580 0.00307990
-0.36918267 0.00993670 0.00306707
-0.36760388 0.00989855 0.00305443
-0.36602510 0.00985932 0.00304169
-0.36444780 0.00981908 0.00302907
-0.36286901 0.00977813 0.00301665
-0.36129171 0.00973674 0.00300440
-0.35971588 0.00969500 0.00299231
-0.35814005 0.00965309 0.00298040
-0.35656422 0.00961107 0.00296864
-0.35498840 0.00956901 0.00295703
-0.35341405 0.00952699 0.00294561
-0.35183970 0.00948504 0.00293433
-0.35026535 0.00944319 0.00292319
-0.34869248 0.00940154 0.00291225
-0.34711961 0.00936007 0.00290147
-0.34554674 0.00931879 0.00289082
-0.34397534 0.00927776 0.00288033
-0.34240395 0.00923699 0.00287001
-0.34083256 0.00919650 0.00285985
-0.33926264 0.00915632 0.00284987
-0.33769273 0.00911643 0.00284003
-0.33612429 0.00907684 0.00283033
-0.33455586 0.00903760 0.00282079
-0.33298742 0.00899875 0.00281147
-0.33142046 0.00896024 0.00280226
-0.32985350 0.00892215 0.00279324
-0.32828655 0.00888445 0.00278435
-0.32672107 0.00884720 0.00277565
-0.32515559 0.00881042 0.00276711
-0.32359159 0.00877411 0.00275872
-0.32202758 0.00873830 0.00275047
-0.32046358 0.00870307 0.00274238
-0.31890106 0.00866845 0.00273442
-0.31734002 0.00863452 0.00272661
-0.31577749 0.00860136 0.00271889
-0.31421793 0.00856912 0.00271122
-0.31265688 0.00853795 0.00270357
-0.31109731 0.00850817 0.00269584
-0.30953923 0.00848012 0.00268787
-0.30798114 0.00845458 0.00267953
-0.30642305 0.00843260 0.00267031
-0.30486644 0.00841788 0.00265998
-0.30330983 0.00841628 0.00264947
-0.30175470 0.00842618 0.00264002
-0.30019957 0.00843645 0.00263033
-0.29864591 0.00844133 0.00261976
-0.29709226 0.00844182 0.00260932
-0.29554008 0.00843840 0.00259896
-0.29398791 0.00843165 0.00258862
-0.29243721 0.00842215 0.00257834
-0.29088651 0.00841055 0.00256822
-0.28933730 0.00839706 0.00255811
-0.28778808 0.00838201 0.00254805
-0.28623886 0.00836561 0.00253806
-0.28469112 0.00834806 0.00252811
-0.28314485 0.00832947 0.00251816
-0.28159859 0.00831008 0.00250829
-0.28005381 0.00828991 0.00249836
-0.27850902 0.00826920 0.00248847
-0.27696572 0.00824797 0.00247854
-0.27542241 0.00822636 0.00246862
-0.27388059 0.00820439 0.00245862
-0.27234024 0.00818223 0.00244864
-0.27079989 0.00815991 0.00243863
-0.26925954 0.00813743 0.00242855
-0.26772067 0.00811489 0.00241847
-0.26618327 0.00809232 0.00240829
-0.26464588 0.00806980 0.00239808
-0.26310997 0.00804734 0.00238778
-0.26157405 0.00802498 0.00237742
-0.26003962 0.00800271 0.00236696
-0.25850518 0.00798057 0.00235642
-0.25697222 0.00795850 0.00234577
-0.25544074 0.00793650 0.00233503
-0.25390926 0.00791452 0.00232422
-0.25237926 0.00789249 0.00231333
-0.25084926 0.00787023 0.00230233
-0.24932074 0.00784766 0.00229137
-0.24779369 0.00782442 0.00228041
-0.24626665 0.00780018 0.00226962
-0.24474108 0.00777430 0.00225918
-0.24321552 0.00774595 0.00224931
-0.24169143 0.00771357 0.00224055
-0.24016882 0.00767513 0.00223377
-0.23864621 0.00762488 0.00223037
-0.23712508 0.00754585 0.00222881
-0.23560542 0.00743171 0.00222363
-0.23408577 0.00731382 0.00221607
-0.23256759 0.00722278 0.00221082
-0.23104942 0.00715817 0.00220635
-0.22953272 0.00711124 0.00220102
-0.22801750 0.00707642 0.00219514
-0.22650376 0.00705034 0.00218876
-0.22499002 0.00703065 0.00218198
-0.22347628 0.00701563 0.00217482
-0.22196550 0.00700416 0.00216748
-0.22045471 0.00699523 0.00215985
-0.21894541 0.00698828 0.00215210
-0.21743610 0.00698271 0.00214417
-0.21592827 0.00697813 0.00213608
-0.21442193 0.00697428 0.00212789
-0.21291705 0.00697089 0.00211959
-0.21141218 0.00696777 0.00211118
-0.20990879 0.00696477 0.00210268
-0.20840540 0.00696177 0.00209408
-0.20690496 0.00695865 0.00208538
-0.20540453 0.00695533 0.00207661
-0.20390557 0.00695171 0.00206776
-0.20240661 0.00694773 0.00205884
-0.20090913 0.00694328 0.00204986
-0.19941313 0.00693827 0.00204085
-0.19791861 0.00693256 0.00203182
-0.19642408 0.00692598 0.00202283
-0.19493104 0.00691829 0.00201396
-0.19343947 0.00690907 0.00200532
-0.19194791 0.00689729 0.00199704
-0.19045930 0.00688131 0.00198895
-0.18897069 0.00686065 0.00198075
-0.18748355 0.00683726 0.00197244
-0.18599642 0.00681402 0.00196419
-0.18451077 0.00679243 0.00195611
-0.18302659 0.00677223 0.00194809
-0.18154390 0.00675288 0.00194000
-0.18006268 0.00673428 0.00193190
-0.17858146 0.00671633 0.00192377
-0.17710172 0.00669900 0.00191561
-0.17562346 0.00668226 0.00190744
-0.17414667 0.00666608 0.00189923
-0.17266989 0.00665045 0.00189100
-0.17119606 0.00663536 0.00188274
-0.16972223 0.00662078 0.00187446
-0.16824841 0.00660674 0.00186614
-0.16677754 0.00659320 0.00185779
-0.16530667 0.00658018 0.00184940
-0.16383875 0.00656766 0.00184096
-0.16237084 0.00655564 0.00183249
-0.16090440 0.00654412 0.00182398
-0.15943796 0.00653310 0.00181541
-0.15797449 0.00652255 0.00180680
-0.15651101 0.00651249 0.00179813
-0.15504900 0.00650289 0.00178941
-0.15358848 0.00649376 0.00178063
-0.15212944 0.00648508 0.00177178
-0.15067039 0.00647684 0.00176287
-0.14921430 0.00646903 0.00175389
-0.14775822 0.00646163 0.00174485
-0.14630375 0.00645464 0.00173572
-0.14485062 0.00644802 0.00172653
-0.14339867 0.00644178 0.00171725
-0.14194791 0.00643588 0.00170789
-0.14049847 0.00643032 0.00169845
-0.13905022 0.00642506 0.00168892
-0.13760344 0.00642010 0.00167929
-0.13615770 0.00641541 0.00166958
-0.13471344 0.00641096 0.00165977
-0.13327021 0.00640674 0.00164986
-0.13182846 0.00640272 0.00163983
-0.13038804 0.00639889 0.00162971
-0.12894881 0.00639520 0.00161948
-0.12751090 0.00639164 0.00160914
-0.12607433 0.00638817 0.00159868
-0.12463893 0.00638475 0.00158812
-0.12320502 0.00638135 0.00157743
-0.12177229 0.00637791 0.00156664
-0.12034104 0.00637436 0.00155574
-0.11891096 0.00637062 0.00154476
-0.11748222 0.00636653 0.00153371
-0.11605496 0.00636192 0.00152266
-0.11462888 0.00635640 0.00151170
-0.11320413 0.00634947 0.00150107
-0.11178086 0.00633962 0.00149103
-0.11035892 0.00632255 0.00148130
-0.10893816 0.00629689 0.00147078
-0.10751888 0.00627074 0.00145973
-0.10610108 0.00625153 0.00144913
-0.10468446 0.00623810 0.00143862
-0.10326932 0.00622743 0.00142785
-0.10185551 0.00621809 0.00141690
-0.10044304 0.00620935 0.00140579
-0.09903203 0.00620079 0.00139450
-0.09762236 0.00619215 0.00138307
-0.09621417 0.00618333 0.00137155
-0.09480731 0.00617425 0.00135998
-0.09340178 0.00616482 0.00134837
-0.09199772 0.00615499 0.00133671
-0.09059500 0.00614475 0.00132503
-0.08919376 0.00613403 0.00131332
-0.08779384 0.00612281 0.00130160
-0.08639541 0.00611106 0.00128987
-0.08499845 0.00609875 0.00127815
-0.08360282 0.00608582 0.00126644
-0.08220867 0.00607220 0.00125479
-0.08081600 0.00605780 0.00124320
-0.07942466 0.00604253 0.00123172
-0.07803480 0.00602624 0.00122040
-0.07664641 0.00600876 0.00120929
-0.07525951 0.00598985 0.00119848
-0.07387393 0.00596916 0.00118808
-0.07248984 0.00594626 0.00117824
-0.07110722 0.00592037 0.00116920
-0.06972608 0.00589059 0.00116132
-0.06834642 0.00585474 0.00115508
-0.06696823 0.00580489 0.00114946
-0.06559138 0.00574212 0.00114136
-0.06421615 0.00569646 0.00113136
-0.06284240 0.00569217 0.00112296
-0.06146998 0.00571649 0.00111508
-0.06009919 0.00575105 0.00110599
-0.05872988 0.00579019 0.00109627
-0.05736204 0.00583279 0.00108601
-0.05599568 0.00588040 0.00107505
-0.05463080 0.00593532 0.00106300
-0.05326740 0.00600244 0.00104918
-0.05190548 0.00608780 0.00103226
-0.05054518 0.00620389 0.00101015
-0.04918636 0.00636711 0.00097991
-0.04782902 0.00661658 0.00094026
-0.04647316 0.00699372 0.00090030
-0.04511893 0.00735390 0.00087112
-0.04376617 0.00743102 0.00083921
-0.04241504 0.00727860 0.00080166
-0.04106524 0.00712185 0.00077285
-0.03971706 0.00701220 0.00074846
-0.03837051 0.00693415 0.00072296
-0.03702529 0.00687709 0.00069640
-0.03568185 0.00683927 0.00066806
-0.03433973 0.00682207 0.00063733
-0.03299939 0.00683356 0.00060272
-0.03166038 0.00688794 0.00056231
-0.03032315 0.00702770 0.00051295
-0.02898739 0.00732102 0.00045747
-0.02765326 0.00761098 0.00040256
-0.02632105 0.00746723 0.00034513
-0.02499002 0.00682635 0.00028847
-0.02366047 0.00602775 0.00024995
-0.02233255 0.00523581 0.00022438
-0.02100625 0.00446033 0.00020433
-0.01968143 0.00371604 0.00018322
-0.01835824 0.00300427 0.00016486
-0.01703653 0.00233139 0.00014235
-0.01571644 0.00168625 0.00012253
-0.01439801 0.00106977 0.00009967
-0.01308110 0.00045038 0.00005775
-0.01176578 0.00025499 0.00006861
-0.01045207 0.00067422 0.00011827
-0.00913993 0.00124815 0.00015608
-0.00782941 0.00180931 0.00017064
-0.00652048 0.00243071 0.00018662
-0.00521317 0.00305287 0.00020278
-0.00390746 0.00388915 0.00020799
-0.00260335 0.00472188 0.00024032
-0.00130087 0.00676230 0.00021089
-0.00000000 0.00782052 0.00033717
