# s/c   cf_mean    cf_std
0.00000000 0.00229844 0.00024413
0.00130087 0.00356445 0.00028567
0.00260174 0.00474397 0.00033762
0.00390261 0.00584187 0.00039670
0.00520348 0.00686284 0.00046084
0.00650435 0.00781141 0.00052880
0.00780522 0.00869194 0.00059975
0.00910609 0.00950863 0.00067316
0.01040697 0.01026556 0.00074865
0.01170784 0.01096660 0.00082592
0.01300871 0.01161553 0.00090474
0.01430958 0.01221595 0.00098494
0.01561045 0.01277132 0.00106634
0.01691132 0.01328498 0.00114882
0.01821219 0.01376013 0.00123225
0.01951306 0.01419983 0.00131653
0.02081393 0.01460701 0.00140155
0.02211480 0.01498448 0.00148725
0.02341567 0.01533493 0.00157352
0.02470176 0.01566092 0.00166033
0.02600263 0.01596492 0.00174759
0.02730350 0.01624925 0.00183527
0.02860437 0.01651614 0.00192331
0.02990524 0.01676771 0.00201169
0.03120611 0.01700598 0.00210038
0.03250698 0.01723285 0.00218934
0.03380786 0.01745014 0.00227857
0.03510873 0.01765957 0.00236806
0.03640960 0.01786275 0.00245780
0.03771047 0.01806121 0.00254779
0.03901134 0.01825640 0.00263804
0.04029743 0.01844968 0.00272856
0.04159830 0.01864231 0.00281938
0.04289917 0.01883549 0.00291050
0.04420004 0.01903033 0.00300197
0.04550091 0.01922787 0.00309380
0.04680178 0.01942906 0.00318603
0.04810265 0.01963482 0.00327871
0.04940352 0.01984595 0.00337187
0.05068961 0.02006322 0.00346556
0.05199048 0.02028732 0.00355982
0.05329135 0.02051888 0.00365470
0.05459222 0.02075848 0.00375026
0.05589309 0.02100664 0.00384655
0.05719396 0.02126380 0.00394363
0.05849483 0.02153039 0.00404156
0.05978092 0.02180675 0.00414038
0.06108179 0.02209320 0.00424017
0.06238266 0.02239000 0.00434099
0.06368353 0.02269736 0.00444289
0.06498440 0.02301546 0.00454594
0.06628528 0.02334443 0.00465020
0.06757136 0.02368437 0.00475574
0.06887223 0.02403534 0.00486260
0.07017310 0.02439735 0.00497087
0.07147398 0.02477040 0.00508059
0.07277485 0.02515445 0.00519183
0.07407572 0.02554943 0.00530464
0.07536180 0.02595523 0.00541909
0.07666268 0.02637173 0.00553522
0.07796355 0.02679878 0.00565310
0.07926442 0.02723621 0.00577278
0.08056529 0.02768382 0.00589430
0.08185138 0.02814140 0.00601771
0.08315225 0.02860871 0.00614307
0.08445312 0.02908550 0.00627041
0.08575399 0.02957152 0.00639978
0.08704008 0.03006647 0.00653121
0.08834095 0.03057008 0.00666475
0.08964182 0.03108202 0.00680042
0.09094269 0.03160200 0.00693826
0.09224356 0.03212969 0.00707829
0.09352965 0.03266476 0.00722054
0.09483052 0.03320687 0.00736503
0.09613139 0.03375569 0.00751177
0.09743226 0.03431086 0.00766079
0.09871835 0.03487205 0.00781209
0.10001922 0.03543890 0.00796568
0.10132009 0.03601107 0.00812158
0.10260618 0.03658820 0.00827977
0.10390705 0.03716995 0.00844025
0.10520792 0.03775598 0.00860303
0.10650879 0.03834593 0.00876809
0.10779488 0.03893948 0.00893543
0.10909575 0.03953629 0.00910502
0.11039662 0.04013603 0.00927684
0.11169749 0.04073838 0.00945088
0.11298358 0.04134304 0.00962711
0.11428445 0.04194969 0.00980550
0.11558532 0.04255804 0.00998601
0.11687141 0.04316781 0.01016862
0.11817228 0.04377871 0.01035328
0.11947315 0.04439049 0.01053996
0.12075924 0.04500288 0.01072860
0.12206011 0.04561564 0.01091916
0.12336098 0.04622856 0.01111158
0.12466185 0.04684139 0.01130583
0.12594794 0.04745395 0.01150183
0.12724881 0.04806604 0.01169953
0.12854968 0.04867748 0.01189886
0.12983577 0.04928646 0.01209937
0.13113664 0.04994432 0.01231650
0.13243751 0.05057142 0.01254021
0.13372359 0.05120566 0.01276480
0.13502447 0.05184526 0.01298738
0.13632534 0.05246998 0.01321015
0.13761142 0.05307859 0.01343313
0.13891229 0.05370116 0.01365101
0.14019838 0.05440348 0.01386130
0.14149925 0.05526041 0.01406978
0.14280012 0.05618718 0.01427466
0.14408621 0.05698422 0.01447625
0.14538708 0.05754787 0.01468722
0.14668795 0.05794324 0.01491930
0.14797404 0.05828085 0.01516182
0.14927491 0.05865577 0.01540038
0.15056100 0.05914787 0.01563315
0.15186187 0.05971672 0.01585803
0.15316274 0.06021674 0.01607032
0.15444883 0.06062065 0.01628036
0.15574970 0.06107406 0.01649800
0.15703579 0.06160342 0.01671282
0.15833666 0.06211010 0.01692392
0.15963753 0.06247926 0.01712731
0.16092362 0.06285882 0.01732372
0.16222449 0.06354688 0.01751920
0.16351058 0.06455729 0.01769962
0.16481145 0.06558382 0.01785374
0.16611232 0.06637597 0.01800682
0.16739841 0.06695700 0.01817901
0.16869928 0.06741378 0.01837336
0.16998537 0.06781255 0.01858361
0.17128624 0.06818921 0.01879806
0.17257232 0.06856256 0.01901279
0.17387319 0.06894545 0.01922413
0.17517407 0.06935054 0.01943139
0.17646015 0.06978750 0.01963404
0.17776102 0.07025624 0.01983160
0.17904711 0.07075416 0.02002489
0.18034798 0.07127688 0.02021402
0.18163407 0.07183782 0.02039875
0.18293494 0.07245603 0.02057813
0.18422103 0.07316381 0.02075472
0.18552190 0.07395434 0.02093572
0.18680799 0.07471507 0.02111521
0.18810886 0.07530674 0.02128325
0.18939495 0.07570732 0.02145318
0.19069582 0.07614729 0.02163105
0.19199669 0.07689657 0.02182227
0.19328278 0.07798315 0.02201169
0.19458365 0.07911395 0.02217497
0.19586974 0.08006203 0.02232533
0.19717061 0.08086694 0.02247829
0.19845669 0.08164418 0.02265300
0.19975757 0.08245139 0.02284752
0.20104365 0.08323773 0.02304600
0.20234452 0.08391996 0.02324505
0.20363061 0.08441461 0.02343723
0.20493148 0.08487759 0.02364168
0.20621757 0.08560259 0.02385875
0.20750366 0.08666518 0.02407129
0.20880453 0.08785712 0.02427764
0.21009062 0.08892505 0.02446692
0.21139149 0.08979722 0.02464285
0.21267758 0.09058271 0.02483261
0.21397845 0.09141674 0.02504206
0.21526454 0.09234086 0.02525625
0.21656541 0.09333325 0.02547149
0.21785149 0.09435409 0.02568466
0.21915236 0.09536656 0.02589720
0.22043845 0.09634289 0.02611084
0.22173932 0.09725891 0.02632521
0.22302541 0.09810323 0.02653754
0.22432628 0.09893775 0.02675235
0.22561237 0.09983760 0.02697130
0.22689846 0.10084329 0.02719569
0.22819933 0.10190404 0.02742117
0.22948542 0.10291365 0.02764046
0.23078629 0.10383043 0.02785324
0.23207238 0.10466367 0.02806387
0.23337325 0.10543301 0.02827784
0.23465933 0.10612608 0.02849628
0.23594542 0.10671849 0.02872024
0.23724629 0.10721778 0.02894939
0.23853238 0.10767778 0.02918368
0.23983325 0.10816919 0.02942110
0.24111934 0.10872634 0.02965601
0.24240543 0.10934274 0.02988769
0.24370630 0.10996759 0.03011757
0.24499239 0.11053408 0.03034594
0.24629326 0.11101027 0.03057470
0.24757935 0.11140051 0.03079979
0.24886543 0.11171967 0.03101881
0.25016630 0.11199954 0.03123502
0.25145239 0.11228182 0.03145402
0.25275326 0.11256079 0.03167557
0.25403935 0.11282456 0.03189924
0.25532544 0.11307389 0.03212464
0.25662631 0.11329479 0.03234590
0.25791240 0.11346582 0.03256202
0.25919849 0.11355473 0.03276344
0.26049936 0.11355539 0.03295175
0.26178545 0.11352558 0.03314282
0.26307153 0.11348907 0.03333387
0.26437240 0.11347203 0.03352207
0.26565849 0.11355070 0.03371986
0.26695936 0.11376411 0.03392514
0.26824545 0.11407472 0.03412484
0.26953154 0.11434792 0.03430879
0.27083241 0.11443423 0.03446563
0.27211850 0.11427031 0.03461074
0.27340459 0.11392326 0.03476112
0.27470546 0.11359501 0.03492875
0.27599154 0.11342353 0.03512185
0.27727763 0.11338198 0.03531912
0.27857850 0.11337038 0.03550459
0.27986459 0.11330422 0.03566857
0.28115068 0.11316113 0.03579644
0.28243677 0.11292602 0.03591855
0.28373764 0.11259771 0.03606267
0.28502373 0.11215136 0.03621541
0.28630981 0.11167909 0.03637721
0.28761068 0.11136572 0.03655993
0.28889677 0.11119775 0.03673277
0.29018286 0.11093604 0.03685984
0.29148373 0.11041129 0.03696907
0.29276982 0.10969305 0.03708051
0.29405591 0.10893511 0.03720007
0.29534200 0.10828283 0.03733246
0.29664287 0.10778722 0.03746996
0.29792895 0.10738017 0.03760210
0.29921504 0.10694180 0.03772133
0.30051591 0.10636418 0.03782215
0.30180200 0.10561991 0.03790946
0.30308809 0.10477138 0.03799654
0.30437418 0.10393446 0.03808584
0.30567505 0.10321881 0.03817947
0.30696114 0.10267330 0.03826867
0.30824722 0.10226023 0.03834472
0.30953331 0.10189635 0.03841298
0.31083418 0.10146679 0.03847607
0.31212027 0.10087401 0.03853195
0.31340636 0.10013467 0.03857558
0.31469245 0.09935443 0.03861581
0.31599332 0.09859010 0.03865879
0.31727941 0.09779069 0.03869924
0.31856549 0.09695939 0.03874561
0.31985158 0.09618133 0.03879653
0.32115245 0.09554455 0.03884827
0.32243854 0.09508481 0.03889624
0.32372463 0.09480218 0.03894256
0.32501072 0.09464361 0.03898774
0.32629681 0.09451474 0.03902185
0.32759768 0.09433436 0.03903793
0.32888376 0.09406753 0.03903756
0.33016985 0.09372494 0.03903401
0.33145594 0.09331677 0.03902842
0.33275681 0.09289324 0.03902873
0.33404290 0.09252556 0.03904751
0.33532899 0.09222984 0.03908034
0.33661508 0.09195401 0.03911335
0.33790116 0.09165931 0.03913829
0.33918725 0.09134934 0.03915288
0.34048812 0.09105699 0.03915838
0.34177421 0.09082068 0.03915955
0.34306030 0.09066508 0.03915746
0.34434639 0.09060781 0.03915699
0.34563247 0.09064247 0.03916041
0.34693335 0.09072806 0.03917571
0.34821943 0.09077427 0.03919516
0.34950552 0.09071643 0.03921210
0.35079161 0.09055098 0.03922758
0.35207770 0.09028928 0.03922837
0.35336379 0.08998007 0.03922282
0.35466466 0.08969690 0.03921859
0.35595074 0.08951928 0.03921867
0.35723683 0.08950379 0.03923124
0.35852292 0.08958642 0.03924448
0.35980901 0.08965788 0.03925191
0.36109510 0.08970711 0.03926037
0.36238118 0.08975505 0.03926870
0.36368206 0.08978850 0.03927571
0.36496814 0.08975098 0.03927573
0.36625423 0.08961070 0.03926972
0.36754032 0.08940335 0.03926606
0.36882641 0.08921497 0.03926719
0.37011250 0.08915269 0.03928533
0.37139858 0.08923042 0.03931701
0.37269945 0.08932572 0.03934008
0.37398554 0.08934891 0.03935326
0.37527163 0.08929954 0.03935911
0.37655772 0.08919960 0.03935487
0.37784381 0.08908799 0.03934005
0.37912989 0.08902436 0.03932152
0.38041598 0.08904497 0.03930925
0.38170207 0.08906065 0.03929936
0.38298816 0.08897723 0.03929577
0.38428903 0.08883751 0.03931138
0.38557512 0.08870836 0.03934197
0.38686121 0.08861114 0.03937711
0.38814729 0.08855561 0.03940951
0.38943338 0.08855526 0.03943645
0.39071947 0.08861377 0.03945795
0.39200556 0.08869722 0.03947142
0.39329165 0.08877506 0.03947817
0.39457773 0.08885546 0.03948229
0.39586382 0.08896121 0.03948371
0.39714991 0.08910664 0.03948306
0.39843600 0.08926538 0.03948491
0.39973687 0.08934627 0.03949205
0.40102296 0.08919773 0.03949382
0.40230905 0.08882800 0.03949600
0.40359513 0.08843073 0.03952033
0.40488122 0.08819093 0.03957122
0.40616731 0.08812690 0.03962261
0.40745340 0.08814950 0.03965620
0.40873949 0.08815428 0.03967202
0.41002557 0.08803456 0.03967160
0.41131166 0.08780305 0.03966365
0.41259775 0.08762404 0.03967023
0.41388384 0.08759505 0.03968694
0.41516993 0.08762998 0.03969248
0.41645601 0.08773404 0.03969463
0.41774210 0.08802444 0.03970272
0.41902819 0.08862176 0.03971803
0.42031428 0.08937494 0.03972598
0.42160037 0.08990593 0.03970275
0.42288645 0.09002806 0.03965702
0.42417254 0.08991408 0.03963267
0.42545863 0.08981146 0.03964049
0.42674472 0.08976345 0.03966427
0.42803081 0.08973936 0.03968367
0.42931690 0.08974794 0.03969944
0.43060298 0.08983248 0.03972454
0.43188907 0.08999209 0.03975351
0.43317516 0.09019328 0.03977942
0.43446125 0.09041049 0.03980055
0.43574734 0.09062721 0.03981538
0.43703342 0.09084030 0.03982570
0.43831951 0.09104672 0.03983151
0.43960560 0.09124790 0.03983347
0.44089169 0.09143199 0.03983265
0.44217778 0.09158552 0.03983326
0.44346386 0.09168504 0.03983820
0.44474995 0.09170951 0.03983645
0.44603604 0.09174213 0.03983600
0.44732213 0.09196123 0.03986096
0.44860822 0.09248969 0.03990460
0.44989430 0.09315958 0.03994561
0.45118039 0.09362540 0.03994838
0.45246648 0.09368961 0.03991249
0.45375257 0.09351190 0.03988553
0.45503866 0.09331297 0.03989059
0.45632474 0.09309617 0.03991672
0.45761083 0.09276841 0.03992912
0.45889692 0.09231181 0.03992829
0.46018301 0.09185213 0.03994312
0.46146910 0.09155599 0.03998434
0.46275519 0.09160034 0.04005883
0.46404127 0.09191549 0.04013154
0.46532736 0.09218141 0.04017414
0.46661345 0.09217616 0.04018645
0.46789954 0.09196566 0.04018005
0.46917084 0.09177548 0.04019381
0.47045693 0.09175587 0.04024740
0.47174302 0.09187916 0.04031279
0.47302911 0.09201478 0.04035621
0.47431520 0.09206972 0.04037743
0.47560128 0.09200898 0.04037949
0.47688737 0.09185294 0.04037501
0.47817346 0.09165989 0.04037653
0.47945955 0.09148638 0.04038586
0.48074564 0.09138752 0.04040403
0.48203172 0.09141361 0.04043444
0.48331781 0.09153326 0.04046806
0.48460390 0.09166231 0.04049626
0.48587521 0.09170677 0.04051011
0.48716129 0.09163473 0.04050929
0.48844738 0.09149554 0.04050598
0.48973347 0.09134296 0.04051045
0.49101956 0.09121214 0.04052448
0.49230565 0.09111219 0.04054324
0.49359173 0.09104920 0.04056493
0.49487782 0.09102621 0.04058723
0.49616391 0.09103847 0.04060838
0.49743522 0.09107185 0.04062689
0.49872130 0.09110263 0.04064031
0.50000739 0.09111093 0.04064933
0.50129348 0.09108025 0.04065463
0.50257957 0.09099959 0.04065553
0.50386566 0.09086545 0.04065264
0.50515174 0.09069703 0.04064795
0.50643783 0.09053207 0.04064881
0.50770914 0.09040894 0.04065895
0.50899523 0.09034296 0.04067720
0.51028131 0.09029779 0.04069440
0.51156740 0.09022382 0.04070356
0.51285349 0.09008872 0.04070388
0.51413958 0.08989484 0.04069909
0.51542567 0.08966443 0.04069436
0.51669697 0.08942400 0.04068819
0.51798306 0.08923258 0.04069301
0.51926915 0.08915017 0.04071355
0.52055524 0.08916930 0.04073459
0.52184132 0.08927684 0.04075594
0.52312741 0.08940841 0.04077813
0.52439872 0.08942715 0.04077969
0.52568480 0.08924268 0.04075043
0.52697089 0.08887142 0.04070264
0.52825698 0.08844123 0.04065722
0.52954307 0.08809091 0.04064169
0.53082916 0.08792541 0.04065841
0.53210046 0.08797396 0.04069537
0.53338655 0.08808715 0.04072825
0.53467264 0.08808888 0.04072785
0.53595873 0.08792675 0.04070124
0.53724481 0.08765771 0.04066253
0.53853090 0.08740293 0.04062778
0.53980221 0.08732164 0.04063510
0.54108830 0.08744852 0.04066924
0.54237438 0.08762174 0.04068134
0.54366047 0.08776245 0.04068300
0.54494656 0.08781761 0.04067150
0.54621787 0.08771004 0.04062732
0.54750395 0.08752040 0.04057730
0.54879004 0.08736045 0.04054796
0.55007613 0.08729201 0.04053509
0.55134744 0.08734507 0.04053420
0.55263352 0.08747824 0.04053534
0.55391961 0.08759246 0.04052291
0.55520570 0.08760638 0.04049086
0.55649179 0.08752271 0.04044513
0.55776309 0.08740471 0.04039935
0.55904918 0.08734844 0.04037126
0.56033527 0.08740790 0.04036418
0.56162136 0.08755840 0.04036231
0.56289266 0.08773136 0.04035784
0.56417875 0.08786301 0.04034232
0.56546484 0.08791040 0.04031407
0.56675093 0.08786734 0.04027972
0.56803702 0.08774693 0.04024142
0.56930832 0.08755271 0.04019944
0.57059441 0.08731897 0.04015840
0.57188050 0.08710208 0.04013174
0.57316659 0.08695064 0.04012089
0.57443789 0.08688739 0.04011598
0.57572398 0.08692037 0.04011254
0.57701007 0.08704694 0.04010474
0.57829616 0.08725078 0.04009488
0.57956746 0.08747491 0.04008001
0.58085355 0.08764598 0.04005881
0.58213964 0.08769398 0.04002583
0.58341094 0.08759879 0.03997806
0.58469703 0.08740459 0.03992655
0.58598312 0.08718082 0.03988508
0.58726921 0.08698108 0.03986081
0.58854051 0.08682567 0.03984613
0.58982660 0.08673768 0.03984325
0.59111269 0.08669011 0.03984396
0.59239878 0.08660563 0.03983011
0.59367008 0.08644312 0.03980014
0.59495617 0.08624948 0.03977147
0.59624226 0.08608696 0.03975499
0.59751356 0.08600273 0.03975427
0.59879965 0.08601316 0.03976546
0.60008574 0.08610439 0.03977831
0.60137183 0.08625541 0.03979172
0.60264313 0.08641736 0.03979852
0.60392922 0.08653022 0.03979667
0.60521531 0.08652888 0.03977663
0.60648661 0.08638461 0.03973716
0.60777270 0.08611865 0.03968208
0.60905879 0.08580037 0.03962640
0.61033010 0.08553960 0.03959602
0.61161618 0.08538521 0.03958483
0.61290227 0.08533046 0.03958244
0.61417358 0.08534250 0.03958239
0.61545967 0.08536861 0.03957593
0.61674575 0.08538742 0.03956764
0.61801706 0.08540075 0.03956102
0.61930315 0.08540510 0.03955442
0.62058924 0.08540024 0.03954861
0.62187532 0.08538858 0.03953934
0.62314663 0.08539952 0.03953103
0.62443272 0.08545941 0.03952634
0.62571880 0.08555769 0.03951933
0.62699011 0.08564629 0.03950722
0.62827620 0.08565159 0.03947916
0.62954750 0.08552513 0.03943132
0.63083359 0.08529037 0.03937877
0.63211968 0.08499242 0.03932905
0.63339099 0.08466307 0.03928605
0.63467707 0.08434045 0.03925501
0.63596316 0.08406143 0.03923818
0.63723447 0.08385201 0.03923270
0.63852056 0.08372834 0.03923542
0.63980664 0.08370922 0.03924699
0.64107795 0.08378610 0.03926521
0.64236404 0.08391316 0.03927904
0.64365012 0.08404911 0.03928538
0.64492143 0.08417923 0.03928687
0.64620752 0.08429679 0.03928367
0.64749361 0.08439894 0.03927884
0.64876491 0.08447833 0.03927140
0.65005100 0.08452878 0.03926182
0.65132231 0.08454340 0.03924933
0.65260839 0.08451623 0.03923412
0.65389448 0.08443899 0.03921349
0.65516579 0.08430861 0.03918794
0.65645188 0.08413086 0.03915858
0.65772318 0.08392216 0.03913058
0.65900927 0.08370675 0.03911170
0.66029536 0.08348668 0.03909997
0.66156666 0.08324987 0.03909299
0.66285275 0.08297028 0.03908162
0.66413884 0.08264740 0.03906491
0.66541014 0.08232795 0.03905587
0.66669623 0.08206912 0.03906757
0.66796754 0.08189705 0.03909955
0.66925363 0.08179780 0.03914036
0.67053971 0.08174987 0.03917918
0.67181102 0.08173638 0.03921378
0.67309711 0.08173077 0.03924283
0.67436841 0.08167010 0.03925980
0.67565450 0.08149410 0.03925495
0.67692581 0.08121538 0.03923794
0.67821189 0.08088190 0.03922462
0.67949798 0.08051687 0.03921514
0.68076929 0.08012180 0.03920666
0.68205538 0.07969250 0.03919158
0.68332668 0.07925426 0.03917345
0.68461277 0.07887755 0.03917085
0.68589886 0.07863362 0.03920087
0.68717016 0.07850148 0.03924935
0.68845625 0.07839941 0.03929304
0.68972756 0.07828216 0.03932717
0.69101364 0.07814548 0.03935584
0.69228495 0.07799110 0.03937984
0.69357104 0.07782170 0.03939993
0.69484234 0.07764541 0.03941600
0.69612843 0.07748169 0.03943063
0.69741452 0.07735166 0.03944601
0.69868582 0.07727064 0.03946410
0.69997191 0.07722721 0.03948111
0.70124322 0.07716854 0.03948374
0.70252931 0.07706855 0.03947324
0.70380061 0.07694516 0.03946391
0.70508670 0.07682109 0.03946469
0.70635801 0.07669374 0.03947202
0.70764409 0.07654662 0.03947930
0.70893018 0.07637443 0.03948498
0.71020149 0.07617269 0.03948790
0.71148758 0.07594750 0.03948963
0.71275888 0.07571081 0.03949064
0.71404497 0.07550077 0.03949813
0.71531627 0.07537092 0.03952258
0.71660236 0.07532757 0.03955618
0.71787367 0.07531841 0.03958005
0.71915976 0.07529546 0.03958657
0.72043106 0.07524904 0.03958025
0.72171715 0.07518469 0.03956652
0.72298845 0.07511570 0.03955128
0.72427454 0.07505366 0.03954032
0.72554585 0.07500104 0.03953663
0.72683194 0.07493704 0.03953596
0.72810324 0.07483054 0.03953114
0.72938933 0.07466908 0.03951739
0.73066064 0.07448022 0.03950523
0.73194672 0.07430331 0.03950305
0.73321803 0.07416377 0.03951404
0.73450412 0.07406689 0.03953457
0.73577542 0.07399638 0.03955414
0.73706151 0.07393689 0.03956880
0.73833282 0.07388105 0.03957716
0.73961890 0.07382582 0.03957984
0.74089021 0.07376898 0.03957700
0.74217630 0.07370743 0.03956840
0.74344760 0.07363949 0.03955415
0.74473369 0.07356399 0.03953440
0.74600500 0.07348326 0.03951072
0.74729108 0.07340561 0.03948706
0.74856239 0.07333880 0.03946676
0.74984848 0.07328869 0.03945172
0.75111978 0.07325635 0.03944188
0.75240587 0.07323996 0.03943606
0.75367718 0.07323662 0.03943301
0.75496327 0.07324330 0.03943172
0.75623457 0.07325719 0.03943120
0.75752066 0.07327562 0.03943079
0.75879196 0.07329644 0.03942984
0.76007805 0.07331797 0.03942788
0.76134936 0.07333989 0.03942479
0.76263545 0.07336304 0.03942074
0.76390675 0.07338989 0.03941626
0.76517806 0.07342472 0.03941234
0.76646414 0.07347421 0.03941073
0.76773545 0.07354572 0.03941330
0.76902154 0.07364158 0.03942008
0.77029284 0.07374818 0.03942547
0.77157893 0.07383927 0.03942186
0.77285024 0.07389809 0.03940843
0.77413633 0.07392127 0.03938815
0.77540763 0.07390920 0.03936366
0.77669372 0.07386294 0.03933694
0.77796502 0.07378262 0.03930841
0.77923633 0.07367343 0.03928014
0.78052242 0.07354457 0.03925589
0.78179372 0.07340788 0.03923816
0.78307981 0.07327530 0.03922879
0.78435112 0.07315927 0.03922907
0.78563720 0.07306370 0.03923649
0.78690851 0.07298174 0.03924651
0.78817982 0.07291020 0.03925678
0.78946590 0.07284794 0.03926614
0.79073721 0.07279464 0.03927373
0.79202330 0.07274890 0.03927874
0.79329460 0.07270819 0.03928056
0.79458069 0.07266741 0.03927808
0.79585200 0.07261933 0.03927056
0.79712330 0.07255887 0.03925901
0.79840939 0.07248175 0.03924531
0.79968070 0.07238424 0.03923014
0.80096678 0.07226531 0.03921428
0.80223809 0.07212695 0.03919854
0.80350939 0.07197941 0.03918666
0.80479548 0.07183682 0.03918380
0.80606679 0.07171133 0.03919393
0.80735288 0.07160416 0.03921506
0.80862418 0.07150629 0.03924053
0.80989549 0.07141513 0.03926721
0.81118157 0.07133216 0.03929320
0.81245288 0.07126255 0.03931914
0.81373897 0.07121116 0.03934598
0.81501027 0.07116913 0.03937033
0.81628158 0.07112055 0.03938764
0.81756767 0.07105806 0.03939765
0.81883897 0.07098036 0.03940130
0.82012506 0.07088361 0.03939726
0.82139637 0.07076276 0.03938366
0.82266767 0.07060823 0.03935522
0.82395376 0.07042384 0.03931415
0.82522507 0.07023950 0.03927733
0.82651115 0.07008617 0.03926045
0.82778246 0.06996758 0.03926335
0.82905376 0.06987300 0.03927948
0.83033985 0.06979258 0.03930402
0.83161116 0.06971688 0.03933243
0.83288246 0.06964062 0.03936290
0.83416855 0.06955847 0.03939334
0.83543986 0.06946509 0.03942176
0.83672594 0.06935564 0.03944628
0.83799725 0.06922749 0.03946628
0.83926856 0.06907916 0.03948146
0.84055464 0.06890956 0.03949164
0.84182595 0.06871793 0.03949632
0.84309725 0.06850474 0.03949527
0.84438334 0.06827408 0.03948912
0.84565465 0.06803552 0.03948023
0.84692595 0.06780355 0.03947171
0.84821204 0.06759844 0.03946824
0.84948335 0.06744142 0.03947521
0.85076944 0.06733897 0.03949416
0.85204074 0.06726423 0.03951515
0.85331205 0.06718584 0.03953169
0.85459813 0.06708666 0.03954229
0.85586944 0.06696088 0.03954753
0.85714075 0.06680964 0.03955034
0.85842683 0.06663122 0.03954948
0.85969814 0.06642905 0.03954694
0.86096944 0.06620911 0.03954322
0.86225553 0.06598589 0.03954302
0.86352684 0.06578361 0.03955263
0.86479814 0.06563259 0.03958244
0.86608423 0.06554893 0.03963623
0.86735554 0.06552229 0.03970566
0.86862684 0.06552664 0.03977666
0.86991293 0.06553589 0.03983542
0.87118424 0.06553286 0.03987605
0.87245554 0.06550421 0.03989839
0.87374163 0.06543915 0.03990363
0.87501293 0.06532780 0.03989279
0.87628424 0.06516455 0.03986804
0.87757033 0.06494895 0.03983077
0.87884163 0.06468572 0.03978432
0.88011294 0.06438610 0.03973335
0.88138424 0.06406368 0.03968331
0.88267033 0.06373346 0.03963942
0.88394164 0.06340676 0.03960478
0.88521294 0.06309201 0.03958081
0.88649903 0.06279523 0.03956843
0.88777034 0.06252838 0.03957254
0.88904164 0.06230008 0.03959461
0.89032773 0.06210154 0.03962477
0.89159904 0.06192580 0.03965456
0.89287034 0.06177560 0.03968208
0.89415643 0.06165480 0.03970799
0.89542774 0.06155927 0.03973104
0.89669904 0.06147941 0.03975003
0.89797035 0.06140465 0.03976360
0.89925643 0.06132821 0.03977310
0.90052774 0.06124558 0.03977893
0.90179905 0.06115265 0.03978123
0.90308513 0.06104643 0.03978097
0.90435644 0.06092280 0.03977683
0.90562774 0.06077924 0.03976903
0.90691383 0.06061466 0.03975716
0.90818514 0.06043046 0.03974197
0.90945644 0.06023081 0.03972393
0.91072775 0.06002784 0.03970740
0.91201384 0.05983534 0.03969535
0.91328514 0.05966611 0.03969049
0.91455645 0.05952895 0.03969343
0.91582775 0.05942751 0.03970216
0.91711384 0.05936704 0.03971752
0.91838515 0.05934711 0.03973768
0.91965645 0.05936501 0.03976235
0.92094254 0.05941022 0.03978933
0.92221385 0.05946534 0.03981573
0.92348515 0.05950132 0.03983368
0.92475646 0.05949539 0.03983743
0.92604254 0.05944865 0.03983001
0.92731385 0.05937285 0.03981676
0.92858516 0.05928132 0.03980323
0.92985646 0.05918038 0.03979161
0.93114255 0.05907191 0.03978208
0.93241385 0.05895755 0.03977534
0.93368516 0.05884246 0.03977350
0.93495647 0.05874003 0.03978393
0.93624255 0.05865672 0.03980628
0.93751386 0.05859165 0.03983314
0.93878516 0.05856285 0.03986705
0.94005647 0.05858461 0.03991015
0.94134256 0.05863082 0.03995054
0.94261386 0.05866046 0.03997489
0.94388517 0.05866066 0.03998434
0.94515647 0.05863301 0.03998296
0.94644256 0.05857815 0.03997305
0.94771387 0.05849587 0.03995532
0.94898517 0.05838415 0.03992935
0.95025648 0.05824490 0.03989613
0.95154257 0.05807961 0.03985565
0.95281387 0.05788677 0.03980528
0.95408518 0.05767477 0.03974767
0.95535648 0.05746813 0.03969342
0.95664257 0.05730532 0.03965890
0.95791388 0.05721825 0.03965490
0.95918518 0.05720707 0.03967679
0.96045649 0.05723862 0.03970802
0.96174258 0.05727376 0.03973487
0.96301388 0.05729706 0.03975458
0.96428519 0.05730441 0.03976776
0.96555649 0.05728955 0.03977268
0.96682780 0.05724479 0.03976522
0.96811389 0.05716627 0.03974462
0.96938519 0.05705638 0.03971264
0.97065650 0.05692098 0.03967250
0.97192780 0.05676830 0.03962772
0.97321389 0.05660505 0.03958056
0.97448520 0.05643989 0.03953388
0.97575650 0.05628122 0.03948996
0.97702781 0.05613976 0.03945197
0.97829911 0.05602554 0.03942281
0.97958520 0.05594106 0.03940204
0.98085651 0.05588368 0.03938828
0.98212781 0.05584346 0.03937726
0.98339912 0.05581163 0.03936677
0.98468520 0.05578053 0.03935519
0.98595651 0.05574429 0.03934126
0.98722781 0.05569924 0.03932484
0.98849912 0.05564111 0.03930481
0.98977043 0.05556721 0.03928062
0.99105651 0.05547790 0.03925296
0.99232782 0.05537624 0.03922362
0.99359912 0.05526643 0.03919494
0.99487043 0.05514957 0.03916751
0.99614174 0.05502094 0.03913794
0.99742782 0.05487585 0.03910288
0.99869913 0.05471765 0.03906335
0.99997043 0.05455358 0.03902219
1.00124174 0.05439333 0.03898317
1.00251305 0.05424467 0.03894900
1.00378435 0.05410865 0.03891924
1.00507044 0.05398314 0.03889229
1.00634174 0.05386444 0.03886650
1.00761305 0.05375081 0.03884124
1.00888436 0.05364164 0.03881673
1.01015566 0.05353743 0.03879342
1.01144175 0.05343852 0.03877158
1.01271305 0.05334549 0.03875176
1.01398436 0.05325924 0.03873434
1.01525567 0.05318081 0.03871994
1.01652697 0.05311172 0.03870927
1.01779828 0.05305322 0.03870312
1.01908436 0.05300556 0.03870192
1.02035567 0.05296282 0.03870251
1.02162698 0.05291375 0.03869894
1.02289828 0.05284858 0.03868680
1.02416959 0.05276031 0.03866307
1.02545567 0.05264950 0.03862858
1.02672698 0.05252660 0.03858900
1.02799829 0.05240282 0.03854967
1.02926959 0.05228403 0.03851290
1.03054090 0.05217323 0.03847958
1.03181220 0.05207344 0.03845088
1.03309829 0.05198766 0.03842787
1.03436960 0.05192036 0.03841263
1.03564090 0.05187208 0.03840542
1.03691221 0.05183799 0.03840363
1.03818351 0.05181221 0.03840467
1.03945482 0.05179115 0.03840731
1.04072612 0.05177378 0.03841139
1.04201221 0.05175884 0.03841661
1.04328352 0.05174646 0.03842342
1.04455482 0.05173499 0.03843110
1.04582613 0.05171924 0.03843664
1.04709743 0.05169417 0.03843715
1.04836874 0.05165828 0.03843177
1.04965483 0.05161190 0.03842036
1.05092613 0.05155745 0.03840378
1.05219744 0.05150052 0.03838452
1.05346874 0.05144861 0.03836614
1.05474005 0.05140844 0.03835188
1.05601135 0.05138652 0.03834481
1.05728266 0.05138876 0.03834761
1.05856875 0.05141990 0.03836258
1.05984005 0.05147814 0.03838868
1.06111136 0.05155538 0.03842205
1.06238266 0.05163777 0.03845613
1.06365397 0.05171828 0.03848806
1.06492527 0.05179907 0.03851986
1.06619658 0.05187795 0.03855062
1.06746788 0.05194922 0.03857732
1.06875397 0.05200441 0.03859545
1.07002528 0.05203728 0.03860190
1.07129658 0.05204555 0.03859579
1.07256789 0.05202976 0.03857772
1.07383919 0.05199170 0.03854873
1.07511050 0.05193338 0.03850962
1.07638181 0.05186321 0.03846477
1.07766789 0.05179621 0.03842153
1.07893920 0.05175841 0.03839369
1.08021050 0.05176954 0.03839113
1.08148181 0.05181761 0.03840536
1.08275312 0.05187467 0.03842063
1.08402442 0.05192783 0.03843138
1.08529573 0.05197641 0.03843827
1.08656703 0.05202021 0.03844144
1.08783834 0.05206055 0.03844183
1.08912443 0.05209581 0.03843833
1.09039573 0.05212515 0.03843050
1.09166704 0.05214874 0.03841837
1.09293834 0.05216791 0.03840305
1.09420965 0.05218233 0.03838575
1.09548095 0.05219079 0.03836835
1.09675226 0.05219114 0.03835256
1.09802356 0.05218115 0.03833964
1.09930965 0.05216011 0.03833065
1.10058096 0.05212908 0.03832653
1.10185226 0.05208953 0.03832707
1.10312357 0.05204351 0.03833090
1.10439487 0.05199335 0.03833575
1.10566618 0.05194070 0.03833876
1.10693748 0.05188749 0.03833803
1.10820879 0.05183551 0.03833246
1.10948010 0.05178707 0.03832195
1.11075140 0.05174452 0.03830692
1.11203749 0.05170992 0.03828833
1.11330879 0.05168436 0.03826683
1.11458010 0.05166882 0.03824351
1.11585141 0.05166451 0.03821973
1.11712271 0.05166982 0.03819573
1.11839402 0.05168239 0.03817185
1.11966532 0.05169448 0.03814568
1.12093663 0.05168955 0.03811070
1.12220793 0.05164263 0.03805543
1.12347924 0.05153374 0.03797126
1.12475054 0.05137955 0.03786426
1.12603663 0.05122369 0.03774808
1.12730794 0.05110296 0.03762966
1.12857924 0.05103856 0.03751001
1.12985055 0.05104730 0.03738625
1.13112185 0.05114434 0.03725927
1.13239316 0.05134277 0.03712741
1.13366446 0.05165257 0.03699315
1.13493577 0.05207631 0.03686368
1.13620707 0.05259568 0.03675711
1.13747838 0.05310819 0.03673903
1.13874969 0.05355772 0.03682500
1.14002099 0.05389861 0.03691265
1.14130708 0.05409952 0.03695231
1.14257838 0.05420931 0.03697158
1.14384969 0.05421099 0.03697222
1.14512100 0.05406415 0.03695337
1.14639230 0.05374393 0.03692079
1.14766361 0.05331704 0.03686952
1.14893491 0.05293150 0.03679197
1.15020622 0.05264901 0.03671316
1.15147752 0.05233743 0.03665044
1.15274883 0.05185816 0.03660717
1.15402013 0.05128945 0.03656595
1.15529144 0.05113324 0.03658147
1.15656274 0.05097238 0.03659878
1.15783405 0.05080928 0.03661896
1.15912014 0.05064468 0.03664185
1.16039144 0.05047932 0.03666726
1.16166275 0.05031398 0.03669501
1.16293405 0.05014948 0.03672488
1.16420536 0.04998664 0.03675664
1.16547667 0.04982630 0.03679004
1.16674797 0.04966933 0.03682483
1.16801928 0.04951660 0.03686071
1.16929058 0.04936901 0.03689739
1.17056189 0.04922746 0.03693457
1.17183319 0.04909286 0.03697190
1.17310450 0.04896613 0.03700905
1.17437580 0.04884817 0.03704566
1.17564711 0.04873992 0.03708135
1.17691841 0.04864228 0.03711572
1.17818972 0.04855615 0.03714838
1.17946103 0.04848244 0.03717891
1.18074711 0.04842201 0.03720688
1.18201842 0.04837574 0.03723183
1.18328972 0.04834447 0.03725333
1.18456103 0.04832901 0.03727090
1.18583234 0.04833015 0.03728406
1.18710364 0.04834865 0.03729233
1.18837495 0.04838523 0.03729522
1.18964625 0.04844057 0.03729223
1.19091756 0.04851531 0.03728285
1.19218886 0.04861002 0.03726656
1.19346017 0.04872524 0.03724284
1.19473147 0.04886144 0.03721119
1.19600278 0.04901904 0.03717106
1.19727408 0.04919838 0.03712194
1.19854539 0.04939972 0.03706331
1.19981670 0.04962326 0.03699463
1.20108800 0.04986910 0.03691539
1.20235931 0.05013728 0.03682506
1.20363061 0.05042771 0.03672314
1.20490192 0.05074023 0.03660911
1.20617322 0.05107456 0.03648247
1.20744453 0.05143032 0.03634272
1.20873062 0.05180701 0.03618939
1.21000192 0.05220401 0.03602198
1.21127323 0.05262056 0.03584004
1.21254453 0.05305580 0.03564312
1.21381584 0.05350868 0.03543077
1.21508714 0.05397806 0.03520256
1.21635845 0.05446260 0.03495809
1.21762975 0.05496084 0.03469696
1.21890106 0.05547112 0.03441878
1.22017237 0.05599163 0.03412319
1.22144367 0.05652038 0.03380984
1.22271498 0.05705519 0.03347841
1.22398628 0.05759368 0.03312858
1.22525759 0.05813329 0.03276006
1.22652889 0.05867122 0.03237258
1.22780020 0.05920450 0.03196587
1.22907150 0.05972991 0.03153970
1.23034281 0.06024399 0.03109385
1.23161411 0.06074307 0.03062810
1.23288542 0.06122322 0.03014226
1.23415673 0.06168027 0.02963617
1.23542803 0.06210977 0.02910965
1.23669934 0.06250701 0.02856255
1.23797064 0.06286702 0.02799474
1.23924195 0.06318451 0.02740606
1.24051325 0.06345393 0.02679639
1.24178456 0.06366942 0.02616559
1.24305586 0.06382479 0.02551353
1.24432717 0.06391356 0.02484007
1.24559847 0.06392889 0.02414505
1.24686978 0.06386363 0.02342829
1.24814109 0.06371027 0.02268961
1.24941239 0.06346095 0.02192879
1.25068370 0.06310744 0.02114558
1.25195500 0.06264116 0.02033967
1.25322631 0.06205310 0.01951074
1.25449761 0.06133390 0.01865838
1.25576892 0.06047377 0.01778213
1.25704022 0.05946254 0.01688146
1.25831153 0.05828958 0.01595576
1.25958283 0.05694386 0.01500432
1.26085414 0.05541388 0.01402635
1.26212545 0.05368770 0.01302094
1.26339675 0.05175293 0.01198710
1.26466806 0.04959670 0.01092371
1.26593936 0.04720563 0.00982959
1.26721067 0.04456589 0.00870347
1.26848197 0.04166311 0.00754417
1.26975328 0.03848242 0.00635071
1.27102458 0.03500842 0.00512298
1.27229589 0.03122518 0.00386346
1.27356719 0.02711620 0.00258465
1.27483850 0.02266445 0.00136028
1.27610981 0.01785229 0.00090731
1.27738111 0.01266155 0.00200920
1.27865242 0.00707341 0.00346227
1.27992372 0.00106847 0.00502362
1.28119503 -0.00537328 0.00666505
-0.96316762 0.03069210 0.00327195
-0.96189631 0.02776660 0.00171715
-0.96062353 0.02125463 0.00104247
-0.95934927 0.01834110 0.00100466
-0.95807353 0.01849697 0.00223863
-0.95679779 0.02142650 0.00426383
-0.95551909 0.02528960 0.00543157
-0.95423744 0.03544903 0.00654718
-0.95295431 0.03461387 0.01812124
-0.95167118 0.09689187 0.04371024
-0.95038804 0.18919767 0.05211614
-0.94910048 0.19738267 0.04524247
-0.94781143 0.16788833 0.04157172
-0.94651943 0.14661333 0.04090253
-0.94522743 0.13849710 0.04063610
-0.94393247 0.13351583 0.03997577
-0.94263604 0.13134553 0.03927015
-0.94133960 0.12957547 0.03877843
-0.94004021 0.12724410 0.03825464
-0.93873934 0.12457537 0.03777677
-0.93743699 0.12215287 0.03741023
-0.93613316 0.11994197 0.03707355
-0.93482786 0.11796570 0.03676302
-0.93351959 0.11617507 0.03647493
-0.93221133 0.11455147 0.03620299
-0.93090011 0.11306863 0.03594538
-0.92958890 0.11170677 0.03570022
-0.92827472 0.11044777 0.03546506
-0.92695907 0.10927797 0.03524029
-0.92564341 0.10818360 0.03502390
-0.92432480 0.10715327 0.03481553
-0.92300472 0.10617587 0.03461493
-0.92168315 0.10524213 0.03442241
-0.92036010 0.10434123 0.03423741
-0.91903410 0.10346230 0.03405964
-0.91770810 0.10259373 0.03388647
-0.91638062 0.10174243 0.03371135
-0.91505167 0.10096427 0.03353283
-0.91371975 0.10031190 0.03335943
-0.91238784 0.09974687 0.03319205
-0.91105297 0.09919807 0.03302200
-0.90971810 0.09865357 0.03285189
-0.90838027 0.09812153 0.03268588
-0.90704096 0.09760090 0.03252110
-0.90570166 0.09709283 0.03235836
-0.90435940 0.09659640 0.03219758
-0.90301565 0.09611073 0.03203806
-0.90167044 0.09563513 0.03187961
-0.90032374 0.09516920 0.03172251
-0.89897556 0.09471220 0.03156660
-0.89762591 0.09426343 0.03141166
-0.89627478 0.09382223 0.03125755
-0.89492217 0.09338793 0.03110399
-0.89356808 0.09296027 0.03095120
-0.89221251 0.09253853 0.03079898
-0.89085547 0.09212250 0.03064749
-0.88949695 0.09171160 0.03049649
-0.88813547 0.09130560 0.03034607
-0.88677399 0.09090397 0.03019599
-0.88541103 0.09050617 0.03004594
-0.88404659 0.09011230 0.02989651
-0.88267920 0.08972190 0.02974734
-0.88131181 0.08933483 0.02959853
-0.87994294 0.08895060 0.02944979
-0.87857259 0.08856907 0.02930118
-0.87719928 0.08819007 0.02915280
-0.87582598 0.08781353 0.02900475
-0.87445120 0.08743903 0.02885661
-0.87307345 0.08706640 0.02870850
-0.87169571 0.08669563 0.02856046
-0.87031650 0.08632627 0.02841211
-0.86893580 0.08595890 0.02826439
-0.86755215 0.08559243 0.02811605
-0.86616849 0.08522750 0.02796797
-0.86478336 0.08486370 0.02781978
-0.86339675 0.08450057 0.02767108
-0.86200866 0.08413867 0.02752278
-0.86061762 0.08377730 0.02737405
-0.85922657 0.08341687 0.02722532
-0.85783405 0.08305707 0.02707619
-0.85644005 0.08269817 0.02692713
-0.85504457 0.08233990 0.02677763
-0.85364761 0.08198217 0.02662780
-0.85224918 0.08162503 0.02647758
-0.85084926 0.08126850 0.02632700
-0.84944787 0.08091220 0.02617562
-0.84804648 0.08055690 0.02602427
-0.84664213 0.08020197 0.02587204
-0.84523630 0.07984803 0.02571922
-0.84382899 0.07949543 0.02556569
-0.84242169 0.07914353 0.02541184
-0.84101143 0.07879057 0.02525751
-0.83960116 0.07843543 0.02510209
-0.83818795 0.07807847 0.02494611
-0.83677473 0.07771940 0.02478913
-0.83536003 0.07735833 0.02463181
-0.83394238 0.07699460 0.02447400
-0.83252472 0.07662693 0.02431599
-0.83110559 0.07625213 0.02415795
-0.82968498 0.07586633 0.02400031
-0.82826289 0.07546780 0.02384221
-0.82684081 0.07505867 0.02368505
-0.82541576 0.07463897 0.02352884
-0.82398924 0.07420760 0.02337295
-0.82256272 0.07376470 0.02321862
-0.82113324 0.07330927 0.02306518
-0.81970376 0.07284180 0.02291359
-0.81827280 0.07236230 0.02276380
-0.81684036 0.07187153 0.02261586
-0.81540645 0.07137050 0.02246975
-0.81397106 0.07086140 0.02232590
-0.81253418 0.07034647 0.02218404
-0.81109584 0.06982867 0.02204416
-0.80965749 0.06931137 0.02190600
-0.80821618 0.06879817 0.02176941
-0.80677488 0.06829283 0.02163412
-0.80533209 0.06779880 0.02149981
-0.80388783 0.06731930 0.02136614
-0.80244209 0.06685670 0.02123288
-0.80099487 0.06641290 0.02109975
-0.79954765 0.06598883 0.02096639
-0.79809748 0.06558473 0.02083268
-0.79664730 0.06520020 0.02069837
-0.79519565 0.06483423 0.02056332
-0.79374252 0.06448537 0.02042738
-0.79228791 0.06415187 0.02029050
-0.79083182 0.06383193 0.02015253
-0.78937573 0.06352343 0.02001345
-0.78791669 0.06322360 0.01987305
-0.78645764 0.06293173 0.01973080
-0.78499712 0.06264967 0.01958701
-0.78353512 0.06237513 0.01944207
-0.78207164 0.06210227 0.01929558
-0.78060816 0.06182650 0.01914782
-0.77914320 0.06154457 0.01899928
-0.77767528 0.06125220 0.01885068
-0.77620885 0.06094193 0.01870257
-0.77473946 0.06060757 0.01855469
-0.77326859 0.06024983 0.01840764
-0.77179771 0.05987140 0.01826190
-0.77032537 0.05947310 0.01811766
-0.76885154 0.05905567 0.01797502
-0.76737623 0.05861950 0.01783447
-0.76590093 0.05816560 0.01769599
-0.76442266 0.05769523 0.01756000
-0.76294440 0.05720983 0.01742661
-0.76146466 0.05671130 0.01729599
-0.75998492 0.05620220 0.01716823
-0.75850222 0.05568543 0.01704328
-0.75701953 0.05516460 0.01692115
-0.75553535 0.05464367 0.01680163
-0.75405118 0.05412683 0.01668450
-0.75256405 0.05361853 0.01656952
-0.75107691 0.05312300 0.01645624
-0.74958830 0.05264417 0.01634434
-0.74809822 0.05218537 0.01623335
-0.74660813 0.05174930 0.01612299
-0.74511656 0.05133770 0.01601277
-0.74362352 0.05095157 0.01590245
-0.74212899 0.05059100 0.01579158
-0.74063447 0.05025537 0.01567994
-0.73913847 0.04994333 0.01556731
-0.73764099 0.04965313 0.01545343
-0.73614351 0.04938250 0.01533806
-0.73464307 0.04912903 0.01522116
-0.73314412 0.04888993 0.01510249
-0.73164220 0.04866223 0.01498218
-0.73014029 0.04844273 0.01486035
-0.72863542 0.04822673 0.01473767
-0.72713202 0.04800887 0.01461572
-0.72562567 0.04777433 0.01449904
-0.72411933 0.04747540 0.01439115
-0.72261150 0.04706717 0.01428449
-0.72110367 0.04659737 0.01417623
-0.71959436 0.04615083 0.01407375
-0.71808358 0.04574400 0.01397427
-0.71657132 0.04536380 0.01387329
-0.71505906 0.04500383 0.01377222
-0.71354532 0.04465877 0.01367125
-0.71203158 0.04432603 0.01357055
-0.71051488 0.04400320 0.01347011
-0.70899966 0.04368850 0.01337009
-0.70748148 0.04338057 0.01327053
-0.70596331 0.04307847 0.01317149
-0.70444366 0.04278140 0.01307288
-0.70292400 0.04248873 0.01297476
-0.70140287 0.04219980 0.01287709
-0.69988026 0.04191420 0.01277998
-0.69835765 0.04163157 0.01268331
-0.69683356 0.04135140 0.01258712
-0.69530800 0.04107357 0.01249141
-0.69378243 0.04079763 0.01239616
-0.69225538 0.04052347 0.01230147
-0.69072834 0.04025083 0.01220720
-0.68919982 0.03997953 0.01211344
-0.68766982 0.03970943 0.01202014
-0.68613981 0.03944033 0.01192739
-0.68460833 0.03917207 0.01183509
-0.68307685 0.03890460 0.01174333
-0.68154390 0.03863777 0.01165211
-0.68001094 0.03837143 0.01156135
-0.67847650 0.03810550 0.01147115
-0.67694059 0.03783983 0.01138154
-0.67540467 0.03757433 0.01129250
-0.67386728 0.03730897 0.01120405
-0.67232841 0.03704350 0.01111625
-0.67078954 0.03677797 0.01102906
-0.66925067 0.03651213 0.01094262
-0.66771032 0.03624603 0.01085687
-0.66616849 0.03597943 0.01077196
-0.66462666 0.03571223 0.01068783
-0.66308484 0.03544433 0.01060458
-0.66154005 0.03517560 0.01052233
-0.65999675 0.03490600 0.01044110
-0.65845049 0.03463527 0.01036097
-0.65690570 0.03436347 0.01028203
-0.65535796 0.03409040 0.01020440
-0.65381022 0.03381613 0.01012810
-0.65226248 0.03354070 0.01005321
-0.65071326 0.03326443 0.00997973
-0.64916404 0.03298807 0.00990748
-0.64761335 0.03271297 0.00983598
-0.64606265 0.03244283 0.00976371
-0.64451047 0.03219277 0.00968868
-0.64295830 0.03198573 0.00961275
-0.64140464 0.03181687 0.00953859
-0.63985099 0.03165237 0.00946345
-0.63829586 0.03147613 0.00938709
-0.63674073 0.03128843 0.00931200
-0.63518412 0.03108960 0.00923762
-0.63362751 0.03088360 0.00916403
-0.63207090 0.03067267 0.00909145
-0.63051133 0.03045793 0.00901961
-0.62895324 0.03024033 0.00894852
-0.62739368 0.03002050 0.00887813
-0.62583411 0.02979897 0.00880854
-0.62427306 0.02957630 0.00873966
-0.62271202 0.02935280 0.00867145
-0.62114950 0.02912893 0.00860402
-0.61958697 0.02890503 0.00853726
-0.61802445 0.02868127 0.00847126
-0.61646045 0.02845807 0.00840600
-0.61489497 0.02823557 0.00834143
-0.61333097 0.02801403 0.00827760
-0.61176401 0.02779367 0.00821449
-0.61019853 0.02757470 0.00815214
-0.60863157 0.02735727 0.00809044
-0.60706461 0.02714160 0.00802953
-0.60549618 0.02692780 0.00796924
-0.60392774 0.02671607 0.00790971
-0.60235783 0.02650653 0.00785077
-0.60078939 0.02629933 0.00779257
-0.59921800 0.02609460 0.00773502
-0.59764808 0.02589237 0.00767812
-0.59607669 0.02569270 0.00762186
-0.59450530 0.02549580 0.00756623
-0.59293243 0.02530167 0.00751120
-0.59135956 0.02511053 0.00745668
-0.58978669 0.02492243 0.00740279
-0.58821234 0.02473740 0.00734934
-0.58663799 0.02455553 0.00729638
-0.58506364 0.02437687 0.00724391
-0.58348781 0.02420143 0.00719185
-0.58191198 0.02402923 0.00714022
-0.58033616 0.02386033 0.00708894
-0.57875885 0.02369470 0.00703798
-0.57718302 0.02353240 0.00698737
-0.57560424 0.02337333 0.00693696
-0.57402693 0.02321757 0.00688680
-0.57244815 0.02306503 0.00683684
-0.57086937 0.02291570 0.00678696
-0.56929058 0.02276953 0.00673723
-0.56771032 0.02262653 0.00668748
-0.56613006 0.02248653 0.00663778
-0.56454980 0.02234950 0.00658801
-0.56296805 0.02221533 0.00653814
-0.56138779 0.02208387 0.00648813
-0.55980605 0.02195490 0.00643796
-0.55822283 0.02182817 0.00638756
-0.55664109 0.02170323 0.00633698
-0.55505787 0.02157950 0.00628637
-0.55347466 0.02145617 0.00623588
-0.55189144 0.02133133 0.00618595
-0.55030822 0.02120260 0.00613785
-0.54872352 0.02106027 0.00609348
-0.54713882 0.02088040 0.00605255
-0.54555413 0.02065517 0.00601033
-0.54396943 0.02042080 0.00596825
-0.54238325 0.02020817 0.00592932
-0.54079708 0.02001583 0.00589085
-0.53921090 0.01983857 0.00585203
-0.53762473 0.01967250 0.00581323
-0.53603855 0.01951547 0.00577443
-0.53445090 0.01936580 0.00573566
-0.53286472 0.01922230 0.00569706
-0.53127707 0.01908393 0.00565867
-0.52968942 0.01894990 0.00562040
-0.52810029 0.01881957 0.00558234
-0.52651263 0.01869243 0.00554453
-0.52492498 0.01856803 0.00550692
-0.52333585 0.01844593 0.00546961
-0.52174671 0.01832587 0.00543252
-0.52015758 0.01820757 0.00539564
-0.51856845 0.01809070 0.00535903
-0.51697932 0.01797513 0.00532267
-0.51538871 0.01786063 0.00528658
-0.51379958 0.01774707 0.00525077
-0.51220897 0.01763427 0.00521519
-0.51061836 0.01752200 0.00517989
-0.50902775 0.01741027 0.00514490
-0.50743714 0.01729883 0.00511018
-0.50584653 0.01718767 0.00507578
-0.50425592 0.01707663 0.00504161
-0.50266383 0.01696563 0.00500784
-0.50107322 0.01685457 0.00497437
-0.49948261 0.01674330 0.00494130
-0.49789052 0.01663183 0.00490861
-0.49629843 0.01652000 0.00487625
-0.49470782 0.01640770 0.00484439
-0.49311573 0.01629490 0.00481293
-0.49152364 0.01618143 0.00478196
-0.48993156 0.01606723 0.00475149
-0.48833947 0.01595217 0.00472162
-0.48674738 0.01583630 0.00469235
-0.48515529 0.01571943 0.00466366
-0.48356320 0.01560153 0.00463565
-0.48196964 0.01548263 0.00460836
-0.48037755 0.01536267 0.00458179
-0.47878546 0.01524170 0.00455598
-0.47719337 0.01511990 0.00453090
-0.47559980 0.01499733 0.00450654
-0.47400772 0.01487453 0.00448277
-0.47241563 0.01475230 0.00445938
-0.47082206 0.01463193 0.00443580
-0.46922997 0.01451681 0.00441108
-0.46763788 0.01441784 0.00438454
-0.46604432 0.01434741 0.00435838
-0.46445223 0.01429871 0.00433349
-0.46286014 0.01425161 0.00430813
-0.46126658 0.01419619 0.00428184
-0.45967449 0.01413401 0.00425577
-0.45808240 0.01406763 0.00423017
-0.45649031 0.01399818 0.00420492
-0.45489822 0.01392639 0.00418005
-0.45330613 0.01385273 0.00415547
-0.45171257 0.01377761 0.00413122
-0.45012048 0.01370140 0.00410728
-0.44852839 0.01362429 0.00408364
-0.44693778 0.01354653 0.00406027
-0.44534569 0.01346830 0.00403718
-0.44375360 0.01338972 0.00401436
-0.44216151 0.01331094 0.00399183
-0.44057090 0.01323207 0.00396953
-0.43897882 0.01315318 0.00394747
-0.43738821 0.01307442 0.00392569
-0.43579612 0.01299580 0.00390418
-0.43420551 0.01291740 0.00388287
-0.43261490 0.01283931 0.00386185
-0.43102429 0.01276152 0.00384110
-0.42943368 0.01268412 0.00382059
-0.42784307 0.01260714 0.00380033
-0.42625394 0.01253065 0.00378031
-0.42466333 0.01245462 0.00376052
-0.42307419 0.01237924 0.00374101
-0.42148358 0.01230437 0.00372168
-0.41989445 0.01223017 0.00370261
-0.41830532 0.01215661 0.00368379
-0.41671619 0.01208374 0.00366520
-0.41512853 0.01201156 0.00364684
-0.41353940 0.01194008 0.00362869
-0.41195175 0.01186930 0.00361075
-0.41036262 0.01179931 0.00359304
-0.40877496 0.01173008 0.00357557
-0.40718731 0.01166160 0.00355833
-0.40560114 0.01159389 0.00354126
-0.40401348 0.01152702 0.00352445
-0.40242731 0.01146092 0.00350780
-0.40084113 0.01139564 0.00349141
-0.39925496 0.01133121 0.00347521
-0.39766878 0.01126756 0.00345921
-0.39608261 0.01120478 0.00344339
-0.39449791 0.01114279 0.00342777
-0.39291321 0.01108170 0.00341237
-0.39132851 0.01102144 0.00339714
-0.38974382 0.01096202 0.00338210
-0.38816060 0.01090348 0.00336727
-0.38657738 0.01084579 0.00335261
-0.38499416 0.01078897 0.00333810
-0.38341094 0.01073302 0.00332375
-0.38182920 0.01067800 0.00330957
-0.38024598 0.01062392 0.00329556
-0.37866424 0.01057083 0.00328168
-0.37708398 0.01051873 0.00326786
-0.37550224 0.01046782 0.00325410
-0.37392198 0.01041827 0.00324034
-0.37234172 0.01037064 0.00322643
-0.37076145 0.01032649 0.00321253
-0.36918267 0.01028611 0.00319900
-0.36760388 0.01024675 0.00318568
-0.36602510 0.01020623 0.00317224
-0.36444780 0.01016467 0.00315894
-0.36286901 0.01012239 0.00314585
-0.36129171 0.01007961 0.00313289
-0.35971588 0.01003652 0.00312014
-0.35814005 0.00999323 0.00310758
-0.35656422 0.00994981 0.00309518
-0.35498840 0.00990635 0.00308294
-0.35341405 0.00986293 0.00307087
-0.35183970 0.00981959 0.00305895
-0.35026535 0.00977639 0.00304721
-0.34869248 0.00973336 0.00303562
-0.34711961 0.00969051 0.00302418
-0.34554674 0.00964789 0.00301292
-0.34397534 0.00960553 0.00300182
-0.34240395 0.00956347 0.00299092
-0.34083256 0.00952165 0.00298013
-0.33926264 0.00948014 0.00296952
-0.33769273 0.00943896 0.00295910
-0.33612429 0.00939808 0.00294881
-0.33455586 0.00935757 0.00293873
-0.33298742 0.00931738 0.00292877
-0.33142046 0.00927763 0.00291906
-0.32985350 0.00923822 0.00290944
-0.32828655 0.00919927 0.00290006
-0.32672107 0.00916071 0.00289082
-0.32515559 0.00912264 0.00288178
-0.32359159 0.00908500 0.00287286
-0.32202758 0.00904791 0.00286417
-0.32046358 0.00901133 0.00285560
-0.31890106 0.00897538 0.00284722
-0.31734002 0.00894010 0.00283899
-0.31577749 0.00890557 0.00283085
-0.31421793 0.00887193 0.00282278
-0.31265688 0.00883939 0.00281476
-0.31109731 0.00880823 0.00280667
-0.30953923 0.00877887 0.00279841
-0.30798114 0.00875201 0.00278972
-0.30642305 0.00872883 0.00278020
-0.30486644 0.00871310 0.00276944
-0.30330983 0.00871110 0.00275859
-0.30175470 0.00872105 0.00274879
-0.30019957 0.00873136 0.00273869
-0.29864591 0.00873613 0.00272775
-0.29709226 0.00873630 0.00271693
-0.29554008 0.00873235 0.00270612
-0.29398791 0.00872504 0.00269545
-0.29243721 0.00871483 0.00268478
-0.29088651 0.00870244 0.00267426
-0.28933730 0.00868813 0.00266377
-0.28778808 0.00867218 0.00265334
-0.28623886 0.00865487 0.00264297
-0.28469112 0.00863636 0.00263263
-0.28314485 0.00861678 0.00262228
-0.28159859 0.00859636 0.00261199
-0.28005381 0.00857518 0.00260169
-0.27850902 0.00855340 0.00259142
-0.27696572 0.00853108 0.00258112
-0.27542241 0.00850833 0.00257079
-0.27388059 0.00848528 0.00256049
-0.27234024 0.00846195 0.00255012
-0.27079989 0.00843846 0.00253974
-0.26925954 0.00841486 0.00252933
-0.26772067 0.00839118 0.00251885
-0.26618327 0.00836753 0.00250836
-0.26464588 0.00834389 0.00249775
-0.26310997 0.00832033 0.00248710
-0.26157405 0.00829685 0.00247635
-0.26003962 0.00827347 0.00246548
-0.25850518 0.00825026 0.00245458
-0.25697222 0.00822712 0.00244351
-0.25544074 0.00820408 0.00243239
-0.25390926 0.00818107 0.00242114
-0.25237926 0.00815801 0.00240980
-0.25084926 0.00813478 0.00239839
-0.24932074 0.00811121 0.00238698
-0.24779369 0.00808699 0.00237556
-0.24626665 0.00806177 0.00236431
-0.24474108 0.00803486 0.00235337
-0.24321552 0.00800550 0.00234308
-0.24169143 0.00797192 0.00233381
-0.24016882 0.00793218 0.00232668
-0.23864621 0.00788017 0.00232302
-0.23712508 0.00779820 0.00232131
-0.23560542 0.00767961 0.00231595
-0.23408577 0.00755704 0.00230823
-0.23256759 0.00746235 0.00230289
-0.23104942 0.00739507 0.00229827
-0.22953272 0.00734619 0.00229280
-0.22801750 0.00730988 0.00228676
-0.22650376 0.00728261 0.00228021
-0.22499002 0.00726193 0.00227320
-0.22347628 0.00724616 0.00226591
-0.22196550 0.00723396 0.00225831
-0.22045471 0.00722445 0.00225051
-0.21894541 0.00721693 0.00224252
-0.21743610 0.00721086 0.00223438
-0.21592827 0.00720582 0.00222607
-0.21442193 0.00720153 0.00221768
-0.21291705 0.00719769 0.00220912
-0.21141218 0.00719416 0.00220049
-0.20990879 0.00719074 0.00219174
-0.20840540 0.00718733 0.00218291
-0.20690496 0.00718379 0.00217398
-0.20540453 0.00718003 0.00216493
-0.20390557 0.00717598 0.00215581
-0.20240661 0.00717159 0.00214666
-0.20090913 0.00716669 0.00213740
-0.19941313 0.00716123 0.00212811
-0.19791861 0.00715504 0.00211878
-0.19642408 0.00714799 0.00210951
-0.19493104 0.00713979 0.00210035
-0.19343947 0.00713000 0.00209141
-0.19194791 0.00711759 0.00208285
-0.19045930 0.00710081 0.00207448
-0.18897069 0.00707918 0.00206602
-0.18748355 0.00705472 0.00205743
-0.18599642 0.00703042 0.00204892
-0.18451077 0.00700784 0.00204057
-0.18302659 0.00698670 0.00203227
-0.18154390 0.00696645 0.00202391
-0.18006268 0.00694698 0.00201554
-0.17858146 0.00692819 0.00200713
-0.17710172 0.00691006 0.00199869
-0.17562346 0.00689252 0.00199023
-0.17414667 0.00687557 0.00198175
-0.17266989 0.00685919 0.00197324
-0.17119606 0.00684337 0.00196469
-0.16972223 0.00682809 0.00195612
-0.16824841 0.00681335 0.00194751
-0.16677754 0.00679915 0.00193886
-0.16530667 0.00678547 0.00193017
-0.16383875 0.00677233 0.00192145
-0.16237084 0.00675970 0.00191268
-0.16090440 0.00674759 0.00190386
-0.15943796 0.00673599 0.00189499
-0.15797449 0.00672489 0.00188607
-0.15651101 0.00671429 0.00187709
-0.15504900 0.00670418 0.00186805
-0.15358848 0.00669455 0.00185894
-0.15212944 0.00668539 0.00184977
-0.15067039 0.00667668 0.00184053
-0.14921430 0.00666842 0.00183122
-0.14775822 0.00666059 0.00182183
-0.14630375 0.00665317 0.00181237
-0.14485062 0.00664615 0.00180284
-0.14339867 0.00663951 0.00179321
-0.14194791 0.00663324 0.00178350
-0.14049847 0.00662731 0.00177370
-0.13905022 0.00662170 0.00176381
-0.13760344 0.00661639 0.00175382
-0.13615770 0.00661137 0.00174374
-0.13471344 0.00660661 0.00173355
-0.13327021 0.00660208 0.00172325
-0.13182846 0.00659777 0.00171285
-0.13038804 0.00659364 0.00170233
-0.12894881 0.00658967 0.00169170
-0.12751090 0.00658583 0.00168096
-0.12607433 0.00658209 0.00167010
-0.12463893 0.00657841 0.00165911
-0.12320502 0.00657475 0.00164800
-0.12177229 0.00657106 0.00163677
-0.12034104 0.00656726 0.00162543
-0.11891096 0.00656327 0.00161399
-0.11748222 0.00655893 0.00160249
-0.11605496 0.00655405 0.00159097
-0.11462888 0.00654824 0.00157956
-0.11320413 0.00654100 0.00156846
-0.11178086 0.00653073 0.00155801
-0.11035892 0.00651298 0.00154788
-0.10893816 0.00648631 0.00153693
-0.10751888 0.00645912 0.00152543
-0.10610108 0.00643913 0.00151442
-0.10468446 0.00642514 0.00150349
-0.10326932 0.00641404 0.00149230
-0.10185551 0.00640434 0.00148094
-0.10044304 0.00639528 0.00146946
-0.09903203 0.00638646 0.00145788
-0.09762236 0.00637762 0.00144621
-0.09621417 0.00636859 0.00143447
-0.09480731 0.00635928 0.00142268
-0.09340178 0.00634962 0.00141085
-0.09199772 0.00633956 0.00139896
-0.09059500 0.00632906 0.00138704
-0.08919376 0.00631808 0.00137509
-0.08779384 0.00630659 0.00136311
-0.08639541 0.00629456 0.00135110
-0.08499845 0.00628192 0.00133909
-0.08360282 0.00626861 0.00132704
-0.08220867 0.00625453 0.00131496
-0.08081600 0.00623958 0.00130287
-0.07942466 0.00622371 0.00129086
-0.07803480 0.00620682 0.00127902
-0.07664641 0.00618870 0.00126740
-0.07525951 0.00616911 0.00125609
-0.07387393 0.00614768 0.00124518
-0.07248984 0.00612399 0.00123484
-0.07110722 0.00609719 0.00122533
-0.06972608 0.00606635 0.00121704
-0.06834642 0.00602922 0.00121048
-0.06696823 0.00597752 0.00120465
-0.06559138 0.00591231 0.00119627
-0.06421615 0.00586471 0.00118590
-0.06284240 0.00585997 0.00117720
-0.06146998 0.00588487 0.00116904
-0.06009919 0.00592034 0.00115961
-0.05872988 0.00596049 0.00114958
-0.05736204 0.00600413 0.00113899
-0.05599568 0.00605289 0.00112769
-0.05463080 0.00610911 0.00111532
-0.05326740 0.00617783 0.00110113
-0.05190548 0.00626529 0.00108378
-0.05054518 0.00638439 0.00106107
-0.04918636 0.00655213 0.00102986
-0.04782902 0.00680919 0.00098866
-0.04647316 0.00719906 0.00094681
-0.04511893 0.00757230 0.00091623
-0.04376617 0.00765232 0.00088294
-0.04241504 0.00749423 0.00084379
-0.04106524 0.00733179 0.00081376
-0.03971706 0.00721816 0.00078830
-0.03837051 0.00713727 0.00076165
-0.03702529 0.00707816 0.00073389
-0.03568185 0.00703894 0.00070437
-0.03433973 0.00702101 0.00067246
-0.03299939 0.00703259 0.00063651
-0.03166038 0.00708820 0.00059422
-0.03032315 0.00723209 0.00054227
-0.02898739 0.00753606 0.00048379
-0.02765326 0.00783887 0.00042619
-0.02632105 0.00769384 0.00036608
-0.02499002 0.00703444 0.00030645
-0.02366047 0.00621238 0.00026568
-0.02233255 0.00539771 0.00023832
-0.02100625 0.00459978 0.00021660
-0.01968143 0.00383440 0.00019373
-0.01835824 0.00310233 0.00017416
-0.01703653 0.00241080 0.00015024
-0.01571644 0.00174682 0.00012972
-0.01439801 0.00111239 0.00010660
-0.01308110 0.00047476 0.00006419
-0.01176578 0.00025737 0.00007312
-0.01045207 0.00067646 0.00012138
-0.00913993 0.00126799 0.00016113
-0.00782941 0.00184505 0.00017605
-0.00652048 0.00248391 0.00019290
-0.00521317 0.00312264 0.00021052
-0.00390746 0.00398143 0.00021670
-0.00260335 0.00483592 0.00025086
-0.00130087 0.00693560 0.00022151
-0.00000000 0.00801997 0.00035067
