# s/c   P_w_mean    P_w_std
0.00000000 0.99991903 0.00002607
0.00130087 0.99953885 0.00002126
0.00260174 0.99914829 0.00001727
0.00390261 0.99874829 0.00001407
0.00520348 0.99833976 0.00001166
0.00650435 0.99792351 0.00001004
0.00780522 0.99750033 0.00000918
0.00910609 0.99707090 0.00000900
0.01040697 0.99663588 0.00000934
0.01170784 0.99619586 0.00001005
0.01300871 0.99575137 0.00001102
0.01430958 0.99530290 0.00001217
0.01561045 0.99485089 0.00001347
0.01691132 0.99439571 0.00001491
0.01821219 0.99393771 0.00001646
0.01951306 0.99347716 0.00001813
0.02081393 0.99301433 0.00001990
0.02211480 0.99254941 0.00002176
0.02341567 0.99208257 0.00002368
0.02470176 0.99161393 0.00002567
0.02600263 0.99114358 0.00002770
0.02730350 0.99067158 0.00002975
0.02860437 0.99019793 0.00003182
0.02990524 0.98972263 0.00003389
0.03120611 0.98924562 0.00003593
0.03250698 0.98876683 0.00003795
0.03380786 0.98828616 0.00003993
0.03510873 0.98780348 0.00004186
0.03640960 0.98731862 0.00004373
0.03771047 0.98683140 0.00004554
0.03901134 0.98634163 0.00004727
0.04029743 0.98584907 0.00004893
0.04159830 0.98535348 0.00005050
0.04289917 0.98485460 0.00005198
0.04420004 0.98435213 0.00005338
0.04550091 0.98384580 0.00005469
0.04680178 0.98333527 0.00005591
0.04810265 0.98282023 0.00005703
0.04940352 0.98230033 0.00005807
0.05068961 0.98177523 0.00005903
0.05199048 0.98124455 0.00005990
0.05329135 0.98070793 0.00006069
0.05459222 0.98016500 0.00006141
0.05589309 0.97961535 0.00006205
0.05719396 0.97905860 0.00006263
0.05849483 0.97849435 0.00006315
0.05978092 0.97792219 0.00006362
0.06108179 0.97734173 0.00006404
0.06238266 0.97675254 0.00006442
0.06368353 0.97615423 0.00006477
0.06498440 0.97554638 0.00006509
0.06628528 0.97492858 0.00006540
0.06757136 0.97430041 0.00006570
0.06887223 0.97366148 0.00006600
0.07017310 0.97301138 0.00006631
0.07147398 0.97234971 0.00006663
0.07277485 0.97167606 0.00006698
0.07407572 0.97099005 0.00006736
0.07536180 0.97029129 0.00006778
0.07666268 0.96957940 0.00006824
0.07796355 0.96885401 0.00006877
0.07926442 0.96811474 0.00006935
0.08056529 0.96736124 0.00007000
0.08185138 0.96659317 0.00007073
0.08315225 0.96581017 0.00007153
0.08445312 0.96501192 0.00007243
0.08575399 0.96419810 0.00007341
0.08704008 0.96336840 0.00007449
0.08834095 0.96252252 0.00007567
0.08964182 0.96166017 0.00007696
0.09094269 0.96078108 0.00007836
0.09224356 0.95988498 0.00007986
0.09352965 0.95897163 0.00008149
0.09483052 0.95804078 0.00008323
0.09613139 0.95709221 0.00008509
0.09743226 0.95612571 0.00008708
0.09871835 0.95514108 0.00008919
0.10001922 0.95413814 0.00009143
0.10132009 0.95311673 0.00009380
0.10260618 0.95207668 0.00009630
0.10390705 0.95101786 0.00009894
0.10520792 0.94994014 0.00010170
0.10650879 0.94884341 0.00010461
0.10779488 0.94772758 0.00010764
0.10909575 0.94659257 0.00011082
0.11039662 0.94543830 0.00011413
0.11169749 0.94426474 0.00011758
0.11298358 0.94307185 0.00012116
0.11428445 0.94185960 0.00012488
0.11558532 0.94062798 0.00012874
0.11687141 0.93937702 0.00013273
0.11817228 0.93810674 0.00013685
0.11947315 0.93681716 0.00014110
0.12075924 0.93550835 0.00014548
0.12206011 0.93418038 0.00014998
0.12336098 0.93283331 0.00015461
0.12466185 0.93146726 0.00015935
0.12594794 0.93008233 0.00016421
0.12724881 0.92867864 0.00016918
0.12854968 0.92725633 0.00017425
0.12983577 0.92578439 0.00017942
0.13113664 0.92425091 0.00018844
0.13243751 0.92270781 0.00019638
0.13372359 0.92115407 0.00020321
0.13502447 0.91958623 0.00020920
0.13632534 0.91800601 0.00021474
0.13761142 0.91641525 0.00021978
0.13891229 0.91481220 0.00022464
0.14019838 0.91318468 0.00022992
0.14149925 0.91151392 0.00023607
0.14280012 0.90978992 0.00024251
0.14408621 0.90803074 0.00025029
0.14538708 0.90627537 0.00026167
0.14668795 0.90454746 0.00027310
0.14797404 0.90284985 0.00028137
0.14927491 0.90117332 0.00028708
0.15056100 0.89949731 0.00029057
0.15186187 0.89780788 0.00029269
0.15316274 0.89611213 0.00029482
0.15444883 0.89442459 0.00029761
0.15574970 0.89274392 0.00029973
0.15703579 0.89105479 0.00030053
0.15833666 0.88936056 0.00030048
0.15963753 0.88767569 0.00030010
0.16092362 0.88600548 0.00029961
0.16222449 0.88431516 0.00029797
0.16351058 0.88254826 0.00029594
0.16481145 0.88070880 0.00029598
0.16611232 0.87883399 0.00030217
0.16739841 0.87695438 0.00031526
0.16869928 0.87509018 0.00032857
0.16998537 0.87324419 0.00033940
0.17128624 0.87141501 0.00034804
0.17257232 0.86960013 0.00035412
0.17387319 0.86779592 0.00035827
0.17517407 0.86599844 0.00036076
0.17646015 0.86420336 0.00036189
0.17776102 0.86240654 0.00036186
0.17904711 0.86060514 0.00036096
0.18034798 0.85879611 0.00035934
0.18163407 0.85697640 0.00035723
0.18293494 0.85513964 0.00035516
0.18422103 0.85327404 0.00035376
0.18552190 0.85137242 0.00035266
0.18680799 0.84944029 0.00035213
0.18810886 0.84750157 0.00035320
0.18939495 0.84557953 0.00035362
0.19069582 0.84367477 0.00035163
0.19199669 0.84175010 0.00034804
0.19328278 0.83974590 0.00034344
0.19458365 0.83766200 0.00034050
0.19586974 0.83553287 0.00034382
0.19717061 0.83337678 0.00035332
0.19845669 0.83120415 0.00036403
0.19975757 0.82900766 0.00037365
0.20104365 0.82678706 0.00038203
0.20234452 0.82456054 0.00038822
0.20363061 0.82234292 0.00039075
0.20493148 0.82014426 0.00038969
0.20621757 0.81793634 0.00038725
0.20750366 0.81565955 0.00038473
0.20880453 0.81329946 0.00038394
0.21009062 0.81087825 0.00038741
0.21139149 0.80842485 0.00039652
0.21267758 0.80595821 0.00040761
0.21397845 0.80347190 0.00041753
0.21526454 0.80095165 0.00042665
0.21656541 0.79838928 0.00043569
0.21785149 0.79578170 0.00044554
0.21915236 0.79313233 0.00045669
0.22043845 0.79044881 0.00046920
0.22173932 0.78774054 0.00048219
0.22302541 0.78501506 0.00049511
0.22432628 0.78227533 0.00050781
0.22561237 0.77951318 0.00052057
0.22689846 0.77671209 0.00053393
0.22819933 0.77386752 0.00054858
0.22948542 0.77098779 0.00056568
0.23078629 0.76808597 0.00058531
0.23207238 0.76517325 0.00060643
0.23337325 0.76225655 0.00062780
0.23465933 0.75934326 0.00064751
0.23594542 0.75644232 0.00066521
0.23724629 0.75356199 0.00068137
0.23853238 0.75070372 0.00069604
0.23983325 0.74786078 0.00070942
0.24111934 0.74502195 0.00072180
0.24240543 0.74217785 0.00073389
0.24370630 0.73932700 0.00074627
0.24499239 0.73647747 0.00075914
0.24629326 0.73364068 0.00077274
0.24757935 0.73082601 0.00078674
0.24886543 0.72804086 0.00079987
0.25016630 0.72528615 0.00081174
0.25145239 0.72255895 0.00082231
0.25275326 0.71985678 0.00083185
0.25403935 0.71717839 0.00084121
0.25532544 0.71452496 0.00085084
0.25662631 0.71189848 0.00086055
0.25791240 0.70930306 0.00087005
0.25919849 0.70674683 0.00087942
0.26049936 0.70423684 0.00088781
0.26178545 0.70177585 0.00089418
0.26307153 0.69935936 0.00089849
0.26437240 0.69698173 0.00090178
0.26565849 0.69463232 0.00090480
0.26695936 0.69228970 0.00090829
0.26824545 0.68994591 0.00091180
0.26953154 0.68760642 0.00091629
0.27083241 0.68529104 0.00092367
0.27211850 0.68303712 0.00093081
0.27340459 0.68086241 0.00093635
0.27470546 0.67876113 0.00094019
0.27599154 0.67671016 0.00094139
0.27727763 0.67468162 0.00094229
0.27857850 0.67267355 0.00094342
0.27986459 0.67069465 0.00094462
0.28115068 0.66875484 0.00094783
0.28243677 0.66686316 0.00094977
0.28373764 0.66502721 0.00094794
0.28502373 0.66326399 0.00094756
0.28630981 0.66156914 0.00095031
0.28761068 0.65992451 0.00095142
0.28889677 0.65830519 0.00094943
0.29018286 0.65671301 0.00094694
0.29148373 0.65519123 0.00094408
0.29276982 0.65376249 0.00094007
0.29405591 0.65242573 0.00093376
0.29534200 0.65116386 0.00092427
0.29664287 0.64995094 0.00091260
0.29792895 0.64877190 0.00089999
0.29921504 0.64763138 0.00088786
0.30051591 0.64654758 0.00087679
0.30180200 0.64554289 0.00086545
0.30308809 0.64462738 0.00085276
0.30437418 0.64379459 0.00083850
0.30567505 0.64302589 0.00082230
0.30696114 0.64229341 0.00080512
0.30824722 0.64157831 0.00078854
0.30953331 0.64087660 0.00077381
0.31083418 0.64019934 0.00076088
0.31212027 0.63956942 0.00074927
0.31340636 0.63900576 0.00073796
0.31469245 0.63851156 0.00072330
0.31599332 0.63807907 0.00070288
0.31727941 0.63770574 0.00067722
0.31856549 0.63739504 0.00064756
0.31985158 0.63713834 0.00061541
0.32115245 0.63691544 0.00058223
0.32243854 0.63670315 0.00055049
0.32372463 0.63647812 0.00052290
0.32501072 0.63623036 0.00050122
0.32629681 0.63596334 0.00048582
0.32759768 0.63568603 0.00047671
0.32888376 0.63541176 0.00047203
0.33016985 0.63515439 0.00046685
0.33145594 0.63492020 0.00045869
0.33275681 0.63470946 0.00044750
0.33404290 0.63451620 0.00043445
0.33532899 0.63433025 0.00042269
0.33661508 0.63414732 0.00041479
0.33790116 0.63397083 0.00041058
0.33918725 0.63380537 0.00040727
0.34048812 0.63364794 0.00040308
0.34177421 0.63349069 0.00039744
0.34306030 0.63332324 0.00039119
0.34434639 0.63313423 0.00038635
0.34563247 0.63291582 0.00038553
0.34693335 0.63266533 0.00039219
0.34821943 0.63239166 0.00040669
0.34950552 0.63211401 0.00042620
0.35079161 0.63184764 0.00044741
0.35207770 0.63160246 0.00046584
0.35336379 0.63138263 0.00047806
0.35466466 0.63118185 0.00048472
0.35595074 0.63098255 0.00048958
0.35723683 0.63076365 0.00049692
0.35852292 0.63051291 0.00050938
0.35980901 0.63023328 0.00052741
0.36109510 0.62993587 0.00054887
0.36238118 0.62962414 0.00057277
0.36368206 0.62930042 0.00059818
0.36496814 0.62897470 0.00062203
0.36625423 0.62866030 0.00064187
0.36754032 0.62836593 0.00065741
0.36882641 0.62808829 0.00067085
0.37011250 0.62781089 0.00068663
0.37139858 0.62751319 0.00071003
0.37269945 0.62719276 0.00074081
0.37398554 0.62686430 0.00077470
0.37527163 0.62653900 0.00080897
0.37655772 0.62622150 0.00084105
0.37784381 0.62591134 0.00086829
0.37912989 0.62559717 0.00089033
0.38041598 0.62526563 0.00090824
0.38170207 0.62491688 0.00092265
0.38298816 0.62456562 0.00093420
0.38428903 0.62422643 0.00094467
0.38557512 0.62389974 0.00095701
0.38686121 0.62357899 0.00097363
0.38814729 0.62325823 0.00099485
0.38943338 0.62293022 0.00102010
0.39071947 0.62258766 0.00104892
0.39200556 0.62222752 0.00108017
0.39329165 0.62185192 0.00111236
0.39457773 0.62146308 0.00114460
0.39586382 0.62105845 0.00117686
0.39714991 0.62063348 0.00120902
0.39843600 0.62018653 0.00124127
0.39973687 0.61973034 0.00127246
0.40102296 0.61929409 0.00129933
0.40230905 0.61890901 0.00131910
0.40359513 0.61857922 0.00133355
0.40488122 0.61827445 0.00135135
0.40616731 0.61796626 0.00137653
0.40745340 0.61764229 0.00140668
0.40873949 0.61730509 0.00143811
0.41002557 0.61697337 0.00146627
0.41131166 0.61666390 0.00148904
0.41259775 0.61637198 0.00150853
0.41388384 0.61607610 0.00152949
0.41516993 0.61576201 0.00155287
0.41645601 0.61542747 0.00157861
0.41774210 0.61505090 0.00161104
0.41902819 0.61460052 0.00165297
0.42031428 0.61405554 0.00170441
0.42160037 0.61344219 0.00175894
0.42288645 0.61283222 0.00180504
0.42417254 0.61225665 0.00183930
0.42545863 0.61170951 0.00186645
0.42674472 0.61118000 0.00189216
0.42803081 0.61065656 0.00191787
0.42931690 0.61013472 0.00194322
0.43060298 0.60960662 0.00197017
0.43188907 0.60906276 0.00200076
0.43317516 0.60849830 0.00203578
0.43446125 0.60791427 0.00207398
0.43574734 0.60731314 0.00211410
0.43703342 0.60669700 0.00215529
0.43831951 0.60606824 0.00219636
0.43960560 0.60542863 0.00223655
0.44089169 0.60477997 0.00227561
0.44217778 0.60412617 0.00231347
0.44346386 0.60347689 0.00234859
0.44474995 0.60284066 0.00238001
0.44603604 0.60221478 0.00240916
0.44732213 0.60157612 0.00244269
0.44860822 0.60088956 0.00248830
0.44989430 0.60013239 0.00254791
0.45118039 0.59932644 0.00261490
0.45246648 0.59854131 0.00267150
0.45375257 0.59780664 0.00271233
0.45503866 0.59711428 0.00274372
0.45632474 0.59646519 0.00276767
0.45761083 0.59586015 0.00278462
0.45889692 0.59531302 0.00279020
0.46018301 0.59482417 0.00278584
0.46146910 0.59436215 0.00278268
0.46275519 0.59388945 0.00278974
0.46404127 0.59336570 0.00281327
0.46532736 0.59279039 0.00284927
0.46661345 0.59221636 0.00288266
0.46789954 0.59167378 0.00290764
0.46917084 0.59115930 0.00292719
0.47045693 0.59065177 0.00294982
0.47174302 0.59012752 0.00298191
0.47302911 0.58958479 0.00302079
0.47431520 0.58903621 0.00306132
0.47560128 0.58849723 0.00309798
0.47688737 0.58798060 0.00312769
0.47817346 0.58748948 0.00315098
0.47945955 0.58701816 0.00317062
0.48074564 0.58655445 0.00319052
0.48203172 0.58608407 0.00321406
0.48331781 0.58559442 0.00324390
0.48460390 0.58508503 0.00327961
0.48587521 0.58457205 0.00331575
0.48716129 0.58407014 0.00334838
0.48844738 0.58358645 0.00337608
0.48973347 0.58312159 0.00339929
0.49101956 0.58267084 0.00342038
0.49230565 0.58222883 0.00344152
0.49359173 0.58178993 0.00346417
0.49487782 0.58134953 0.00348904
0.49616391 0.58090395 0.00351668
0.49743522 0.58045170 0.00354679
0.49872130 0.57999406 0.00357862
0.50000739 0.57953463 0.00361095
0.50129348 0.57907911 0.00364200
0.50257957 0.57863369 0.00367056
0.50386566 0.57820310 0.00369549
0.50515174 0.57779064 0.00371615
0.50643783 0.57739507 0.00373366
0.50770914 0.57700840 0.00375080
0.50899523 0.57662352 0.00376972
0.51028131 0.57623757 0.00379098
0.51156740 0.57585367 0.00381303
0.51285349 0.57548100 0.00383262
0.51413958 0.57512692 0.00384813
0.51542567 0.57479478 0.00385923
0.51669697 0.57448408 0.00386642
0.51798306 0.57418746 0.00387234
0.51926915 0.57389212 0.00388114
0.52055524 0.57358335 0.00389597
0.52184132 0.57325339 0.00391741
0.52312741 0.57290202 0.00394444
0.52439872 0.57254233 0.00397253
0.52568480 0.57220463 0.00399331
0.52697089 0.57190801 0.00400101
0.52825698 0.57165595 0.00399599
0.52954307 0.57143828 0.00398441
0.53082916 0.57122344 0.00397579
0.53210046 0.57098685 0.00397655
0.53338655 0.57072027 0.00398680
0.53467264 0.57043712 0.00400014
0.53595873 0.57016810 0.00400784
0.53724481 0.56992590 0.00400642
0.53853090 0.56970538 0.00399798
0.53980221 0.56948737 0.00399053
0.54108830 0.56924377 0.00399239
0.54237438 0.56896517 0.00400384
0.54366047 0.56866276 0.00401991
0.54494656 0.56835499 0.00403467
0.54621787 0.56805778 0.00404352
0.54750395 0.56778265 0.00404354
0.54879004 0.56752783 0.00403715
0.55007613 0.56727343 0.00403104
0.55134744 0.56700469 0.00402901
0.55263352 0.56671382 0.00403209
0.55391961 0.56640217 0.00403830
0.55520570 0.56608536 0.00404234
0.55649179 0.56577840 0.00404026
0.55776309 0.56548528 0.00403178
0.55904918 0.56519832 0.00402001
0.56033527 0.56490100 0.00401113
0.56162136 0.56458217 0.00400800
0.56289266 0.56424159 0.00400957
0.56417875 0.56388593 0.00401373
0.56546484 0.56352962 0.00401599
0.56675093 0.56318377 0.00401355
0.56803702 0.56285594 0.00400516
0.56930832 0.56255249 0.00398936
0.57059441 0.56227595 0.00396624
0.57188050 0.56202251 0.00393862
0.57316659 0.56178106 0.00391026
0.57443789 0.56153930 0.00388458
0.57572398 0.56128552 0.00386340
0.57701007 0.56100855 0.00384773
0.57829616 0.56070247 0.00383718
0.57956746 0.56036727 0.00383106
0.58085355 0.56001176 0.00382756
0.58213964 0.55965626 0.00382042
0.58341094 0.55931782 0.00380608
0.58469703 0.55900432 0.00378316
0.58598312 0.55871818 0.00375173
0.58726921 0.55845412 0.00371538
0.58854051 0.55820103 0.00367785
0.58982660 0.55795072 0.00364153
0.59111269 0.55769853 0.00360746
0.59239878 0.55744711 0.00357367
0.59367008 0.55720657 0.00353670
0.59495617 0.55698376 0.00349463
0.59624226 0.55677524 0.00344957
0.59751356 0.55656854 0.00340728
0.59879965 0.55635323 0.00337052
0.60008574 0.55612097 0.00334088
0.60137183 0.55586660 0.00331884
0.60264313 0.55559137 0.00330328
0.60392922 0.55530339 0.00329132
0.60521531 0.55501848 0.00327730
0.60648661 0.55475290 0.00325693
0.60777270 0.55451946 0.00322597
0.60905879 0.55432151 0.00318375
0.61033010 0.55414775 0.00313572
0.61161618 0.55398189 0.00308772
0.61290227 0.55381018 0.00304358
0.61417358 0.55362556 0.00300433
0.61545967 0.55342838 0.00296926
0.61674575 0.55322238 0.00293763
0.61801706 0.55301233 0.00290796
0.61930315 0.55280032 0.00288022
0.62058924 0.55258845 0.00285417
0.62187532 0.55237789 0.00282899
0.62314663 0.55216545 0.00280570
0.62443272 0.55194509 0.00278569
0.62571880 0.55171224 0.00276942
0.62699011 0.55146754 0.00275586
0.62827620 0.55122062 0.00274152
0.62954750 0.55098942 0.00272027
0.63083359 0.55078565 0.00268880
0.63211968 0.55061248 0.00264736
0.63339099 0.55047064 0.00259651
0.63467707 0.55035672 0.00253830
0.63596316 0.55026164 0.00247681
0.63723447 0.55017575 0.00241559
0.63852056 0.55008888 0.00235771
0.63980664 0.54998906 0.00230670
0.64107795 0.54986761 0.00226460
0.64236404 0.54972128 0.00223165
0.64365012 0.54955234 0.00220684
0.64492143 0.54936604 0.00218771
0.64620752 0.54916650 0.00217284
0.64749361 0.54895691 0.00216165
0.64876491 0.54874073 0.00215299
0.65005100 0.54852152 0.00214570
0.65132231 0.54830313 0.00213859
0.65260839 0.54808974 0.00213012
0.65389448 0.54788571 0.00211880
0.65516579 0.54769516 0.00210302
0.65645188 0.54752228 0.00208110
0.65772318 0.54736815 0.00205317
0.65900927 0.54723161 0.00202008
0.66029536 0.54711085 0.00198322
0.66156666 0.54700611 0.00194313
0.66285275 0.54692133 0.00189837
0.66413884 0.54686024 0.00184799
0.66541014 0.54682206 0.00179297
0.66669623 0.54679779 0.00173762
0.66796754 0.54677690 0.00168684
0.66925363 0.54675137 0.00164347
0.67053971 0.54671554 0.00160876
0.67181102 0.54666724 0.00158197
0.67309711 0.54660726 0.00156185
0.67436841 0.54654278 0.00154497
0.67565450 0.54648828 0.00152517
0.67692581 0.54645641 0.00149849
0.67821189 0.54645108 0.00146402
0.67949798 0.54647252 0.00142177
0.68076929 0.54652164 0.00137141
0.68205538 0.54659866 0.00131303
0.68332668 0.54670219 0.00124710
0.68461277 0.54682397 0.00117723
0.68589886 0.54694830 0.00111037
0.68717016 0.54706206 0.00105169
0.68845625 0.54716178 0.00100275
0.68972756 0.54725307 0.00096122
0.69101364 0.54734278 0.00092372
0.69228495 0.54743384 0.00088911
0.69357104 0.54752845 0.00085638
0.69484234 0.54762788 0.00082458
0.69612843 0.54773003 0.00079425
0.69741452 0.54783093 0.00076644
0.69868582 0.54792476 0.00074260
0.69997191 0.54800875 0.00072253
0.70124322 0.54808429 0.00070547
0.70252931 0.54815676 0.00068965
0.70380061 0.54823237 0.00067303
0.70508670 0.54831129 0.00065661
0.70635801 0.54839299 0.00064125
0.70764409 0.54847896 0.00062697
0.70893018 0.54857246 0.00061290
0.71020149 0.54867633 0.00059802
0.71148758 0.54879287 0.00058191
0.71275888 0.54892326 0.00056457
0.71404497 0.54906208 0.00054761
0.71531627 0.54920045 0.00053323
0.71660236 0.54932811 0.00052317
0.71787367 0.54943986 0.00051793
0.71915976 0.54953957 0.00051634
0.72043106 0.54963297 0.00051675
0.72171715 0.54972326 0.00051818
0.72298845 0.54981147 0.00052043
0.72427454 0.54989695 0.00052349
0.72554585 0.54997916 0.00052727
0.72683194 0.55005970 0.00053159
0.72810324 0.55014303 0.00053604
0.72938933 0.55023497 0.00054026
0.73066064 0.55033865 0.00054414
0.73194672 0.55045249 0.00054766
0.73321803 0.55057071 0.00055055
0.73450412 0.55068775 0.00055329
0.73577542 0.55080056 0.00055628
0.73706151 0.55090832 0.00055960
0.73833282 0.55101161 0.00056342
0.73961890 0.55111101 0.00056770
0.74089021 0.55120723 0.00057244
0.74217630 0.55130103 0.00057767
0.74344760 0.55139321 0.00058345
0.74473369 0.55148481 0.00058978
0.74600500 0.55157635 0.00059680
0.74729108 0.55166746 0.00060454
0.74856239 0.55175700 0.00061293
0.74984848 0.55184324 0.00062182
0.75111978 0.55192454 0.00063105
0.75240587 0.55199976 0.00064054
0.75367718 0.55206812 0.00065004
0.75496327 0.55212929 0.00065958
0.75623457 0.55218339 0.00066915
0.75752066 0.55223068 0.00067870
0.75879196 0.55227162 0.00068833
0.76007805 0.55230670 0.00069810
0.76134936 0.55233645 0.00070810
0.76263545 0.55236116 0.00071838
0.76390675 0.55238076 0.00072903
0.76517806 0.55239475 0.00074012
0.76646414 0.55240196 0.00075171
0.76773545 0.55240047 0.00076389
0.76902154 0.55238829 0.00077689
0.77029284 0.55236492 0.00079108
0.77157893 0.55233248 0.00080691
0.77285024 0.55229521 0.00082459
0.77413633 0.55225772 0.00084348
0.77540763 0.55222351 0.00086281
0.77669372 0.55219546 0.00088189
0.77796502 0.55217615 0.00089997
0.77923633 0.55216755 0.00091657
0.78052242 0.55217034 0.00093136
0.78179372 0.55218422 0.00094427
0.78307981 0.55220778 0.00095534
0.78435112 0.55223792 0.00096493
0.78563720 0.55227186 0.00097343
0.78690851 0.55230780 0.00098122
0.78817982 0.55234460 0.00098868
0.78946590 0.55238154 0.00099602
0.79073721 0.55241783 0.00100344
0.79202330 0.55245289 0.00101110
0.79329460 0.55248643 0.00101907
0.79458069 0.55251871 0.00102738
0.79585200 0.55255055 0.00103599
0.79712330 0.55258357 0.00104454
0.79840939 0.55261972 0.00105286
0.79968070 0.55266078 0.00106061
0.80096678 0.55270880 0.00106741
0.80223809 0.55276506 0.00107317
0.80350939 0.55282992 0.00107783
0.80479548 0.55290229 0.00108140
0.80606679 0.55297915 0.00108420
0.80735288 0.55305851 0.00108635
0.80862418 0.55313947 0.00108801
0.80989549 0.55322116 0.00108946
0.81118157 0.55330313 0.00109089
0.81245288 0.55338421 0.00109250
0.81373897 0.55346273 0.00109452
0.81501027 0.55353793 0.00109706
0.81628158 0.55361072 0.00110026
0.81756767 0.55368306 0.00110411
0.81883897 0.55375717 0.00110817
0.82012506 0.55383467 0.00111210
0.82139637 0.55391771 0.00111552
0.82266767 0.55400955 0.00111807
0.82395376 0.55411225 0.00111965
0.82522507 0.55422513 0.00112015
0.82651115 0.55434425 0.00111991
0.82778246 0.55446484 0.00111946
0.82905376 0.55458363 0.00111897
0.83033985 0.55469981 0.00111881
0.83161116 0.55481374 0.00111905
0.83288246 0.55492611 0.00111948
0.83416855 0.55503819 0.00112003
0.83543986 0.55515143 0.00112048
0.83672594 0.55526764 0.00112066
0.83799725 0.55538868 0.00112033
0.83926856 0.55551632 0.00111923
0.84055464 0.55565223 0.00111709
0.84182595 0.55579801 0.00111370
0.84309725 0.55595504 0.00110887
0.84438334 0.55612426 0.00110262
0.84565465 0.55630555 0.00109523
0.84692595 0.55649713 0.00108690
0.84821204 0.55669545 0.00107834
0.84948335 0.55689487 0.00107009
0.85076944 0.55708997 0.00106246
0.85204074 0.55727793 0.00105567
0.85331205 0.55745991 0.00104958
0.85459813 0.55764057 0.00104446
0.85586944 0.55782337 0.00103987
0.85714075 0.55801086 0.00103544
0.85842683 0.55820557 0.00103112
0.85969814 0.55840928 0.00102686
0.86096944 0.55862296 0.00102273
0.86225553 0.55884624 0.00101882
0.86352684 0.55907644 0.00101535
0.86479814 0.55930728 0.00101158
0.86608423 0.55953184 0.00100681
0.86735554 0.55974513 0.00100055
0.86862684 0.55994516 0.00099279
0.86991293 0.56013319 0.00098451
0.87118424 0.56031209 0.00097664
0.87245554 0.56048555 0.00096982
0.87374163 0.56065826 0.00096445
0.87501293 0.56083532 0.00096039
0.87628424 0.56102138 0.00095747
0.87757033 0.56122066 0.00095562
0.87884163 0.56143650 0.00095487
0.88011294 0.56167073 0.00095549
0.88138424 0.56192368 0.00095789
0.88267033 0.56219429 0.00096266
0.88394164 0.56248056 0.00097038
0.88521294 0.56277992 0.00098142
0.88649903 0.56308925 0.00099585
0.88777034 0.56340501 0.00101313
0.88904164 0.56372342 0.00103211
0.89032773 0.56404141 0.00105178
0.89159904 0.56435720 0.00107187
0.89287034 0.56466903 0.00109216
0.89415643 0.56497479 0.00111219
0.89542774 0.56527271 0.00113152
0.89669904 0.56556243 0.00115009
0.89797035 0.56584466 0.00116803
0.89925643 0.56612054 0.00118564
0.90052774 0.56639209 0.00120348
0.90179905 0.56666096 0.00122169
0.90308513 0.56692870 0.00124065
0.90435644 0.56719726 0.00126092
0.90562774 0.56746856 0.00128306
0.90691383 0.56774439 0.00130768
0.90818514 0.56802632 0.00133532
0.90945644 0.56831516 0.00136624
0.91072775 0.56861077 0.00140035
0.91201384 0.56891175 0.00143700
0.91328514 0.56921468 0.00147446
0.91455645 0.56951619 0.00151134
0.91582775 0.56981285 0.00154629
0.91711384 0.57010107 0.00157786
0.91838515 0.57037758 0.00160481
0.91965645 0.57064003 0.00162630
0.92094254 0.57088708 0.00164187
0.92221385 0.57111917 0.00165172
0.92348515 0.57134070 0.00165803
0.92475646 0.57155693 0.00166321
0.92604254 0.57177250 0.00166931
0.92731385 0.57199049 0.00167759
0.92858516 0.57221176 0.00168809
0.92985646 0.57243647 0.00170053
0.93114255 0.57266456 0.00171457
0.93241385 0.57289614 0.00173004
0.93368516 0.57313048 0.00174614
0.93495647 0.57336626 0.00176190
0.93624255 0.57360173 0.00177606
0.93751386 0.57383412 0.00178704
0.93878516 0.57406035 0.00179405
0.94005647 0.57427596 0.00179533
0.94134256 0.57447857 0.00179030
0.94261386 0.57467082 0.00178111
0.94388517 0.57485743 0.00177047
0.94515647 0.57504294 0.00176070
0.94644256 0.57523000 0.00175293
0.94771387 0.57542080 0.00174807
0.94898517 0.57561779 0.00174719
0.95025648 0.57582279 0.00175103
0.95154257 0.57603780 0.00176057
0.95281387 0.57626417 0.00177648
0.95408518 0.57650288 0.00179943
0.95535648 0.57675269 0.00182871
0.95664257 0.57700735 0.00186053
0.95791388 0.57725863 0.00189040
0.95918518 0.57749855 0.00191410
0.96045649 0.57772337 0.00192987
0.96174258 0.57793465 0.00193906
0.96301388 0.57813585 0.00194379
0.96428519 0.57833087 0.00194604
0.96555649 0.57852257 0.00194735
0.96682780 0.57871404 0.00194951
0.96811389 0.57890873 0.00195441
0.96938519 0.57910931 0.00196354
0.97065650 0.57931757 0.00197776
0.97192780 0.57953429 0.00199745
0.97321389 0.57975935 0.00202242
0.97448520 0.57999206 0.00205227
0.97575650 0.58023112 0.00208625
0.97702781 0.58047377 0.00212283
0.97829911 0.58071708 0.00216044
0.97958520 0.58095797 0.00219748
0.98085651 0.58119400 0.00223274
0.98212781 0.58142411 0.00226575
0.98339912 0.58164820 0.00229653
0.98468520 0.58186748 0.00232581
0.98595651 0.58208313 0.00235423
0.98722781 0.58229647 0.00238241
0.98849912 0.58250914 0.00241121
0.98977043 0.58272270 0.00244141
0.99105651 0.58293856 0.00247373
0.99232782 0.58315758 0.00250852
0.99359912 0.58338014 0.00254585
0.99487043 0.58360648 0.00258574
0.99614174 0.58383725 0.00262848
0.99742782 0.58407356 0.00267477
0.99869913 0.58431639 0.00272524
0.99997043 0.58456583 0.00277996
1.00124174 0.58482071 0.00283824
1.00251305 0.58507931 0.00289904
1.00378435 0.58533994 0.00296138
1.00507044 0.58560137 0.00302460
1.00634174 0.58586301 0.00308842
1.00761305 0.58612458 0.00315272
1.00888436 0.58638587 0.00321741
1.01015566 0.58664669 0.00328238
1.01144175 0.58690674 0.00334745
1.01271305 0.58716564 0.00341235
1.01398436 0.58742291 0.00347678
1.01525567 0.58767804 0.00354037
1.01652697 0.58793037 0.00360271
1.01779828 0.58817918 0.00366328
1.01908436 0.58842380 0.00372165
1.02035567 0.58866419 0.00377777
1.02162698 0.58890135 0.00383233
1.02289828 0.58913735 0.00388673
1.02416959 0.58937468 0.00394264
1.02545567 0.58961545 0.00400148
1.02672698 0.58986057 0.00406390
1.02799829 0.59010947 0.00412960
1.02926959 0.59036094 0.00419798
1.03054090 0.59061353 0.00426839
1.03181220 0.59086568 0.00434036
1.03309829 0.59111562 0.00441349
1.03436960 0.59136141 0.00448707
1.03564090 0.59160133 0.00456019
1.03691221 0.59183467 0.00463191
1.03818351 0.59206184 0.00470141
1.03945482 0.59228366 0.00476777
1.04072612 0.59250106 0.00483026
1.04201221 0.59271487 0.00488829
1.04328352 0.59292570 0.00494141
1.04455482 0.59313415 0.00498946
1.04582613 0.59334110 0.00503269
1.04709743 0.59354790 0.00507175
1.04836874 0.59375592 0.00510743
1.04965483 0.59396630 0.00514037
1.05092613 0.59417973 0.00517100
1.05219744 0.59439628 0.00519931
1.05346874 0.59461540 0.00522496
1.05474005 0.59483549 0.00524710
1.05601135 0.59505447 0.00526483
1.05728266 0.59526978 0.00527706
1.05856875 0.59547867 0.00528275
1.05984005 0.59567852 0.00528105
1.06111136 0.59586772 0.00527188
1.06238266 0.59604669 0.00525674
1.06365397 0.59621597 0.00523720
1.06492527 0.59637592 0.00521466
1.06619658 0.59652707 0.00519042
1.06746788 0.59667028 0.00516567
1.06875397 0.59680748 0.00514189
1.07002528 0.59694111 0.00512061
1.07129658 0.59707376 0.00510331
1.07256789 0.59720762 0.00509119
1.07383919 0.59734451 0.00508527
1.07511050 0.59748569 0.00508614
1.07638181 0.59763179 0.00509403
1.07766789 0.59778178 0.00510808
1.07893920 0.59793165 0.00512541
1.08021050 0.59807613 0.00514243
1.08148181 0.59821121 0.00515655
1.08275312 0.59833608 0.00516745
1.08402442 0.59845231 0.00517649
1.08529573 0.59856185 0.00518531
1.08656703 0.59866565 0.00519484
1.08783834 0.59876417 0.00520570
1.08912443 0.59885810 0.00521860
1.09039573 0.59894797 0.00523417
1.09166704 0.59903435 0.00525300
1.09293834 0.59911758 0.00527556
1.09420965 0.59919797 0.00530216
1.09548095 0.59927571 0.00533295
1.09675226 0.59935121 0.00536822
1.09802356 0.59942520 0.00540798
1.09930965 0.59949846 0.00545196
1.10058096 0.59957178 0.00549974
1.10185226 0.59964592 0.00555066
1.10312357 0.59972145 0.00560380
1.10439487 0.59979905 0.00565827
1.10566618 0.59987947 0.00571315
1.10693748 0.59996336 0.00576746
1.10820879 0.60005131 0.00582023
1.10948010 0.60014375 0.00587036
1.11075140 0.60024090 0.00591670
1.11203749 0.60034283 0.00595807
1.11330879 0.60044943 0.00599317
1.11458010 0.60056052 0.00602072
1.11585141 0.60067616 0.00603971
1.11712271 0.60079604 0.00604888
1.11839402 0.60092029 0.00604727
1.11966532 0.60105022 0.00603471
1.12093663 0.60118839 0.00601175
1.12220793 0.60133985 0.00598026
1.12347924 0.60151100 0.00594295
1.12475054 0.60170627 0.00590193
1.12603663 0.60192444 0.00585814
1.12730794 0.60215912 0.00581166
1.12857924 0.60240110 0.00576278
1.12985055 0.60264063 0.00571218
1.13112185 0.60286769 0.00566087
1.13239316 0.60307044 0.00561020
1.13366446 0.60323950 0.00556054
1.13493577 0.60337076 0.00551075
1.13620707 0.60346317 0.00545796
1.13747838 0.60352641 0.00539521
1.13874969 0.60357398 0.00531689
1.14002099 0.60362577 0.00522177
1.14130708 0.60369839 0.00511238
1.14257838 0.60379759 0.00499191
1.14384969 0.60392918 0.00486181
1.14512100 0.60409525 0.00472409
1.14639230 0.60429059 0.00458167
1.14766361 0.60450321 0.00443521
1.14893491 0.60472711 0.00428442
1.15020622 0.60497056 0.00412735
1.15147752 0.60524616 0.00396092
1.15274883 0.60556126 0.00378539
1.15402013 0.60592214 0.00359946
1.15529144 0.60627175 0.00341876
1.15656274 0.60660893 0.00323261
1.15783405 0.60695362 0.00304139
1.15912014 0.60730535 0.00284539
1.16039144 0.60766359 0.00264494
1.16166275 0.60802782 0.00244039
1.16293405 0.60839745 0.00223215
1.16420536 0.60877188 0.00202070
1.16547667 0.60915048 0.00180660
1.16674797 0.60953261 0.00159057
1.16801928 0.60991757 0.00137361
1.16929058 0.61030467 0.00115719
1.17056189 0.61069318 0.00094386
1.17183319 0.61108234 0.00073863
1.17310450 0.61147141 0.00055314
1.17437580 0.61185959 0.00041724
1.17564711 0.61224609 0.00038892
1.17691841 0.61263008 0.00048785
1.17818972 0.61301075 0.00065883
1.17946103 0.61338726 0.00085926
1.18074711 0.61375877 0.00107189
1.18201842 0.61412443 0.00128964
1.18328972 0.61448338 0.00150911
1.18456103 0.61483478 0.00172840
1.18583234 0.61517776 0.00194622
1.18710364 0.61551147 0.00216164
1.18837495 0.61583508 0.00237391
1.18964625 0.61614774 0.00258235
1.19091756 0.61644862 0.00278638
1.19218886 0.61673692 0.00298544
1.19346017 0.61701185 0.00317900
1.19473147 0.61727261 0.00336654
1.19600278 0.61751846 0.00354759
1.19727408 0.61774867 0.00372167
1.19854539 0.61796254 0.00388831
1.19981670 0.61815939 0.00404707
1.20108800 0.61833859 0.00419751
1.20235931 0.61849955 0.00433921
1.20363061 0.61864171 0.00447176
1.20490192 0.61876456 0.00459477
1.20617322 0.61886763 0.00470787
1.20744453 0.61895052 0.00481068
1.20873062 0.61901287 0.00490288
1.21000192 0.61905438 0.00498414
1.21127323 0.61907483 0.00505415
1.21254453 0.61907404 0.00511264
1.21381584 0.61905193 0.00515935
1.21508714 0.61900847 0.00519405
1.21635845 0.61894373 0.00521653
1.21762975 0.61885785 0.00522662
1.21890106 0.61875107 0.00522416
1.22017237 0.61862370 0.00520904
1.22144367 0.61847618 0.00518118
1.22271498 0.61830902 0.00514053
1.22398628 0.61812285 0.00508705
1.22525759 0.61791842 0.00502079
1.22652889 0.61769657 0.00494180
1.22780020 0.61745829 0.00485017
1.22907150 0.61720467 0.00474606
1.23034281 0.61693694 0.00462965
1.23161411 0.61665648 0.00450116
1.23288542 0.61636478 0.00436090
1.23415673 0.61606349 0.00420917
1.23542803 0.61575443 0.00404636
1.23669934 0.61543954 0.00387292
1.23797064 0.61512094 0.00368932
1.23924195 0.61480093 0.00349613
1.24051325 0.61448195 0.00329395
1.24178456 0.61416666 0.00308347
1.24305586 0.61385786 0.00286544
1.24432717 0.61355858 0.00264070
1.24559847 0.61327201 0.00241019
1.24686978 0.61300157 0.00217496
1.24814109 0.61275087 0.00193626
1.24941239 0.61252374 0.00169553
1.25068370 0.61232424 0.00145466
1.25195500 0.61215663 0.00121624
1.25322631 0.61202543 0.00098436
1.25449761 0.61193539 0.00076660
1.25576892 0.61189149 0.00057929
1.25704022 0.61189899 0.00045903
1.25831153 0.61196339 0.00045701
1.25958283 0.61209046 0.00056897
1.26085414 0.61228624 0.00073968
1.26212545 0.61255705 0.00093232
1.26339675 0.61290950 0.00113091
1.26466806 0.61335049 0.00132840
1.26593936 0.61388722 0.00152138
1.26721067 0.61452719 0.00170821
1.26848197 0.61527824 0.00188838
1.26975328 0.61614850 0.00206224
1.27102458 0.61714644 0.00223107
1.27229589 0.61828089 0.00239709
1.27356719 0.61956098 0.00256360
1.27483850 0.62099624 0.00273510
1.27610981 0.62259651 0.00291737
1.27738111 0.62437205 0.00311745
1.27865242 0.62633346 0.00334355
1.27992372 0.62849173 0.00360475
1.28119503 0.63085824 0.00391061
-0.96316762 0.62473220 0.00338248
-0.96189631 0.62260791 0.00377821
-0.96062353 0.62170215 0.00379723
-0.95934927 0.62117085 0.00378764
-0.95807353 0.62057311 0.00368303
-0.95679779 0.61947887 0.00330817
-0.95551909 0.61741107 0.00249108
-0.95423744 0.61319548 0.00258508
-0.95295431 0.60276791 0.00729021
-0.95167118 0.58963977 0.01114603
-0.95038804 0.58928859 0.01084994
-0.94910048 0.60306305 0.00914559
-0.94781143 0.61667797 0.00794962
-0.94651943 0.62545808 0.00716609
-0.94522743 0.63164655 0.00666167
-0.94393247 0.63645062 0.00624252
-0.94263604 0.64084949 0.00590826
-0.94133960 0.64506870 0.00560332
-0.94004021 0.64920226 0.00532278
-0.93873934 0.65315277 0.00507487
-0.93743699 0.65687638 0.00485608
-0.93613316 0.66038011 0.00466084
-0.93482786 0.66369695 0.00448417
-0.93351959 0.66684768 0.00432331
-0.93221133 0.66985446 0.00417548
-0.93090011 0.67273446 0.00403903
-0.92958890 0.67550237 0.00391175
-0.92827472 0.67817379 0.00379501
-0.92695907 0.68075390 0.00368242
-0.92564341 0.68325876 0.00357905
-0.92432480 0.68569040 0.00347946
-0.92300472 0.68805876 0.00338546
-0.92168315 0.69036836 0.00329982
-0.92036010 0.69262147 0.00321407
-0.91903410 0.69482034 0.00313119
-0.91770810 0.69696723 0.00304826
-0.91638062 0.69905537 0.00297367
-0.91505167 0.70108475 0.00290192
-0.91371975 0.70306893 0.00283301
-0.91238784 0.70501921 0.00276967
-0.91105297 0.70694463 0.00270920
-0.90971810 0.70884972 0.00264581
-0.90838027 0.71073446 0.00258796
-0.90704096 0.71260339 0.00253282
-0.90570166 0.71444972 0.00247787
-0.90435940 0.71628023 0.00242562
-0.90301565 0.71809492 0.00237606
-0.90167044 0.71989153 0.00232633
-0.90032374 0.72167458 0.00227966
-0.89897556 0.72344633 0.00223281
-0.89762591 0.72520226 0.00218618
-0.89627478 0.72694689 0.00214488
-0.89492217 0.72868023 0.00210094
-0.89356808 0.73040452 0.00205966
-0.89221251 0.73211751 0.00202127
-0.89085547 0.73381695 0.00198291
-0.88949695 0.73551186 0.00194429
-0.88813547 0.73719322 0.00190568
-0.88677399 0.73887006 0.00186998
-0.88541103 0.74053785 0.00183457
-0.88404659 0.74219887 0.00180151
-0.88267920 0.74385085 0.00176553
-0.88131181 0.74549605 0.00173279
-0.87994294 0.74713672 0.00169974
-0.87857259 0.74877288 0.00166961
-0.87719928 0.75039548 0.00163950
-0.87582598 0.75201808 0.00160941
-0.87445120 0.75363616 0.00157897
-0.87307345 0.75524520 0.00154889
-0.87169571 0.75685198 0.00152140
-0.87031650 0.75845198 0.00149391
-0.86893580 0.76004746 0.00146937
-0.86755215 0.76164068 0.00144190
-0.86616849 0.76322712 0.00141443
-0.86478336 0.76480904 0.00138993
-0.86339675 0.76638870 0.00136797
-0.86200866 0.76796384 0.00134349
-0.86061762 0.76953446 0.00131860
-0.85922657 0.77110282 0.00129414
-0.85783405 0.77266893 0.00127222
-0.85644005 0.77422825 0.00125031
-0.85504457 0.77578757 0.00122840
-0.85364761 0.77734463 0.00120699
-0.85224918 0.77889718 0.00118511
-0.85084926 0.78044746 0.00116572
-0.84944787 0.78199322 0.00114386
-0.84804648 0.78354124 0.00112499
-0.84664213 0.78508475 0.00110562
-0.84523630 0.78662599 0.00108678
-0.84382899 0.78816497 0.00107042
-0.84242169 0.78970395 0.00105406
-0.84101143 0.79124520 0.00103527
-0.83960116 0.79278418 0.00101894
-0.83818795 0.79432090 0.00100504
-0.83677473 0.79585989 0.00098872
-0.83536003 0.79739887 0.00097241
-0.83394238 0.79893559 0.00095852
-0.83252472 0.80047684 0.00094524
-0.83110559 0.80201582 0.00093074
-0.82968498 0.80355706 0.00091748
-0.82826289 0.80509831 0.00090599
-0.82684081 0.80663729 0.00089514
-0.82541576 0.80817175 0.00088365
-0.82398924 0.80970621 0.00087217
-0.82256272 0.81123616 0.00085829
-0.82113324 0.81276158 0.00084921
-0.81970376 0.81427571 0.00083773
-0.81827280 0.81578305 0.00082625
-0.81684036 0.81728362 0.00081477
-0.81540645 0.81876836 0.00080027
-0.81397106 0.82023729 0.00079182
-0.81253418 0.82169718 0.00078035
-0.81109584 0.82313446 0.00076586
-0.80965749 0.82455819 0.00075498
-0.80821618 0.82595932 0.00074292
-0.80677488 0.82734011 0.00072902
-0.80533209 0.82870282 0.00071814
-0.80388783 0.83004746 0.00070123
-0.80244209 0.83136949 0.00069035
-0.80099487 0.83267797 0.00067948
-0.79954765 0.83396836 0.00066621
-0.79809748 0.83524294 0.00065536
-0.79664730 0.83650621 0.00064213
-0.79519565 0.83775819 0.00062826
-0.79374252 0.83900339 0.00061813
-0.79228791 0.84023729 0.00060733
-0.79083182 0.84147119 0.00059653
-0.78937573 0.84269831 0.00058418
-0.78791669 0.84392542 0.00057343
-0.78645764 0.84515028 0.00056885
-0.78499712 0.84637740 0.00055814
-0.78353512 0.84760678 0.00055053
-0.78207164 0.84884294 0.00054295
-0.78060816 0.85008362 0.00053762
-0.77914320 0.85132655 0.00053007
-0.77767528 0.85258079 0.00052475
-0.77620885 0.85384181 0.00051944
-0.77473946 0.85510960 0.00051544
-0.77326859 0.85637740 0.00051012
-0.77179771 0.85764972 0.00050702
-0.77032537 0.85891977 0.00050082
-0.76885154 0.86018983 0.00049995
-0.76737623 0.86145311 0.00049376
-0.76590093 0.86270960 0.00048758
-0.76442266 0.86395706 0.00048367
-0.76294440 0.86519548 0.00048059
-0.76146466 0.86642034 0.00047364
-0.75998492 0.86762712 0.00046981
-0.75850222 0.86881808 0.00046674
-0.75701953 0.86999096 0.00045756
-0.75553535 0.87114350 0.00045379
-0.75405118 0.87227345 0.00044534
-0.75256405 0.87338079 0.00043924
-0.75107691 0.87446102 0.00043316
-0.74958830 0.87552316 0.00042470
-0.74809822 0.87655819 0.00041625
-0.74660813 0.87757740 0.00040848
-0.74511656 0.87857401 0.00040308
-0.74362352 0.87955480 0.00039463
-0.74212899 0.88051977 0.00038691
-0.74063447 0.88146893 0.00038153
-0.73913847 0.88240678 0.00037385
-0.73764099 0.88334011 0.00036928
-0.73614351 0.88426441 0.00036168
-0.73464307 0.88518644 0.00035635
-0.73314412 0.88611073 0.00035412
-0.73164220 0.88703051 0.00034971
-0.73014029 0.88795932 0.00034441
-0.72863542 0.88889040 0.00034224
-0.72713202 0.88983277 0.00034224
-0.72562567 0.89078192 0.00033818
-0.72411933 0.89174915 0.00033507
-0.72261150 0.89271186 0.00033107
-0.72110367 0.89365876 0.00032265
-0.71959436 0.89458757 0.00031868
-0.71808358 0.89549605 0.00031335
-0.71657132 0.89638870 0.00031026
-0.71505906 0.89726554 0.00030803
-0.71354532 0.89812881 0.00030183
-0.71203158 0.89898305 0.00029650
-0.71051488 0.89982825 0.00029340
-0.70899966 0.90066441 0.00029118
-0.70748148 0.90149153 0.00028587
-0.70596331 0.90230960 0.00028277
-0.70444366 0.90312316 0.00027746
-0.70292400 0.90392768 0.00027435
-0.70140287 0.90472768 0.00026905
-0.69988026 0.90551864 0.00026594
-0.69835765 0.90630734 0.00026376
-0.69683356 0.90708701 0.00025848
-0.69530800 0.90786215 0.00025634
-0.69378243 0.90863277 0.00025321
-0.69225538 0.90939661 0.00025008
-0.69072834 0.91015593 0.00024482
-0.68919982 0.91091299 0.00024169
-0.68766982 0.91166102 0.00023957
-0.68613981 0.91240452 0.00023644
-0.68460833 0.91314576 0.00023433
-0.68307685 0.91388023 0.00023331
-0.68154390 0.91461017 0.00022911
-0.68001094 0.91533333 0.00022597
-0.67847650 0.91605424 0.00022492
-0.67694059 0.91676836 0.00022283
-0.67540467 0.91747797 0.00021969
-0.67386728 0.91818531 0.00021761
-0.67232841 0.91888362 0.00021341
-0.67078954 0.91957740 0.00021132
-0.66925067 0.92026893 0.00021132
-0.66771032 0.92095141 0.00020818
-0.66616849 0.92163390 0.00020504
-0.66462666 0.92230508 0.00020504
-0.66308484 0.92297401 0.00020190
-0.66154005 0.92363616 0.00019877
-0.65999675 0.92429153 0.00019563
-0.65845049 0.92494237 0.00019563
-0.65690570 0.92558418 0.00019250
-0.65535796 0.92621921 0.00018937
-0.65381022 0.92684972 0.00018937
-0.65226248 0.92746667 0.00018412
-0.65071326 0.92807910 0.00018312
-0.64916404 0.92868475 0.00018099
-0.64761335 0.92927458 0.00017575
-0.64606265 0.92985763 0.00017575
-0.64451047 0.93042712 0.00017053
-0.64295830 0.93098983 0.00017053
-0.64140464 0.93154802 0.00016848
-0.63985099 0.93210395 0.00016848
-0.63829586 0.93266441 0.00016533
-0.63674073 0.93322260 0.00016331
-0.63518412 0.93378305 0.00016533
-0.63362751 0.93433898 0.00016015
-0.63207090 0.93489492 0.00016015
-0.63051133 0.93544407 0.00016015
-0.62895324 0.93599096 0.00015699
-0.62739368 0.93653785 0.00015384
-0.62583411 0.93707797 0.00015588
-0.62427306 0.93761356 0.00015588
-0.62271202 0.93814463 0.00015384
-0.62114950 0.93867119 0.00015069
-0.61958697 0.93919096 0.00014753
-0.61802445 0.93970621 0.00014753
-0.61646045 0.94021695 0.00014646
-0.61489497 0.94072316 0.00014753
-0.61333097 0.94122260 0.00014439
-0.61176401 0.94171751 0.00014439
-0.61019853 0.94220791 0.00014332
-0.60863157 0.94268927 0.00014332
-0.60706461 0.94316836 0.00014019
-0.60549618 0.94363842 0.00013809
-0.60392774 0.94410621 0.00013809
-0.60235783 0.94456497 0.00013495
-0.60078939 0.94502147 0.00013393
-0.59921800 0.94546893 0.00013393
-0.59764808 0.94591412 0.00013080
-0.59607669 0.94635480 0.00013080
-0.59450530 0.94678644 0.00012768
-0.59293243 0.94721582 0.00012554
-0.59135956 0.94763616 0.00012554
-0.58978669 0.94805650 0.00012554
-0.58821234 0.94846780 0.00012241
-0.58663799 0.94887684 0.00012031
-0.58506364 0.94928136 0.00012241
-0.58348781 0.94967910 0.00011928
-0.58191198 0.95007458 0.00011717
-0.58033616 0.95046554 0.00011403
-0.57875885 0.95085198 0.00011403
-0.57718302 0.95123164 0.00011403
-0.57560424 0.95161130 0.00011403
-0.57402693 0.95198644 0.00011195
-0.57244815 0.95235706 0.00010880
-0.57086937 0.95272316 0.00010880
-0.56929058 0.95309153 0.00010677
-0.56771032 0.95345311 0.00010566
-0.56613006 0.95381469 0.00010361
-0.56454980 0.95417175 0.00010566
-0.56296805 0.95452655 0.00010361
-0.56138779 0.95488136 0.00010677
-0.55980605 0.95523616 0.00010479
-0.55822283 0.95558418 0.00010361
-0.55664109 0.95593672 0.00010361
-0.55505787 0.95628927 0.00010361
-0.55347466 0.95664181 0.00010361
-0.55189144 0.95699209 0.00010566
-0.55030822 0.95734463 0.00010566
-0.54872352 0.95769944 0.00010464
-0.54713882 0.95805650 0.00010152
-0.54555413 0.95840904 0.00010152
-0.54396943 0.95875028 0.00010061
-0.54238325 0.95908023 0.00009752
-0.54079708 0.95940113 0.00010061
-0.53921090 0.95971751 0.00009752
-0.53762473 0.96002260 0.00009752
-0.53603855 0.96032542 0.00009443
-0.53445090 0.96062373 0.00009443
-0.53286472 0.96091751 0.00009219
-0.53127707 0.96120678 0.00009443
-0.52968942 0.96149379 0.00009219
-0.52810029 0.96177401 0.00009135
-0.52651263 0.96205424 0.00008909
-0.52492498 0.96233220 0.00008909
-0.52333585 0.96260339 0.00008909
-0.52174671 0.96287458 0.00008909
-0.52015758 0.96314576 0.00008909
-0.51856845 0.96341243 0.00008688
-0.51697932 0.96367684 0.00008688
-0.51538871 0.96393672 0.00008599
-0.51379958 0.96419887 0.00008291
-0.51220897 0.96445650 0.00008291
-0.51061836 0.96471412 0.00008291
-0.50902775 0.96496497 0.00008291
-0.50743714 0.96522034 0.00008377
-0.50584653 0.96546893 0.00008066
-0.50425592 0.96571751 0.00008291
-0.50266383 0.96596610 0.00007984
-0.50107322 0.96621017 0.00007984
-0.49948261 0.96645198 0.00008217
-0.49789052 0.96669153 0.00007984
-0.49629843 0.96692881 0.00007984
-0.49470782 0.96716610 0.00007984
-0.49311573 0.96740339 0.00007984
-0.49152364 0.96763616 0.00007913
-0.48993156 0.96786667 0.00007913
-0.48833947 0.96809040 0.00007913
-0.48674738 0.96831864 0.00007610
-0.48515529 0.96854237 0.00007610
-0.48356320 0.96875932 0.00007610
-0.48196964 0.96897627 0.00007610
-0.48037755 0.96919322 0.00007610
-0.47878546 0.96940339 0.00007610
-0.47719337 0.96961130 0.00007309
-0.47559980 0.96981469 0.00007309
-0.47400772 0.97001356 0.00007260
-0.47241563 0.97020565 0.00007009
-0.47082206 0.97039774 0.00006765
-0.46922997 0.97058305 0.00006712
-0.46763788 0.97076384 0.00006765
-0.46604432 0.97094011 0.00006765
-0.46445223 0.97111412 0.00006463
-0.46286014 0.97129040 0.00006463
-0.46126658 0.97146667 0.00006463
-0.45967449 0.97164294 0.00006463
-0.45808240 0.97181921 0.00006463
-0.45649031 0.97199548 0.00006463
-0.45489822 0.97217175 0.00006463
-0.45330613 0.97234802 0.00006463
-0.45171257 0.97252429 0.00006463
-0.45012048 0.97269605 0.00006222
-0.44852839 0.97286780 0.00006164
-0.44693778 0.97303955 0.00006463
-0.44534569 0.97321130 0.00006222
-0.44375360 0.97337627 0.00006164
-0.44216151 0.97354576 0.00006164
-0.44057090 0.97371073 0.00005919
-0.43897882 0.97387797 0.00006164
-0.43738821 0.97403842 0.00005867
-0.43579612 0.97420113 0.00005867
-0.43420551 0.97435932 0.00006164
-0.43261490 0.97451977 0.00005867
-0.43102429 0.97467571 0.00005867
-0.42943368 0.97483164 0.00005867
-0.42784307 0.97498531 0.00005572
-0.42625394 0.97513672 0.00005867
-0.42466333 0.97528588 0.00005867
-0.42307419 0.97543503 0.00005867
-0.42148358 0.97558192 0.00005572
-0.41989445 0.97573107 0.00005572
-0.41830532 0.97587345 0.00005572
-0.41671619 0.97601582 0.00005572
-0.41512853 0.97615593 0.00005281
-0.41353940 0.97629605 0.00005545
-0.41195175 0.97643390 0.00005281
-0.41036262 0.97656949 0.00005281
-0.40877496 0.97670508 0.00005281
-0.40718731 0.97683616 0.00005261
-0.40560114 0.97696949 0.00005281
-0.40401348 0.97709831 0.00005281
-0.40242731 0.97722712 0.00005281
-0.40084113 0.97735367 0.00004992
-0.39925496 0.97748249 0.00004992
-0.39766878 0.97760452 0.00004992
-0.39608261 0.97772655 0.00004992
-0.39449791 0.97784859 0.00004992
-0.39291321 0.97796836 0.00004708
-0.39132851 0.97808588 0.00004992
-0.38974382 0.97820565 0.00004708
-0.38816060 0.97832090 0.00004708
-0.38657738 0.97843616 0.00004708
-0.38499416 0.97854915 0.00004428
-0.38341094 0.97865989 0.00004708
-0.38182920 0.97877062 0.00004440
-0.38024598 0.97888136 0.00004428
-0.37866424 0.97898983 0.00004428
-0.37708398 0.97909605 0.00004440
-0.37550224 0.97920226 0.00004155
-0.37392198 0.97930395 0.00004155
-0.37234172 0.97941243 0.00004155
-0.37076145 0.97951412 0.00004155
-0.36918267 0.97961582 0.00004155
-0.36760388 0.97971751 0.00004155
-0.36602510 0.97981695 0.00003875
-0.36444780 0.97991638 0.00003888
-0.36286901 0.98001808 0.00003888
-0.36129171 0.98011525 0.00003875
-0.35971588 0.98021469 0.00003888
-0.35814005 0.98031412 0.00003602
-0.35656422 0.98041130 0.00003888
-0.35498840 0.98050847 0.00003630
-0.35341405 0.98060339 0.00003630
-0.35183970 0.98070056 0.00003602
-0.35026535 0.98079322 0.00003630
-0.34869248 0.98088588 0.00003337
-0.34711961 0.98098079 0.00003337
-0.34554674 0.98107119 0.00003630
-0.34397534 0.98116384 0.00003337
-0.34240395 0.98125198 0.00003337
-0.34083256 0.98134237 0.00003082
-0.33926264 0.98143277 0.00003049
-0.33769273 0.98152090 0.00003049
-0.33612429 0.98160678 0.00003082
-0.33455586 0.98169492 0.00003082
-0.33298742 0.98178079 0.00002786
-0.33142046 0.98186441 0.00003082
-0.32985350 0.98195028 0.00002786
-0.32828655 0.98203164 0.00002786
-0.32672107 0.98211299 0.00002786
-0.32515559 0.98219661 0.00002537
-0.32359159 0.98227797 0.00002537
-0.32202758 0.98235706 0.00002616
-0.32046358 0.98243390 0.00002537
-0.31890106 0.98251299 0.00002616
-0.31734002 0.98259209 0.00002305
-0.31577749 0.98266667 0.00002305
-0.31421793 0.98274124 0.00002305
-0.31265688 0.98281582 0.00002305
-0.31109731 0.98289040 0.00002305
-0.30953923 0.98296045 0.00002096
-0.30798114 0.98303503 0.00002096
-0.30642305 0.98310282 0.00002096
-0.30486644 0.98317288 0.00001918
-0.30330983 0.98324294 0.00002237
-0.30175470 0.98331073 0.00002237
-0.30019957 0.98338305 0.00001918
-0.29864591 0.98345537 0.00002096
-0.29709226 0.98352994 0.00002096
-0.29554008 0.98360452 0.00002096
-0.29398791 0.98368136 0.00001918
-0.29243721 0.98376045 0.00002096
-0.29088651 0.98383729 0.00001918
-0.28933730 0.98391638 0.00002096
-0.28778808 0.98399774 0.00002096
-0.28623886 0.98407684 0.00001779
-0.28469112 0.98415593 0.00001996
-0.28314485 0.98423729 0.00001996
-0.28159859 0.98431638 0.00002096
-0.28005381 0.98439774 0.00002096
-0.27850902 0.98447910 0.00002096
-0.27696572 0.98456045 0.00002096
-0.27542241 0.98464407 0.00001996
-0.27388059 0.98472542 0.00001996
-0.27234024 0.98480678 0.00001996
-0.27079989 0.98488814 0.00001996
-0.26925954 0.98496949 0.00001996
-0.26772067 0.98505085 0.00001996
-0.26618327 0.98513220 0.00001996
-0.26464588 0.98521356 0.00001996
-0.26310997 0.98529492 0.00001996
-0.26157405 0.98537853 0.00001779
-0.26003962 0.98545989 0.00001779
-0.25850518 0.98554124 0.00001779
-0.25697222 0.98562260 0.00001779
-0.25544074 0.98570621 0.00001691
-0.25390926 0.98578757 0.00001691
-0.25237926 0.98587345 0.00001779
-0.25084926 0.98595480 0.00001779
-0.24932074 0.98603616 0.00001779
-0.24779369 0.98612429 0.00001779
-0.24626665 0.98620791 0.00001598
-0.24474108 0.98629379 0.00001779
-0.24321552 0.98637966 0.00001918
-0.24169143 0.98646780 0.00001918
-0.24016882 0.98655593 0.00001918
-0.23864621 0.98664407 0.00001918
-0.23712508 0.98673446 0.00001779
-0.23560542 0.98682034 0.00001465
-0.23408577 0.98689944 0.00001691
-0.23256759 0.98697175 0.00001393
-0.23104942 0.98703955 0.00001393
-0.22953272 0.98710734 0.00001393
-0.22801750 0.98716836 0.00001393
-0.22650376 0.98722938 0.00001393
-0.22499002 0.98729040 0.00001393
-0.22347628 0.98735141 0.00001393
-0.22196550 0.98741017 0.00001661
-0.22045471 0.98746667 0.00001393
-0.21894541 0.98752768 0.00001393
-0.21743610 0.98758644 0.00001661
-0.21592827 0.98764520 0.00001393
-0.21442193 0.98770621 0.00001393
-0.21291705 0.98776497 0.00001393
-0.21141218 0.98782599 0.00001393
-0.20990879 0.98788701 0.00001393
-0.20840540 0.98795028 0.00001393
-0.20690496 0.98801130 0.00001393
-0.20540453 0.98807232 0.00001393
-0.20390557 0.98813333 0.00001393
-0.20240661 0.98819435 0.00001393
-0.20090913 0.98826215 0.00001393
-0.19941313 0.98832316 0.00001393
-0.19791861 0.98839096 0.00001393
-0.19642408 0.98845424 0.00001465
-0.19493104 0.98851977 0.00001393
-0.19343947 0.98858757 0.00001393
-0.19194791 0.98865537 0.00001393
-0.19045930 0.98872316 0.00001393
-0.18897069 0.98879096 0.00001393
-0.18748355 0.98885876 0.00001393
-0.18599642 0.98892429 0.00001152
-0.18451077 0.98898983 0.00001465
-0.18302659 0.98905763 0.00001465
-0.18154390 0.98912316 0.00001393
-0.18006268 0.98918870 0.00001152
-0.17858146 0.98925424 0.00001465
-0.17710172 0.98931751 0.00001152
-0.17562346 0.98938305 0.00001465
-0.17414667 0.98944633 0.00001152
-0.17266989 0.98951186 0.00001465
-0.17119606 0.98957514 0.00001152
-0.16972223 0.98963842 0.00001278
-0.16824841 0.98970169 0.00001465
-0.16677754 0.98976723 0.00001278
-0.16530667 0.98982825 0.00001278
-0.16383875 0.98989153 0.00001465
-0.16237084 0.98995706 0.00001278
-0.16090440 0.99001808 0.00001278
-0.15943796 0.99007910 0.00001278
-0.15797449 0.99014463 0.00001598
-0.15651101 0.99020791 0.00001278
-0.15504900 0.99026893 0.00001278
-0.15358848 0.99033220 0.00001465
-0.15212944 0.99039774 0.00001278
-0.15067039 0.99045876 0.00001278
-0.14921430 0.99052203 0.00001465
-0.14775822 0.99058531 0.00001598
-0.14630375 0.99064859 0.00001278
-0.14485062 0.99071186 0.00001465
-0.14339867 0.99077740 0.00001278
-0.14194791 0.99084068 0.00001465
-0.14049847 0.99090169 0.00001465
-0.13905022 0.99096949 0.00001465
-0.13760344 0.99103051 0.00001465
-0.13615770 0.99109831 0.00001465
-0.13471344 0.99116158 0.00001152
-0.13327021 0.99122712 0.00001465
-0.13182846 0.99129492 0.00001465
-0.13038804 0.99136045 0.00001393
-0.12894881 0.99142373 0.00001465
-0.12751090 0.99149153 0.00001465
-0.12607433 0.99155932 0.00001465
-0.12463893 0.99162712 0.00001465
-0.12320502 0.99169492 0.00001465
-0.12177229 0.99176271 0.00001465
-0.12034104 0.99183503 0.00001393
-0.11891096 0.99190508 0.00001465
-0.11748222 0.99197288 0.00001465
-0.11605496 0.99204520 0.00001393
-0.11462888 0.99211751 0.00001152
-0.11320413 0.99218983 0.00001465
-0.11178086 0.99226215 0.00001393
-0.11035892 0.99233672 0.00001393
-0.10893816 0.99240904 0.00001152
-0.10751888 0.99248136 0.00001465
-0.10610108 0.99255367 0.00001393
-0.10468446 0.99262599 0.00001152
-0.10326932 0.99269605 0.00001393
-0.10185551 0.99277062 0.00001393
-0.10044304 0.99284068 0.00001465
-0.09903203 0.99291299 0.00001393
-0.09762236 0.99298531 0.00001152
-0.09621417 0.99305763 0.00001465
-0.09480731 0.99312994 0.00001393
-0.09340178 0.99320452 0.00001393
-0.09199772 0.99327910 0.00001393
-0.09059500 0.99335367 0.00001393
-0.08919376 0.99342825 0.00001393
-0.08779384 0.99350282 0.00001393
-0.08639541 0.99357740 0.00001393
-0.08499845 0.99365198 0.00001393
-0.08360282 0.99372881 0.00001107
-0.08220867 0.99380565 0.00001152
-0.08081600 0.99388249 0.00001393
-0.07942466 0.99395706 0.00001393
-0.07803480 0.99403390 0.00001107
-0.07664641 0.99411073 0.00001152
-0.07525951 0.99418757 0.00001393
-0.07387393 0.99426441 0.00001107
-0.07248984 0.99434124 0.00001152
-0.07110722 0.99441808 0.00001393
-0.06972608 0.99449492 0.00001107
-0.06834642 0.99456949 0.00001107
-0.06696823 0.99464181 0.00001393
-0.06559138 0.99471412 0.00001393
-0.06421615 0.99477740 0.00001393
-0.06284240 0.99484068 0.00001107
-0.06146998 0.99490169 0.00001107
-0.06009919 0.99496271 0.00001107
-0.05872988 0.99502599 0.00001393
-0.05736204 0.99508701 0.00001393
-0.05599568 0.99514802 0.00001393
-0.05463080 0.99521582 0.00001393
-0.05326740 0.99527910 0.00001691
-0.05190548 0.99534463 0.00001393
-0.05054518 0.99541469 0.00001691
-0.04918636 0.99548701 0.00001393
-0.04782902 0.99556384 0.00001691
-0.04647316 0.99566328 0.00001393
-0.04511893 0.99579435 0.00001691
-0.04376617 0.99595706 0.00001691
-0.04241504 0.99612881 0.00001996
-0.04106524 0.99629605 0.00001691
-0.03971706 0.99645650 0.00001779
-0.03837051 0.99661469 0.00001691
-0.03702529 0.99677062 0.00001691
-0.03568185 0.99692881 0.00001465
-0.03433973 0.99708701 0.00001779
-0.03299939 0.99724972 0.00001779
-0.03166038 0.99741921 0.00001779
-0.03032315 0.99760000 0.00001996
-0.02898739 0.99780113 0.00002096
-0.02765326 0.99806102 0.00002413
-0.02632105 0.99836158 0.00002731
-0.02499002 0.99867345 0.00002731
-0.02366047 0.99895819 0.00002731
-0.02233255 0.99920678 0.00002413
-0.02100625 0.99941921 0.00002237
-0.01968143 0.99959548 0.00002237
-0.01835824 0.99973785 0.00001779
-0.01703653 0.99984859 0.00001598
-0.01571644 0.99992768 0.00001278
-0.01439801 0.99998192 0.00001278
-0.01308110 1.00001356 0.00000959
-0.01176578 1.00002034 0.00000959
-0.01045207 1.00000678 0.00000959
-0.00913993 0.99997288 0.00000959
-0.00782941 0.99991186 0.00000959
-0.00652048 0.99983277 0.00001278
-0.00521317 0.99971977 0.00001598
-0.00390746 0.99958644 0.00001918
-0.00260335 0.99938305 0.00001918
-0.00130087 0.99915932 0.00003367
-0.00000000 0.99870960 0.00001598
