# s/c   P_w_mean    P_w_std
0.00000000 0.99992178 0.00002333
0.00130087 0.99953276 0.00001795
0.00260174 0.99913283 0.00001341
0.00390261 0.99872296 0.00000975
0.00520348 0.99830412 0.00000714
0.00650435 0.99787715 0.00000586
0.00780522 0.99744286 0.00000598
0.00910609 0.99700201 0.00000697
0.01040697 0.99655526 0.00000825
0.01170784 0.99610323 0.00000955
0.01300871 0.99564650 0.00001079
0.01430958 0.99518557 0.00001197
0.01561045 0.99472091 0.00001309
0.01691132 0.99425290 0.00001418
0.01821219 0.99378192 0.00001527
0.01951306 0.99330827 0.00001639
0.02081393 0.99283221 0.00001754
0.02211480 0.99235396 0.00001874
0.02341567 0.99187370 0.00001999
0.02470176 0.99139156 0.00002129
0.02600263 0.99090764 0.00002264
0.02730350 0.99042200 0.00002403
0.02860437 0.98993465 0.00002544
0.02990524 0.98944560 0.00002686
0.03120611 0.98895480 0.00002829
0.03250698 0.98846216 0.00002970
0.03380786 0.98796760 0.00003109
0.03510873 0.98747096 0.00003245
0.03640960 0.98697211 0.00003377
0.03771047 0.98647084 0.00003504
0.03901134 0.98596696 0.00003624
0.04029743 0.98546023 0.00003738
0.04159830 0.98495041 0.00003845
0.04289917 0.98443721 0.00003945
0.04420004 0.98392036 0.00004036
0.04550091 0.98339954 0.00004119
0.04680178 0.98287443 0.00004194
0.04810265 0.98234470 0.00004260
0.04940352 0.98180999 0.00004318
0.05068961 0.98126995 0.00004368
0.05199048 0.98072420 0.00004410
0.05329135 0.98017236 0.00004444
0.05459222 0.97961403 0.00004471
0.05589309 0.97904881 0.00004491
0.05719396 0.97847631 0.00004504
0.05849483 0.97789611 0.00004511
0.05978092 0.97730778 0.00004513
0.06108179 0.97671092 0.00004511
0.06238266 0.97610510 0.00004505
0.06368353 0.97548990 0.00004495
0.06498440 0.97486489 0.00004483
0.06628528 0.97422965 0.00004469
0.06757136 0.97358375 0.00004455
0.06887223 0.97292677 0.00004441
0.07017310 0.97225830 0.00004427
0.07147398 0.97157792 0.00004416
0.07277485 0.97088522 0.00004407
0.07407572 0.97017979 0.00004402
0.07536180 0.96946123 0.00004401
0.07666268 0.96872915 0.00004406
0.07796355 0.96798317 0.00004416
0.07926442 0.96722289 0.00004433
0.08056529 0.96644796 0.00004458
0.08185138 0.96565801 0.00004490
0.08315225 0.96485269 0.00004530
0.08445312 0.96403165 0.00004580
0.08575399 0.96319457 0.00004638
0.08704008 0.96234112 0.00004707
0.08834095 0.96147099 0.00004784
0.08964182 0.96058389 0.00004872
0.09094269 0.95967954 0.00004970
0.09224356 0.95875765 0.00005078
0.09352965 0.95781797 0.00005197
0.09483052 0.95686026 0.00005325
0.09613139 0.95588428 0.00005464
0.09743226 0.95488982 0.00005614
0.09871835 0.95387666 0.00005774
0.10001922 0.95284463 0.00005944
0.10132009 0.95179354 0.00006125
0.10260618 0.95072325 0.00006317
0.10390705 0.94963359 0.00006519
0.10520792 0.94852445 0.00006732
0.10650879 0.94739571 0.00006955
0.10779488 0.94624727 0.00007189
0.10909575 0.94507906 0.00007434
0.11039662 0.94389099 0.00007690
0.11169749 0.94268302 0.00007956
0.11298358 0.94145512 0.00008233
0.11428445 0.94020726 0.00008521
0.11558532 0.93893943 0.00008820
0.11687141 0.93765166 0.00009129
0.11817228 0.93634396 0.00009448
0.11947315 0.93501637 0.00009778
0.12075924 0.93366895 0.00010118
0.12206011 0.93230176 0.00010468
0.12336098 0.93091491 0.00010827
0.12466185 0.92950847 0.00011196
0.12594794 0.92808257 0.00011574
0.12724881 0.92663733 0.00011960
0.12854968 0.92517290 0.00012355
0.12983577 0.92365834 0.00012756
0.13113664 0.92207864 0.00013567
0.13243751 0.92048954 0.00014251
0.13372359 0.91888974 0.00014819
0.13502447 0.91727558 0.00015293
0.13632534 0.91564880 0.00015718
0.13761142 0.91401142 0.00016086
0.13891229 0.91236152 0.00016426
0.14019838 0.91068593 0.00016809
0.14149925 0.90896442 0.00017289
0.14280012 0.90718650 0.00017814
0.14408621 0.90537158 0.00018487
0.14538708 0.90356126 0.00019535
0.14668795 0.90178082 0.00020564
0.14797404 0.90003312 0.00021241
0.14927491 0.89830814 0.00021647
0.15056100 0.89658371 0.00021823
0.15186187 0.89484500 0.00021860
0.15316274 0.89309960 0.00021903
0.15444883 0.89136319 0.00022019
0.15574970 0.88963425 0.00022071
0.15703579 0.88789643 0.00021976
0.15833666 0.88615341 0.00021789
0.15963753 0.88442092 0.00021576
0.16092362 0.88270448 0.00021360
0.16222449 0.88096663 0.00021006
0.16351058 0.87914675 0.00020530
0.16481145 0.87724886 0.00020251
0.16611232 0.87531317 0.00020688
0.16739841 0.87337263 0.00021905
0.16869928 0.87144897 0.00023143
0.16998537 0.86954524 0.00024105
0.17128624 0.86765979 0.00024834
0.17257232 0.86578992 0.00025295
0.17387319 0.86393172 0.00025566
0.17517407 0.86208106 0.00025669
0.17646015 0.86023329 0.00025636
0.17776102 0.85838416 0.00025493
0.17904711 0.85653068 0.00025262
0.18034798 0.85466966 0.00024957
0.18163407 0.85279781 0.00024606
0.18293494 0.85090821 0.00024251
0.18422103 0.84898826 0.00023924
0.18552190 0.84703010 0.00023575
0.18680799 0.84503979 0.00023249
0.18810886 0.84304354 0.00023143
0.18939495 0.84106657 0.00023063
0.19069582 0.83910934 0.00022828
0.19199669 0.83713159 0.00022464
0.19328278 0.83506876 0.00021741
0.19458365 0.83292057 0.00020983
0.19586974 0.83072448 0.00020937
0.19717061 0.82850040 0.00021658
0.19845669 0.82625956 0.00022576
0.19975757 0.82399418 0.00023387
0.20104365 0.82170412 0.00024083
0.20234452 0.81940889 0.00024562
0.20363061 0.81712484 0.00024702
0.20493148 0.81486285 0.00024587
0.20621757 0.81259201 0.00024438
0.20750366 0.81024768 0.00024142
0.20880453 0.80781377 0.00023780
0.21009062 0.80531437 0.00023747
0.21139149 0.80278130 0.00024373
0.21267758 0.80023489 0.00025324
0.21397845 0.79766828 0.00026202
0.21526454 0.79506606 0.00026997
0.21656541 0.79241918 0.00027746
0.21785149 0.78972419 0.00028528
0.21915236 0.78698474 0.00029413
0.22043845 0.78420908 0.00030439
0.22173932 0.78140725 0.00031535
0.22302541 0.77858754 0.00032648
0.22432628 0.77575288 0.00033765
0.22561237 0.77289410 0.00034887
0.22689846 0.76999319 0.00036010
0.22819933 0.76704478 0.00037190
0.22948542 0.76405788 0.00038597
0.23078629 0.76104667 0.00040287
0.23207238 0.75802321 0.00042167
0.23337325 0.75499542 0.00044109
0.23465933 0.75197117 0.00045908
0.23594542 0.74895993 0.00047507
0.23724629 0.74597042 0.00048964
0.23853238 0.74300387 0.00050282
0.23983325 0.74005280 0.00051470
0.24111934 0.73710514 0.00052549
0.24240543 0.73415083 0.00053582
0.24370630 0.73118812 0.00054625
0.24499239 0.72822546 0.00055697
0.24629326 0.72527504 0.00056828
0.24757935 0.72234707 0.00058002
0.24886543 0.71944928 0.00059113
0.25016630 0.71658302 0.00060127
0.25145239 0.71374503 0.00061034
0.25275326 0.71093217 0.00061838
0.25403935 0.70814283 0.00062592
0.25532544 0.70537772 0.00063318
0.25662631 0.70263879 0.00064005
0.25791240 0.69993074 0.00064637
0.25919849 0.69726286 0.00065284
0.26049936 0.69464297 0.00065895
0.26178545 0.69207442 0.00066371
0.26307153 0.68955245 0.00066695
0.26437240 0.68707052 0.00066939
0.26565849 0.68461642 0.00067111
0.26695936 0.68216602 0.00067174
0.26824545 0.67971064 0.00067082
0.26953154 0.67725712 0.00067038
0.27083241 0.67482765 0.00067352
0.27211850 0.67246297 0.00067803
0.27340459 0.67018242 0.00068243
0.27470546 0.66797919 0.00068593
0.27599154 0.66582722 0.00068643
0.27727763 0.66369517 0.00068478
0.27857850 0.66158070 0.00068161
0.27986459 0.65949407 0.00067800
0.28115068 0.65744754 0.00067737
0.28243677 0.65545179 0.00067713
0.28373764 0.65351450 0.00067391
0.28502373 0.65165240 0.00067234
0.28630981 0.64985994 0.00067327
0.28761068 0.64811701 0.00067101
0.28889677 0.64639748 0.00066440
0.29018286 0.64470473 0.00065746
0.29148373 0.64308565 0.00065138
0.29276982 0.64156525 0.00064554
0.29405591 0.64014211 0.00063828
0.29534200 0.63879701 0.00062791
0.29664287 0.63750164 0.00061464
0.29792895 0.63623847 0.00059889
0.29921504 0.63501264 0.00058249
0.30051591 0.63384490 0.00056709
0.30180200 0.63275943 0.00055232
0.30308809 0.63176719 0.00053698
0.30437418 0.63086120 0.00052027
0.30567505 0.63002092 0.00050122
0.30696114 0.62921580 0.00047979
0.30824722 0.62842572 0.00045769
0.30953331 0.62764734 0.00043698
0.31083418 0.62689272 0.00041794
0.31212027 0.62618706 0.00040070
0.31340636 0.62555155 0.00038489
0.31469245 0.62499020 0.00036668
0.31599332 0.62449560 0.00034335
0.31727941 0.62406574 0.00031549
0.31856549 0.62370407 0.00028440
0.31985158 0.62340094 0.00025146
0.32115245 0.62313327 0.00021772
0.32243854 0.62287438 0.00018456
0.32372463 0.62259825 0.00015162
0.32501072 0.62229308 0.00011983
0.32629681 0.62196303 0.00009252
0.32759768 0.62161902 0.00007795
0.32888376 0.62127672 0.00008003
0.33016985 0.62095256 0.00008800
0.33145594 0.62065413 0.00009448
0.33275681 0.62038165 0.00009900
0.33404290 0.62012833 0.00010517
0.33532899 0.61988235 0.00011762
0.33661508 0.61963801 0.00013738
0.33790116 0.61939956 0.00016084
0.33918725 0.61917251 0.00018455
0.34048812 0.61895450 0.00020747
0.34177421 0.61873780 0.00022952
0.34306030 0.61851138 0.00025134
0.34434639 0.61826238 0.00027368
0.34563247 0.61798109 0.00029728
0.34693335 0.61766381 0.00032343
0.34821943 0.61731887 0.00035146
0.34950552 0.61696652 0.00038022
0.35079161 0.61662431 0.00040907
0.35207770 0.61630472 0.00043493
0.35336379 0.61601351 0.00045739
0.35466466 0.61574431 0.00047811
0.35595074 0.61547824 0.00049870
0.35723683 0.61519121 0.00052148
0.35852292 0.61486842 0.00054705
0.35980901 0.61451276 0.00057386
0.36109510 0.61413528 0.00060112
0.36238118 0.61373969 0.00062907
0.36368206 0.61332981 0.00065694
0.36496814 0.61291654 0.00068379
0.36625423 0.61251552 0.00070796
0.36754032 0.61213644 0.00072970
0.36882641 0.61177487 0.00075083
0.37011250 0.61141201 0.00077376
0.37139858 0.61102298 0.00080292
0.37269945 0.61060487 0.00083700
0.37398554 0.61017464 0.00087248
0.37527163 0.60974513 0.00090790
0.37655772 0.60932296 0.00094112
0.37784381 0.60890947 0.00097093
0.37912989 0.60849367 0.00099665
0.38041598 0.60806213 0.00101882
0.38170207 0.60761530 0.00103839
0.38298816 0.60716844 0.00105574
0.38428903 0.60673530 0.00107255
0.38557512 0.60631427 0.00109177
0.38686121 0.60589718 0.00111467
0.38814729 0.60547610 0.00114138
0.38943338 0.60504305 0.00117121
0.39071947 0.60459039 0.00120324
0.39200556 0.60411500 0.00123648
0.39329165 0.60361977 0.00126962
0.39457773 0.60310752 0.00130203
0.39586382 0.60257605 0.00133388
0.39714991 0.60202101 0.00136496
0.39843600 0.60144126 0.00139564
0.39973687 0.60085095 0.00142519
0.40102296 0.60028201 0.00145133
0.40230905 0.59976799 0.00147184
0.40359513 0.59931298 0.00148882
0.40488122 0.59888437 0.00151134
0.40616731 0.59845143 0.00154244
0.40745340 0.59800120 0.00157841
0.40873949 0.59753712 0.00161539
0.41002557 0.59708005 0.00165001
0.41131166 0.59664829 0.00168109
0.41259775 0.59623680 0.00171097
0.41388384 0.59582216 0.00174413
0.41516993 0.59538806 0.00178073
0.41645601 0.59493014 0.00182018
0.41774210 0.59442339 0.00186578
0.41902819 0.59383190 0.00191950
0.42031428 0.59313301 0.00198088
0.42160037 0.59235555 0.00204406
0.42288645 0.59157709 0.00209965
0.42417254 0.59083168 0.00214529
0.42545863 0.59011339 0.00218651
0.42674472 0.58941098 0.00222966
0.42803081 0.58871235 0.00227477
0.42931690 0.58801237 0.00232077
0.43060298 0.58730172 0.00236943
0.43188907 0.58656899 0.00242216
0.43317516 0.58580792 0.00247979
0.43446125 0.58501936 0.00254106
0.43574734 0.58420612 0.00260479
0.43703342 0.58337076 0.00267018
0.43831951 0.58251639 0.00273623
0.43960560 0.58164545 0.00280207
0.44089169 0.58076051 0.00286746
0.44217778 0.57986583 0.00293233
0.44346386 0.57897150 0.00299576
0.44474995 0.57808614 0.00305705
0.44603604 0.57720581 0.00311754
0.44732213 0.57630520 0.00318436
0.44860822 0.57534674 0.00326443
0.44989430 0.57430655 0.00335870
0.45118039 0.57320926 0.00346076
0.45246648 0.57213098 0.00355303
0.45375257 0.57110522 0.00363031
0.45503866 0.57012408 0.00369939
0.45632474 0.56918895 0.00376225
0.45761083 0.56830233 0.00381871
0.45889692 0.56747988 0.00386391
0.46018301 0.56672197 0.00389952
0.46146910 0.56599464 0.00393692
0.46275519 0.56525611 0.00398484
0.46404127 0.56446173 0.00404877
0.46532736 0.56361026 0.00412445
0.46661345 0.56275830 0.00419752
0.46789954 0.56193842 0.00426283
0.46917084 0.56114643 0.00432402
0.47045693 0.56035864 0.00438995
0.47174302 0.55954965 0.00446639
0.47302911 0.55871804 0.00454987
0.47431520 0.55787827 0.00463482
0.47560128 0.55704788 0.00471574
0.47688737 0.55624187 0.00478944
0.47817346 0.55546445 0.00485649
0.47945955 0.55470965 0.00491980
0.48074564 0.55396459 0.00498290
0.48203172 0.55321351 0.00504888
0.48331781 0.55244266 0.00512015
0.48460390 0.55165156 0.00519611
0.48587521 0.55085743 0.00527152
0.48716129 0.55007627 0.00534267
0.48844738 0.54931563 0.00540851
0.48973347 0.54857586 0.00546972
0.49101956 0.54785175 0.00552885
0.49230565 0.54713710 0.00558836
0.49359173 0.54642583 0.00564944
0.49487782 0.54571303 0.00571275
0.49616391 0.54499470 0.00577887
0.49743522 0.54426944 0.00584744
0.49872130 0.54353911 0.00591779
0.50000739 0.54280818 0.00598874
0.50129348 0.54208328 0.00605874
0.50257957 0.54137191 0.00612680
0.50386566 0.54068003 0.00619187
0.50515174 0.54001172 0.00625342
0.50643783 0.53936607 0.00631271
0.50770914 0.53873522 0.00637232
0.50899523 0.53811170 0.00643421
0.51028131 0.53749280 0.00649885
0.51156740 0.53688259 0.00656453
0.51285349 0.53629104 0.00662817
0.51413958 0.53572648 0.00668849
0.51542567 0.53519269 0.00674510
0.51669697 0.53468833 0.00679864
0.51798306 0.53420503 0.00685195
0.51926915 0.53372881 0.00690858
0.52055524 0.53324332 0.00697110
0.52184132 0.53274013 0.00703960
0.52312741 0.53221933 0.00711285
0.52439872 0.53169586 0.00718661
0.52568480 0.53120415 0.00725279
0.52697089 0.53076608 0.00730585
0.52825698 0.53038583 0.00734665
0.52954307 0.53005233 0.00738169
0.53082916 0.52973100 0.00741973
0.53210046 0.52939438 0.00746623
0.53338655 0.52903307 0.00752100
0.53467264 0.52866176 0.00757768
0.53595873 0.52831430 0.00762809
0.53724481 0.52800454 0.00766916
0.53853090 0.52772567 0.00770309
0.53980221 0.52745492 0.00773830
0.54108830 0.52715988 0.00778214
0.54237438 0.52682899 0.00783386
0.54366047 0.52647378 0.00788879
0.54494656 0.52611383 0.00794155
0.54621787 0.52576708 0.00798769
0.54750395 0.52544623 0.00802480
0.54879004 0.52514855 0.00805617
0.55007613 0.52485280 0.00808763
0.55134744 0.52454208 0.00812260
0.55263352 0.52420722 0.00816193
0.55391961 0.52385042 0.00820334
0.55520570 0.52348897 0.00824236
0.55649179 0.52314057 0.00827514
0.55776309 0.52280984 0.00830170
0.55904918 0.52248672 0.00832565
0.56033527 0.52215229 0.00835264
0.56162136 0.52179353 0.00838480
0.56289266 0.52140932 0.00842117
0.56417875 0.52100676 0.00845994
0.56546484 0.52060238 0.00849655
0.56675093 0.52020878 0.00852869
0.56803702 0.51983434 0.00855570
0.56930832 0.51948658 0.00857618
0.57059441 0.51916844 0.00859033
0.57188050 0.51887531 0.00860134
0.57316659 0.51859492 0.00861267
0.57443789 0.51831321 0.00862701
0.57572398 0.51801628 0.00864572
0.57701007 0.51769128 0.00866900
0.57829616 0.51733092 0.00869611
0.57956746 0.51693542 0.00872615
0.58085355 0.51651569 0.00875726
0.58213964 0.51609494 0.00878373
0.58341094 0.51569377 0.00880235
0.58469703 0.51532209 0.00881146
0.58598312 0.51498294 0.00881147
0.58726921 0.51467093 0.00880643
0.58854051 0.51437371 0.00879905
0.58982660 0.51408191 0.00879158
0.59111269 0.51379095 0.00878476
0.59239878 0.51350411 0.00877627
0.59367008 0.51323307 0.00876284
0.59495617 0.51298527 0.00874277
0.59624226 0.51275466 0.00871869
0.59751356 0.51252618 0.00869534
0.59879965 0.51228538 0.00867556
0.60008574 0.51202101 0.00866059
0.60137183 0.51172672 0.00865019
0.60264313 0.51140357 0.00864320
0.60392922 0.51106170 0.00863661
0.60521531 0.51071957 0.00862545
0.60648661 0.51039736 0.00860604
0.60777270 0.51011196 0.00857442
0.60905879 0.50986769 0.00853046
0.61033010 0.50965096 0.00848064
0.61161618 0.50944258 0.00843041
0.61290227 0.50922581 0.00838254
0.61417358 0.50899036 0.00833804
0.61545967 0.50873537 0.00829580
0.61674575 0.50846473 0.00825461
0.61801706 0.50818105 0.00821440
0.61930315 0.50788646 0.00817474
0.62058924 0.50758349 0.00813525
0.62187532 0.50727221 0.00809628
0.62314663 0.50694975 0.00805798
0.62443272 0.50660875 0.00802179
0.62571880 0.50624398 0.00798788
0.62699011 0.50585685 0.00795517
0.62827620 0.50545882 0.00792133
0.62954750 0.50507305 0.00788021
0.63083359 0.50471465 0.00782984
0.63211968 0.50438777 0.00777123
0.63339099 0.50409436 0.00770532
0.63467707 0.50383064 0.00763503
0.63596316 0.50358575 0.00756350
0.63723447 0.50334781 0.00749381
0.63852056 0.50310344 0.00742840
0.63980664 0.50283693 0.00736928
0.64107795 0.50253555 0.00731770
0.64236404 0.50219370 0.00727306
0.64365012 0.50181339 0.00723351
0.64492143 0.50139870 0.00719773
0.64620752 0.50095451 0.00716437
0.64749361 0.50048464 0.00713256
0.64876491 0.49999297 0.00710204
0.65005100 0.49948446 0.00707199
0.65132231 0.49896418 0.00704165
0.65260839 0.49843816 0.00701014
0.65389448 0.49791258 0.00697644
0.65516579 0.49739378 0.00693945
0.65645188 0.49688806 0.00689813
0.65772318 0.49639821 0.00685295
0.65900927 0.49592401 0.00680517
0.66029536 0.49546445 0.00675619
0.66156666 0.49502050 0.00670660
0.66285275 0.49459719 0.00665517
0.66413884 0.49419817 0.00660051
0.66541014 0.49382163 0.00654326
0.66669623 0.49345700 0.00648778
0.66796754 0.49308971 0.00643856
0.66925363 0.49270955 0.00639774
0.67053971 0.49231046 0.00636620
0.67181102 0.49188985 0.00634321
0.67309711 0.49144964 0.00632775
0.67436841 0.49099935 0.00631696
0.67565450 0.49055705 0.00630492
0.67692581 0.49013903 0.00628794
0.67821189 0.48975160 0.00626556
0.67949798 0.48939692 0.00623794
0.68076929 0.48907710 0.00620521
0.68205538 0.48879410 0.00616693
0.68332668 0.48854744 0.00612330
0.68461277 0.48832742 0.00607767
0.68589886 0.48811388 0.00603683
0.68717016 0.48788913 0.00600569
0.68845625 0.48764837 0.00598416
0.68972756 0.48739639 0.00596972
0.69101364 0.48714088 0.00595913
0.69228495 0.48688589 0.00595102
0.69357104 0.48663409 0.00594478
0.69484234 0.48638776 0.00593939
0.69612843 0.48614502 0.00593568
0.69741452 0.48590224 0.00593485
0.69868582 0.48565414 0.00593827
0.69997191 0.48539803 0.00594670
0.70124322 0.48513741 0.00595859
0.70252931 0.48488022 0.00597119
0.70380061 0.48463413 0.00598243
0.70508670 0.48439811 0.00599322
0.70635801 0.48416965 0.00600431
0.70764409 0.48395019 0.00601456
0.70893018 0.48374213 0.00602251
0.71020149 0.48354864 0.00602687
0.71148758 0.48337253 0.00602648
0.71275888 0.48321525 0.00602097
0.71404497 0.48307213 0.00601333
0.71531627 0.48293358 0.00600740
0.71660236 0.48278860 0.00600718
0.71787367 0.48263213 0.00601360
0.71915976 0.48246929 0.00602303
0.72043106 0.48230689 0.00603244
0.72171715 0.48214955 0.00604019
0.72298845 0.48199936 0.00604583
0.72427454 0.48185568 0.00605015
0.72554585 0.48171757 0.00605365
0.72683194 0.48158581 0.00605597
0.72810324 0.48146488 0.00605535
0.72938933 0.48136041 0.00604907
0.73066064 0.48127481 0.00603617
0.73194672 0.48120595 0.00601785
0.73321803 0.48114742 0.00599681
0.73450412 0.48109267 0.00597562
0.73577542 0.48103830 0.00595498
0.73706151 0.48098373 0.00593426
0.73833282 0.48092964 0.00591248
0.73961890 0.48087700 0.00588882
0.74089021 0.48082672 0.00586261
0.74217630 0.48077982 0.00583323
0.74344760 0.48073797 0.00580001
0.74473369 0.48070247 0.00576239
0.74600500 0.48067393 0.00572026
0.74729108 0.48065184 0.00567404
0.74856239 0.48063407 0.00562474
0.74984848 0.48061749 0.00557366
0.75111978 0.48059880 0.00552198
0.75240587 0.48057519 0.00547052
0.75367718 0.48054465 0.00541975
0.75496327 0.48050570 0.00536988
0.75623457 0.48045739 0.00532098
0.75752066 0.48039916 0.00527300
0.75879196 0.48033073 0.00522585
0.76007805 0.48025193 0.00517941
0.76134936 0.48016259 0.00513359
0.76263545 0.48006226 0.00508840
0.76390675 0.47994988 0.00504404
0.76517806 0.47982385 0.00500082
0.76646414 0.47968142 0.00495949
0.76773545 0.47951912 0.00492102
0.76902154 0.47933376 0.00488619
0.77029284 0.47912477 0.00485489
0.77157893 0.47889505 0.00482589
0.77285024 0.47865021 0.00479739
0.77413633 0.47839717 0.00476745
0.77540763 0.47814059 0.00473531
0.77669372 0.47788448 0.00470060
0.77796502 0.47763271 0.00466287
0.77923633 0.47738789 0.00462196
0.78052242 0.47715103 0.00457839
0.78179372 0.47692146 0.00453309
0.78307981 0.47669705 0.00448705
0.78435112 0.47647379 0.00444211
0.78563720 0.47624837 0.00439939
0.78690851 0.47601861 0.00435907
0.78817982 0.47578323 0.00432117
0.78946590 0.47554150 0.00428541
0.79073721 0.47529266 0.00425152
0.79202330 0.47503627 0.00421912
0.79329460 0.47477213 0.00418783
0.79458069 0.47450098 0.00415696
0.79585200 0.47422465 0.00412578
0.79712330 0.47394543 0.00409363
0.79840939 0.47366580 0.00406008
0.79968070 0.47338843 0.00402484
0.80096678 0.47311590 0.00398766
0.80223809 0.47285015 0.00394838
0.80350939 0.47259090 0.00390768
0.80479548 0.47233574 0.00386652
0.80606679 0.47208051 0.00382635
0.80735288 0.47181976 0.00378935
0.80862418 0.47155138 0.00375548
0.80989549 0.47127518 0.00372421
0.81118157 0.47099030 0.00369556
0.81245288 0.47069553 0.00366933
0.81373897 0.47038898 0.00364579
0.81501027 0.47006994 0.00362468
0.81628158 0.46973997 0.00360520
0.81756767 0.46940244 0.00358606
0.81883897 0.46906055 0.00356648
0.82012506 0.46871732 0.00354579
0.82139637 0.46837749 0.00352236
0.82266767 0.46804630 0.00349497
0.82395376 0.46772789 0.00346265
0.82522507 0.46742189 0.00342616
0.82651115 0.46712122 0.00338891
0.82778246 0.46681678 0.00335420
0.82905376 0.46650237 0.00332365
0.83033985 0.46617516 0.00329758
0.83161116 0.46583425 0.00327586
0.83288246 0.46548038 0.00325791
0.83416855 0.46511527 0.00324312
0.83543986 0.46474135 0.00323079
0.83672594 0.46436184 0.00322003
0.83799725 0.46398028 0.00320996
0.83926856 0.46360025 0.00319977
0.84055464 0.46322526 0.00318863
0.84182595 0.46285874 0.00317582
0.84309725 0.46250373 0.00316067
0.84438334 0.46216274 0.00314252
0.84565465 0.46183670 0.00312145
0.84692595 0.46152391 0.00309815
0.84821204 0.46121986 0.00307403
0.84948335 0.46091722 0.00305132
0.85076944 0.46060805 0.00303208
0.85204074 0.46028821 0.00301699
0.85331205 0.45995911 0.00300507
0.85459813 0.45962552 0.00299442
0.85586944 0.45929255 0.00298362
0.85714075 0.45896404 0.00297190
0.85842683 0.45864281 0.00295858
0.85969814 0.45833133 0.00294300
0.86096944 0.45803024 0.00292514
0.86225553 0.45773830 0.00290537
0.86352684 0.45745137 0.00288507
0.86479814 0.45715891 0.00286820
0.86608423 0.45684923 0.00285827
0.86735554 0.45651471 0.00285733
0.86862684 0.45615282 0.00286574
0.86991293 0.45576641 0.00288152
0.87118424 0.45536174 0.00290199
0.87245554 0.45494614 0.00292459
0.87374163 0.45452733 0.00294715
0.87501293 0.45411474 0.00296708
0.87628424 0.45371682 0.00298219
0.87757033 0.45334038 0.00299078
0.87884163 0.45299128 0.00299135
0.88011294 0.45267315 0.00298316
0.88138424 0.45238736 0.00296646
0.88267033 0.45213310 0.00294232
0.88394164 0.45190806 0.00291238
0.88521294 0.45170878 0.00287859
0.88649903 0.45153083 0.00284303
0.88777034 0.45136824 0.00280846
0.88904164 0.45121441 0.00277762
0.89032773 0.45106504 0.00275180
0.89159904 0.45091825 0.00273079
0.89287034 0.45077229 0.00271394
0.89415643 0.45062468 0.00270101
0.89542774 0.45047320 0.00269170
0.89669904 0.45031699 0.00268544
0.89797035 0.45015684 0.00268135
0.89925643 0.44999421 0.00267870
0.90052774 0.44983086 0.00267693
0.90179905 0.44966944 0.00267519
0.90308513 0.44951222 0.00267283
0.90435644 0.44936175 0.00266940
0.90562774 0.44922097 0.00266403
0.90691383 0.44909248 0.00265602
0.90818514 0.44897875 0.00264478
0.90945644 0.44888109 0.00263007
0.91072775 0.44879964 0.00261215
0.91201384 0.44873257 0.00259197
0.91328514 0.44867532 0.00257128
0.91455645 0.44862309 0.00255159
0.91582775 0.44857071 0.00253414
0.91711384 0.44851240 0.00252007
0.91838515 0.44844280 0.00251019
0.91965645 0.44835722 0.00250499
0.92094254 0.44825320 0.00250446
0.92221385 0.44813081 0.00250812
0.92348515 0.44799412 0.00251432
0.92475646 0.44785093 0.00252041
0.92604254 0.44770781 0.00252465
0.92731385 0.44756834 0.00252633
0.92858516 0.44743386 0.00252556
0.92985646 0.44730426 0.00252305
0.93114255 0.44717911 0.00251941
0.93241385 0.44705791 0.00251528
0.93368516 0.44693943 0.00251158
0.93495647 0.44682062 0.00250975
0.93624255 0.44669797 0.00251153
0.93751386 0.44656812 0.00251772
0.93878516 0.44642647 0.00252890
0.94005647 0.44626678 0.00254617
0.94134256 0.44608529 0.00256952
0.94261386 0.44588566 0.00259675
0.94388517 0.44567500 0.00262525
0.94515647 0.44545909 0.00265352
0.94644256 0.44524311 0.00268041
0.94771387 0.44503139 0.00270502
0.94898517 0.44482783 0.00272664
0.95025648 0.44463633 0.00274435
0.95154257 0.44446045 0.00275741
0.95281387 0.44430306 0.00276506
0.95408518 0.44416592 0.00276679
0.95535648 0.44404664 0.00276402
0.95664257 0.44393720 0.00276030
0.95791388 0.44382520 0.00276040
0.95918518 0.44369749 0.00276846
0.96045649 0.44354741 0.00278570
0.96174258 0.44337619 0.00281067
0.96301388 0.44318857 0.00284145
0.96428519 0.44298935 0.00287672
0.96555649 0.44278356 0.00291507
0.96682780 0.44257648 0.00295500
0.96811389 0.44237352 0.00299483
0.96938519 0.44217966 0.00303315
0.97065650 0.44199859 0.00306898
0.97192780 0.44183252 0.00310187
0.97321389 0.44168254 0.00313181
0.97448520 0.44154850 0.00315906
0.97575650 0.44142849 0.00318455
0.97702781 0.44131933 0.00320951
0.97829911 0.44121649 0.00323545
0.97958520 0.44111474 0.00326402
0.98085651 0.44100982 0.00329628
0.98212781 0.44089928 0.00333267
0.98339912 0.44078275 0.00337300
0.98468520 0.44066114 0.00341683
0.98595651 0.44053609 0.00346379
0.98722781 0.44041007 0.00351314
0.98849912 0.44028584 0.00356419
0.98977043 0.44016634 0.00361640
0.99105651 0.44005446 0.00366907
0.99232782 0.43995247 0.00372183
0.99359912 0.43986216 0.00377457
0.99487043 0.43978526 0.00382712
0.99614174 0.43972373 0.00387905
0.99742782 0.43967989 0.00392957
0.99869913 0.43965567 0.00397793
0.99997043 0.43965109 0.00402407
1.00124174 0.43966488 0.00406859
1.00251305 0.43969479 0.00411235
1.00378435 0.43973821 0.00415622
1.00507044 0.43979333 0.00420063
1.00634174 0.43985928 0.00424560
1.00761305 0.43993577 0.00429094
1.00888436 0.44002269 0.00433648
1.01015566 0.44011988 0.00438215
1.01144175 0.44022704 0.00442800
1.01271305 0.44034379 0.00447416
1.01398436 0.44046959 0.00452081
1.01525567 0.44060380 0.00456823
1.01652697 0.44074557 0.00461677
1.01779828 0.44089402 0.00466683
1.01908436 0.44104841 0.00471873
1.02035567 0.44120853 0.00477253
1.02162698 0.44137524 0.00482777
1.02289828 0.44155095 0.00488317
1.02416959 0.44173909 0.00493706
1.02545567 0.44194292 0.00498794
1.02672698 0.44216407 0.00503515
1.02799829 0.44240217 0.00507898
1.02926959 0.44265559 0.00512015
1.03054090 0.44292221 0.00515982
1.03181220 0.44320012 0.00519892
1.03309829 0.44348709 0.00523845
1.03436960 0.44378042 0.00527974
1.03564090 0.44407757 0.00532403
1.03691221 0.44437708 0.00537212
1.03818351 0.44467890 0.00542422
1.03945482 0.44498382 0.00548028
1.04072612 0.44529324 0.00553998
1.04201221 0.44560844 0.00560305
1.04328352 0.44593078 0.00566942
1.04455482 0.44626174 0.00573876
1.04582613 0.44660283 0.00581072
1.04709743 0.44695570 0.00588481
1.04836874 0.44732168 0.00596071
1.04965483 0.44770169 0.00603823
1.05092613 0.44809561 0.00611745
1.05219744 0.44850197 0.00619943
1.05346874 0.44891865 0.00628529
1.05474005 0.44934296 0.00637625
1.05601135 0.44977169 0.00647390
1.05728266 0.45020118 0.00657986
1.05856875 0.45062718 0.00669601
1.05984005 0.45104645 0.00682366
1.06111136 0.45145776 0.00696339
1.06238266 0.45186254 0.00711447
1.06365397 0.45226514 0.00727500
1.06492527 0.45266877 0.00744360
1.06619658 0.45307548 0.00761909
1.06746788 0.45348790 0.00780004
1.06875397 0.45390862 0.00798491
1.07002528 0.45434072 0.00817187
1.07129658 0.45478722 0.00835918
1.07256789 0.45525112 0.00854547
1.07383919 0.45573503 0.00872972
1.07511050 0.45624123 0.00891156
1.07638181 0.45677108 0.00909121
1.07766789 0.45732231 0.00926977
1.07893920 0.45788896 0.00944987
1.08021050 0.45846226 0.00963448
1.08148181 0.45903477 0.00982558
1.08275312 0.45960542 0.01002346
1.08402442 0.46017770 0.01022672
1.08529573 0.46075541 0.01043381
1.08656703 0.46134155 0.01064337
1.08783834 0.46193898 0.01085397
1.08912443 0.46255021 0.01106441
1.09039573 0.46317767 0.01127364
1.09166704 0.46382373 0.01148055
1.09293834 0.46449032 0.01168426
1.09420965 0.46517910 0.01188393
1.09548095 0.46589154 0.01207894
1.09675226 0.46662896 0.01226871
1.09802356 0.46739239 0.01245295
1.09930965 0.46818255 0.01263153
1.10058096 0.46899939 0.01280429
1.10185226 0.46984214 0.01297168
1.10312357 0.47070987 0.01313413
1.10439487 0.47160124 0.01329211
1.10566618 0.47251467 0.01344640
1.10693748 0.47344839 0.01359781
1.10820879 0.47440031 0.01374735
1.10948010 0.47536789 0.01389611
1.11075140 0.47634815 0.01404526
1.11203749 0.47733764 0.01419612
1.11330879 0.47833265 0.01434999
1.11458010 0.47932928 0.01450821
1.11585141 0.48032372 0.01467199
1.11712271 0.48131231 0.01484250
1.11839402 0.48229251 0.01502051
1.11966532 0.48326335 0.01520684
1.12093663 0.48422715 0.01540284
1.12220793 0.48519133 0.01560998
1.12347924 0.48616453 0.01583104
1.12475054 0.48715327 0.01606882
1.12603663 0.48815902 0.01632436
1.12730794 0.48917825 0.01659752
1.12857924 0.49020549 0.01688779
1.12985055 0.49123501 0.01719452
1.13112185 0.49226088 0.01751699
1.13239316 0.49327615 0.01785364
1.13366446 0.49427458 0.01820267
1.13493577 0.49525102 0.01856204
1.13620707 0.49620070 0.01892914
1.13747838 0.49712144 0.01929934
1.13874969 0.49801470 0.01966957
1.14002099 0.49888835 0.02004150
1.14130708 0.49975206 0.02042209
1.14257838 0.50061077 0.02081610
1.14384969 0.50146956 0.02122526
1.14512100 0.50233334 0.02165171
1.14639230 0.50319891 0.02209889
1.14766361 0.50405632 0.02256335
1.14893491 0.50490103 0.02304158
1.15020622 0.50573918 0.02352963
1.15147752 0.50658129 0.02402158
1.15274883 0.50743270 0.02451788
1.15402013 0.50830162 0.02501535
1.15529144 0.50915813 0.02548859
1.15656274 0.50998879 0.02595744
1.15783405 0.51081063 0.02642152
1.15912014 0.51162361 0.02687963
1.16039144 0.51242769 0.02733059
1.16166275 0.51322290 0.02777324
1.16293405 0.51400926 0.02820642
1.16420536 0.51478682 0.02862900
1.16547667 0.51555566 0.02903986
1.16674797 0.51631589 0.02943789
1.16801928 0.51706762 0.02982203
1.16929058 0.51781102 0.03019122
1.17056189 0.51854624 0.03054443
1.17183319 0.51927349 0.03088065
1.17310450 0.51999298 0.03119889
1.17437580 0.52070495 0.03149820
1.17564711 0.52140967 0.03177764
1.17691841 0.52210741 0.03203632
1.17818972 0.52279847 0.03227335
1.17946103 0.52348317 0.03248789
1.18074711 0.52416186 0.03267913
1.18201842 0.52483489 0.03284629
1.18328972 0.52550264 0.03298861
1.18456103 0.52616549 0.03310538
1.18583234 0.52682386 0.03319591
1.18710364 0.52747816 0.03325958
1.18837495 0.52812883 0.03329577
1.18964625 0.52877632 0.03330391
1.19091756 0.52942108 0.03328349
1.19218886 0.53006360 0.03323401
1.19346017 0.53070435 0.03315503
1.19473147 0.53134383 0.03304617
1.19600278 0.53198252 0.03290707
1.19727408 0.53262094 0.03273743
1.19854539 0.53325959 0.03253699
1.19981670 0.53389898 0.03230557
1.20108800 0.53453964 0.03204299
1.20235931 0.53518208 0.03174918
1.20363061 0.53582682 0.03142409
1.20490192 0.53647436 0.03106774
1.20617322 0.53712524 0.03068021
1.20744453 0.53777995 0.03026162
1.20873062 0.53843900 0.02981220
1.21000192 0.53910288 0.02933219
1.21127323 0.53977208 0.02882194
1.21254453 0.54044707 0.02828184
1.21381584 0.54112832 0.02771236
1.21508714 0.54181627 0.02711406
1.21635845 0.54251136 0.02648754
1.21762975 0.54321400 0.02583351
1.21890106 0.54392459 0.02515273
1.22017237 0.54464349 0.02444607
1.22144367 0.54537107 0.02371447
1.22271498 0.54610764 0.02295895
1.22398628 0.54685351 0.02218064
1.22525759 0.54760893 0.02138074
1.22652889 0.54837415 0.02056055
1.22780020 0.54914937 0.01972148
1.22907150 0.54993475 0.01886505
1.23034281 0.55073042 0.01799284
1.23161411 0.55153648 0.01710660
1.23288542 0.55235296 0.01620816
1.23415673 0.55317987 0.01529948
1.23542803 0.55401716 0.01438266
1.23669934 0.55486474 0.01345993
1.23797064 0.55572245 0.01253367
1.23924195 0.55659010 0.01160644
1.24051325 0.55746742 0.01068099
1.24178456 0.55835409 0.00976031
1.24305586 0.55924974 0.00884766
1.24432717 0.56015392 0.00794665
1.24559847 0.56106610 0.00706140
1.24686978 0.56198572 0.00619672
1.24814109 0.56291211 0.00535851
1.24941239 0.56384453 0.00455445
1.25068370 0.56478218 0.00379534
1.25195500 0.56572416 0.00309777
1.25322631 0.56666950 0.00248941
1.25449761 0.56761713 0.00201725
1.25576892 0.56856589 0.00174879
1.25704022 0.56951454 0.00173079
1.25831153 0.57046173 0.00192382
1.25958283 0.57140602 0.00223283
1.26085414 0.57234586 0.00257963
1.26212545 0.57327960 0.00291760
1.26339675 0.57420547 0.00321984
1.26466806 0.57512160 0.00346946
1.26593936 0.57602601 0.00365449
1.26721067 0.57691657 0.00376548
1.26848197 0.57779107 0.00379431
1.26975328 0.57864714 0.00373357
1.27102458 0.57948230 0.00357625
1.27229589 0.58029393 0.00331566
1.27356719 0.58107928 0.00294544
1.27483850 0.58183544 0.00246003
1.27610981 0.58255939 0.00185652
1.27738111 0.58324793 0.00114520
1.27865242 0.58389773 0.00049348
1.27992372 0.58450530 0.00100398
1.28119503 0.58506699 0.00213581
-0.96316762 0.58335234 0.00137777
-0.96189631 0.58127987 0.00151561
-0.96062353 0.58040226 0.00156288
-0.95934927 0.57970614 0.00163719
-0.95807353 0.57897870 0.00175823
-0.95679779 0.57783166 0.00194586
-0.95551909 0.57561299 0.00260816
-0.95423744 0.57113450 0.00513710
-0.95295431 0.55921930 0.01078701
-0.95167118 0.54401128 0.01503692
-0.95038804 0.54448956 0.01444790
-0.94910048 0.56174499 0.01237602
-0.94781143 0.57879971 0.01085415
-0.94651943 0.58991124 0.00974767
-0.94522743 0.59774332 0.00898561
-0.94393247 0.60382185 0.00833506
-0.94263604 0.60931809 0.00781706
-0.94133960 0.61453592 0.00735619
-0.94004021 0.61959294 0.00694468
-0.93873934 0.62438952 0.00658395
-0.93743699 0.62888346 0.00626906
-0.93613316 0.63309211 0.00598991
-0.93482786 0.63705514 0.00573578
-0.93351959 0.64080409 0.00550841
-0.93221133 0.64436508 0.00529628
-0.93090011 0.64776734 0.00510518
-0.92958890 0.65102339 0.00492696
-0.92827472 0.65415414 0.00476398
-0.92695907 0.65717419 0.00460644
-0.92564341 0.66009607 0.00446448
-0.92432480 0.66292398 0.00432761
-0.92300472 0.66567251 0.00420123
-0.92168315 0.66834795 0.00408028
-0.92036010 0.67095238 0.00396407
-0.91903410 0.67349206 0.00385362
-0.91770810 0.67596074 0.00374283
-0.91638062 0.67836048 0.00364221
-0.91505167 0.68069131 0.00354667
-0.91371975 0.68295948 0.00345320
-0.91238784 0.68518797 0.00336546
-0.91105297 0.68738304 0.00328250
-0.90971810 0.68955723 0.00320224
-0.90838027 0.69170008 0.00312500
-0.90704096 0.69381997 0.00305014
-0.90570166 0.69591479 0.00298038
-0.90435940 0.69798663 0.00290793
-0.90301565 0.70003551 0.00284087
-0.90167044 0.70206349 0.00277650
-0.90032374 0.70407477 0.00271453
-0.89897556 0.70606725 0.00265555
-0.89762591 0.70804094 0.00259358
-0.89627478 0.71000000 0.00253940
-0.89492217 0.71194027 0.00248522
-0.89356808 0.71387009 0.00243133
-0.89221251 0.71578321 0.00237984
-0.89085547 0.71768170 0.00232806
-0.88949695 0.71956767 0.00227926
-0.88813547 0.72144319 0.00223287
-0.88677399 0.72330827 0.00218675
-0.88541103 0.72515873 0.00214035
-0.88404659 0.72700084 0.00209664
-0.88267920 0.72883459 0.00205266
-0.88131181 0.73065581 0.00201163
-0.87994294 0.73247076 0.00197061
-0.87857259 0.73427318 0.00193172
-0.87719928 0.73606934 0.00189579
-0.87582598 0.73785505 0.00185718
-0.87445120 0.73963450 0.00181856
-0.87307345 0.74140769 0.00178505
-0.87169571 0.74317251 0.00174911
-0.87031650 0.74493108 0.00171318
-0.86893580 0.74668129 0.00168208
-0.86755215 0.74842523 0.00164883
-0.86616849 0.75016291 0.00161773
-0.86478336 0.75189432 0.00158448
-0.86339675 0.75362155 0.00155364
-0.86200866 0.75534043 0.00152255
-0.86061762 0.75705514 0.00149681
-0.85922657 0.75876358 0.00146597
-0.85783405 0.76046992 0.00143781
-0.85644005 0.76217001 0.00141182
-0.85504457 0.76386383 0.00138366
-0.85364761 0.76555347 0.00135792
-0.85224918 0.76723893 0.00133461
-0.85084926 0.76892231 0.00130888
-0.84944787 0.77059942 0.00128314
-0.84804648 0.77227235 0.00125984
-0.84664213 0.77394319 0.00123921
-0.84523630 0.77561195 0.00121615
-0.84382899 0.77727652 0.00119551
-0.84242169 0.77893693 0.00117222
-0.84101143 0.78060150 0.00115160
-0.83960116 0.78225982 0.00113098
-0.83818795 0.78391604 0.00111301
-0.83677473 0.78557644 0.00109484
-0.83536003 0.78723266 0.00107687
-0.83394238 0.78888471 0.00106136
-0.83252472 0.79054094 0.00104340
-0.83110559 0.79219507 0.00102808
-0.82968498 0.79385129 0.00101238
-0.82826289 0.79550543 0.00099707
-0.82684081 0.79715539 0.00098421
-0.82541576 0.79880326 0.00096889
-0.82398924 0.80044904 0.00095623
-0.82256272 0.80208647 0.00094337
-0.82113324 0.80371345 0.00093070
-0.81970376 0.80534043 0.00091805
-0.81827280 0.80695071 0.00090784
-0.81684036 0.80855263 0.00089519
-0.81540645 0.81014202 0.00088255
-0.81397106 0.81171261 0.00086992
-0.81253418 0.81326859 0.00085486
-0.81109584 0.81480576 0.00084200
-0.80965749 0.81631997 0.00082938
-0.80821618 0.81781746 0.00081409
-0.80677488 0.81929198 0.00080122
-0.80533209 0.82074353 0.00078862
-0.80388783 0.82217210 0.00077334
-0.80244209 0.82358396 0.00076046
-0.80099487 0.82497494 0.00074518
-0.79954765 0.82634712 0.00073204
-0.79809748 0.82770468 0.00071649
-0.79664730 0.82904762 0.00070362
-0.79519565 0.83038012 0.00068807
-0.79374252 0.83170008 0.00067253
-0.79228791 0.83301378 0.00066209
-0.79083182 0.83431913 0.00064633
-0.78937573 0.83562448 0.00063347
-0.78791669 0.83692356 0.00062286
-0.78645764 0.83822473 0.00061246
-0.78499712 0.83952590 0.00060208
-0.78353512 0.84082707 0.00059170
-0.78207164 0.84213659 0.00058382
-0.78060816 0.84344820 0.00057609
-0.77914320 0.84476817 0.00057085
-0.77767528 0.84609231 0.00056313
-0.77620885 0.84742899 0.00055541
-0.77473946 0.84876775 0.00055020
-0.77326859 0.85011069 0.00054518
-0.77179771 0.85145363 0.00054257
-0.77032537 0.85279866 0.00054007
-0.76885154 0.85413952 0.00053496
-0.76737623 0.85547410 0.00052984
-0.76590093 0.85680242 0.00052747
-0.76442266 0.85811821 0.00052236
-0.76294440 0.85942565 0.00051987
-0.76146466 0.86071846 0.00051491
-0.75998492 0.86199248 0.00050998
-0.75850222 0.86325397 0.00050506
-0.75701953 0.86448830 0.00049995
-0.75553535 0.86570384 0.00049262
-0.75405118 0.86689432 0.00048752
-0.75256405 0.86805973 0.00048025
-0.75107691 0.86920217 0.00047248
-0.74958830 0.87031955 0.00046470
-0.74809822 0.87141395 0.00045719
-0.74660813 0.87248329 0.00044968
-0.74511656 0.87353383 0.00043922
-0.74362352 0.87456349 0.00043145
-0.74212899 0.87558062 0.00042367
-0.74063447 0.87657895 0.00041590
-0.73913847 0.87756892 0.00040789
-0.73764099 0.87854845 0.00040013
-0.73614351 0.87951963 0.00039217
-0.73464307 0.88048872 0.00038688
-0.73314412 0.88145781 0.00038162
-0.73164220 0.88242690 0.00037637
-0.73014029 0.88340017 0.00037375
-0.72863542 0.88437970 0.00037114
-0.72713202 0.88536759 0.00036593
-0.72562567 0.88636800 0.00036342
-0.72411933 0.88737886 0.00036353
-0.72261150 0.88839181 0.00035593
-0.72110367 0.88939014 0.00035096
-0.71959436 0.89036550 0.00034849
-0.71808358 0.89131788 0.00034339
-0.71657132 0.89225355 0.00034075
-0.71505906 0.89317460 0.00033564
-0.71354532 0.89408312 0.00033053
-0.71203158 0.89497911 0.00032543
-0.71051488 0.89586257 0.00032032
-0.70899966 0.89673977 0.00031521
-0.70748148 0.89760652 0.00031257
-0.70596331 0.89846491 0.00030746
-0.70444366 0.89931495 0.00030220
-0.70292400 0.90016082 0.00029709
-0.70140287 0.90099624 0.00029446
-0.69988026 0.90182749 0.00029198
-0.69835765 0.90265246 0.00028673
-0.69683356 0.90346909 0.00028412
-0.69530800 0.90428154 0.00027651
-0.69378243 0.90508563 0.00027390
-0.69225538 0.90588972 0.00027129
-0.69072834 0.90668338 0.00026878
-0.68919982 0.90747076 0.00026357
-0.68766982 0.90825606 0.00026098
-0.68613981 0.90903718 0.00025846
-0.68460833 0.90980994 0.00025586
-0.68307685 0.91057853 0.00025334
-0.68154390 0.91133876 0.00025075
-0.68001094 0.91209900 0.00024816
-0.67847650 0.91285088 0.00024305
-0.67694059 0.91359858 0.00024047
-0.67540467 0.91434211 0.00023793
-0.67386728 0.91507728 0.00023535
-0.67232841 0.91581036 0.00023535
-0.67078954 0.91653509 0.00023282
-0.66925067 0.91725773 0.00023023
-0.66771032 0.91796992 0.00022770
-0.66616849 0.91868003 0.00022512
-0.66462666 0.91938388 0.00022518
-0.66308484 0.92008145 0.00022259
-0.66154005 0.92077277 0.00022000
-0.65999675 0.92145990 0.00021747
-0.65845049 0.92213659 0.00021747
-0.65690570 0.92280702 0.00021236
-0.65535796 0.92347118 0.00021236
-0.65381022 0.92412698 0.00020983
-0.65226248 0.92477652 0.00020733
-0.65071326 0.92541562 0.00020221
-0.64916404 0.92604428 0.00019961
-0.64761335 0.92666249 0.00019710
-0.64606265 0.92727026 0.00019443
-0.64451047 0.92786341 0.00019190
-0.64295830 0.92844820 0.00018931
-0.64140464 0.92903091 0.00018931
-0.63985099 0.92961153 0.00018417
-0.63829586 0.93019424 0.00018417
-0.63674073 0.93077694 0.00018417
-0.63518412 0.93136174 0.00018162
-0.63362751 0.93194027 0.00017908
-0.63207090 0.93251880 0.00017906
-0.63051133 0.93309315 0.00017908
-0.62895324 0.93366541 0.00017394
-0.62739368 0.93423141 0.00017650
-0.62583411 0.93479532 0.00017139
-0.62427306 0.93535297 0.00017139
-0.62271202 0.93590434 0.00017139
-0.62114950 0.93645363 0.00016882
-0.61958697 0.93699875 0.00016882
-0.61802445 0.93753342 0.00016627
-0.61646045 0.93806600 0.00016627
-0.61489497 0.93859231 0.00016627
-0.61333097 0.93911445 0.00016627
-0.61176401 0.93962824 0.00016116
-0.61019853 0.94013576 0.00016116
-0.60863157 0.94064119 0.00016116
-0.60706461 0.94113826 0.00016116
-0.60549618 0.94162907 0.00015859
-0.60392774 0.94211571 0.00015604
-0.60235783 0.94259190 0.00015604
-0.60078939 0.94306809 0.00015604
-0.59921800 0.94353592 0.00015351
-0.59764808 0.94399958 0.00015351
-0.59607669 0.94445280 0.00015093
-0.59450530 0.94490602 0.00014836
-0.59293243 0.94535088 0.00014836
-0.59135956 0.94579365 0.00014581
-0.58978669 0.94622598 0.00014581
-0.58821234 0.94665622 0.00014328
-0.58663799 0.94708020 0.00014325
-0.58506364 0.94749791 0.00014069
-0.58348781 0.94791353 0.00013813
-0.58191198 0.94832498 0.00013558
-0.58033616 0.94873225 0.00013558
-0.57875885 0.94913325 0.00013558
-0.57718302 0.94953008 0.00013301
-0.57560424 0.94992272 0.00013046
-0.57402693 0.95031119 0.00013046
-0.57244815 0.95069758 0.00013046
-0.57086937 0.95108187 0.00012793
-0.56929058 0.95146199 0.00012535
-0.56771032 0.95183793 0.00012535
-0.56613006 0.95221178 0.00012542
-0.56454980 0.95258563 0.00012282
-0.56296805 0.95295530 0.00012282
-0.56138779 0.95332080 0.00012031
-0.55980605 0.95368839 0.00012282
-0.55822283 0.95405388 0.00012031
-0.55664109 0.95441729 0.00012031
-0.55505787 0.95478279 0.00012292
-0.55347466 0.95514620 0.00012292
-0.55189144 0.95551170 0.00012282
-0.55030822 0.95588137 0.00012282
-0.54872352 0.95624687 0.00012278
-0.54713882 0.95661654 0.00012278
-0.54555413 0.95698413 0.00012023
-0.54396943 0.95733709 0.00011767
-0.54238325 0.95768379 0.00011770
-0.54079708 0.95801587 0.00011770
-0.53921090 0.95834169 0.00011770
-0.53762473 0.95866332 0.00011512
-0.53603855 0.95897870 0.00011519
-0.53445090 0.95928571 0.00011519
-0.53286472 0.95959064 0.00011512
-0.53127707 0.95989140 0.00011512
-0.52968942 0.96019006 0.00011259
-0.52810029 0.96048037 0.00011000
-0.52651263 0.96077068 0.00011008
-0.52492498 0.96105681 0.00011000
-0.52333585 0.96134294 0.00010747
-0.52174671 0.96162281 0.00010743
-0.52015758 0.96190058 0.00010747
-0.51856845 0.96217836 0.00010489
-0.51697932 0.96245405 0.00010489
-0.51538871 0.96272348 0.00010489
-0.51379958 0.96299290 0.00010489
-0.51220897 0.96326232 0.00010489
-0.51061836 0.96352757 0.00010232
-0.50902775 0.96379073 0.00010232
-0.50743714 0.96405388 0.00010232
-0.50584653 0.96431287 0.00010236
-0.50425592 0.96456976 0.00010236
-0.50266383 0.96482665 0.00010236
-0.50107322 0.96507937 0.00009977
-0.49948261 0.96533208 0.00010232
-0.49789052 0.96558062 0.00009977
-0.49629843 0.96582916 0.00010236
-0.49470782 0.96607561 0.00009977
-0.49311573 0.96631997 0.00009977
-0.49152364 0.96656015 0.00009986
-0.48993156 0.96679825 0.00009986
-0.48833947 0.96703425 0.00009977
-0.48674738 0.96726817 0.00009986
-0.48515529 0.96749791 0.00009738
-0.48356320 0.96772765 0.00009725
-0.48196964 0.96795322 0.00009725
-0.48037755 0.96817460 0.00009738
-0.47878546 0.96839181 0.00009493
-0.47719337 0.96860902 0.00009475
-0.47559980 0.96881788 0.00009493
-0.47400772 0.96902673 0.00009228
-0.47241563 0.96922723 0.00009228
-0.47082206 0.96942565 0.00008983
-0.46922997 0.96961571 0.00008717
-0.46763788 0.96980368 0.00008717
-0.46604432 0.96998538 0.00008717
-0.46445223 0.97016708 0.00008717
-0.46286014 0.97034670 0.00008702
-0.46126658 0.97053049 0.00008717
-0.45967449 0.97071429 0.00008453
-0.45808240 0.97089599 0.00008453
-0.45649031 0.97107769 0.00008453
-0.45489822 0.97126149 0.00008191
-0.45330613 0.97144319 0.00008191
-0.45171257 0.97162490 0.00008191
-0.45012048 0.97180451 0.00008453
-0.44852839 0.97198204 0.00008191
-0.44693778 0.97215957 0.00008207
-0.44534569 0.97233500 0.00008207
-0.44375360 0.97251044 0.00008207
-0.44216151 0.97268588 0.00008207
-0.44057090 0.97285714 0.00007942
-0.43897882 0.97302632 0.00007942
-0.43738821 0.97319549 0.00007942
-0.43579612 0.97336466 0.00007942
-0.43420551 0.97352757 0.00007942
-0.43261490 0.97369256 0.00007964
-0.43102429 0.97385547 0.00007964
-0.42943368 0.97401420 0.00007697
-0.42784307 0.97417711 0.00007697
-0.42625394 0.97433375 0.00007697
-0.42466333 0.97449039 0.00007697
-0.42307419 0.97464077 0.00007697
-0.42148358 0.97479532 0.00007455
-0.41989445 0.97494570 0.00007455
-0.41830532 0.97509607 0.00007455
-0.41671619 0.97524018 0.00007455
-0.41512853 0.97539056 0.00007455
-0.41353940 0.97553258 0.00007217
-0.41195175 0.97567669 0.00007217
-0.41036262 0.97581454 0.00007217
-0.40877496 0.97595447 0.00007455
-0.40718731 0.97609440 0.00007187
-0.40560114 0.97622807 0.00007217
-0.40401348 0.97636591 0.00007217
-0.40242731 0.97649749 0.00007217
-0.40084113 0.97662907 0.00007217
-0.39925496 0.97675856 0.00006983
-0.39766878 0.97688805 0.00006946
-0.39608261 0.97701546 0.00006983
-0.39449791 0.97714077 0.00006983
-0.39291321 0.97726399 0.00006755
-0.39132851 0.97738722 0.00006709
-0.38974382 0.97750835 0.00006755
-0.38816060 0.97762949 0.00006478
-0.38657738 0.97774854 0.00006478
-0.38499416 0.97786550 0.00006437
-0.38341094 0.97798037 0.00006478
-0.38182920 0.97809524 0.00006203
-0.38024598 0.97820802 0.00006203
-0.37866424 0.97832080 0.00006203
-0.37708398 0.97843358 0.00006203
-0.37550224 0.97854010 0.00006203
-0.37392198 0.97865079 0.00005973
-0.37234172 0.97875731 0.00005973
-0.37076145 0.97886383 0.00005973
-0.36918267 0.97896825 0.00005929
-0.36760388 0.97907268 0.00005697
-0.36602510 0.97917711 0.00005973
-0.36444780 0.97927945 0.00005697
-0.36286901 0.97938596 0.00005697
-0.36129171 0.97948622 0.00005697
-0.35971588 0.97958855 0.00005422
-0.35814005 0.97969089 0.00005470
-0.35656422 0.97979114 0.00005470
-0.35498840 0.97989140 0.00005470
-0.35341405 0.97999165 0.00005470
-0.35183970 0.98008981 0.00005422
-0.35026535 0.98018797 0.00005192
-0.34869248 0.98028404 0.00005422
-0.34711961 0.98038221 0.00005192
-0.34554674 0.98047619 0.00005192
-0.34397534 0.98057018 0.00005192
-0.34240395 0.98066416 0.00005192
-0.34083256 0.98075815 0.00005192
-0.33926264 0.98084795 0.00004916
-0.33769273 0.98094194 0.00004916
-0.33612429 0.98102966 0.00004916
-0.33455586 0.98111947 0.00004642
-0.33298742 0.98120927 0.00004689
-0.33142046 0.98129490 0.00004642
-0.32985350 0.98138262 0.00004642
-0.32828655 0.98146825 0.00004411
-0.32672107 0.98155597 0.00004411
-0.32515559 0.98163743 0.00004411
-0.32359159 0.98172306 0.00004371
-0.32202758 0.98180451 0.00004371
-0.32046358 0.98188596 0.00004371
-0.31890106 0.98196533 0.00004135
-0.31734002 0.98204678 0.00004135
-0.31577749 0.98212406 0.00003862
-0.31421793 0.98220343 0.00003840
-0.31265688 0.98228070 0.00003862
-0.31109731 0.98235589 0.00003581
-0.30953923 0.98243108 0.00003581
-0.30798114 0.98250418 0.00003329
-0.30642305 0.98257519 0.00003581
-0.30486644 0.98264620 0.00003329
-0.30330983 0.98271721 0.00003329
-0.30175470 0.98279031 0.00003329
-0.30019957 0.98286550 0.00003329
-0.29864591 0.98293651 0.00003084
-0.29709226 0.98301587 0.00003329
-0.29554008 0.98309315 0.00003084
-0.29398791 0.98317251 0.00003329
-0.29243721 0.98324979 0.00003084
-0.29088651 0.98333124 0.00003084
-0.28933730 0.98341270 0.00003084
-0.28778808 0.98349415 0.00003084
-0.28623886 0.98357769 0.00002848
-0.28469112 0.98366332 0.00003084
-0.28314485 0.98374478 0.00003084
-0.28159859 0.98382832 0.00002848
-0.28005381 0.98390977 0.00002848
-0.27850902 0.98399541 0.00003084
-0.27696572 0.98407895 0.00002848
-0.27542241 0.98416249 0.00002818
-0.27388059 0.98424812 0.00002848
-0.27234024 0.98432957 0.00002848
-0.27079989 0.98441729 0.00002848
-0.26925954 0.98449875 0.00002848
-0.26772067 0.98458438 0.00002575
-0.26618327 0.98466792 0.00002848
-0.26464588 0.98475355 0.00002575
-0.26310997 0.98483709 0.00002848
-0.26157405 0.98492272 0.00002575
-0.26003962 0.98500627 0.00002848
-0.25850518 0.98509190 0.00002575
-0.25697222 0.98517544 0.00002848
-0.25544074 0.98526107 0.00002575
-0.25390926 0.98534670 0.00002625
-0.25237926 0.98543233 0.00002848
-0.25084926 0.98551796 0.00002575
-0.24932074 0.98560568 0.00002575
-0.24779369 0.98569340 0.00002575
-0.24626665 0.98578112 0.00002575
-0.24474108 0.98586884 0.00002575
-0.24321552 0.98595865 0.00002848
-0.24169143 0.98604845 0.00002818
-0.24016882 0.98613617 0.00002818
-0.23864621 0.98623016 0.00002818
-0.23712508 0.98632414 0.00002818
-0.23560542 0.98641186 0.00002307
-0.23408577 0.98649332 0.00002307
-0.23256759 0.98657059 0.00002068
-0.23104942 0.98664160 0.00002344
-0.22953272 0.98670844 0.00002068
-0.22801750 0.98677318 0.00002344
-0.22650376 0.98683584 0.00002344
-0.22499002 0.98689850 0.00002344
-0.22347628 0.98695906 0.00002068
-0.22196550 0.98701963 0.00002130
-0.22045471 0.98708229 0.00002130
-0.21894541 0.98714286 0.00001845
-0.21743610 0.98720134 0.00002130
-0.21592827 0.98726399 0.00002130
-0.21442193 0.98732456 0.00001845
-0.21291705 0.98738722 0.00001845
-0.21141218 0.98744779 0.00001937
-0.20990879 0.98751044 0.00001937
-0.20840540 0.98757310 0.00001937
-0.20690496 0.98763784 0.00001845
-0.20540453 0.98770259 0.00001645
-0.20390557 0.98776734 0.00001937
-0.20240661 0.98783208 0.00001772
-0.20090913 0.98789683 0.00001645
-0.19941313 0.98796366 0.00001772
-0.19791861 0.98803049 0.00001937
-0.19642408 0.98809733 0.00001645
-0.19493104 0.98816625 0.00001645
-0.19343947 0.98823517 0.00001645
-0.19194791 0.98830409 0.00001645
-0.19045930 0.98837302 0.00001645
-0.18897069 0.98844403 0.00001477
-0.18748355 0.98851295 0.00001477
-0.18599642 0.98858187 0.00001477
-0.18451077 0.98865079 0.00001477
-0.18302659 0.98871972 0.00001477
-0.18154390 0.98878864 0.00001477
-0.18006268 0.98885338 0.00001772
-0.17858146 0.98892022 0.00001477
-0.17710172 0.98898914 0.00001477
-0.17562346 0.98905388 0.00001354
-0.17414667 0.98912072 0.00001477
-0.17266989 0.98918546 0.00001354
-0.17119606 0.98925230 0.00001477
-0.16972223 0.98931704 0.00001354
-0.16824841 0.98938388 0.00001477
-0.16677754 0.98944862 0.00001354
-0.16530667 0.98951546 0.00001477
-0.16383875 0.98958020 0.00001354
-0.16237084 0.98964286 0.00001354
-0.16090440 0.98971178 0.00001354
-0.15943796 0.98977444 0.00001354
-0.15797449 0.98983918 0.00001287
-0.15651101 0.98990602 0.00001354
-0.15504900 0.98996867 0.00001354
-0.15358848 0.99003342 0.00001287
-0.15212944 0.99009816 0.00001065
-0.15067039 0.99016500 0.00001287
-0.14921430 0.99022974 0.00001065
-0.14775822 0.99029240 0.00001065
-0.14630375 0.99035923 0.00001287
-0.14485062 0.99042398 0.00001065
-0.14339867 0.99049081 0.00001287
-0.14194791 0.99055556 0.00001065
-0.14049847 0.99062239 0.00001287
-0.13905022 0.99068922 0.00001023
-0.13760344 0.99075397 0.00001287
-0.13615770 0.99082080 0.00001023
-0.13471344 0.99088972 0.00001023
-0.13327021 0.99095656 0.00001287
-0.13182846 0.99102339 0.00001287
-0.13038804 0.99109023 0.00001023
-0.12894881 0.99115915 0.00001023
-0.12751090 0.99122807 0.00001023
-0.12607433 0.99129699 0.00001023
-0.12463893 0.99136591 0.00001023
-0.12320502 0.99143901 0.00001287
-0.12177229 0.99151003 0.00001023
-0.12034104 0.99157895 0.00001023
-0.11891096 0.99165414 0.00001023
-0.11748222 0.99172306 0.00001023
-0.11605496 0.99179825 0.00001023
-0.11462888 0.99187343 0.00001023
-0.11320413 0.99194653 0.00000781
-0.11178086 0.99202172 0.00000781
-0.11035892 0.99209691 0.00000781
-0.10893816 0.99217419 0.00001023
-0.10751888 0.99224728 0.00000781
-0.10610108 0.99232247 0.00000781
-0.10468446 0.99239557 0.00001065
-0.10326932 0.99247076 0.00001065
-0.10185551 0.99254386 0.00001023
-0.10044304 0.99261696 0.00000781
-0.09903203 0.99269215 0.00000781
-0.09762236 0.99276734 0.00000781
-0.09621417 0.99284252 0.00000781
-0.09480731 0.99291771 0.00000781
-0.09340178 0.99299290 0.00000781
-0.09199772 0.99306809 0.00000781
-0.09059500 0.99314536 0.00000886
-0.08919376 0.99322264 0.00001065
-0.08779384 0.99329992 0.00000781
-0.08639541 0.99337719 0.00000886
-0.08499845 0.99345447 0.00001065
-0.08360282 0.99353175 0.00000781
-0.08220867 0.99361111 0.00001065
-0.08081600 0.99369048 0.00000886
-0.07942466 0.99376984 0.00000781
-0.07803480 0.99384712 0.00000886
-0.07664641 0.99392648 0.00000781
-0.07525951 0.99400585 0.00000591
-0.07387393 0.99408521 0.00000886
-0.07248984 0.99416458 0.00000781
-0.07110722 0.99424185 0.00000886
-0.06972608 0.99432122 0.00000781
-0.06834642 0.99439850 0.00000886
-0.06696823 0.99447368 0.00000886
-0.06559138 0.99454678 0.00000781
-0.06421615 0.99461362 0.00001065
-0.06284240 0.99467836 0.00000781
-0.06146998 0.99474102 0.00000781
-0.06009919 0.99480368 0.00000781
-0.05872988 0.99486633 0.00000781
-0.05736204 0.99492899 0.00000781
-0.05599568 0.99499582 0.00001065
-0.05463080 0.99506057 0.00000781
-0.05326740 0.99512740 0.00001065
-0.05190548 0.99519424 0.00001023
-0.05054518 0.99526316 0.00001023
-0.04918636 0.99533835 0.00001023
-0.04782902 0.99541771 0.00001287
-0.04647316 0.99551587 0.00001065
-0.04511893 0.99565163 0.00001023
-0.04376617 0.99582289 0.00001287
-0.04241504 0.99599833 0.00001287
-0.04106524 0.99617168 0.00001535
-0.03971706 0.99633668 0.00001287
-0.03837051 0.99649958 0.00001287
-0.03702529 0.99666249 0.00001287
-0.03568185 0.99682540 0.00001287
-0.03433973 0.99698830 0.00001287
-0.03299939 0.99715539 0.00001354
-0.03166038 0.99732665 0.00001287
-0.03032315 0.99751253 0.00001354
-0.02898739 0.99772348 0.00001563
-0.02765326 0.99798454 0.00002130
-0.02632105 0.99829783 0.00002524
-0.02499002 0.99861947 0.00002418
-0.02366047 0.99891604 0.00002230
-0.02233255 0.99917502 0.00002130
-0.02100625 0.99939641 0.00001937
-0.01968143 0.99957602 0.00001645
-0.01835824 0.99972431 0.00001354
-0.01703653 0.99984127 0.00001065
-0.01571644 0.99992690 0.00000781
-0.01439801 0.99998329 0.00000781
-0.01308110 1.00001462 0.00000781
-0.01176578 1.00002089 0.00000781
-0.01045207 1.00000835 0.00000781
-0.00913993 0.99997076 0.00000781
-0.00782941 0.99991437 0.00000781
-0.00652048 0.99983292 0.00000781
-0.00521317 0.99971596 0.00001065
-0.00390746 0.99957602 0.00001645
-0.00260335 0.99937135 0.00001937
-0.00130087 0.99914160 0.00003112
-0.00000000 0.99868212 0.00001065
