# y/t    d_mean   d_std
0.00000000 0.65052926 0.00086665
0.00502513 0.64828272 0.00093872
0.01005025 0.64696854 0.00097824
0.01507538 0.64675742 0.00097829
0.02010050 0.64654630 0.00097843
0.02512563 0.64634398 0.00097679
0.03015075 0.64615012 0.00097535
0.03517588 0.64595627 0.00097402
0.04020101 0.64577349 0.00097064
0.04522613 0.64559435 0.00096641
0.05025126 0.64541670 0.00096192
0.05527638 0.64524768 0.00095558
0.06030151 0.64508155 0.00094907
0.06532663 0.64491965 0.00094215
0.07035176 0.64476498 0.00093452
0.07537688 0.64461365 0.00092673
0.08040201 0.64447039 0.00091841
0.08542714 0.64433258 0.00090987
0.09045226 0.64419705 0.00090155
0.09547739 0.64407358 0.00089208
0.10050251 0.64395296 0.00088295
0.10552764 0.64383650 0.00087418
0.11055276 0.64373237 0.00086438
0.11557789 0.64363054 0.00085527
0.12060302 0.64353713 0.00084599
0.12562814 0.64345301 0.00083607
0.13065327 0.64337181 0.00082675
0.13567839 0.64330367 0.00081709
0.14070352 0.64324107 0.00080733
0.14572864 0.64318124 0.00079760
0.15075377 0.64313981 0.00078718
0.15577889 0.64310043 0.00077712
0.16080402 0.64306892 0.00076700
0.16582915 0.64305031 0.00075627
0.17085427 0.64303547 0.00074586
0.17587940 0.64303475 0.00073485
0.18090452 0.64304316 0.00072363
0.18592965 0.64305390 0.00071262
0.19095477 0.64308704 0.00070092
0.19597990 0.64312411 0.00068933
0.20100503 0.64316926 0.00067759
0.20603015 0.64323262 0.00066528
0.21105528 0.64329799 0.00065307
0.21608040 0.64338056 0.00064029
0.22110553 0.64347467 0.00062722
0.22613065 0.64356898 0.00061432
0.23115578 0.64369225 0.00060001
0.23618090 0.64381625 0.00058608
0.24120603 0.64395050 0.00057191
0.24623116 0.64410488 0.00055708
0.25125628 0.64425927 0.00054248
0.25628141 0.64443566 0.00052693
0.26130653 0.64462056 0.00051135
0.26633166 0.64480873 0.00049579
0.27135678 0.64502439 0.00047884
0.27638191 0.64524029 0.00046231
0.28140704 0.64547139 0.00044565
0.28643216 0.64571814 0.00042826
0.29145729 0.64596550 0.00041132
0.29648241 0.64623849 0.00039362
0.30150754 0.64651591 0.00037604
0.30653266 0.64680091 0.00035869
0.31155779 0.64710781 0.00034121
0.31658291 0.64741449 0.00032473
0.32160804 0.64773999 0.00030779
0.32663317 0.64807469 0.00029195
0.33165829 0.64841147 0.00027794
0.33668342 0.64877289 0.00026405
0.34170854 0.64913431 0.00025247
0.34673367 0.64950750 0.00024347
0.35175879 0.64989397 0.00023690
0.35678392 0.65027848 0.00023388
0.36180905 0.65068675 0.00023421
0.36683417 0.65109265 0.00023707
0.37185930 0.65150713 0.00024359
0.37688442 0.65191846 0.00024340
0.38190955 0.65232383 0.00024131
0.38693467 0.65268197 0.00021149
0.39195980 0.65301397 0.00017874
0.39698492 0.65316526 0.00024432
0.40201005 0.65327143 0.00042217
0.40703518 0.65305825 0.00077170
0.41206030 0.65276272 0.00117508
0.41708543 0.65219241 0.00160303
0.42211055 0.65151298 0.00206918
0.42713568 0.65074766 0.00234114
0.43216080 0.64994129 0.00256572
0.43718593 0.64917374 0.00245115
0.44221106 0.64841661 0.00228604
0.44723618 0.64777059 0.00195403
0.45226131 0.64712513 0.00176062
0.45728643 0.64669504 0.00175619
0.46231156 0.64624580 0.00197819
0.46733668 0.64604398 0.00227842
0.47236181 0.64585607 0.00263554
0.47738693 0.64582805 0.00294992
0.48241206 0.64584411 0.00325334
0.48743719 0.64593926 0.00351124
0.49246231 0.64607838 0.00374310
0.49748744 0.64624447 0.00394894
0.50251256 0.64644210 0.00412328
0.50753769 0.64664982 0.00428102
0.51256281 0.64686801 0.00440673
0.51758794 0.64709064 0.00452451
0.52261307 0.64730264 0.00461577
0.52763819 0.64751448 0.00470332
0.53266332 0.64770292 0.00477729
0.53768844 0.64787910 0.00484400
0.54271357 0.64803523 0.00490209
0.54773869 0.64816568 0.00495224
0.55276382 0.64828677 0.00499869
0.55778894 0.64837246 0.00504192
0.56281407 0.64845911 0.00508746
0.56783920 0.64851064 0.00513606
0.57286432 0.64856562 0.00519741
0.57788945 0.64859593 0.00526636
0.58291457 0.64863723 0.00536573
0.58793970 0.64866620 0.00547390
0.59296482 0.64872110 0.00563295
0.59798995 0.64879941 0.00582591
0.60301508 0.64889400 0.00606267
0.60804020 0.64907996 0.00638419
0.61306533 0.64925699 0.00672868
0.61809045 0.64959151 0.00719807
0.62311558 0.64994590 0.00770803
0.62814070 0.65042230 0.00830866
0.63316583 0.65099242 0.00895482
0.63819095 0.65159731 0.00957472
0.64321608 0.65219549 0.01005688
0.64824121 0.65273282 0.01031322
0.65326633 0.65321764 0.01045183
0.65829146 0.65368218 0.01025505
0.66331658 0.65418685 0.01002387
0.66834171 0.65478799 0.00972926
0.67336683 0.65554977 0.00945376
0.67839196 0.65633794 0.00924867
0.68341709 0.65713125 0.00909055
0.68844221 0.65773572 0.00884870
0.69346734 0.65825226 0.00856417
0.69849246 0.65854483 0.00805399
0.70351759 0.65878842 0.00741634
0.70854271 0.65900761 0.00668649
0.71356784 0.65927653 0.00584647
0.71859296 0.65959340 0.00494704
0.72361809 0.65993755 0.00401488
0.72864322 0.66029060 0.00306975
0.73366834 0.66056060 0.00224272
0.73869347 0.66078861 0.00147248
0.74371859 0.66077501 0.00104463
0.74874372 0.66067766 0.00073414
0.75376884 0.66047229 0.00056815
0.75879397 0.66018769 0.00050148
0.76381910 0.65989827 0.00043939
0.76884422 0.65960705 0.00037951
0.77386935 0.65931449 0.00032111
0.77889447 0.65901981 0.00026579
0.78391960 0.65872094 0.00021715
0.78894472 0.65842120 0.00017320
0.79396985 0.65812198 0.00013422
0.79899497 0.65782401 0.00010657
0.80402010 0.65752721 0.00009761
0.80904523 0.65723108 0.00011077
0.81407035 0.65693640 0.00013905
0.81909548 0.65664294 0.00017420
0.82412060 0.65634935 0.00021230
0.82914573 0.65605724 0.00025197
0.83417085 0.65576519 0.00029219
0.83919598 0.65547493 0.00033280
0.84422111 0.65518843 0.00037306
0.84924623 0.65490375 0.00041314
0.85427136 0.65462423 0.00045201
0.85929648 0.65434832 0.00048990
0.86432161 0.65407502 0.00052614
0.86934673 0.65380441 0.00055996
0.87437186 0.65353375 0.00059304
0.87939698 0.65326284 0.00062339
0.88442211 0.65299208 0.00065304
0.88944724 0.65271547 0.00068047
0.89447236 0.65244141 0.00070781
0.89949749 0.65215298 0.00073310
0.90452261 0.65186459 0.00075831
0.90954774 0.65157186 0.00078143
0.91457286 0.65127710 0.00080417
0.91959799 0.65100695 0.00082470
0.92462312 0.65075113 0.00084569
0.92964824 0.65054629 0.00086582
0.93467337 0.65037764 0.00087646
0.93969849 0.65017967 0.00088847
0.94472362 0.64993559 0.00089775
0.94974874 0.64968986 0.00090864
0.95477387 0.64944219 0.00091922
0.95979899 0.64919358 0.00092810
0.96482412 0.64895140 0.00093803
0.96984925 0.64873305 0.00094683
0.97487437 0.64851998 0.00095477
0.97989950 0.64830653 0.00096271
0.98492462 0.64808556 0.00096755
0.98994975 0.64786454 0.00097242
0.99497487 0.64808872 0.00095996
1.00000000 0.65052926 0.00086665
