# s/c   P_w_mean    P_w_std
0.00000000 0.99999630 0.00002875
0.00130087 0.99959456 0.00002256
0.00260174 0.99918415 0.00001745
0.00390261 0.99876595 0.00001359
0.00520348 0.99834074 0.00001129
0.00650435 0.99790927 0.00001073
0.00780522 0.99747219 0.00001159
0.00910609 0.99703014 0.00001323
0.01040697 0.99658368 0.00001516
0.01170784 0.99613332 0.00001713
0.01300871 0.99567951 0.00001904
0.01430958 0.99522266 0.00002085
0.01561045 0.99476314 0.00002257
0.01691132 0.99430125 0.00002420
0.01821219 0.99383728 0.00002577
0.01951306 0.99337144 0.00002730
0.02081393 0.99290393 0.00002879
0.02211480 0.99243488 0.00003028
0.02341567 0.99196440 0.00003178
0.02470176 0.99149258 0.00003329
0.02600263 0.99101943 0.00003483
0.02730350 0.99054497 0.00003639
0.02860437 0.99006917 0.00003798
0.02990524 0.98959196 0.00003959
0.03120611 0.98911325 0.00004122
0.03250698 0.98863294 0.00004287
0.03380786 0.98815087 0.00004453
0.03510873 0.98766688 0.00004619
0.03640960 0.98718078 0.00004785
0.03771047 0.98669235 0.00004950
0.03901134 0.98620136 0.00005114
0.04029743 0.98570755 0.00005276
0.04159830 0.98521066 0.00005435
0.04289917 0.98471039 0.00005590
0.04420004 0.98420643 0.00005742
0.04550091 0.98369847 0.00005891
0.04680178 0.98318617 0.00006035
0.04810265 0.98266919 0.00006174
0.04940352 0.98214717 0.00006309
0.05068961 0.98161974 0.00006439
0.05199048 0.98108652 0.00006565
0.05329135 0.98054713 0.00006686
0.05459222 0.98000118 0.00006803
0.05589309 0.97944826 0.00006916
0.05719396 0.97888798 0.00007025
0.05849483 0.97831993 0.00007130
0.05978092 0.97774370 0.00007232
0.06108179 0.97715887 0.00007331
0.06238266 0.97656503 0.00007427
0.06368353 0.97596176 0.00007522
0.06498440 0.97534866 0.00007615
0.06628528 0.97472531 0.00007708
0.06757136 0.97409129 0.00007801
0.06887223 0.97344620 0.00007894
0.07017310 0.97278963 0.00007989
0.07147398 0.97212119 0.00008085
0.07277485 0.97144047 0.00008185
0.07407572 0.97074709 0.00008288
0.07536180 0.97004065 0.00008395
0.07666268 0.96932079 0.00008507
0.07796355 0.96858713 0.00008626
0.07926442 0.96783931 0.00008751
0.08056529 0.96707698 0.00008883
0.08185138 0.96629979 0.00009024
0.08315225 0.96550740 0.00009174
0.08445312 0.96469950 0.00009333
0.08575399 0.96387576 0.00009503
0.08704008 0.96303589 0.00009685
0.08834095 0.96217958 0.00009878
0.08964182 0.96130657 0.00010084
0.09094269 0.96041658 0.00010304
0.09224356 0.95950936 0.00010537
0.09352965 0.95858467 0.00010784
0.09483052 0.95764226 0.00011046
0.09613139 0.95668194 0.00011324
0.09743226 0.95570349 0.00011617
0.09871835 0.95470673 0.00011926
0.10001922 0.95369148 0.00012252
0.10132009 0.95265758 0.00012594
0.10260618 0.95160489 0.00012953
0.10390705 0.95053327 0.00013329
0.10520792 0.94944261 0.00013723
0.10650879 0.94833280 0.00014133
0.10779488 0.94720377 0.00014561
0.10909575 0.94605543 0.00015007
0.11039662 0.94488773 0.00015470
0.11169749 0.94370063 0.00015950
0.11298358 0.94249410 0.00016447
0.11428445 0.94126812 0.00016962
0.11558532 0.94002271 0.00017493
0.11687141 0.93875786 0.00018041
0.11817228 0.93747363 0.00018606
0.11947315 0.93617005 0.00019187
0.12075924 0.93484718 0.00019784
0.12206011 0.93350510 0.00020397
0.12336098 0.93214388 0.00021025
0.12466185 0.93076365 0.00021668
0.12594794 0.92936450 0.00022326
0.12724881 0.92794657 0.00022998
0.12854968 0.92651000 0.00023683
0.12983577 0.92502381 0.00024381
0.13113664 0.92347282 0.00025548
0.13243751 0.92191638 0.00026603
0.13372359 0.92035032 0.00027504
0.13502447 0.91876954 0.00028268
0.13632534 0.91717764 0.00029009
0.13761142 0.91557724 0.00029700
0.13891229 0.91396712 0.00030436
0.14019838 0.91232925 0.00031273
0.14149925 0.91063098 0.00031985
0.14280012 0.90886196 0.00032419
0.14408621 0.90705382 0.00032922
0.14538708 0.90526412 0.00034212
0.14668795 0.90352389 0.00035884
0.14797404 0.90182792 0.00037246
0.14927491 0.90015757 0.00038338
0.15056100 0.89848138 0.00039083
0.15186187 0.89678112 0.00039458
0.15316274 0.89507312 0.00039843
0.15444883 0.89338030 0.00040518
0.15574970 0.89169643 0.00041168
0.15703579 0.88999879 0.00041520
0.15833666 0.88829602 0.00041746
0.15963753 0.88661476 0.00042102
0.16092362 0.88496078 0.00042818
0.16222449 0.88327455 0.00043312
0.16351058 0.88147644 0.00042687
0.16481145 0.87957658 0.00041517
0.16611232 0.87763804 0.00041181
0.16739841 0.87571227 0.00042308
0.16869928 0.87381959 0.00044204
0.16998537 0.87195685 0.00046145
0.17128624 0.87011886 0.00047930
0.17257232 0.86829941 0.00049434
0.17387319 0.86649297 0.00050682
0.17517407 0.86469424 0.00051694
0.17646015 0.86289797 0.00052515
0.17776102 0.86109994 0.00053185
0.17904711 0.85929789 0.00053778
0.18034798 0.85748881 0.00054329
0.18163407 0.85566945 0.00054860
0.18293494 0.85382968 0.00055321
0.18422103 0.85195028 0.00055538
0.18552190 0.85002064 0.00055258
0.18680799 0.84805383 0.00054667
0.18810886 0.84609314 0.00054790
0.18939495 0.84417815 0.00055995
0.19069582 0.84230215 0.00057718
0.19199669 0.84039730 0.00058973
0.19328278 0.83837412 0.00058431
0.19458365 0.83623769 0.00056712
0.19586974 0.83405212 0.00055705
0.19717061 0.83185195 0.00056185
0.19845669 0.82964530 0.00057634
0.19975757 0.82741457 0.00059004
0.20104365 0.82515928 0.00060152
0.20234452 0.82291260 0.00061736
0.20363061 0.82069762 0.00063911
0.20493148 0.81852671 0.00066478
0.20621757 0.81635221 0.00068786
0.20750366 0.81407327 0.00069608
0.20880453 0.81167332 0.00069140
0.21009062 0.80920025 0.00068658
0.21139149 0.80670395 0.00069389
0.21267758 0.80421060 0.00071275
0.21397845 0.80170468 0.00073421
0.21526454 0.79916247 0.00075459
0.21656541 0.79656992 0.00077172
0.21785149 0.79392413 0.00078642
0.21915236 0.79123120 0.00080042
0.22043845 0.78850236 0.00081510
0.22173932 0.78575388 0.00083253
0.22302541 0.78299605 0.00085309
0.22432628 0.78023091 0.00087630
0.22561237 0.77744321 0.00090010
0.22689846 0.77460250 0.00091898
0.22819933 0.77170172 0.00093209
0.22948542 0.76875703 0.00094303
0.23078629 0.76578893 0.00095562
0.23207238 0.76281410 0.00097327
0.23337325 0.75984306 0.00099707
0.23465933 0.75688394 0.00102509
0.23594542 0.75394690 0.00105536
0.23724629 0.75104136 0.00108686
0.23853238 0.74816520 0.00111761
0.23983325 0.74530637 0.00114634
0.24111934 0.74244777 0.00117262
0.24240543 0.73957610 0.00119626
0.24370630 0.73669069 0.00121768
0.24499239 0.73380315 0.00123733
0.24629326 0.73092878 0.00125613
0.24757935 0.72808080 0.00127576
0.24886543 0.72527016 0.00129800
0.25016630 0.72249717 0.00132310
0.25145239 0.71975574 0.00134922
0.25275326 0.71703987 0.00137411
0.25403935 0.71434290 0.00139499
0.25532544 0.71166522 0.00141138
0.25662631 0.70901002 0.00142412
0.25791240 0.70638413 0.00143503
0.25919849 0.70380236 0.00144833
0.26049936 0.70127748 0.00146691
0.26178545 0.69881324 0.00148977
0.26307153 0.69640273 0.00151430
0.26437240 0.69403462 0.00153845
0.26565849 0.69168665 0.00155764
0.26695936 0.68932586 0.00156786
0.26824545 0.68694146 0.00156854
0.26953154 0.68454852 0.00156646
0.27083241 0.68218513 0.00157307
0.27211850 0.67990555 0.00159142
0.27340459 0.67773279 0.00161951
0.27470546 0.67564941 0.00165044
0.27599154 0.67360993 0.00167265
0.27727763 0.67157309 0.00168283
0.27857850 0.66953865 0.00168300
0.27986459 0.66752458 0.00168004
0.28115068 0.66555553 0.00168712
0.28243677 0.66364549 0.00170588
0.28373764 0.66180126 0.00172696
0.28502373 0.66004319 0.00174790
0.28630981 0.65835685 0.00176448
0.28761068 0.65670929 0.00176958
0.28889677 0.65506718 0.00176486
0.29018286 0.65344239 0.00176061
0.29148373 0.65190508 0.00176630
0.29276982 0.65048746 0.00178032
0.29405591 0.64918027 0.00179714
0.29534200 0.64795185 0.00181090
0.29664287 0.64675999 0.00181557
0.29792895 0.64558475 0.00181161
0.29921504 0.64443850 0.00180316
0.30051591 0.64335135 0.00179504
0.30180200 0.64235786 0.00179198
0.30308809 0.64147098 0.00179321
0.30437418 0.64067608 0.00179436
0.30567505 0.63994191 0.00179101
0.30696114 0.63923055 0.00178113
0.30824722 0.63851934 0.00176578
0.30953331 0.63780885 0.00174754
0.31083418 0.63711968 0.00172775
0.31212027 0.63648546 0.00170948
0.31340636 0.63593284 0.00169762
0.31469245 0.63546470 0.00169224
0.31599332 0.63506965 0.00169149
0.31727941 0.63474584 0.00169354
0.31856549 0.63449858 0.00169599
0.31985158 0.63431392 0.00169596
0.32115245 0.63416142 0.00169148
0.32243854 0.63400669 0.00168173
0.32372463 0.63381667 0.00166357
0.32501072 0.63358078 0.00163656
0.32629681 0.63330973 0.00160445
0.32759768 0.63302248 0.00157275
0.32888376 0.63274193 0.00154805
0.33016985 0.63248839 0.00153417
0.33145594 0.63227041 0.00152914
0.33275681 0.63208627 0.00152979
0.33404290 0.63192380 0.00153062
0.33532899 0.63176462 0.00152461
0.33661508 0.63160403 0.00151219
0.33790116 0.63145001 0.00149684
0.33918725 0.63131078 0.00148223
0.34048812 0.63118395 0.00147057
0.34177421 0.63105976 0.00146198
0.34306030 0.63092401 0.00145519
0.34434639 0.63076213 0.00144854
0.34563247 0.63056159 0.00144023
0.34693335 0.63031508 0.00142532
0.34821943 0.63003842 0.00140438
0.34950552 0.62975893 0.00138131
0.35079161 0.62949795 0.00135915
0.35207770 0.62926998 0.00134361
0.35336379 0.62908061 0.00133658
0.35466466 0.62891978 0.00133502
0.35595074 0.62876085 0.00133509
0.35723683 0.62857348 0.00133201
0.35852292 0.62834056 0.00132271
0.35980901 0.62806978 0.00130933
0.36109510 0.62777755 0.00129440
0.36238118 0.62746703 0.00127794
0.36368206 0.62714156 0.00126122
0.36496814 0.62681852 0.00124834
0.36625423 0.62651729 0.00124210
0.36754032 0.62624865 0.00124210
0.36882641 0.62600382 0.00124475
0.37011250 0.62575276 0.00124296
0.37139858 0.62546594 0.00123101
0.37269945 0.62514270 0.00120949
0.37398554 0.62480757 0.00118489
0.37527163 0.62447960 0.00116200
0.37655772 0.62416595 0.00114391
0.37784381 0.62386707 0.00113495
0.37912989 0.62356730 0.00113438
0.38041598 0.62324898 0.00113901
0.38170207 0.62291424 0.00114733
0.38298816 0.62258262 0.00115762
0.38428903 0.62227274 0.00116869
0.38557512 0.62198068 0.00117690
0.38686121 0.62169117 0.00117818
0.38814729 0.62139598 0.00117361
0.38943338 0.62108684 0.00116486
0.39071947 0.62075463 0.00115234
0.39200556 0.62039799 0.00113808
0.39329165 0.62002233 0.00112398
0.39457773 0.61963190 0.00111124
0.39586382 0.61922239 0.00109912
0.39714991 0.61878752 0.00108780
0.39843600 0.61832336 0.00107626
0.39973687 0.61784839 0.00106579
0.40102296 0.61741053 0.00106344
0.40230905 0.61705189 0.00107413
0.40359513 0.61676995 0.00109328
0.40488122 0.61651242 0.00110506
0.40616731 0.61623576 0.00110340
0.40745340 0.61593004 0.00109520
0.40873949 0.61560603 0.00108736
0.41002557 0.61529644 0.00108698
0.41131166 0.61502654 0.00109724
0.41259775 0.61478472 0.00111342
0.41388384 0.61453709 0.00112763
0.41516993 0.61426752 0.00113905
0.41645601 0.61397415 0.00114785
0.41774210 0.61362023 0.00114503
0.41902819 0.61315653 0.00112458
0.42031428 0.61255847 0.00108695
0.42160037 0.61187706 0.00104380
0.42288645 0.61121974 0.00101853
0.42417254 0.61063081 0.00101836
0.42545863 0.61009259 0.00103171
0.42674472 0.60957702 0.00104612
0.42803081 0.60906969 0.00105887
0.42931690 0.60856615 0.00107185
0.43060298 0.60805332 0.00108214
0.43188907 0.60751627 0.00108599
0.43317516 0.60694961 0.00108319
0.43446125 0.60635684 0.00107610
0.43574734 0.60574232 0.00106674
0.43703342 0.60511005 0.00105685
0.43831951 0.60446420 0.00104814
0.43960560 0.60380772 0.00104156
0.44089169 0.60314248 0.00103721
0.44217778 0.60247501 0.00103603
0.44346386 0.60182101 0.00103913
0.44474995 0.60119336 0.00104855
0.44603604 0.60058516 0.00106244
0.44732213 0.59995414 0.00106678
0.44860822 0.59923998 0.00104778
0.44989430 0.59841349 0.00100509
0.45118039 0.59752105 0.00095286
0.45246648 0.59667283 0.00091984
0.45375257 0.59591325 0.00091501
0.45503866 0.59521915 0.00092533
0.45632474 0.59458237 0.00094444
0.45761083 0.59400768 0.00097241
0.45889692 0.59351974 0.00101683
0.46018301 0.59311728 0.00107537
0.46146910 0.59274405 0.00112814
0.46275519 0.59233945 0.00116083
0.46404127 0.59184388 0.00116800
0.46532736 0.59126223 0.00115622
0.46661345 0.59069035 0.00114951
0.46789954 0.59017676 0.00115914
0.46917084 0.58970507 0.00117705
0.47045693 0.58923408 0.00118680
0.47174302 0.58872712 0.00117952
0.47302911 0.58818726 0.00116072
0.47431520 0.58763840 0.00114056
0.47560128 0.58710900 0.00113005
0.47688737 0.58661708 0.00113186
0.47817346 0.58616453 0.00114397
0.47945955 0.58574155 0.00116211
0.48074564 0.58532558 0.00117822
0.48203172 0.58489369 0.00118684
0.48331781 0.58442710 0.00118464
0.48460390 0.58392669 0.00117253
0.48587521 0.58342280 0.00115967
0.48716129 0.58293973 0.00115290
0.48844738 0.58248523 0.00115350
0.48973347 0.58205779 0.00116010
0.49101956 0.58164822 0.00116854
0.49230565 0.58124610 0.00117448
0.49359173 0.58084363 0.00117628
0.49487782 0.58043460 0.00117347
0.49616391 0.58001330 0.00116549
0.49743522 0.57957846 0.00115316
0.49872130 0.57913271 0.00113780
0.50000739 0.57868248 0.00112141
0.50129348 0.57823741 0.00110628
0.50257957 0.57780685 0.00109445
0.50386566 0.57739796 0.00108737
0.50515174 0.57701520 0.00108533
0.50643783 0.57665498 0.00108657
0.50770914 0.57630296 0.00108678
0.50899523 0.57594762 0.00108323
0.51028131 0.57558536 0.00107592
0.51156740 0.57522236 0.00106689
0.51285349 0.57487573 0.00106093
0.51413958 0.57455653 0.00106027
0.51542567 0.57426816 0.00106473
0.51669697 0.57400896 0.00107301
0.51798306 0.57376553 0.00108106
0.51926915 0.57351599 0.00108389
0.52055524 0.57323823 0.00107791
0.52184132 0.57292058 0.00106263
0.52312741 0.57256517 0.00104108
0.52439872 0.57219852 0.00102023
0.52568480 0.57186906 0.00100858
0.52697089 0.57160756 0.00101112
0.52825698 0.57141605 0.00102670
0.52954307 0.57127057 0.00104849
0.53082916 0.57112033 0.00106661
0.53210046 0.57092539 0.00107457
0.53338655 0.57067714 0.00107324
0.53467264 0.57040604 0.00106892
0.53595873 0.57016052 0.00106931
0.53724481 0.56996024 0.00107687
0.53853090 0.56979388 0.00108798
0.53980221 0.56962322 0.00109756
0.54108830 0.56940355 0.00109923
0.54237438 0.56912365 0.00109148
0.54366047 0.56880478 0.00107940
0.54494656 0.56848055 0.00106889
0.54621787 0.56817821 0.00106156
0.54750395 0.56791253 0.00105746
0.54879004 0.56767636 0.00105707
0.55007613 0.56743707 0.00105668
0.55134744 0.56717107 0.00105392
0.55263352 0.56686769 0.00104943
0.55391961 0.56653261 0.00104371
0.55520570 0.56619490 0.00103802
0.55649179 0.56587835 0.00103322
0.55776309 0.56558623 0.00102922
0.55904918 0.56530325 0.00102589
0.56033527 0.56500090 0.00102273
0.56162136 0.56466121 0.00101877
0.56289266 0.56428600 0.00101436
0.56417875 0.56388921 0.00101025
0.56546484 0.56349301 0.00100664
0.56675093 0.56311462 0.00100336
0.56803702 0.56276509 0.00100030
0.56930832 0.56245257 0.00099656
0.57059441 0.56217975 0.00099218
0.57188050 0.56193869 0.00098950
0.57316659 0.56171103 0.00098926
0.57443789 0.56147808 0.00099141
0.57572398 0.56122280 0.00099480
0.57701007 0.56092909 0.00099773
0.57829616 0.56058867 0.00099942
0.57956746 0.56020289 0.00100027
0.58085355 0.55978813 0.00100142
0.58213964 0.55937821 0.00100058
0.58341094 0.55899949 0.00099551
0.58469703 0.55866215 0.00098506
0.58598312 0.55836580 0.00097017
0.58726921 0.55809916 0.00095502
0.58854051 0.55784463 0.00094244
0.58982660 0.55758909 0.00093272
0.59111269 0.55732629 0.00092629
0.59239878 0.55706317 0.00092047
0.59367008 0.55681869 0.00091112
0.59495617 0.55660197 0.00089859
0.59624226 0.55640413 0.00088535
0.59751356 0.55620314 0.00087534
0.59879965 0.55598168 0.00086946
0.60008574 0.55572782 0.00086728
0.60137183 0.55543532 0.00086880
0.60264313 0.55510721 0.00087363
0.60392922 0.55475746 0.00088115
0.60521531 0.55441516 0.00088675
0.60648661 0.55410600 0.00088614
0.60777270 0.55384892 0.00087443
0.60905879 0.55364709 0.00085167
0.61033010 0.55347866 0.00082666
0.61161618 0.55331602 0.00080486
0.61290227 0.55313876 0.00078731
0.61417358 0.55293727 0.00077380
0.61545967 0.55271342 0.00076250
0.61674575 0.55247508 0.00075218
0.61801706 0.55222849 0.00074301
0.61930315 0.55197633 0.00073573
0.62058924 0.55172262 0.00073027
0.62187532 0.55146993 0.00072604
0.62314663 0.55121151 0.00072427
0.62443272 0.55093816 0.00072621
0.62571880 0.55064311 0.00073211
0.62699011 0.55032827 0.00074048
0.62827620 0.55001304 0.00074548
0.62954750 0.54972472 0.00074069
0.63083359 0.54948102 0.00072225
0.63211968 0.54928563 0.00069093
0.63339099 0.54913680 0.00064926
0.63467707 0.54902826 0.00060072
0.63596316 0.54894517 0.00055223
0.63723447 0.54887213 0.00050784
0.63852056 0.54879360 0.00046974
0.63980664 0.54869096 0.00044115
0.64107795 0.54855105 0.00042302
0.64236404 0.54836985 0.00041525
0.64365012 0.54815212 0.00041639
0.64492143 0.54790788 0.00042283
0.64620752 0.54764376 0.00043395
0.64749361 0.54736407 0.00044971
0.64876491 0.54707432 0.00046864
0.65005100 0.54678006 0.00048954
0.65132231 0.54648716 0.00051077
0.65260839 0.54620213 0.00053038
0.65389448 0.54593174 0.00054646
0.65516579 0.54568252 0.00055716
0.65645188 0.54546083 0.00056087
0.65772318 0.54526731 0.00055927
0.65900927 0.54509918 0.00055485
0.66029536 0.54495262 0.00054980
0.66156666 0.54482784 0.00054474
0.66285275 0.54473278 0.00053788
0.66413884 0.54467305 0.00052913
0.66541014 0.54464524 0.00052117
0.66669623 0.54463277 0.00051787
0.66796754 0.54461719 0.00052105
0.66925363 0.54458704 0.00053001
0.67053971 0.54453492 0.00054374
0.67181102 0.54445932 0.00056155
0.67309711 0.54436236 0.00058221
0.67436841 0.54425638 0.00060389
0.67565450 0.54416849 0.00062419
0.67692581 0.54411776 0.00064120
0.67821189 0.54410723 0.00065453
0.67949798 0.54413650 0.00066490
0.68076929 0.54420650 0.00067370
0.68205538 0.54431835 0.00068251
0.68332668 0.54446996 0.00069413
0.68461277 0.54464654 0.00070997
0.68589886 0.54482073 0.00072742
0.68717016 0.54497067 0.00074261
0.68845625 0.54509361 0.00075491
0.68972756 0.54520185 0.00076620
0.69101364 0.54530627 0.00077688
0.69228495 0.54541170 0.00078676
0.69357104 0.54552224 0.00079629
0.69484234 0.54563994 0.00080586
0.69612843 0.54576100 0.00081507
0.69741452 0.54587846 0.00082340
0.69868582 0.54598352 0.00083031
0.69997191 0.54607189 0.00083586
0.70124322 0.54614784 0.00084184
0.70252931 0.54622195 0.00085024
0.70380061 0.54630315 0.00086070
0.70508670 0.54639001 0.00087111
0.70635801 0.54648002 0.00088029
0.70764409 0.54657542 0.00088873
0.70893018 0.54668117 0.00089764
0.71020149 0.54680131 0.00090731
0.71148758 0.54693983 0.00091852
0.71275888 0.54709858 0.00093146
0.71404497 0.54726797 0.00094323
0.71531627 0.54743279 0.00095102
0.71660236 0.54757738 0.00095302
0.71787367 0.54769536 0.00095062
0.71915976 0.54779517 0.00094835
0.72043106 0.54788714 0.00094905
0.72171715 0.54797648 0.00095314
0.72298845 0.54806436 0.00095979
0.72427454 0.54814898 0.00096759
0.72554585 0.54822870 0.00097497
0.72683194 0.54830601 0.00098128
0.72810324 0.54838899 0.00098795
0.72938933 0.54848698 0.00099690
0.73066064 0.54860402 0.00100896
0.73194672 0.54873622 0.00102222
0.73321803 0.54887235 0.00103219
0.73450412 0.54900352 0.00103767
0.73577542 0.54912645 0.00103923
0.73706151 0.54924076 0.00103792
0.73833282 0.54934816 0.00103564
0.73961890 0.54944995 0.00103333
0.74089021 0.54954753 0.00103194
0.74217630 0.54964223 0.00103210
0.74344760 0.54973556 0.00103435
0.74473369 0.54982960 0.00103964
0.74600500 0.54992502 0.00104805
0.74729108 0.55002101 0.00105906
0.74856239 0.55011550 0.00107184
0.74984848 0.55020544 0.00108508
0.75111978 0.55028815 0.00109786
0.75240587 0.55036174 0.00110958
0.75367718 0.55042515 0.00111995
0.75496327 0.55047798 0.00112891
0.75623457 0.55052045 0.00113663
0.75752066 0.55055315 0.00114333
0.75879196 0.55057685 0.00114932
0.76007805 0.55059247 0.00115488
0.76134936 0.55060085 0.00116030
0.76263545 0.55060246 0.00116579
0.76390675 0.55059715 0.00117141
0.76517806 0.55058395 0.00117702
0.76646414 0.55056067 0.00118225
0.76773545 0.55052369 0.00118645
0.76902154 0.55046951 0.00118925
0.77029284 0.55039760 0.00119108
0.77157893 0.55031213 0.00119364
0.77285024 0.55022083 0.00119872
0.77413633 0.55013119 0.00120674
0.77540763 0.55004844 0.00121743
0.77669372 0.54997701 0.00123046
0.77796502 0.54992060 0.00124535
0.77923633 0.54988194 0.00126172
0.78052242 0.54986189 0.00127896
0.78179372 0.54985898 0.00129602
0.78307981 0.54987021 0.00131199
0.78435112 0.54989038 0.00132599
0.78563720 0.54991470 0.00133732
0.78690851 0.54994052 0.00134612
0.78817982 0.54996641 0.00135292
0.78946590 0.54999136 0.00135826
0.79073721 0.55001418 0.00136268
0.79202330 0.55003397 0.00136669
0.79329460 0.55005021 0.00137082
0.79458069 0.55006346 0.00137564
0.79585200 0.55007547 0.00138148
0.79712330 0.55008862 0.00138869
0.79840939 0.55010645 0.00139742
0.79968070 0.55013224 0.00140722
0.80096678 0.55016899 0.00141803
0.80223809 0.55021888 0.00142971
0.80350939 0.55028219 0.00144189
0.80479548 0.55035655 0.00145375
0.80606679 0.55043620 0.00146330
0.80735288 0.55051763 0.00146969
0.80862418 0.55059978 0.00147301
0.80989549 0.55068174 0.00147342
0.81118157 0.55076292 0.00147154
0.81245288 0.55084124 0.00146768
0.81373897 0.55091382 0.00146193
0.81501027 0.55097954 0.00145477
0.81628158 0.55104035 0.00144715
0.81756767 0.55109989 0.00144011
0.81883897 0.55116159 0.00143424
0.82012506 0.55122827 0.00142972
0.82139637 0.55130394 0.00142723
0.82266767 0.55139383 0.00142811
0.82395376 0.55150160 0.00143334
0.82522507 0.55162532 0.00144202
0.82651115 0.55175706 0.00145167
0.82778246 0.55188844 0.00145987
0.82905376 0.55201420 0.00146502
0.83033985 0.55213364 0.00146699
0.83161116 0.55224789 0.00146613
0.83288246 0.55235827 0.00146263
0.83416855 0.55246695 0.00145696
0.83543986 0.55257649 0.00144959
0.83672594 0.55268992 0.00144111
0.83799725 0.55281034 0.00143202
0.83926856 0.55294057 0.00142266
0.84055464 0.55308331 0.00141336
0.84182595 0.55324115 0.00140441
0.84309725 0.55341633 0.00139621
0.84438334 0.55361040 0.00138909
0.84565465 0.55382305 0.00138321
0.84692595 0.55405089 0.00137858
0.84821204 0.55428749 0.00137471
0.84948335 0.55452269 0.00137027
0.85076944 0.55474717 0.00136421
0.85204074 0.55495687 0.00135616
0.85331205 0.55515475 0.00134676
0.85459813 0.55535012 0.00133782
0.85586944 0.55554928 0.00132953
0.85714075 0.55575621 0.00132178
0.85842683 0.55597516 0.00131503
0.85969814 0.55620905 0.00130955
0.86096944 0.55645913 0.00130539
0.86225553 0.55672455 0.00130260
0.86352684 0.55700040 0.00130018
0.86479814 0.55727433 0.00129451
0.86608423 0.55753418 0.00128292
0.86735554 0.55777230 0.00126405
0.86862684 0.55798614 0.00123856
0.86991293 0.55817926 0.00120973
0.87118424 0.55835738 0.00118069
0.87245554 0.55852693 0.00115377
0.87374163 0.55869587 0.00113047
0.87501293 0.55887255 0.00111109
0.87628424 0.55906472 0.00109553
0.87757033 0.55927929 0.00108384
0.87884163 0.55952105 0.00107577
0.88011294 0.55979256 0.00107124
0.88138424 0.56009344 0.00107011
0.88267033 0.56042145 0.00107218
0.88394164 0.56077313 0.00107709
0.88521294 0.56114370 0.00108404
0.88649903 0.56152865 0.00109205
0.88777034 0.56192174 0.00109926
0.88904164 0.56231667 0.00110339
0.89032773 0.56270918 0.00110336
0.89159904 0.56309681 0.00109962
0.89287034 0.56347714 0.00109310
0.89415643 0.56384644 0.00108416
0.89542774 0.56420190 0.00107318
0.89669904 0.56454304 0.00106081
0.89797035 0.56487139 0.00104766
0.89925643 0.56518965 0.00103434
0.90052774 0.56550100 0.00102143
0.90179905 0.56580839 0.00100899
0.90308513 0.56611472 0.00099733
0.90435644 0.56642314 0.00098703
0.90562774 0.56673693 0.00097870
0.90691383 0.56705905 0.00097301
0.90818514 0.56739208 0.00097071
0.90945644 0.56773724 0.00097201
0.91072775 0.56809398 0.00097685
0.91201384 0.56845964 0.00098421
0.91328514 0.56882811 0.00099137
0.91455645 0.56919356 0.00099698
0.91582775 0.56955062 0.00099973
0.91711384 0.56989336 0.00099807
0.91838515 0.57021625 0.00099100
0.91965645 0.57051548 0.00097788
0.92094254 0.57078894 0.00095842
0.92221385 0.57103782 0.00093301
0.92348515 0.57127082 0.00090504
0.92475646 0.57149787 0.00087792
0.92604254 0.57172672 0.00085411
0.92731385 0.57196201 0.00083475
0.92858516 0.57220425 0.00081906
0.92985646 0.57245309 0.00080610
0.93114255 0.57270821 0.00079504
0.93241385 0.57296978 0.00078549
0.93368516 0.57323673 0.00077633
0.93495647 0.57350622 0.00076557
0.93624255 0.57377502 0.00075127
0.93751386 0.57403898 0.00073197
0.93878516 0.57429238 0.00070685
0.94005647 0.57452740 0.00067448
0.94134256 0.57474011 0.00063541
0.94261386 0.57493609 0.00059381
0.94388517 0.57512450 0.00055394
0.94515647 0.57531225 0.00051794
0.94644256 0.57550361 0.00048621
0.94771387 0.57570226 0.00045908
0.94898517 0.57591181 0.00043666
0.95025648 0.57613529 0.00041876
0.95154257 0.57637581 0.00040557
0.95281387 0.57663579 0.00039741
0.95408518 0.57691685 0.00039509
0.95535648 0.57721614 0.00039850
0.95664257 0.57752236 0.00040417
0.95791388 0.57782021 0.00040664
0.95918518 0.57809632 0.00040125
0.96045649 0.57834538 0.00038693
0.96174258 0.57857141 0.00036640
0.96301388 0.57878187 0.00034326
0.96428519 0.57898305 0.00031977
0.96555649 0.57917990 0.00029762
0.96682780 0.57937792 0.00027860
0.96811389 0.57958273 0.00026360
0.96938519 0.57979862 0.00025242
0.97065650 0.58002807 0.00024413
0.97192780 0.58027196 0.00023792
0.97321389 0.58052974 0.00023348
0.97448520 0.58080004 0.00023112
0.97575650 0.58108025 0.00023144
0.97702781 0.58136566 0.00023406
0.97829911 0.58165110 0.00023819
0.97958520 0.58193131 0.00024250
0.98085651 0.58220243 0.00024552
0.98212781 0.58246295 0.00024667
0.98339912 0.58271322 0.00024594
0.98468520 0.58295561 0.00024390
0.98595651 0.58319244 0.00024111
0.98722781 0.58342607 0.00023815
0.98849912 0.58365932 0.00023571
0.98977043 0.58389491 0.00023451
0.99105651 0.58413514 0.00023520
0.99232782 0.58438107 0.00023793
0.99359912 0.58463305 0.00024264
0.99487043 0.58489130 0.00024923
0.99614174 0.58515693 0.00025828
0.99742782 0.58543201 0.00027105
0.99869913 0.58571825 0.00028880
0.99997043 0.58601566 0.00031189
1.00124174 0.58632167 0.00033902
1.00251305 0.58663328 0.00036867
1.00378435 0.58694776 0.00039948
1.00507044 0.58726310 0.00043047
1.00634174 0.58757852 0.00046148
1.00761305 0.58789382 0.00049253
1.00888436 0.58820878 0.00052359
1.01015566 0.58852308 0.00055449
1.01144175 0.58883640 0.00058507
1.01271305 0.58914811 0.00061498
1.01398436 0.58945750 0.00064376
1.01525567 0.58976376 0.00067095
1.01652697 0.59006579 0.00069589
1.01779828 0.59036228 0.00071776
1.01908436 0.59065208 0.00073584
1.02035567 0.59093519 0.00075015
1.02162698 0.59121362 0.00076201
1.02289828 0.59149133 0.00077393
1.02416959 0.59177283 0.00078873
1.02545567 0.59206167 0.00080854
1.02672698 0.59235904 0.00083398
1.02799829 0.59266367 0.00086408
1.02926959 0.59297322 0.00089728
1.03054090 0.59328552 0.00093220
1.03181220 0.59359852 0.00096758
1.03309829 0.59390971 0.00100195
1.03436960 0.59421647 0.00103381
1.03564090 0.59451615 0.00106166
1.03691221 0.59480717 0.00108464
1.03818351 0.59508999 0.00110320
1.03945482 0.59536520 0.00111781
1.04072612 0.59563319 0.00112870
1.04201221 0.59589459 0.00113624
1.04328352 0.59614973 0.00114061
1.04455482 0.59639915 0.00114210
1.04582613 0.59664417 0.00114151
1.04709743 0.59688694 0.00114024
1.04836874 0.59712973 0.00113974
1.04965483 0.59737427 0.00114115
1.05092613 0.59762158 0.00114514
1.05219744 0.59787165 0.00115174
1.05346874 0.59812301 0.00116005
1.05474005 0.59837308 0.00116854
1.05601135 0.59861876 0.00117535
1.05728266 0.59885599 0.00117808
1.05856875 0.59908080 0.00117444
1.05984005 0.59928954 0.00116235
1.06111136 0.59948059 0.00114098
1.06238266 0.59965648 0.00111201
1.06365397 0.59981943 0.00107686
1.06492527 0.59997087 0.00103637
1.06619658 0.60011231 0.00099148
1.06746788 0.60024561 0.00094334
1.06875397 0.60037418 0.00089411
1.07002528 0.60050206 0.00084637
1.07129658 0.60063316 0.00080253
1.07256789 0.60077073 0.00076454
1.07383919 0.60091731 0.00073378
1.07511050 0.60107477 0.00071119
1.07638181 0.60124390 0.00069699
1.07766789 0.60142197 0.00068892
1.07893920 0.60160171 0.00068235
1.08021050 0.60177351 0.00067152
1.08148181 0.60193082 0.00065287
1.08275312 0.60207367 0.00062698
1.08402442 0.60220564 0.00059636
1.08529573 0.60233069 0.00056368
1.08656703 0.60245048 0.00053008
1.08783834 0.60256587 0.00049619
1.08912443 0.60267825 0.00046297
1.09039573 0.60278874 0.00043125
1.09166704 0.60289837 0.00040187
1.09293834 0.60300773 0.00037547
1.09420965 0.60311724 0.00035258
1.09548095 0.60322720 0.00033362
1.09675226 0.60333814 0.00031904
1.09802356 0.60345080 0.00030906
1.09930965 0.60356585 0.00030362
1.10058096 0.60368378 0.00030233
1.10185226 0.60380469 0.00030445
1.10312357 0.60392854 0.00030938
1.10439487 0.60405540 0.00031648
1.10566618 0.60418532 0.00032511
1.10693748 0.60431833 0.00033473
1.10820879 0.60445432 0.00034488
1.10948010 0.60459287 0.00035520
1.11075140 0.60473324 0.00036552
1.11203749 0.60487444 0.00037579
1.11330879 0.60501527 0.00038609
1.11458010 0.60515463 0.00039662
1.11585141 0.60529131 0.00040766
1.11712271 0.60542416 0.00041968
1.11839402 0.60555253 0.00043326
1.11966532 0.60567763 0.00044849
1.12093663 0.60580364 0.00046450
1.12220793 0.60593894 0.00047847
1.12347924 0.60609428 0.00048607
1.12475054 0.60627664 0.00048479
1.12603663 0.60648441 0.00047614
1.12730794 0.60670897 0.00046430
1.12857924 0.60693960 0.00045233
1.12985055 0.60716518 0.00044222
1.13112185 0.60737471 0.00043417
1.13239316 0.60755617 0.00042656
1.13366446 0.60769786 0.00042051
1.13493577 0.60779218 0.00041858
1.13620707 0.60783307 0.00043131
1.13747838 0.60781864 0.00048073
1.13874969 0.60776092 0.00057646
1.14002099 0.60769094 0.00069741
1.14130708 0.60763750 0.00081426
1.14257838 0.60761215 0.00091415
1.14384969 0.60762246 0.00099257
1.14512100 0.60767273 0.00104710
1.14639230 0.60775774 0.00107469
1.14766361 0.60786167 0.00107940
1.14893491 0.60797895 0.00106745
1.15020622 0.60811852 0.00104281
1.15147752 0.60829219 0.00100947
1.15274883 0.60850510 0.00096477
1.15402013 0.60876781 0.00091654
1.15529144 0.60900783 0.00088573
1.15656274 0.60923230 0.00085313
1.15783405 0.60946138 0.00081906
1.15912014 0.60969467 0.00078383
1.16039144 0.60993179 0.00074780
1.16166275 0.61017229 0.00071138
1.16293405 0.61041572 0.00067502
1.16420536 0.61066162 0.00063920
1.16547667 0.61090948 0.00060449
1.16674797 0.61115879 0.00057148
1.16801928 0.61140900 0.00054084
1.16929058 0.61165956 0.00051324
1.17056189 0.61190990 0.00048938
1.17183319 0.61215942 0.00046987
1.17310450 0.61240752 0.00045520
1.17437580 0.61265358 0.00044567
1.17564711 0.61289698 0.00044130
1.17691841 0.61313706 0.00044181
1.17818972 0.61337320 0.00044666
1.17946103 0.61360473 0.00045513
1.18074711 0.61383099 0.00046635
1.18201842 0.61405132 0.00047944
1.18328972 0.61426507 0.00049354
1.18456103 0.61447157 0.00050787
1.18583234 0.61467016 0.00052175
1.18710364 0.61486020 0.00053459
1.18837495 0.61504104 0.00054590
1.18964625 0.61521205 0.00055533
1.19091756 0.61537260 0.00056261
1.19218886 0.61552210 0.00056759
1.19346017 0.61565996 0.00057026
1.19473147 0.61578560 0.00057076
1.19600278 0.61589848 0.00056938
1.19727408 0.61599809 0.00056663
1.19854539 0.61608394 0.00056327
1.19981670 0.61615556 0.00056030
1.20108800 0.61621253 0.00055905
1.20235931 0.61625446 0.00056111
1.20363061 0.61628101 0.00056832
1.20490192 0.61629186 0.00058258
1.20617322 0.61628677 0.00060567
1.20744453 0.61626552 0.00063905
1.20873062 0.61622797 0.00068367
1.21000192 0.61617400 0.00073996
1.21127323 0.61610359 0.00080786
1.21254453 0.61601675 0.00088698
1.21381584 0.61591359 0.00097675
1.21508714 0.61579427 0.00107645
1.21635845 0.61565902 0.00118537
1.21762975 0.61550816 0.00130277
1.21890106 0.61534209 0.00142795
1.22017237 0.61516130 0.00156019
1.22144367 0.61496636 0.00169879
1.22271498 0.61475795 0.00184306
1.22398628 0.61453683 0.00199226
1.22525759 0.61430387 0.00214566
1.22652889 0.61406006 0.00230248
1.22780020 0.61380649 0.00246190
1.22907150 0.61354435 0.00262307
1.23034281 0.61327499 0.00278507
1.23161411 0.61299985 0.00294695
1.23288542 0.61272052 0.00310766
1.23415673 0.61243871 0.00326614
1.23542803 0.61215627 0.00342121
1.23669934 0.61187522 0.00357165
1.23797064 0.61159769 0.00371616
1.23924195 0.61132599 0.00385336
1.24051325 0.61106258 0.00398180
1.24178456 0.61081008 0.00409993
1.24305586 0.61057130 0.00420614
1.24432717 0.61034920 0.00429871
1.24559847 0.61014694 0.00437586
1.24686978 0.60996784 0.00443572
1.24814109 0.60981543 0.00447632
1.24941239 0.60969344 0.00449561
1.25068370 0.60960579 0.00449148
1.25195500 0.60955661 0.00446174
1.25322631 0.60955024 0.00440415
1.25449761 0.60959125 0.00431644
1.25576892 0.60968444 0.00419632
1.25704022 0.60983480 0.00404161
1.25831153 0.61004762 0.00385025
1.25958283 0.61032838 0.00362056
1.26085414 0.61068283 0.00335155
1.26212545 0.61111699 0.00304359
1.26339675 0.61163710 0.00269979
1.26466806 0.61224972 0.00232926
1.26593936 0.61296164 0.00195484
1.26721067 0.61377996 0.00163160
1.26848197 0.61471205 0.00147510
1.26975328 0.61576558 0.00162497
1.27102458 0.61694853 0.00209527
1.27229589 0.61826918 0.00279705
1.27356719 0.61973612 0.00366230
1.27483850 0.62135826 0.00465956
1.27610981 0.62314484 0.00577658
1.27738111 0.62510546 0.00700980
1.27865242 0.62725002 0.00835989
1.27992372 0.62958880 0.00982967
1.28119503 0.63213242 0.01142325
-0.96316762 0.62506373 0.00837715
-0.96189631 0.62250893 0.00856221
-0.96062353 0.62179141 0.00821157
-0.95934927 0.62116723 0.00811097
-0.95807353 0.62034350 0.00785252
-0.95679779 0.61891480 0.00731688
-0.95551909 0.61623390 0.00600810
-0.95423744 0.61057401 0.00274744
-0.95295431 0.59447254 0.00582677
-0.95167118 0.57318893 0.01042838
-0.95038804 0.57134554 0.00923828
-0.94910048 0.59028113 0.00684795
-0.94781143 0.60892000 0.00560846
-0.94651943 0.62006847 0.00483819
-0.94522743 0.62730169 0.00433915
-0.94393247 0.63252904 0.00386075
-0.94263604 0.63721808 0.00349248
-0.94133960 0.64172316 0.00318290
-0.94004021 0.64616814 0.00291654
-0.93873934 0.65041989 0.00270552
-0.93743699 0.65439322 0.00253019
-0.93613316 0.65809718 0.00237791
-0.93482786 0.66157808 0.00224423
-0.93351959 0.66486441 0.00212530
-0.93221133 0.66798395 0.00201857
-0.93090011 0.67095910 0.00192216
-0.92958890 0.67380836 0.00183492
-0.92827472 0.67654870 0.00175583
-0.92695907 0.67919119 0.00168290
-0.92564341 0.68174689 0.00161677
-0.92432480 0.68422825 0.00155455
-0.92300472 0.68664181 0.00149835
-0.92168315 0.68898983 0.00144803
-0.92036010 0.69127910 0.00140063
-0.91903410 0.69351638 0.00135490
-0.91770810 0.69569492 0.00131067
-0.91638062 0.69781017 0.00127021
-0.91505167 0.69985763 0.00123050
-0.91371975 0.70184633 0.00119009
-0.91238784 0.70380113 0.00115356
-0.91105297 0.70573107 0.00111997
-0.90971810 0.70764294 0.00108718
-0.90838027 0.70953672 0.00105743
-0.90704096 0.71141017 0.00102820
-0.90570166 0.71326554 0.00100255
-0.90435940 0.71510282 0.00097709
-0.90301565 0.71692429 0.00095214
-0.90167044 0.71872768 0.00093033
-0.90032374 0.72051525 0.00090864
-0.89897556 0.72229153 0.00088756
-0.89762591 0.72405424 0.00086930
-0.89627478 0.72580113 0.00084841
-0.89492217 0.72753898 0.00083367
-0.89356808 0.72926554 0.00081338
-0.89221251 0.73098079 0.00079836
-0.89085547 0.73268701 0.00078407
-0.88949695 0.73438418 0.00076706
-0.88813547 0.73607232 0.00075270
-0.88677399 0.73775141 0.00074091
-0.88541103 0.73942147 0.00073003
-0.88404659 0.74108475 0.00071552
-0.88267920 0.74273898 0.00070204
-0.88131181 0.74439096 0.00069100
-0.87994294 0.74603164 0.00067802
-0.87857259 0.74766780 0.00066953
-0.87719928 0.74929944 0.00065911
-0.87582598 0.75091977 0.00064779
-0.87445120 0.75254011 0.00063660
-0.87307345 0.75415593 0.00062872
-0.87169571 0.75576271 0.00061783
-0.87031650 0.75736497 0.00061028
-0.86893580 0.75896271 0.00060155
-0.86755215 0.76055819 0.00059430
-0.86616849 0.76214689 0.00058725
-0.86478336 0.76373107 0.00057889
-0.86339675 0.76531525 0.00057065
-0.86200866 0.76689266 0.00056252
-0.86061762 0.76846554 0.00055770
-0.85922657 0.77003616 0.00054982
-0.85783405 0.77160226 0.00054037
-0.85644005 0.77316836 0.00053590
-0.85504457 0.77472542 0.00052838
-0.85364761 0.77628701 0.00052238
-0.85224918 0.77783955 0.00051829
-0.85084926 0.77939209 0.00050928
-0.84944787 0.78094237 0.00050671
-0.84804648 0.78248814 0.00049786
-0.84664213 0.78403616 0.00049227
-0.84523630 0.78557740 0.00048676
-0.84382899 0.78712090 0.00047931
-0.84242169 0.78866215 0.00047394
-0.84101143 0.79020339 0.00046866
-0.83960116 0.79174237 0.00046449
-0.83818795 0.79328588 0.00045722
-0.83677473 0.79482486 0.00045312
-0.83536003 0.79636836 0.00044593
-0.83394238 0.79790734 0.00044189
-0.83252472 0.79945085 0.00043347
-0.83110559 0.80099661 0.00042946
-0.82968498 0.80254237 0.00042548
-0.82826289 0.80409040 0.00041929
-0.82684081 0.80563616 0.00041396
-0.82541576 0.80718192 0.00040863
-0.82398924 0.80872316 0.00040244
-0.82256272 0.81026215 0.00040244
-0.82113324 0.81179435 0.00039711
-0.81970376 0.81332203 0.00039091
-0.81827280 0.81484294 0.00038869
-0.81684036 0.81635254 0.00038427
-0.81540645 0.81784859 0.00038116
-0.81397106 0.81933559 0.00037897
-0.81253418 0.82080452 0.00037586
-0.81109584 0.82225537 0.00037185
-0.80965749 0.82368814 0.00036964
-0.80821618 0.82510056 0.00036874
-0.80677488 0.82649492 0.00036564
-0.80533209 0.82786667 0.00036477
-0.80388783 0.82921356 0.00036168
-0.80244209 0.83054237 0.00035776
-0.80099487 0.83185537 0.00035619
-0.79954765 0.83314576 0.00035544
-0.79809748 0.83442260 0.00035099
-0.79664730 0.83568588 0.00035033
-0.79519565 0.83693559 0.00034609
-0.79374252 0.83817853 0.00034201
-0.79228791 0.83941469 0.00034152
-0.79083182 0.84064407 0.00033767
-0.78937573 0.84186667 0.00033178
-0.78791669 0.84309153 0.00033107
-0.78645764 0.84431638 0.00032497
-0.78499712 0.84553672 0.00032184
-0.78353512 0.84676610 0.00031611
-0.78207164 0.84799548 0.00031040
-0.78060816 0.84923616 0.00030743
-0.77914320 0.85048136 0.00030461
-0.77767528 0.85173559 0.00029907
-0.77620885 0.85299887 0.00029345
-0.77473946 0.85427119 0.00028801
-0.77326859 0.85554802 0.00028530
-0.77179771 0.85682938 0.00027977
-0.77032537 0.85810847 0.00027439
-0.76885154 0.85938757 0.00026905
-0.76737623 0.86066215 0.00026665
-0.76590093 0.86193220 0.00026403
-0.76442266 0.86319322 0.00026176
-0.76294440 0.86444520 0.00025663
-0.76146466 0.86568362 0.00025157
-0.75998492 0.86690621 0.00025254
-0.75850222 0.86810847 0.00025008
-0.75701953 0.86929718 0.00024764
-0.75553535 0.87046102 0.00024824
-0.75405118 0.87160226 0.00024584
-0.75256405 0.87272090 0.00024584
-0.75107691 0.87381469 0.00024346
-0.74958830 0.87488136 0.00024281
-0.74809822 0.87592768 0.00024220
-0.74660813 0.87695141 0.00024220
-0.74511656 0.87795028 0.00024163
-0.74362352 0.87893107 0.00023863
-0.74212899 0.87989379 0.00023514
-0.74063447 0.88084520 0.00023468
-0.73913847 0.88178079 0.00023133
-0.73764099 0.88270960 0.00022806
-0.73614351 0.88363390 0.00022777
-0.73464307 0.88454915 0.00022465
-0.73314412 0.88546441 0.00022163
-0.73164220 0.88638418 0.00021880
-0.73014029 0.88730847 0.00021317
-0.72863542 0.88823729 0.00020764
-0.72713202 0.88917740 0.00020484
-0.72562567 0.89013107 0.00019938
-0.72411933 0.89110734 0.00019683
-0.72261150 0.89208814 0.00019951
-0.72110367 0.89305537 0.00019969
-0.71959436 0.89399774 0.00019969
-0.71808358 0.89491525 0.00019704
-0.71657132 0.89581243 0.00019440
-0.71505906 0.89669379 0.00019440
-0.71354532 0.89756158 0.00019440
-0.71203158 0.89842034 0.00019152
-0.71051488 0.89926554 0.00018864
-0.70899966 0.90010395 0.00018578
-0.70748148 0.90093333 0.00018312
-0.70596331 0.90175593 0.00018293
-0.70444366 0.90256949 0.00018293
-0.70292400 0.90338079 0.00018008
-0.70140287 0.90417853 0.00017725
-0.69988026 0.90497401 0.00017717
-0.69835765 0.90576271 0.00017444
-0.69683356 0.90654689 0.00017163
-0.69530800 0.90732655 0.00017163
-0.69378243 0.90809718 0.00016884
-0.69225538 0.90886328 0.00016884
-0.69072834 0.90962712 0.00016607
-0.68919982 0.91038644 0.00016607
-0.68766982 0.91113672 0.00016331
-0.68613981 0.91188475 0.00016053
-0.68460833 0.91262825 0.00015777
-0.68307685 0.91336723 0.00015777
-0.68154390 0.91409944 0.00015777
-0.68001094 0.91482712 0.00015500
-0.67847650 0.91555028 0.00015224
-0.67694059 0.91626893 0.00015224
-0.67540467 0.91698305 0.00014946
-0.67386728 0.91768814 0.00014946
-0.67232841 0.91839322 0.00014392
-0.67078954 0.91909153 0.00014392
-0.66925067 0.91978531 0.00014117
-0.66771032 0.92047684 0.00014117
-0.66616849 0.92115932 0.00013839
-0.66462666 0.92183503 0.00013843
-0.66308484 0.92250621 0.00013843
-0.66154005 0.92317514 0.00013563
-0.65999675 0.92383503 0.00013289
-0.65845049 0.92448814 0.00013017
-0.65690570 0.92513672 0.00013289
-0.65535796 0.92577627 0.00013017
-0.65381022 0.92640904 0.00012748
-0.65226248 0.92703729 0.00013017
-0.65071326 0.92765424 0.00012464
-0.64916404 0.92825989 0.00012748
-0.64761335 0.92885876 0.00012736
-0.64606265 0.92944407 0.00012464
-0.64451047 0.93001582 0.00012456
-0.64295830 0.93057175 0.00012456
-0.64140464 0.93112768 0.00011903
-0.63985099 0.93168588 0.00011903
-0.63829586 0.93224181 0.00011903
-0.63674073 0.93280226 0.00011629
-0.63518412 0.93336497 0.00011629
-0.63362751 0.93392316 0.00011349
-0.63207090 0.93448362 0.00011076
-0.63051133 0.93503729 0.00011071
-0.62895324 0.93559096 0.00010796
-0.62739368 0.93613785 0.00010796
-0.62583411 0.93668023 0.00010796
-0.62427306 0.93722034 0.00010518
-0.62271202 0.93775367 0.00010522
-0.62114950 0.93828475 0.00010252
-0.61958697 0.93880904 0.00010242
-0.61802445 0.93932881 0.00010252
-0.61646045 0.93984633 0.00009985
-0.61489497 0.94035480 0.00009985
-0.61333097 0.94085650 0.00009985
-0.61176401 0.94135593 0.00009699
-0.61019853 0.94184859 0.00009720
-0.60863157 0.94233446 0.00009432
-0.60706461 0.94281582 0.00009432
-0.60549618 0.94329266 0.00009169
-0.60392774 0.94376045 0.00009169
-0.60235783 0.94422599 0.00009202
-0.60078939 0.94468249 0.00009169
-0.59921800 0.94513446 0.00009202
-0.59764808 0.94558192 0.00008653
-0.59607669 0.94602260 0.00008653
-0.59450530 0.94646102 0.00008909
-0.59293243 0.94689040 0.00008653
-0.59135956 0.94731751 0.00008653
-0.58978669 0.94773785 0.00008653
-0.58821234 0.94815141 0.00008653
-0.58663799 0.94856271 0.00008359
-0.58506364 0.94896949 0.00008359
-0.58348781 0.94936949 0.00008359
-0.58191198 0.94976497 0.00008104
-0.58033616 0.95015819 0.00008104
-0.57875885 0.95054689 0.00008066
-0.57718302 0.95092655 0.00008066
-0.57560424 0.95130847 0.00007809
-0.57402693 0.95168362 0.00007776
-0.57244815 0.95205650 0.00007776
-0.57086937 0.95242486 0.00007516
-0.56929058 0.95279322 0.00007488
-0.56771032 0.95315480 0.00007776
-0.56613006 0.95351864 0.00007488
-0.56454980 0.95387571 0.00007203
-0.56296805 0.95423277 0.00007225
-0.56138779 0.95458531 0.00007225
-0.55980605 0.95494011 0.00007203
-0.55822283 0.95529266 0.00007203
-0.55664109 0.95564294 0.00006673
-0.55505787 0.95599548 0.00006673
-0.55347466 0.95634802 0.00006673
-0.55189144 0.95670282 0.00006416
-0.55030822 0.95705763 0.00006164
-0.54872352 0.95741695 0.00006164
-0.54713882 0.95778079 0.00006222
-0.54555413 0.95814011 0.00006222
-0.54396943 0.95849040 0.00006295
-0.54238325 0.95882938 0.00006295
-0.54079708 0.95915480 0.00006295
-0.53921090 0.95947119 0.00006384
-0.53762473 0.95978079 0.00006072
-0.53603855 0.96008588 0.00006072
-0.53445090 0.96038418 0.00006072
-0.53286472 0.96067797 0.00006384
-0.53127707 0.96096723 0.00006072
-0.52968942 0.96125424 0.00005988
-0.52810029 0.96153672 0.00006072
-0.52651263 0.96181921 0.00005762
-0.52492498 0.96209718 0.00005762
-0.52333585 0.96237062 0.00006072
-0.52174671 0.96264633 0.00005762
-0.52015758 0.96291073 0.00005762
-0.51856845 0.96318192 0.00005762
-0.51697932 0.96344633 0.00005762
-0.51538871 0.96370847 0.00005452
-0.51379958 0.96397062 0.00005545
-0.51220897 0.96423051 0.00005452
-0.51061836 0.96448814 0.00005452
-0.50902775 0.96474124 0.00005232
-0.50743714 0.96499661 0.00005452
-0.50584653 0.96524972 0.00005232
-0.50425592 0.96549605 0.00005023
-0.50266383 0.96574463 0.00005232
-0.50107322 0.96599096 0.00005023
-0.49948261 0.96623503 0.00005023
-0.49789052 0.96647910 0.00005023
-0.49629843 0.96671638 0.00005023
-0.49470782 0.96695593 0.00004826
-0.49311573 0.96719322 0.00004826
-0.49152364 0.96742825 0.00005023
-0.48993156 0.96766102 0.00004826
-0.48833947 0.96789153 0.00004826
-0.48674738 0.96811977 0.00004961
-0.48515529 0.96834350 0.00004961
-0.48356320 0.96856723 0.00004961
-0.48196964 0.96878418 0.00004961
-0.48037755 0.96900113 0.00004961
-0.47878546 0.96921808 0.00004961
-0.47719337 0.96942825 0.00004961
-0.47559980 0.96963390 0.00004794
-0.47400772 0.96983503 0.00004961
-0.47241563 0.97003164 0.00004961
-0.47082206 0.97022825 0.00004961
-0.46922997 0.97041130 0.00004961
-0.46763788 0.97058983 0.00004826
-0.46604432 0.97076384 0.00004961
-0.46445223 0.97093559 0.00004826
-0.46286014 0.97110960 0.00004508
-0.46126658 0.97128588 0.00004508
-0.45967449 0.97146215 0.00004508
-0.45808240 0.97163842 0.00004508
-0.45649031 0.97181469 0.00004508
-0.45489822 0.97199322 0.00004323
-0.45330613 0.97216949 0.00004323
-0.45171257 0.97234576 0.00004323
-0.45012048 0.97251751 0.00004191
-0.44852839 0.97269379 0.00004191
-0.44693778 0.97286328 0.00004191
-0.44534569 0.97303729 0.00004323
-0.44375360 0.97320678 0.00004323
-0.44216151 0.97337627 0.00004323
-0.44057090 0.97354350 0.00004005
-0.43897882 0.97370847 0.00004323
-0.43738821 0.97387119 0.00004323
-0.43579612 0.97403390 0.00004323
-0.43420551 0.97419661 0.00004323
-0.43261490 0.97435706 0.00004005
-0.43102429 0.97451299 0.00004005
-0.42943368 0.97466893 0.00004005
-0.42784307 0.97482486 0.00004005
-0.42625394 0.97497853 0.00004155
-0.42466333 0.97512994 0.00004005
-0.42307419 0.97527910 0.00004005
-0.42148358 0.97542825 0.00004005
-0.41989445 0.97557514 0.00004155
-0.41830532 0.97572203 0.00003835
-0.41671619 0.97586441 0.00003835
-0.41512853 0.97600678 0.00003835
-0.41353940 0.97614689 0.00004005
-0.41195175 0.97628475 0.00003835
-0.41036262 0.97642260 0.00004155
-0.40877496 0.97655819 0.00004155
-0.40718731 0.97669153 0.00003835
-0.40560114 0.97682712 0.00003835
-0.40401348 0.97695593 0.00003835
-0.40242731 0.97708475 0.00003835
-0.40084113 0.97721356 0.00003835
-0.39925496 0.97734237 0.00003835
-0.39766878 0.97746441 0.00003835
-0.39608261 0.97758870 0.00003686
-0.39449791 0.97771073 0.00003686
-0.39291321 0.97783051 0.00003835
-0.39132851 0.97795254 0.00003835
-0.38974382 0.97807006 0.00003686
-0.38816060 0.97818531 0.00003686
-0.38657738 0.97830282 0.00003516
-0.38499416 0.97841582 0.00003686
-0.38341094 0.97852881 0.00003835
-0.38182920 0.97863955 0.00003686
-0.38024598 0.97875028 0.00003516
-0.37866424 0.97886102 0.00003835
-0.37708398 0.97896497 0.00003686
-0.37550224 0.97907345 0.00003686
-0.37392198 0.97917966 0.00003367
-0.37234172 0.97928362 0.00003686
-0.37076145 0.97938531 0.00003686
-0.36918267 0.97948701 0.00003686
-0.36760388 0.97958870 0.00003686
-0.36602510 0.97968814 0.00003367
-0.36444780 0.97978983 0.00003367
-0.36286901 0.97989153 0.00003367
-0.36129171 0.97999096 0.00003559
-0.35971588 0.98008814 0.00003367
-0.35814005 0.98018757 0.00003559
-0.35656422 0.98028475 0.00003367
-0.35498840 0.98038418 0.00003559
-0.35341405 0.98048136 0.00003367
-0.35183970 0.98057627 0.00003367
-0.35026535 0.98067119 0.00003367
-0.34869248 0.98076610 0.00003367
-0.34711961 0.98085876 0.00003559
-0.34554674 0.98095141 0.00003244
-0.34397534 0.98104633 0.00003244
-0.34240395 0.98113446 0.00003244
-0.34083256 0.98122486 0.00003559
-0.33926264 0.98131751 0.00003244
-0.33769273 0.98140565 0.00003244
-0.33612429 0.98149379 0.00003244
-0.33455586 0.98158192 0.00003244
-0.33298742 0.98166780 0.00003457
-0.33142046 0.98175141 0.00003244
-0.32985350 0.98183729 0.00003457
-0.32828655 0.98192090 0.00003244
-0.32672107 0.98200452 0.00003148
-0.32515559 0.98208588 0.00003148
-0.32359159 0.98216723 0.00003148
-0.32202758 0.98224859 0.00003148
-0.32046358 0.98232994 0.00003148
-0.31890106 0.98240678 0.00003457
-0.31734002 0.98248588 0.00003148
-0.31577749 0.98256045 0.00003148
-0.31421793 0.98263729 0.00003082
-0.31265688 0.98271186 0.00003082
-0.31109731 0.98278644 0.00003082
-0.30953923 0.98285650 0.00003382
-0.30798114 0.98292655 0.00003337
-0.30642305 0.98299661 0.00003082
-0.30486644 0.98306215 0.00003337
-0.30330983 0.98312994 0.00003337
-0.30175470 0.98319548 0.00003049
-0.30019957 0.98326554 0.00003049
-0.29864591 0.98333785 0.00003049
-0.29709226 0.98341017 0.00002768
-0.29554008 0.98348475 0.00002768
-0.29398791 0.98356384 0.00003049
-0.29243721 0.98363842 0.00003049
-0.29088651 0.98371751 0.00002786
-0.28933730 0.98379661 0.00002768
-0.28778808 0.98387571 0.00003049
-0.28623886 0.98395706 0.00003049
-0.28469112 0.98403842 0.00003049
-0.28314485 0.98411751 0.00002786
-0.28159859 0.98419887 0.00002786
-0.28005381 0.98428023 0.00002786
-0.27850902 0.98436158 0.00002786
-0.27696572 0.98444294 0.00002786
-0.27542241 0.98452429 0.00002786
-0.27388059 0.98460791 0.00003049
-0.27234024 0.98469153 0.00002768
-0.27079989 0.98477288 0.00002768
-0.26925954 0.98485650 0.00002786
-0.26772067 0.98493785 0.00002786
-0.26618327 0.98501921 0.00002786
-0.26464588 0.98510056 0.00002786
-0.26310997 0.98518192 0.00002786
-0.26157405 0.98526328 0.00002786
-0.26003962 0.98534689 0.00002496
-0.25850518 0.98542825 0.00002496
-0.25697222 0.98551412 0.00002786
-0.25544074 0.98559548 0.00002786
-0.25390926 0.98567910 0.00002496
-0.25237926 0.98576045 0.00002496
-0.25084926 0.98584633 0.00002786
-0.24932074 0.98592994 0.00002496
-0.24779369 0.98601356 0.00002214
-0.24626665 0.98609944 0.00002496
-0.24474108 0.98618757 0.00002496
-0.24321552 0.98627345 0.00002496
-0.24169143 0.98636384 0.00002237
-0.24016882 0.98645650 0.00002496
-0.23864621 0.98654915 0.00002537
-0.23712508 0.98664407 0.00002537
-0.23560542 0.98673898 0.00002537
-0.23408577 0.98682486 0.00002786
-0.23256759 0.98689944 0.00002786
-0.23104942 0.98696949 0.00002537
-0.22953272 0.98703503 0.00002786
-0.22801750 0.98709605 0.00002786
-0.22650376 0.98715706 0.00002786
-0.22499002 0.98721582 0.00002496
-0.22347628 0.98727458 0.00002768
-0.22196550 0.98733107 0.00002496
-0.22045471 0.98738983 0.00002768
-0.21894541 0.98744633 0.00002496
-0.21743610 0.98750508 0.00002214
-0.21592827 0.98756384 0.00002496
-0.21442193 0.98762260 0.00002237
-0.21291705 0.98767910 0.00002496
-0.21141218 0.98774011 0.00002496
-0.20990879 0.98780113 0.00002496
-0.20840540 0.98785989 0.00002237
-0.20690496 0.98792090 0.00002237
-0.20540453 0.98798192 0.00002237
-0.20390557 0.98804746 0.00002537
-0.20240661 0.98811073 0.00002237
-0.20090913 0.98817175 0.00002237
-0.19941313 0.98823955 0.00002237
-0.19791861 0.98830056 0.00002237
-0.19642408 0.98836836 0.00002237
-0.19493104 0.98843390 0.00001996
-0.19343947 0.98850169 0.00001996
-0.19194791 0.98856949 0.00001996
-0.19045930 0.98863729 0.00001996
-0.18897069 0.98870734 0.00002237
-0.18748355 0.98877514 0.00002237
-0.18599642 0.98884294 0.00002237
-0.18451077 0.98891073 0.00002237
-0.18302659 0.98897627 0.00001996
-0.18154390 0.98904407 0.00001996
-0.18006268 0.98910734 0.00002237
-0.17858146 0.98917288 0.00001996
-0.17710172 0.98924068 0.00001996
-0.17562346 0.98930395 0.00002237
-0.17414667 0.98936949 0.00001996
-0.17266989 0.98943503 0.00002305
-0.17119606 0.98949831 0.00001996
-0.16972223 0.98955932 0.00001996
-0.16824841 0.98962712 0.00001996
-0.16677754 0.98968814 0.00001996
-0.16530667 0.98975593 0.00001996
-0.16383875 0.98981695 0.00001996
-0.16237084 0.98988023 0.00002096
-0.16090440 0.98994350 0.00001779
-0.15943796 0.99000678 0.00001996
-0.15797449 0.99007006 0.00002096
-0.15651101 0.99013333 0.00001779
-0.15504900 0.99019661 0.00001996
-0.15358848 0.99025989 0.00002096
-0.15212944 0.99032316 0.00001779
-0.15067039 0.99038418 0.00001779
-0.14921430 0.99044972 0.00002096
-0.14775822 0.99051299 0.00001779
-0.14630375 0.99057401 0.00001779
-0.14485062 0.99063955 0.00002096
-0.14339867 0.99070282 0.00001779
-0.14194791 0.99076610 0.00001918
-0.14049847 0.99083164 0.00001779
-0.13905022 0.99089492 0.00001918
-0.13760344 0.99096045 0.00001779
-0.13615770 0.99102373 0.00001918
-0.13471344 0.99109153 0.00001918
-0.13327021 0.99115706 0.00001779
-0.13182846 0.99122034 0.00001918
-0.13038804 0.99128814 0.00001918
-0.12894881 0.99135593 0.00001918
-0.12751090 0.99142373 0.00001918
-0.12607433 0.99148927 0.00001779
-0.12463893 0.99155706 0.00001779
-0.12320502 0.99162712 0.00001918
-0.12177229 0.99169492 0.00001918
-0.12034104 0.99176497 0.00001598
-0.11891096 0.99183277 0.00001598
-0.11748222 0.99190508 0.00001918
-0.11605496 0.99197514 0.00001598
-0.11462888 0.99204972 0.00001598
-0.11320413 0.99211977 0.00001779
-0.11178086 0.99219435 0.00001779
-0.11035892 0.99226893 0.00001779
-0.10893816 0.99234576 0.00001465
-0.10751888 0.99241808 0.00001779
-0.10610108 0.99249040 0.00001598
-0.10468446 0.99256497 0.00001598
-0.10326932 0.99263503 0.00001779
-0.10185551 0.99270734 0.00001598
-0.10044304 0.99277966 0.00001465
-0.09903203 0.99284972 0.00001598
-0.09762236 0.99292429 0.00001598
-0.09621417 0.99299887 0.00001598
-0.09480731 0.99307119 0.00001465
-0.09340178 0.99314576 0.00001465
-0.09199772 0.99322034 0.00001465
-0.09059500 0.99329492 0.00001465
-0.08919376 0.99336949 0.00001465
-0.08779384 0.99344407 0.00001465
-0.08639541 0.99352090 0.00001598
-0.08499845 0.99359774 0.00001278
-0.08360282 0.99367458 0.00001465
-0.08220867 0.99374915 0.00001465
-0.08081600 0.99382825 0.00001278
-0.07942466 0.99390508 0.00001465
-0.07803480 0.99398418 0.00001278
-0.07664641 0.99405876 0.00001278
-0.07525951 0.99414011 0.00001278
-0.07387393 0.99421469 0.00001278
-0.07248984 0.99429605 0.00001278
-0.07110722 0.99437288 0.00000959
-0.06972608 0.99445198 0.00001278
-0.06834642 0.99452881 0.00000959
-0.06696823 0.99460339 0.00000959
-0.06559138 0.99467571 0.00001278
-0.06421615 0.99474350 0.00001278
-0.06284240 0.99480452 0.00001278
-0.06146998 0.99486328 0.00001152
-0.06009919 0.99492429 0.00001152
-0.05872988 0.99498531 0.00001152
-0.05736204 0.99504633 0.00001152
-0.05599568 0.99510734 0.00001152
-0.05463080 0.99517062 0.00001393
-0.05326740 0.99523390 0.00001465
-0.05190548 0.99529944 0.00001393
-0.05054518 0.99536045 0.00001393
-0.04918636 0.99542825 0.00001393
-0.04782902 0.99549831 0.00001661
-0.04647316 0.99558644 0.00001661
-0.04511893 0.99571751 0.00001944
-0.04376617 0.99588475 0.00001996
-0.04241504 0.99606554 0.00002237
-0.04106524 0.99623955 0.00001944
-0.03971706 0.99640452 0.00001691
-0.03837051 0.99656723 0.00001691
-0.03702529 0.99672316 0.00001691
-0.03568185 0.99688588 0.00001691
-0.03433973 0.99704181 0.00001691
-0.03299939 0.99720452 0.00001691
-0.03166038 0.99737401 0.00001691
-0.03032315 0.99755028 0.00002096
-0.02898739 0.99774915 0.00002413
-0.02765326 0.99800452 0.00003049
-0.02632105 0.99831186 0.00003367
-0.02499002 0.99863729 0.00003367
-0.02366047 0.99893333 0.00003049
-0.02233255 0.99918870 0.00002731
-0.02100625 0.99940791 0.00002557
-0.01968143 0.99958870 0.00002237
-0.01835824 0.99973559 0.00001918
-0.01703653 0.99984633 0.00001779
-0.01571644 0.99992768 0.00001278
-0.01439801 0.99998192 0.00001278
-0.01308110 1.00001582 0.00001278
-0.01176578 1.00002260 0.00001278
-0.01045207 1.00000678 0.00000959
-0.00913993 0.99997288 0.00000959
-0.00782941 0.99991186 0.00000959
-0.00652048 0.99983503 0.00001598
-0.00521317 0.99972203 0.00001465
-0.00390746 0.99958644 0.00002413
-0.00260335 0.99938079 0.00002557
-0.00130087 0.99915028 0.00004005
-0.00000000 0.99867119 0.00001918
