# s/c   M_is_mean    M_is_std
0.00000000 0.01893681 0.00091114
0.00130087 0.02924598 0.00040477
0.00260174 0.03707343 0.00019251
0.00390261 0.04375483 0.00009072
0.00520348 0.04973690 0.00008818
0.00650435 0.05523238 0.00012649
0.00780522 0.06036148 0.00016118
0.00910609 0.06519964 0.00018739
0.01040697 0.06979777 0.00020619
0.01170784 0.07419212 0.00021909
0.01300871 0.07840965 0.00022739
0.01430958 0.08247113 0.00023212
0.01561045 0.08639300 0.00023408
0.01691132 0.09018864 0.00023393
0.01821219 0.09386917 0.00023216
0.01951306 0.09744403 0.00022921
0.02081393 0.10092135 0.00022539
0.02211480 0.10430826 0.00022098
0.02341567 0.10761110 0.00021620
0.02470176 0.11083557 0.00021122
0.02600263 0.11398688 0.00020617
0.02730350 0.11706978 0.00020116
0.02860437 0.12008870 0.00019628
0.02990524 0.12304779 0.00019158
0.03120611 0.12595092 0.00018709
0.03250698 0.12880179 0.00018284
0.03380786 0.13160389 0.00017885
0.03510873 0.13436057 0.00017510
0.03640960 0.13707503 0.00017160
0.03771047 0.13975037 0.00016832
0.03901134 0.14238956 0.00016527
0.04029743 0.14499548 0.00016241
0.04159830 0.14757090 0.00015974
0.04289917 0.15011854 0.00015725
0.04420004 0.15264101 0.00015492
0.04550091 0.15514086 0.00015274
0.04680178 0.15762056 0.00015073
0.04810265 0.16008252 0.00014888
0.04940352 0.16252907 0.00014721
0.05068961 0.16496248 0.00014572
0.05199048 0.16738497 0.00014443
0.05329135 0.16979866 0.00014337
0.05459222 0.17220565 0.00014255
0.05589309 0.17460794 0.00014201
0.05719396 0.17700749 0.00014176
0.05849483 0.17940618 0.00014184
0.05978092 0.18180584 0.00014225
0.06108179 0.18420822 0.00014302
0.06238266 0.18661503 0.00014417
0.06368353 0.18902789 0.00014569
0.06498440 0.19144837 0.00014759
0.06628528 0.19387796 0.00014986
0.06757136 0.19631811 0.00015250
0.06887223 0.19877017 0.00015549
0.07017310 0.20123546 0.00015880
0.07147398 0.20371521 0.00016242
0.07277485 0.20621059 0.00016631
0.07407572 0.20872271 0.00017045
0.07536180 0.21125260 0.00017481
0.07666268 0.21380124 0.00017935
0.07796355 0.21636954 0.00018405
0.07926442 0.21895834 0.00018887
0.08056529 0.22156843 0.00019379
0.08185138 0.22420052 0.00019876
0.08315225 0.22685527 0.00020378
0.08445312 0.22953328 0.00020881
0.08575399 0.23223508 0.00021383
0.08704008 0.23496115 0.00021882
0.08834095 0.23771191 0.00022375
0.08964182 0.24048771 0.00022862
0.09094269 0.24328887 0.00023340
0.09224356 0.24611563 0.00023809
0.09352965 0.24896821 0.00024267
0.09483052 0.25184674 0.00024713
0.09613139 0.25475132 0.00025146
0.09743226 0.25768202 0.00025565
0.09871835 0.26063882 0.00025971
0.10001922 0.26362170 0.00026363
0.10132009 0.26663058 0.00026741
0.10260618 0.26966532 0.00027104
0.10390705 0.27272577 0.00027453
0.10520792 0.27581172 0.00027787
0.10650879 0.27892294 0.00028109
0.10779488 0.28205916 0.00028416
0.10909575 0.28522006 0.00028712
0.11039662 0.28840532 0.00028994
0.11169749 0.29161457 0.00029266
0.11298358 0.29484741 0.00029527
0.11428445 0.29810342 0.00029777
0.11558532 0.30138216 0.00030019
0.11687141 0.30468316 0.00030252
0.11817228 0.30800593 0.00030478
0.11947315 0.31134996 0.00030697
0.12075924 0.31471471 0.00030910
0.12206011 0.31809965 0.00031119
0.12336098 0.32150422 0.00031324
0.12466185 0.32492782 0.00031525
0.12594794 0.32836988 0.00031724
0.12724881 0.33182979 0.00031921
0.12854968 0.33530694 0.00032118
0.12983577 0.34067963 0.00032935
0.13113664 0.34437566 0.00033175
0.13243751 0.34804825 0.00033144
0.13372359 0.35171393 0.00033073
0.13502447 0.35538178 0.00033084
0.13632534 0.35904649 0.00033035
0.13761142 0.36270262 0.00032883
0.13891229 0.36635441 0.00032573
0.14019838 0.37003727 0.00032468
0.14149925 0.37380973 0.00033517
0.14280012 0.37769261 0.00035802
0.14408621 0.38162808 0.00038481
0.14538708 0.38550678 0.00040261
0.14668795 0.38926822 0.00040377
0.14797404 0.39291756 0.00039359
0.14927491 0.39648875 0.00038003
0.15056100 0.40004117 0.00036978
0.15186187 0.40361071 0.00036620
0.15316274 0.40717309 0.00036533
0.15444883 0.41068862 0.00036148
0.15574970 0.41416597 0.00035538
0.15703579 0.41764673 0.00035170
0.15833666 0.42111911 0.00034831
0.15963753 0.42454015 0.00033888
0.16092362 0.42789890 0.00032114
0.16222449 0.43129389 0.00030707
0.16351058 0.43486478 0.00032113
0.16481145 0.43859561 0.00036226
0.16611232 0.44238062 0.00040790
0.16739841 0.44613435 0.00044031
0.16869928 0.44981549 0.00045283
0.16998537 0.45342473 0.00045188
0.17128624 0.45697183 0.00044450
0.17257232 0.46046886 0.00043431
0.17387319 0.46392775 0.00042344
0.17517407 0.46736014 0.00041270
0.17646015 0.47077654 0.00040245
0.17776102 0.47418462 0.00039258
0.17904711 0.47758731 0.00038243
0.18034798 0.48098849 0.00037185
0.18163407 0.48439250 0.00036130
0.18293494 0.48781458 0.00035382
0.18422103 0.49128613 0.00035616
0.18552190 0.49482552 0.00037124
0.18680799 0.49841678 0.00039411
0.18810886 0.50199649 0.00040652
0.18939495 0.50550331 0.00039298
0.19069582 0.50894042 0.00035976
0.19199669 0.51240645 0.00033053
0.19328278 0.51604349 0.00033726
0.19458365 0.51984646 0.00037788
0.19586974 0.52372260 0.00042381
0.19717061 0.52762301 0.00045882
0.19845669 0.53152879 0.00047832
0.19975757 0.53546136 0.00049319
0.20104365 0.53942180 0.00050667
0.20234452 0.54336414 0.00050523
0.20363061 0.54725375 0.00048180
0.20493148 0.55106990 0.00043843
0.20621757 0.55488106 0.00039355
0.20750366 0.55883014 0.00037793
0.20880453 0.56294506 0.00039553
0.21009062 0.56716588 0.00042876
0.21139149 0.57142621 0.00045616
0.21267758 0.57568781 0.00046649
0.21397845 0.57996723 0.00046709
0.21526454 0.58429199 0.00046759
0.21656541 0.58867777 0.00047396
0.21785149 0.59313223 0.00048789
0.21915236 0.59764874 0.00050735
0.22043845 0.60221034 0.00052845
0.22173932 0.60679560 0.00054513
0.22302541 0.61138907 0.00055508
0.22432628 0.61598699 0.00055925
0.22561237 0.62060924 0.00056321
0.22689846 0.62529383 0.00057789
0.22819933 0.63005006 0.00060672
0.22948542 0.63486104 0.00064590
0.23078629 0.63970572 0.00068864
0.23207238 0.64456069 0.00072671
0.23337325 0.64940296 0.00075505
0.23465933 0.65421001 0.00077259
0.23594542 0.65896370 0.00078099
0.23724629 0.66365909 0.00078243
0.23853238 0.66830981 0.00078008
0.23983325 0.67293932 0.00077707
0.24111934 0.67756832 0.00077621
0.24240543 0.68220471 0.00078014
0.24370630 0.68683894 0.00078925
0.24499239 0.69145380 0.00080253
0.24629326 0.69603848 0.00081802
0.24757935 0.70058382 0.00083234
0.24886543 0.70507751 0.00084077
0.25016630 0.70951383 0.00084237
0.25145239 0.71389020 0.00083971
0.25275326 0.71820775 0.00083683
0.25403935 0.72247886 0.00083853
0.25532544 0.72671242 0.00084614
0.25662631 0.73090935 0.00085864
0.25791240 0.73506338 0.00087324
0.25919849 0.73915797 0.00088492
0.26049936 0.74317658 0.00088814
0.26178545 0.74710712 0.00088051
0.26307153 0.75094908 0.00086505
0.26437240 0.75471278 0.00084820
0.26565849 0.75843719 0.00083768
0.26695936 0.76218393 0.00084041
0.26824545 0.76597041 0.00085759
0.26953154 0.76976265 0.00088431
0.27083241 0.77349558 0.00090958
0.27211850 0.77709406 0.00091861
0.27340459 0.78053184 0.00090820
0.27470546 0.78383289 0.00088781
0.27599154 0.78705763 0.00086980
0.27727763 0.79027055 0.00086666
0.27857850 0.79348878 0.00087960
0.27986459 0.79669573 0.00089989
0.28115068 0.79985790 0.00091646
0.28243677 0.80290986 0.00091733
0.28373764 0.80579025 0.00090585
0.28502373 0.80852257 0.00089361
0.28630981 0.81117501 0.00088855
0.28761068 0.81381640 0.00089399
0.28889677 0.81645978 0.00091002
0.29018286 0.81902684 0.00092952
0.29148373 0.82143817 0.00093495
0.29276982 0.82367609 0.00092213
0.29405591 0.82576127 0.00089747
0.29534200 0.82773466 0.00086950
0.29664287 0.82964886 0.00085031
0.29792895 0.83152198 0.00084398
0.29921504 0.83333136 0.00084769
0.30051591 0.83503347 0.00085400
0.30180200 0.83658579 0.00085154
0.30308809 0.83798134 0.00083841
0.30437418 0.83925470 0.00082229
0.30567505 0.84046024 0.00081184
0.30696114 0.84165177 0.00081466
0.30824722 0.84284431 0.00083214
0.30953331 0.84401427 0.00085999
0.31083418 0.84511927 0.00089264
0.31212027 0.84612648 0.00092298
0.31340636 0.84703048 0.00094368
0.31469245 0.84783361 0.00095016
0.31599332 0.84852675 0.00094048
0.31727941 0.84909448 0.00091767
0.31856549 0.84954347 0.00088865
0.31985158 0.84990904 0.00086298
0.32115245 0.85023309 0.00084748
0.32243854 0.85055987 0.00084677
0.32372463 0.85093795 0.00087011
0.32501072 0.85138441 0.00091635
0.32629681 0.85188463 0.00097668
0.32759768 0.85241328 0.00104189
0.32888376 0.85293640 0.00109989
0.33016985 0.85342160 0.00114220
0.33145594 0.85385386 0.00116913
0.33275681 0.85423319 0.00118549
0.33404290 0.85457357 0.00120007
0.33532899 0.85489896 0.00122231
0.33661508 0.85522305 0.00125514
0.33790116 0.85554712 0.00129518
0.33918725 0.85586901 0.00133509
0.34048812 0.85619366 0.00137106
0.34177421 0.85653051 0.00140253
0.34306030 0.85689083 0.00143110
0.34434639 0.85728621 0.00146015
0.34563247 0.85772131 0.00149309
0.34693335 0.85819348 0.00153465
0.34821943 0.85868307 0.00158369
0.34950552 0.85917225 0.00163847
0.35079161 0.85965419 0.00169688
0.35207770 0.86010718 0.00174807
0.35336379 0.86052111 0.00178751
0.35466466 0.86091402 0.00181848
0.35595074 0.86131760 0.00184689
0.35723683 0.86176101 0.00187926
0.35852292 0.86225009 0.00191732
0.35980901 0.86277897 0.00196183
0.36109510 0.86334648 0.00201168
0.36238118 0.86395088 0.00206512
0.36368206 0.86457559 0.00211930
0.36496814 0.86518963 0.00216907
0.36625423 0.86576342 0.00221084
0.36754032 0.86629142 0.00224571
0.36882641 0.86679756 0.00227928
0.37011250 0.86732306 0.00231928
0.37139858 0.86789971 0.00237246
0.37269945 0.86851755 0.00243731
0.37398554 0.86915103 0.00250718
0.37527163 0.86978894 0.00257742
0.37655772 0.87042975 0.00264258
0.37784381 0.87108143 0.00269659
0.37912989 0.87175919 0.00273904
0.38041598 0.87245746 0.00277253
0.38170207 0.87313891 0.00279768
0.38298816 0.87377112 0.00281742
0.38428903 0.87435706 0.00283883
0.38557512 0.87492298 0.00286835
0.38686121 0.87549498 0.00290872
0.38814729 0.87609382 0.00295888
0.38943338 0.87673435 0.00301654
0.39071947 0.87742094 0.00307913
0.39200556 0.87814659 0.00314360
0.39329165 0.87890485 0.00320821
0.39457773 0.87970005 0.00327312
0.39586382 0.88053980 0.00333737
0.39714991 0.88142747 0.00340149
0.39843600 0.88233746 0.00346498
0.39973687 0.88320454 0.00352145
0.40102296 0.88396524 0.00356430
0.40230905 0.88460986 0.00359576
0.40359513 0.88519916 0.00363311
0.40488122 0.88580114 0.00368493
0.40616731 0.88644666 0.00374711
0.40745340 0.88713383 0.00381540
0.40873949 0.88781856 0.00387953
0.41002557 0.88845651 0.00393251
0.41131166 0.88905455 0.00397861
0.41259775 0.88965166 0.00402542
0.41388384 0.89026823 0.00407448
0.41516993 0.89090050 0.00412332
0.41645601 0.89159288 0.00417752
0.41774210 0.89243615 0.00424951
0.41902819 0.89349475 0.00434375
0.42031428 0.89470869 0.00444627
0.42160037 0.89592449 0.00453336
0.42288645 0.89707291 0.00459784
0.42417254 0.89816800 0.00465124
0.42545863 0.89924168 0.00470771
0.42674472 0.90031435 0.00476914
0.42803081 0.90138389 0.00483008
0.42931690 0.90245402 0.00489038
0.43060298 0.90354224 0.00495397
0.43188907 0.90467034 0.00502572
0.43317516 0.90585002 0.00510703
0.43446125 0.90707968 0.00519526
0.43574734 0.90835482 0.00528794
0.43703342 0.90967336 0.00538442
0.43831951 0.91102779 0.00548147
0.43960560 0.91241152 0.00557832
0.44089169 0.91380734 0.00567335
0.44217778 0.91518163 0.00576153
0.44346386 0.91651157 0.00584020
0.44474995 0.91780868 0.00591312
0.44603604 0.91914284 0.00599929
0.44732213 0.92060172 0.00611409
0.44860822 0.92223168 0.00625708
0.44989430 0.92397874 0.00641385
0.45118039 0.92569076 0.00655264
0.45246648 0.92730073 0.00666250
0.45375257 0.92883195 0.00675852
0.45503866 0.93029571 0.00685177
0.45632474 0.93168303 0.00693838
0.45761083 0.93295121 0.00700444
0.45889692 0.93408107 0.00704740
0.46018301 0.93512917 0.00708680
0.46146910 0.93618657 0.00714431
0.46275519 0.93735232 0.00723146
0.46404127 0.93863223 0.00734064
0.46532736 0.93990623 0.00744447
0.46661345 0.94110706 0.00753187
0.46789954 0.94224841 0.00761086
0.46917084 0.94338255 0.00769998
0.47045693 0.94456705 0.00781178
0.47174302 0.94581151 0.00794152
0.47302911 0.94709155 0.00808100
0.47431520 0.94837052 0.00821895
0.47560128 0.94960971 0.00834429
0.47688737 0.95079065 0.00845568
0.47817346 0.95191944 0.00855764
0.47945955 0.95302211 0.00865788
0.48074564 0.95413189 0.00876420
0.48203172 0.95527741 0.00888142
0.48331781 0.95645985 0.00900913
0.48460390 0.95764158 0.00913690
0.48587521 0.95879060 0.00925724
0.48716129 0.95989524 0.00936871
0.48844738 0.96095747 0.00947317
0.48973347 0.96199062 0.00957615
0.49101956 0.96300982 0.00968285
0.49230565 0.96402729 0.00979516
0.49359173 0.96505298 0.00991357
0.49487782 0.96609567 0.01003885
0.49616391 0.96715753 0.01016959
0.49743522 0.96823493 0.01030407
0.49872130 0.96931900 0.01044008
0.50000739 0.97039538 0.01057421
0.50129348 0.97144967 0.01070430
0.50257957 0.97247035 0.01082821
0.50386566 0.97344961 0.01094487
0.50515174 0.97439095 0.01105691
0.50643783 0.97531188 0.01116927
0.50770914 0.97622799 0.01128567
0.50899523 0.97714464 0.01140650
0.51028131 0.97805247 0.01152830
0.51156740 0.97892628 0.01164396
0.51285349 0.97974585 0.01174967
0.51413958 0.98050248 0.01184445
0.51542567 0.98120074 0.01193049
0.51669697 0.98186497 0.01201597
0.51798306 0.98252866 0.01210864
0.51926915 0.98322548 0.01221252
0.52055524 0.98397330 0.01232808
0.52184132 0.98477097 0.01245244
0.52312741 0.98558366 0.01257573
0.52439872 0.98634186 0.01268386
0.52568480 0.98700115 0.01276539
0.52697089 0.98755085 0.01282059
0.52825698 0.98801537 0.01286432
0.52954307 0.98846446 0.01291294
0.53082916 0.98895422 0.01297781
0.53210046 0.98950056 0.01305793
0.53338655 0.99006646 0.01313831
0.53467264 0.99058184 0.01320506
0.53595873 0.99101754 0.01325161
0.53724481 0.99138978 0.01328227
0.53853090 0.99175132 0.01331678
0.53980221 0.99216964 0.01336961
0.54108830 0.99266804 0.01343756
0.54237438 0.99322361 0.01351140
0.54366047 0.99379523 0.01358049
0.54494656 0.99434764 0.01363563
0.54621787 0.99485817 0.01367246
0.54750395 0.99533476 0.01369825
0.54879004 0.99582324 0.01372598
0.55007613 0.99635639 0.01376089
0.55134744 0.99695000 0.01380425
0.55263352 0.99759669 0.01385102
0.55391961 0.99825526 0.01389031
0.55520570 0.99888782 0.01391643
0.55649179 0.99948313 0.01392928
0.55776309 1.00005861 0.01393519
0.55904918 1.00065513 0.01394647
0.56033527 1.00130311 0.01396907
0.56162136 1.00200554 0.01400101
0.56289266 1.00274660 0.01403753
0.56417875 1.00349344 0.01407121
0.56546484 1.00422058 0.01409690
0.56675093 1.00491157 0.01411295
0.56803702 1.00555247 0.01411709
0.56930832 1.00613828 0.01411008
0.57059441 1.00667978 0.01409940
0.57188050 1.00720278 0.01409187
0.57316659 1.00773553 0.01409272
0.57443789 1.00830462 0.01410367
0.57572398 1.00893519 0.01412409
0.57701007 1.00964001 0.01415198
0.57829616 1.01041756 0.01418559
0.57956746 1.01124501 0.01422253
0.58085355 1.01206988 0.01425133
0.58213964 1.01285014 0.01426463
0.58341094 1.01356794 0.01426026
0.58469703 1.01421894 0.01423941
0.58598312 1.01481744 0.01421063
0.58726921 1.01539054 0.01418162
0.58854051 1.01595833 0.01415633
0.58982660 1.01652974 0.01413577
0.59111269 1.01709463 0.01411464
0.59239878 1.01762093 0.01408355
0.59367008 1.01808465 0.01403736
0.59495617 1.01849224 0.01397983
0.59624226 1.01887896 0.01392278
0.59751356 1.01928458 0.01387547
0.59879965 1.01974012 0.01384108
0.60008574 1.02026236 0.01381936
0.60137183 1.02085038 0.01380753
0.60264313 1.02148542 0.01380086
0.60392922 1.02212628 0.01378845
0.60521531 1.02273272 0.01376285
0.60648661 1.02327468 0.01371816
0.60777270 1.02373559 0.01364944
0.60905879 1.02413851 0.01356858
0.61033010 1.02452178 0.01348672
0.61161618 1.02491675 0.01340828
0.61290227 1.02534064 0.01333502
0.61417358 1.02579199 0.01326417
0.61545967 1.02626256 0.01319421
0.61674575 1.02674610 0.01312408
0.61801706 1.02724744 0.01305617
0.61930315 1.02776850 0.01299143
0.62058924 1.02831212 0.01293011
0.62187532 1.02889119 0.01287449
0.62314663 1.02952214 0.01282718
0.62443272 1.03021525 0.01278816
0.62571880 1.03096442 0.01275352
0.62699011 1.03173951 0.01271610
0.62827620 1.03248923 0.01266341
0.62954750 1.03317934 0.01258919
0.63083359 1.03380202 0.01249611
0.63211968 1.03435625 0.01238702
0.63339099 1.03485009 0.01226714
0.63467707 1.03530571 0.01214453
0.63596316 1.03574533 0.01202458
0.63723447 1.03619170 0.01191095
0.63852056 1.03667387 0.01180781
0.63980664 1.03721609 0.01171769
0.64107795 1.03783131 0.01164067
0.64236404 1.03851844 0.01157408
0.64365012 1.03926958 0.01151474
0.64492143 1.04007937 0.01146152
0.64620752 1.04094276 0.01141335
0.64749361 1.04185274 0.01136882
0.64876491 1.04280168 0.01132689
0.65005100 1.04378000 0.01128612
0.65132231 1.04477731 0.01124495
0.65260839 1.04578138 0.01120149
0.65389448 1.04677995 0.01115352
0.65516579 1.04776088 0.01109866
0.65645188 1.04871381 0.01103598
0.65772318 1.04963617 0.01096700
0.65900927 1.05052936 0.01089445
0.66029536 1.05138821 0.01081901
0.66156666 1.05219781 0.01073724
0.66285275 1.05294723 0.01064611
0.66413884 1.05364002 0.01054729
0.66541014 1.05429854 0.01044889
0.66669623 1.05495763 0.01036091
0.66796754 1.05565011 0.01029026
0.66925363 1.05639826 0.01024043
0.67053971 1.05720987 0.01020968
0.67181102 1.05807964 0.01019515
0.67309711 1.05898305 0.01019039
0.67436841 1.05987534 0.01018151
0.67565450 1.06072005 0.01016095
0.67692581 1.06150479 0.01012909
0.67821189 1.06222739 0.01008764
0.67949798 1.06288594 0.01003797
0.68076929 1.06347710 0.00998020
0.68205538 1.06399831 0.00991351
0.68332668 1.06445717 0.00983979
0.68461277 1.06488268 0.00976940
0.68589886 1.06531334 0.00971482
0.68717016 1.06576865 0.00968013
0.68845625 1.06624369 0.00966168
0.68972756 1.06672606 0.00965397
0.69101364 1.06720915 0.00965484
0.69228495 1.06768863 0.00966310
0.69357104 1.06816145 0.00967705
0.69484234 1.06863195 0.00969833
0.69612843 1.06910881 0.00972890
0.69741452 1.06960526 0.00977182
0.69868582 1.07012836 0.00982839
0.69997191 1.07066967 0.00989438
0.70124322 1.07120495 0.00996141
0.70252931 1.07170482 0.01002089
0.70380061 1.07215940 0.01007184
0.70508670 1.07257561 0.01011820
0.70635801 1.07296040 0.01016182
0.70764409 1.07331451 0.01020103
0.70893018 1.07363688 0.01023493
0.71020149 1.07392348 0.01026127
0.71148758 1.07417258 0.01027899
0.71275888 1.07439951 0.01029617
0.71404497 1.07462804 0.01032160
0.71531627 1.07488252 0.01036198
0.71660236 1.07517304 0.01041709
0.71787367 1.07548651 0.01047805
0.71915976 1.07580486 0.01053729
0.72043106 1.07611585 0.01059086
0.72171715 1.07641198 0.01063778
0.72298845 1.07668968 0.01067823
0.72427454 1.07694686 0.01071262
0.72554585 1.07717841 0.01074101
0.72683194 1.07737474 0.01075958
0.72810324 1.07752573 0.01076351
0.72938933 1.07762884 0.01075103
0.73066064 1.07769388 0.01072689
0.73194672 1.07773941 0.01070014
0.73321803 1.07778227 0.01067551
0.73450412 1.07783152 0.01065491
0.73577542 1.07788860 0.01063712
0.73706151 1.07795089 0.01061898
0.73833282 1.07801557 0.01059857
0.73961890 1.07807998 0.01057417
0.74089021 1.07814124 0.01054463
0.74217630 1.07819644 0.01050880
0.74344760 1.07824142 0.01046492
0.74473369 1.07827198 0.01041211
0.74600500 1.07828630 0.01035023
0.74729108 1.07828524 0.01028025
0.74856239 1.07827309 0.01020471
0.74984848 1.07825659 0.01012648
0.75111978 1.07824241 0.01004795
0.75240587 1.07823624 0.00997069
0.75367718 1.07824242 0.00989553
0.75496327 1.07826381 0.00982265
0.75623457 1.07830244 0.00975198
0.75752066 1.07835962 0.00968322
0.75879196 1.07843627 0.00961605
0.76007805 1.07853316 0.00955016
0.76134936 1.07865126 0.00948525
0.76263545 1.07879286 0.00942161
0.76390675 1.07896126 0.00935954
0.76517806 1.07916140 0.00930002
0.76646414 1.07940205 0.00924542
0.76773545 1.07969308 0.00919809
0.76902154 1.08004001 0.00915930
0.77029284 1.08043836 0.00912745
0.77157893 1.08087388 0.00909741
0.77285024 1.08132949 0.00906391
0.77413633 1.08179098 0.00902485
0.77540763 1.08224837 0.00897908
0.77669372 1.08269288 0.00892553
0.77796502 1.08311678 0.00886382
0.77923633 1.08351580 0.00879419
0.78052242 1.08389008 0.00871853
0.78179372 1.08424522 0.00864002
0.78307981 1.08459248 0.00856326
0.78435112 1.08494231 0.00849195
0.78563720 1.08530055 0.00842678
0.78690851 1.08567097 0.00836738
0.78817982 1.08605649 0.00831328
0.78946590 1.08645953 0.00826369
0.79073721 1.08688206 0.00821764
0.79202330 1.08732475 0.00817400
0.79329460 1.08778691 0.00813131
0.79458069 1.08826511 0.00808763
0.79585200 1.08875161 0.00804071
0.79712330 1.08923857 0.00798869
0.79840939 1.08971858 0.00793054
0.79968070 1.09018427 0.00786567
0.80096678 1.09063098 0.00779421
0.80223809 1.09105623 0.00771673
0.80350939 1.09146200 0.00763508
0.80479548 1.09185580 0.00755185
0.80606679 1.09224989 0.00747133
0.80735288 1.09265778 0.00739831
0.80862418 1.09308579 0.00733265
0.80989549 1.09353630 0.00727348
0.81118157 1.09401342 0.00722097
0.81245288 1.09452138 0.00717489
0.81373897 1.09506228 0.00713490
0.81501027 1.09563247 0.00709872
0.81628158 1.09622461 0.00706380
0.81756767 1.09683138 0.00702791
0.81883897 1.09744640 0.00698983
0.82012506 1.09806312 0.00694809
0.82139637 1.09867087 0.00689909
0.82266767 1.09925704 0.00683988
0.82395376 1.09981242 0.00676836
0.82522507 1.10033854 0.00668696
0.82651115 1.10085264 0.00660419
0.82778246 1.10137605 0.00652776
0.82905376 1.10192252 0.00646115
0.83033985 1.10249836 0.00640513
0.83161116 1.10310457 0.00635905
0.83288246 1.10373909 0.00632130
0.83416855 1.10439767 0.00629053
0.83543986 1.10507413 0.00626505
0.83672594 1.10576076 0.00624273
0.83799725 1.10644911 0.00622147
0.83926856 1.10713077 0.00619933
0.84055464 1.10779781 0.00617448
0.84182595 1.10844262 0.00614527
0.84309725 1.10905935 0.00611046
0.84438334 1.10964579 0.00606960
0.84565465 1.11020425 0.00602400
0.84692595 1.11074451 0.00597661
0.84821204 1.11128345 0.00593216
0.84948335 1.11183872 0.00589503
0.85076944 1.11241937 0.00586652
0.85204074 1.11302133 0.00584419
0.85331205 1.11363211 0.00582341
0.85459813 1.11423917 0.00580134
0.85586944 1.11483299 0.00577598
0.85714075 1.11540606 0.00574553
0.85842683 1.11595212 0.00570846
0.85969814 1.11646935 0.00566451
0.86096944 1.11695959 0.00561443
0.86225553 1.11743258 0.00556085
0.86352684 1.11791094 0.00551223
0.86479814 1.11842025 0.00547577
0.86608423 1.11898721 0.00545666
0.86735554 1.11962907 0.00545941
0.86862684 1.12034888 0.00548386
0.86991293 1.12113558 0.00552498
0.87118424 1.12196753 0.00557506
0.87245554 1.12282063 0.00562681
0.87374163 1.12366778 0.00567333
0.87501293 1.12448703 0.00570933
0.87628424 1.12525959 0.00573002
0.87757033 1.12597051 0.00573175
0.87884163 1.12661074 0.00571337
0.88011294 1.12717577 0.00567500
0.88138424 1.12766679 0.00561924
0.88267033 1.12808863 0.00555005
0.88394164 1.12844818 0.00547189
0.88521294 1.12875383 0.00538899
0.88649903 1.12901578 0.00530518
0.88777034 1.12924975 0.00522660
0.88904164 1.12947562 0.00516029
0.89032773 1.12970616 0.00510928
0.89159904 1.12994645 0.00507241
0.89287034 1.13019971 0.00504734
0.89415643 1.13046807 0.00503192
0.89542774 1.13075145 0.00502392
0.89669904 1.13104649 0.00502092
0.89797035 1.13134848 0.00502108
0.89925643 1.13165231 0.00502295
0.90052774 1.13195202 0.00502503
0.90179905 1.13224184 0.00502631
0.90308513 1.13251568 0.00502553
0.90435644 1.13276655 0.00502088
0.90562774 1.13298811 0.00501079
0.90691383 1.13317454 0.00499386
0.90818514 1.13332285 0.00496950
0.90945644 1.13343285 0.00493846
0.91072775 1.13350879 0.00490314
0.91201384 1.13356186 0.00486757
0.91328514 1.13360321 0.00483516
0.91455645 1.13364438 0.00480833
0.91582775 1.13369892 0.00478931
0.91711384 1.13377922 0.00477949
0.91838515 1.13389615 0.00477952
0.91965645 1.13405598 0.00478935
0.92094254 1.13425780 0.00480751
0.92221385 1.13449057 0.00482984
0.92348515 1.13473540 0.00485064
0.92475646 1.13497639 0.00486538
0.92604254 1.13520495 0.00487231
0.92731385 1.13541794 0.00487156
0.92858516 1.13561551 0.00486435
0.92985646 1.13579860 0.00485188
0.93114255 1.13596841 0.00483542
0.93241385 1.13612669 0.00481584
0.93368516 1.13627870 0.00479535
0.93495647 1.13643729 0.00477958
0.93624255 1.13662010 0.00477385
0.93751386 1.13684473 0.00478271
0.93878516 1.13712636 0.00480848
0.94005647 1.13746922 0.00484850
0.94134256 1.13786104 0.00489611
0.94261386 1.13828285 0.00494488
0.94388517 1.13871894 0.00499077
0.94515647 1.13915756 0.00503161
0.94644256 1.13958830 0.00506595
0.94771387 1.14000145 0.00509207
0.94898517 1.14038831 0.00510839
0.95025648 1.14074147 0.00511385
0.95154257 1.14105429 0.00510727
0.95281387 1.14132048 0.00508702
0.95408518 1.14154082 0.00505406
0.95535648 1.14172911 0.00501379
0.95664257 1.14191557 0.00497728
0.95791388 1.14213662 0.00495622
0.95918518 1.14241395 0.00495426
0.96045649 1.14274764 0.00496795
0.96174258 1.14312727 0.00499257
0.96301388 1.14354260 0.00502534
0.96428519 1.14398273 0.00506347
0.96555649 1.14443643 0.00510431
0.96682780 1.14489019 0.00514456
0.96811389 1.14532965 0.00517983
0.96938519 1.14574416 0.00520731
0.97065650 1.14612750 0.00522602
0.97192780 1.14647670 0.00523598
0.97321389 1.14679159 0.00523798
0.97448520 1.14707667 0.00523411
0.97575650 1.14733947 0.00522712
0.97702781 1.14759062 0.00522021
0.97829911 1.14784265 0.00521656
0.97958520 1.14810559 0.00521800
0.98085651 1.14838537 0.00522491
0.98212781 1.14868294 0.00523640
0.98339912 1.14899647 0.00525144
0.98468520 1.14932269 0.00526944
0.98595651 1.14965587 0.00528866
0.98722781 1.14999015 0.00530788
0.98849912 1.15031910 0.00532642
0.98977043 1.15063642 0.00534302
0.99105651 1.15093748 0.00535720
0.99232782 1.15121872 0.00536914
0.99359912 1.15147732 0.00537921
0.99487043 1.15171059 0.00538798
0.99614174 1.15191511 0.00539505
0.99742782 1.15208633 0.00539907
0.99869913 1.15222261 0.00540000
0.99997043 1.15232648 0.00539861
1.00124174 1.15240246 0.00539655
1.00251305 1.15245575 0.00539555
1.00378435 1.15249000 0.00539605
1.00507044 1.15250662 0.00539773
1.00634174 1.15250584 0.00539991
1.00761305 1.15248766 0.00540211
1.00888436 1.15245236 0.00540416
1.01015566 1.15240060 0.00540616
1.01144175 1.15233336 0.00540847
1.01271305 1.15225198 0.00541160
1.01398436 1.15215820 0.00541624
1.01525567 1.15205414 0.00542324
1.01652697 1.15194211 0.00543360
1.01779828 1.15182414 0.00544817
1.01908436 1.15170123 0.00546766
1.02035567 1.15157206 0.00549155
1.02162698 1.15143016 0.00551663
1.02289828 1.15126569 0.00553872
1.02416959 1.15106969 0.00555385
1.02545567 1.15083773 0.00556012
1.02672698 1.15057073 0.00555848
1.02799829 1.15027234 0.00555088
1.02926959 1.14994775 0.00553942
1.03054090 1.14960151 0.00552584
1.03181220 1.14923897 0.00551208
1.03309829 1.14886686 0.00550044
1.03436960 1.14849151 0.00549315
1.03564090 1.14811652 0.00549112
1.03691221 1.14774208 0.00549404
1.03818351 1.14736664 0.00550133
1.03945482 1.14698693 0.00551161
1.04072612 1.14660011 0.00552425
1.04201221 1.14620352 0.00553889
1.04328352 1.14579402 0.00555487
1.04455482 1.14536893 0.00557184
1.04582613 1.14492521 0.00558910
1.04709743 1.14446029 0.00560582
1.04836874 1.14397214 0.00562144
1.04965483 1.14346093 0.00563630
1.05092613 1.14293070 0.00565226
1.05219744 1.14238617 0.00567160
1.05346874 1.14183271 0.00569674
1.05474005 1.14127766 0.00573121
1.05601135 1.14072990 0.00577959
1.05728266 1.14020029 0.00584785
1.05856875 1.13969721 0.00594097
1.05984005 1.13922360 0.00606237
1.06111136 1.13877575 0.00621256
1.06238266 1.13834315 0.00638849
1.06365397 1.13791814 0.00658980
1.06492527 1.13749647 0.00681674
1.06619658 1.13707256 0.00706822
1.06746788 1.13664005 0.00734265
1.06875397 1.13619069 0.00763689
1.07002528 1.13571568 0.00794736
1.07129658 1.13520644 0.00827050
1.07256789 1.13465572 0.00860348
1.07383919 1.13405790 0.00894411
1.07511050 1.13341006 0.00929175
1.07638181 1.13271802 0.00964922
1.07766789 1.13199775 0.01002310
1.07893920 1.13127195 0.01042080
1.08021050 1.13056015 0.01084614
1.08148181 1.12986624 0.01129690
1.08275312 1.12918266 0.01176763
1.08402442 1.12850055 0.01225408
1.08529573 1.12781167 0.01275316
1.08656703 1.12710828 0.01326269
1.08783834 1.12638241 0.01378097
1.08912443 1.12562590 0.01430587
1.09039573 1.12483104 0.01483523
1.09166704 1.12399104 0.01536690
1.09293834 1.12310000 0.01589865
1.09420965 1.12215256 0.01642827
1.09548095 1.12114399 0.01695337
1.09675226 1.12007059 0.01747193
1.09802356 1.11892938 0.01798202
1.09930965 1.11771881 0.01848157
1.10058096 1.11643946 0.01896982
1.10185226 1.11509214 0.01944565
1.10312357 1.11367823 0.01990777
1.10439487 1.11220005 0.02035558
1.10566618 1.11066034 0.02078848
1.10693748 1.10906285 0.02120634
1.10820879 1.10741245 0.02160937
1.10948010 1.10571538 0.02199832
1.11075140 1.10397914 0.02237438
1.11203749 1.10221207 0.02273914
1.11330879 1.10042321 0.02309459
1.11458010 1.09862166 0.02344282
1.11585141 1.09681643 0.02378617
1.11712271 1.09501377 0.02412617
1.11839402 1.09321648 0.02446404
1.11966532 1.09141935 0.02480086
1.12093663 1.08960361 0.02513577
1.12220793 1.08774810 0.02547029
1.12347924 1.08583691 0.02580787
1.12475054 1.08386455 0.02615125
1.12603663 1.08183792 0.02650340
1.12730794 1.07976942 0.02686710
1.12857924 1.07767286 0.02724552
1.12985055 1.07556195 0.02764060
1.13112185 1.07345260 0.02805468
1.13239316 1.07136213 0.02848951
1.13366446 1.06930735 0.02894461
1.13493577 1.06730284 0.02941896
1.13620707 1.06536196 0.02991032
1.13747838 1.06349160 0.03040648
1.13874969 1.06168776 0.03089936
1.14002099 1.05992597 0.03139225
1.14130708 1.05817634 0.03190617
1.14257838 1.05642051 0.03245986
1.14384969 1.05464082 0.03305872
1.14512100 1.05282966 0.03370768
1.14639230 1.05099975 0.03441068
1.14766361 1.04917721 0.03516233
1.14893491 1.04737515 0.03595884
1.15020622 1.04558311 0.03679339
1.15147752 1.04378328 0.03765492
1.15274883 1.04196606 0.03854441
1.15402013 1.04011817 0.03945426
1.15529144 1.03928701 0.03989397
1.15656274 1.03757346 0.04078133
1.15783405 1.03587918 0.04167518
1.15912014 1.03420464 0.04257314
1.16039144 1.03255025 0.04347275
1.16166275 1.03091635 0.04437156
1.16293405 1.02930323 0.04526707
1.16420536 1.02771112 0.04615677
1.16547667 1.02614021 0.04703817
1.16674797 1.02459060 0.04790873
1.16801928 1.02306235 0.04876595
1.16929058 1.02155548 0.04960731
1.17056189 1.02006992 0.05043033
1.17183319 1.01860557 0.05123252
1.17310450 1.01716226 0.05201142
1.17437580 1.01573979 0.05276459
1.17564711 1.01433788 0.05348962
1.17691841 1.01295622 0.05418414
1.17818972 1.01159443 0.05484580
1.17946103 1.01025209 0.05547229
1.18074711 1.00892875 0.05606136
1.18201842 1.00762387 0.05661079
1.18328972 1.00633692 0.05711840
1.18456103 1.00506728 0.05758211
1.18583234 1.00381432 0.05799985
1.18710364 1.00257735 0.05836963
1.18837495 1.00135565 0.05868954
1.18964625 1.00014847 0.05895773
1.19091756 0.99895501 0.05917243
1.19218886 0.99777445 0.05933195
1.19346017 0.99660593 0.05943469
1.19473147 0.99544857 0.05947913
1.19600278 0.99430146 0.05946386
1.19727408 0.99316367 0.05938757
1.19854539 0.99203424 0.05924904
1.19981670 0.99091220 0.05904719
1.20108800 0.98979654 0.05878103
1.20235931 0.98868627 0.05844970
1.20363061 0.98758035 0.05805248
1.20490192 0.98647775 0.05758877
1.20617322 0.98537743 0.05705810
1.20744453 0.98427834 0.05646016
1.20873062 0.98317941 0.05579478
1.21000192 0.98207960 0.05506195
1.21127323 0.98097783 0.05426181
1.21254453 0.97987305 0.05339468
1.21381584 0.97876420 0.05246104
1.21508714 0.97765024 0.05146154
1.21635845 0.97653012 0.05039701
1.21762975 0.97540280 0.04926849
1.21890106 0.97426727 0.04807718
1.22017237 0.97312250 0.04682450
1.22144367 0.97196751 0.04551206
1.22271498 0.97080131 0.04414168
1.22398628 0.96962296 0.04271539
1.22525759 0.96843149 0.04123545
1.22652889 0.96722600 0.03970432
1.22780020 0.96600560 0.03812471
1.22907150 0.96476941 0.03649956
1.23034281 0.96351659 0.03483205
1.23161411 0.96224634 0.03312561
1.23288542 0.96095787 0.03138393
1.23415673 0.95965044 0.02961095
1.23542803 0.95832334 0.02781089
1.23669934 0.95697590 0.02598825
1.23797064 0.95560750 0.02414785
1.23924195 0.95421755 0.02229479
1.24051325 0.95280552 0.02043452
1.24178456 0.95137093 0.01857286
1.24305586 0.94991333 0.01671605
1.24432717 0.94843236 0.01487081
1.24559847 0.94692771 0.01304448
1.24686978 0.94539913 0.01124525
1.24814109 0.94384645 0.00948261
1.24941239 0.94226956 0.00776830
1.25068370 0.94066845 0.00611872
1.25195500 0.93904320 0.00456152
1.25322631 0.93739395 0.00315805
1.25449761 0.93572097 0.00209061
1.25576892 0.93402463 0.00183115
1.25704022 0.93230541 0.00249029
1.25831153 0.93056390 0.00348346
1.25958283 0.92880083 0.00450790
1.26085414 0.92701707 0.00546792
1.26212545 0.92521364 0.00632365
1.26339675 0.92339168 0.00705166
1.26466806 0.92155255 0.00763423
1.26593936 0.91969773 0.00805585
1.26721067 0.91782892 0.00830183
1.26848197 0.91594799 0.00835771
1.26975328 0.91405705 0.00820895
1.27102458 0.91215839 0.00784084
1.27229589 0.91025454 0.00723844
1.27356719 0.90834829 0.00638676
1.27483850 0.90644267 0.00527129
1.27610981 0.90454097 0.00388030
1.27738111 0.90264679 0.00221986
1.27865242 0.90076402 0.00069824
1.27992372 0.89889687 0.00238892
1.28119503 0.89704989 0.00505720
-0.96316762 0.90327604 0.00282272
-0.96189631 0.90691420 0.00301839
-0.96062353 0.90846744 0.00310941
-0.95934927 0.90963756 0.00323182
-0.95807353 0.91094225 0.00348596
-0.95679779 0.91296246 0.00389189
-0.95551909 0.91677867 0.00489031
-0.95423744 0.92491825 0.00883150
-0.95295431 0.94706044 0.01934290
-0.95167118 0.97716730 0.02779111
-0.95038804 0.97877613 0.02652376
-0.94910048 0.94777403 0.02206433
-0.94781143 0.91742972 0.01902788
-0.94651943 0.89859494 0.01693018
-0.94522743 0.88592152 0.01557990
-0.94393247 0.87644127 0.01443532
-0.94263604 0.86796442 0.01353672
-0.94133960 0.85990957 0.01274336
-0.94004021 0.85207755 0.01203264
-0.93873934 0.84464610 0.01141748
-0.93743699 0.83771009 0.01088146
-0.93613316 0.83124463 0.01041324
-0.93482786 0.82517524 0.00998976
-0.93351959 0.81944660 0.00961149
-0.93221133 0.81401914 0.00926602
-0.93090011 0.80884714 0.00894905
-0.92958890 0.80389146 0.00865672
-0.92827472 0.79913879 0.00838868
-0.92695907 0.79455988 0.00813696
-0.92564341 0.79013194 0.00790548
-0.92432480 0.78584190 0.00768610
-0.92300472 0.78167670 0.00748278
-0.92168315 0.77762013 0.00728358
-0.92036010 0.77367844 0.00710034
-0.91903410 0.76982585 0.00692111
-0.91770810 0.76607829 0.00674991
-0.91638062 0.76244209 0.00658289
-0.91505167 0.75891720 0.00642787
-0.91371975 0.75548752 0.00628512
-0.91238784 0.75212090 0.00614656
-0.91105297 0.74879480 0.00600755
-0.90971810 0.74550914 0.00588462
-0.90838027 0.74225422 0.00575769
-0.90704096 0.73904606 0.00563868
-0.90570166 0.73586531 0.00552760
-0.90435940 0.73271834 0.00541623
-0.90301565 0.72959868 0.00530934
-0.90167044 0.72651594 0.00520589
-0.90032374 0.72345395 0.00510623
-0.89897556 0.72041913 0.00501104
-0.89762591 0.71740820 0.00491551
-0.89627478 0.71441788 0.00482825
-0.89492217 0.71145138 0.00474061
-0.89356808 0.70850541 0.00465335
-0.89221251 0.70557670 0.00456945
-0.89085547 0.70266520 0.00449009
-0.88949695 0.69977087 0.00441408
-0.88813547 0.69689692 0.00433844
-0.88677399 0.69403032 0.00426281
-0.88541103 0.69118403 0.00419090
-0.88404659 0.68834498 0.00411897
-0.88267920 0.68552617 0.00405076
-0.88131181 0.68271451 0.00398716
-0.87994294 0.67991324 0.00391934
-0.87857259 0.67712555 0.00385900
-0.87719928 0.67434816 0.00379111
-0.87582598 0.67157446 0.00373070
-0.87445120 0.66881751 0.00367495
-0.87307345 0.66606416 0.00361870
-0.87169571 0.66332093 0.00355817
-0.87031650 0.66058119 0.00350184
-0.86893580 0.65785476 0.00344973
-0.86755215 0.65512844 0.00339332
-0.86616849 0.65241534 0.00334112
-0.86478336 0.64970223 0.00329266
-0.86339675 0.64699566 0.00324416
-0.86200866 0.64429558 0.00319562
-0.86061762 0.64160195 0.00314702
-0.85922657 0.63891472 0.00309838
-0.85783405 0.63623052 0.00305400
-0.85644005 0.63354262 0.00300960
-0.85504457 0.63086762 0.00296458
-0.85364761 0.62819215 0.00292008
-0.85224918 0.62551613 0.00287932
-0.85084926 0.62284284 0.00283473
-0.84944787 0.62017221 0.00279765
-0.84804648 0.61750756 0.00275733
-0.84664213 0.61483874 0.00272016
-0.84523630 0.61217578 0.00267977
-0.84382899 0.60950849 0.00264249
-0.84242169 0.60684017 0.00260581
-0.84101143 0.60417075 0.00257287
-0.83960116 0.60150014 0.00254055
-0.83818795 0.59882146 0.00250755
-0.83677473 0.59614824 0.00247449
-0.83536003 0.59346335 0.00244209
-0.83394238 0.59077349 0.00241277
-0.83252472 0.58808542 0.00238791
-0.83110559 0.58538877 0.00235922
-0.82968498 0.58268343 0.00232980
-0.82826289 0.57997614 0.00230941
-0.82684081 0.57726683 0.00228445
-0.82541576 0.57455541 0.00225491
-0.82398924 0.57183831 0.00223373
-0.82256272 0.56913627 0.00221250
-0.82113324 0.56642843 0.00219125
-0.81970376 0.56373560 0.00216995
-0.81827280 0.56104731 0.00214860
-0.81684036 0.55837053 0.00212650
-0.81540645 0.55571230 0.00210503
-0.81397106 0.55307267 0.00207887
-0.81253418 0.55045521 0.00205724
-0.81109584 0.54786354 0.00203553
-0.80965749 0.54530135 0.00200906
-0.80821618 0.54276873 0.00198646
-0.80677488 0.54026942 0.00196510
-0.80533209 0.53779643 0.00193829
-0.80388783 0.53536420 0.00191200
-0.80244209 0.53295861 0.00188559
-0.80099487 0.53058338 0.00186307
-0.79954765 0.52823145 0.00183641
-0.79809748 0.52589932 0.00181034
-0.79664730 0.52359431 0.00178748
-0.79519565 0.52130205 0.00176597
-0.79374252 0.51902259 0.00173483
-0.79228791 0.51674863 0.00171243
-0.79083182 0.51448020 0.00168997
-0.78937573 0.51221728 0.00166742
-0.78791669 0.50995250 0.00164564
-0.78645764 0.50768213 0.00162384
-0.78499712 0.50540607 0.00160519
-0.78353512 0.50312052 0.00158826
-0.78207164 0.50081793 0.00157448
-0.78060816 0.49850185 0.00155575
-0.77914320 0.49616838 0.00154289
-0.77767528 0.49380234 0.00152913
-0.77620885 0.49142594 0.00152037
-0.77473946 0.48902773 0.00151065
-0.77326859 0.48661503 0.00149591
-0.77179771 0.48419142 0.00148619
-0.77032537 0.48176055 0.00147646
-0.76885154 0.47932608 0.00147082
-0.76737623 0.47689178 0.00146107
-0.76590093 0.47446138 0.00145446
-0.76442266 0.47204255 0.00144976
-0.76294440 0.46963537 0.00143803
-0.76146466 0.46724760 0.00143325
-0.75998492 0.46488327 0.00142145
-0.75850222 0.46254640 0.00141567
-0.75701953 0.46023334 0.00140555
-0.75553535 0.45796383 0.00139359
-0.75405118 0.45572644 0.00138244
-0.75256405 0.45352932 0.00136762
-0.75107691 0.45137278 0.00135623
-0.74958830 0.44926116 0.00133591
-0.74809822 0.44718681 0.00132426
-0.74660813 0.44515407 0.00130886
-0.74511656 0.44315124 0.00129333
-0.74362352 0.44118259 0.00127239
-0.74212899 0.43924031 0.00125660
-0.74063447 0.43732460 0.00124602
-0.73913847 0.43542759 0.00122557
-0.73764099 0.43354125 0.00120949
-0.73614351 0.43165751 0.00119873
-0.73464307 0.42978455 0.00118251
-0.73314412 0.42790601 0.00117268
-0.73164220 0.42601772 0.00116187
-0.73014029 0.42411542 0.00115551
-0.72863542 0.42219483 0.00114916
-0.72713202 0.42024744 0.00114394
-0.72562567 0.41826464 0.00113769
-0.72411933 0.41624603 0.00113036
-0.72261150 0.41420797 0.00112651
-0.72110367 0.41219653 0.00111463
-0.71959436 0.41022458 0.00110158
-0.71808358 0.40829672 0.00109504
-0.71657132 0.40640911 0.00108737
-0.71505906 0.40453657 0.00107501
-0.71354532 0.40268774 0.00106721
-0.71203158 0.40085855 0.00105565
-0.71051488 0.39904055 0.00104872
-0.70899966 0.39724246 0.00104173
-0.70748148 0.39545580 0.00102893
-0.70596331 0.39368063 0.00102076
-0.70444366 0.39191269 0.00100885
-0.70292400 0.39015640 0.00100162
-0.70140287 0.38840745 0.00099434
-0.69988026 0.38666590 0.00098702
-0.69835765 0.38493180 0.00097965
-0.69683356 0.38320964 0.00096632
-0.69530800 0.38149059 0.00095883
-0.69378243 0.37977469 0.00095017
-0.69225538 0.37806639 0.00094855
-0.69072834 0.37636579 0.00093612
-0.68919982 0.37467291 0.00092726
-0.68766982 0.37297877 0.00091954
-0.68613981 0.37129695 0.00091663
-0.68460833 0.36961845 0.00090882
-0.68307685 0.36794784 0.00090096
-0.68154390 0.36627602 0.00089797
-0.68001094 0.36461677 0.00088509
-0.67847650 0.36296093 0.00088201
-0.67694059 0.36130855 0.00087396
-0.67540467 0.35965961 0.00087211
-0.67386728 0.35801883 0.00086269
-0.67232841 0.35638625 0.00086077
-0.67078954 0.35475724 0.00085754
-0.66925067 0.35314128 0.00084796
-0.66771032 0.35151951 0.00084598
-0.66616849 0.34991563 0.00084265
-0.66462666 0.34831551 0.00083422
-0.66308484 0.34672394 0.00082954
-0.66154005 0.34513620 0.00082741
-0.65999675 0.34356678 0.00082395
-0.65845049 0.34200135 0.00081530
-0.65690570 0.34043990 0.00081699
-0.65535796 0.33889225 0.00080822
-0.65381022 0.33735851 0.00080462
-0.65226248 0.33584374 0.00079569
-0.65071326 0.33434317 0.00079198
-0.64916404 0.33285698 0.00078164
-0.64761335 0.33138528 0.00077247
-0.64606265 0.32994813 0.00076982
-0.64451047 0.32853592 0.00075917
-0.64295830 0.32714385 0.00075101
-0.64140464 0.32575700 0.00075361
-0.63985099 0.32436536 0.00074409
-0.63829586 0.32296376 0.00074134
-0.63674073 0.32154191 0.00073865
-0.63518412 0.32012512 0.00073446
-0.63362751 0.31870829 0.00073174
-0.63207090 0.31729657 0.00072750
-0.63051133 0.31587965 0.00072324
-0.62895324 0.31447303 0.00071895
-0.62739368 0.31306120 0.00071466
-0.62583411 0.31166495 0.00071178
-0.62427306 0.31026350 0.00071297
-0.62271202 0.30887255 0.00071006
-0.62114950 0.30749751 0.00070003
-0.61958697 0.30612790 0.00070115
-0.61802445 0.30475847 0.00070378
-0.61646045 0.30339992 0.00069359
-0.61489497 0.30205767 0.00068899
-0.61333097 0.30072114 0.00069156
-0.61176401 0.29940121 0.00068690
-0.61019853 0.29807637 0.00068223
-0.60863157 0.29677372 0.00068476
-0.60706461 0.29547715 0.00068147
-0.60549618 0.29419220 0.00066933
-0.60392774 0.29292445 0.00067178
-0.60235783 0.29165756 0.00066689
-0.60078939 0.29040260 0.00066196
-0.59921800 0.28916524 0.00065839
-0.59764808 0.28792891 0.00066081
-0.59607669 0.28671046 0.00065573
-0.59450530 0.28550442 0.00065060
-0.59293243 0.28430528 0.00065296
-0.59135956 0.28311879 0.00064166
-0.58978669 0.28193937 0.00063787
-0.58821234 0.28077279 0.00063866
-0.58663799 0.27961347 0.00063333
-0.58506364 0.27846723 0.00062795
-0.58348781 0.27732266 0.00062394
-0.58191198 0.27619134 0.00061993
-0.58033616 0.27506762 0.00061437
-0.57875885 0.27395737 0.00060877
-0.57718302 0.27284905 0.00060463
-0.57560424 0.27175440 0.00060048
-0.57402693 0.27066177 0.00060259
-0.57244815 0.26957122 0.00059680
-0.57086937 0.26849459 0.00059097
-0.56929058 0.26742012 0.00058669
-0.56771032 0.26634783 0.00058875
-0.56613006 0.26528374 0.00058448
-0.56454980 0.26422189 0.00058653
-0.56296805 0.26316235 0.00058050
-0.56138779 0.26209905 0.00057445
-0.55980605 0.26103802 0.00057007
-0.55822283 0.25997926 0.00057211
-0.55664109 0.25891670 0.00057418
-0.55505787 0.25785029 0.00057628
-0.55347466 0.25677997 0.00057840
-0.55189144 0.25570569 0.00058055
-0.55030822 0.25461501 0.00057440
-0.54872352 0.25351394 0.00057661
-0.54713882 0.25240235 0.00057716
-0.54555413 0.25129899 0.00057102
-0.54396943 0.25021652 0.00057167
-0.54238325 0.24917417 0.00057380
-0.54079708 0.24815335 0.00056749
-0.53921090 0.24716065 0.00056952
-0.53762473 0.24618356 0.00057154
-0.53603855 0.24522230 0.00055801
-0.53445090 0.24427696 0.00055994
-0.53286472 0.24333481 0.00055332
-0.53127707 0.24240235 0.00055523
-0.52968942 0.24148619 0.00055712
-0.52810029 0.24057346 0.00055039
-0.52651263 0.23966415 0.00054507
-0.52492498 0.23877147 0.00053974
-0.52333585 0.23787576 0.00054002
-0.52174671 0.23699024 0.00054339
-0.52015758 0.23610176 0.00053641
-0.51856845 0.23522356 0.00053821
-0.51697932 0.23435579 0.00053276
-0.51538871 0.23348510 0.00053294
-0.51379958 0.23261819 0.00053473
-0.51220897 0.23176188 0.00052916
-0.51061836 0.23089592 0.00052196
-0.50902775 0.23004060 0.00052371
-0.50743714 0.22918238 0.00052549
-0.50584653 0.22834178 0.00052725
-0.50425592 0.22749837 0.00052902
-0.50266383 0.22665901 0.00052167
-0.50107322 0.22582374 0.00051589
-0.49948261 0.22498563 0.00051603
-0.49789052 0.22415859 0.00051937
-0.49629843 0.22332879 0.00051186
-0.49470782 0.22251016 0.00051358
-0.49311573 0.22168878 0.00051531
-0.49152364 0.22087873 0.00051547
-0.48993156 0.22007303 0.00051720
-0.48833947 0.21926463 0.00051894
-0.48674738 0.21846776 0.00051282
-0.48515529 0.21767536 0.00051453
-0.48356320 0.21689467 0.00051470
-0.48196964 0.21611858 0.00051640
-0.48037755 0.21534718 0.00050863
-0.47878546 0.21458770 0.00051028
-0.47719337 0.21384030 0.00050381
-0.47559980 0.21310507 0.00049584
-0.47400772 0.21237481 0.00049609
-0.47241563 0.21167158 0.00049761
-0.47082206 0.21097356 0.00048958
-0.46922997 0.21030294 0.00048263
-0.46763788 0.20963773 0.00048404
-0.46604432 0.20900770 0.00047704
-0.46445223 0.20837587 0.00048813
-0.46286014 0.20773485 0.00047973
-0.46126658 0.20708449 0.00048113
-0.45967449 0.20642475 0.00047419
-0.45808240 0.20577057 0.00047558
-0.45649031 0.20511446 0.00047699
-0.45489822 0.20444884 0.00047008
-0.45330613 0.20379642 0.00046143
-0.45171257 0.20313441 0.00046283
-0.45012048 0.20247802 0.00047269
-0.44852839 0.20182736 0.00046561
-0.44693778 0.20117473 0.00046546
-0.44534569 0.20052015 0.00045826
-0.44375360 0.19987129 0.00045964
-0.44216151 0.19923600 0.00045954
-0.44057090 0.19859883 0.00045217
-0.43897882 0.19795972 0.00046377
-0.43738821 0.19733438 0.00045486
-0.43579612 0.19669932 0.00045623
-0.43420551 0.19608597 0.00045756
-0.43261490 0.19545506 0.00044861
-0.43102429 0.19483806 0.00044993
-0.42943368 0.19424307 0.00045122
-0.42784307 0.19362248 0.00045257
-0.42625394 0.19302400 0.00045388
-0.42466333 0.19243181 0.00044474
-0.42307419 0.19182987 0.00044605
-0.42148358 0.19125033 0.00044731
-0.41989445 0.19066915 0.00044859
-0.41830532 0.19008630 0.00044987
-0.41671619 0.18950994 0.00044061
-0.41512853 0.18894821 0.00044184
-0.41353940 0.18838491 0.00044307
-0.41195175 0.18782003 0.00044432
-0.41036262 0.18727002 0.00043620
-0.40877496 0.18671847 0.00043614
-0.40718731 0.18617365 0.00043734
-0.40560114 0.18564393 0.00042902
-0.40401348 0.18509615 0.00043021
-0.40242731 0.18457184 0.00043136
-0.40084113 0.18404613 0.00043252
-0.39925496 0.18352740 0.00042283
-0.39766878 0.18299887 0.00042398
-0.39608261 0.18249418 0.00042508
-0.39449791 0.18198816 0.00042619
-0.39291321 0.18148931 0.00041640
-0.39132851 0.18098065 0.00041750
-0.38974382 0.18049618 0.00041856
-0.38816060 0.18000196 0.00040982
-0.38657738 0.17951500 0.00041087
-0.38499416 0.17904395 0.00041079
-0.38341094 0.17857174 0.00040183
-0.38182920 0.17808109 0.00040288
-0.38024598 0.17761509 0.00040387
-0.37866424 0.17715661 0.00039376
-0.37708398 0.17669699 0.00039590
-0.37550224 0.17624494 0.00039568
-0.37392198 0.17580052 0.00039663
-0.37234172 0.17534631 0.00038747
-0.37076145 0.17489974 0.00038841
-0.36918267 0.17447844 0.00038930
-0.36760388 0.17402976 0.00039025
-0.36602510 0.17358883 0.00037984
-0.36444780 0.17314682 0.00038202
-0.36286901 0.17271261 0.00038167
-0.36129171 0.17227738 0.00037232
-0.35971588 0.17183216 0.00038352
-0.35814005 0.17140373 0.00038443
-0.35656422 0.17096535 0.00037503
-0.35498840 0.17054386 0.00036435
-0.35341405 0.17011236 0.00036522
-0.35183970 0.16968884 0.00036745
-0.35026535 0.16927336 0.00036694
-0.34869248 0.16883878 0.00036784
-0.34711961 0.16843040 0.00036868
-0.34554674 0.16801199 0.00035909
-0.34397534 0.16760169 0.00035993
-0.34240395 0.16719044 0.00036077
-0.34083256 0.16678741 0.00034976
-0.33926264 0.16637425 0.00035058
-0.33769273 0.16598775 0.00035136
-0.33612429 0.16557269 0.00035220
-0.33455586 0.16518440 0.00035298
-0.33298742 0.16479525 0.00035378
-0.33142046 0.16439594 0.00034396
-0.32985350 0.16401434 0.00033266
-0.32828655 0.16362254 0.00033341
-0.32672107 0.16323918 0.00034499
-0.32515559 0.16286439 0.00033489
-0.32359159 0.16249815 0.00033561
-0.32202758 0.16211230 0.00032426
-0.32046358 0.16174444 0.00032496
-0.31890106 0.16137578 0.00032567
-0.31734002 0.16102531 0.00031543
-0.31577749 0.16065507 0.00031612
-0.31421793 0.16031260 0.00031677
-0.31265688 0.15995990 0.00030664
-0.31109731 0.15961600 0.00030727
-0.30953923 0.15927139 0.00030791
-0.30798114 0.15893569 0.00029601
-0.30642305 0.15861853 0.00029657
-0.30486644 0.15829115 0.00028634
-0.30330983 0.15797276 0.00028689
-0.30175470 0.15764405 0.00030023
-0.30019957 0.15731473 0.00029033
-0.29864591 0.15696530 0.00029095
-0.29709226 0.15661512 0.00029157
-0.29554008 0.15626419 0.00029220
-0.29398791 0.15589297 0.00027982
-0.29243721 0.15551108 0.00028048
-0.29088651 0.15512829 0.00028114
-0.28933730 0.15475443 0.00028455
-0.28778808 0.15435998 0.00028248
-0.28623886 0.15397445 0.00028316
-0.28469112 0.15357809 0.00027326
-0.28314485 0.15319067 0.00027392
-0.28159859 0.15280231 0.00027459
-0.28005381 0.15238302 0.00027531
-0.27850902 0.15199269 0.00027599
-0.27696572 0.15158132 0.00026323
-0.27542241 0.15117891 0.00027742
-0.27388059 0.15077551 0.00026767
-0.27234024 0.15037106 0.00026526
-0.27079989 0.14995540 0.00026907
-0.26925954 0.14954882 0.00026666
-0.26772067 0.14914118 0.00025663
-0.26618327 0.14873244 0.00027120
-0.26464588 0.14831240 0.00025801
-0.26310997 0.14790145 0.00027266
-0.26157405 0.14747914 0.00025941
-0.26003962 0.14707633 0.00026010
-0.25850518 0.14664134 0.00026084
-0.25697222 0.14623630 0.00026153
-0.25544074 0.14579890 0.00026229
-0.25390926 0.14538116 0.00026006
-0.25237926 0.14495176 0.00026377
-0.25084926 0.14451062 0.00026454
-0.24932074 0.14406818 0.00026532
-0.24779369 0.14363498 0.00027722
-0.24626665 0.14318994 0.00027805
-0.24474108 0.14274356 0.00027889
-0.24321552 0.14228517 0.00026853
-0.24169143 0.14181460 0.00028065
-0.24016882 0.14134257 0.00026722
-0.23864621 0.14085821 0.00026811
-0.23712508 0.14036142 0.00026681
-0.23560542 0.13987379 0.00026771
-0.23408577 0.13943897 0.00025633
-0.23256759 0.13903558 0.00025515
-0.23104942 0.13865295 0.00025773
-0.22953272 0.13831321 0.00024642
-0.22801750 0.13797265 0.00024452
-0.22650376 0.13765332 0.00024756
-0.22499002 0.13732223 0.00024814
-0.22347628 0.13699036 0.00024872
-0.22196550 0.13669102 0.00024925
-0.22045471 0.13635766 0.00024984
-0.21894541 0.13604584 0.00023870
-0.21743610 0.13572212 0.00025097
-0.21592827 0.13540888 0.00023979
-0.21442193 0.13507247 0.00024037
-0.21291705 0.13475778 0.00022961
-0.21141218 0.13441979 0.00023017
-0.20990879 0.13408098 0.00023073
-0.20840540 0.13374134 0.00023130
-0.20690496 0.13340086 0.00023187
-0.20540453 0.13305954 0.00023245
-0.20390557 0.13271737 0.00023303
-0.20240661 0.13235147 0.00021795
-0.20090913 0.13199601 0.00023426
-0.19941313 0.13163967 0.00022390
-0.19791861 0.13125929 0.00022453
-0.19642408 0.13088940 0.00023618
-0.19493104 0.13051854 0.00022092
-0.19343947 0.13013498 0.00022155
-0.19194791 0.12975033 0.00022218
-0.19045930 0.12935288 0.00021148
-0.18897069 0.12895419 0.00022842
-0.18748355 0.12856611 0.00022909
-0.18599642 0.12817689 0.00022977
-0.18451077 0.12778652 0.00023045
-0.18302659 0.12740690 0.00021462
-0.18154390 0.12701423 0.00021527
-0.18006268 0.12662038 0.00021592
-0.17858146 0.12623732 0.00022247
-0.17710172 0.12586516 0.00021718
-0.17562346 0.12546781 0.00021785
-0.17414667 0.12509344 0.00020749
-0.17266989 0.12470581 0.00021914
-0.17119606 0.12432921 0.00020873
-0.16972223 0.12392707 0.00020939
-0.16824841 0.12356039 0.00020999
-0.16677754 0.12316812 0.00019345
-0.16530667 0.12278688 0.00021128
-0.16383875 0.12241688 0.00021190
-0.16237084 0.12202103 0.00019522
-0.16090440 0.12163630 0.00021323
-0.15943796 0.12125043 0.00020345
-0.15797449 0.12086335 0.00019705
-0.15651101 0.12047502 0.00021523
-0.15504900 0.12008551 0.00020537
-0.15358848 0.11969477 0.00019892
-0.15212944 0.11930278 0.00018881
-0.15067039 0.11890949 0.00020736
-0.14921430 0.11850223 0.00019006
-0.14775822 0.11811916 0.00019066
-0.14630375 0.11772202 0.00020940
-0.14485062 0.11731074 0.00019194
-0.14339867 0.11692387 0.00019256
-0.14194791 0.11649685 0.00019325
-0.14049847 0.11609434 0.00018404
-0.13905022 0.11567738 0.00019459
-0.13760344 0.11527207 0.00018533
-0.13615770 0.11485220 0.00019595
-0.13471344 0.11444404 0.00018664
-0.13327021 0.11400797 0.00018733
-0.13182846 0.11357026 0.00018804
-0.13038804 0.11313089 0.00018875
-0.12894881 0.11270327 0.00017050
-0.12751090 0.11226059 0.00017116
-0.12607433 0.11181620 0.00017182
-0.12463893 0.11137008 0.00017250
-0.12320502 0.11090857 0.00019246
-0.12177229 0.11045886 0.00019322
-0.12034104 0.10997996 0.00017463
-0.11891096 0.10951272 0.00019486
-0.11748222 0.10902976 0.00017612
-0.11605496 0.10854464 0.00018750
-0.11462888 0.10807138 0.00017765
-0.11320413 0.10756804 0.00017847
-0.11178086 0.10706238 0.00017929
-0.11035892 0.10654024 0.00017102
-0.10893816 0.10600134 0.00018105
-0.10751888 0.10548833 0.00018192
-0.10610108 0.10500158 0.00017348
-0.10468446 0.10448375 0.00017432
-0.10326932 0.10397787 0.00018451
-0.10185551 0.10346962 0.00016479
-0.10044304 0.10295885 0.00017685
-0.09903203 0.10243091 0.00017775
-0.09762236 0.10190028 0.00017866
-0.09621417 0.10136692 0.00017958
-0.09480731 0.10083079 0.00018052
-0.09340178 0.10029186 0.00018147
-0.09199772 0.09973499 0.00017085
-0.09059500 0.09919020 0.00017177
-0.08919376 0.09862722 0.00016301
-0.08779384 0.09806101 0.00018553
-0.08639541 0.09747621 0.00016490
-0.08499845 0.09691895 0.00016583
-0.08360282 0.09632728 0.00017680
-0.08220867 0.09574776 0.00016783
-0.08081600 0.09513314 0.00016890
-0.07942466 0.09456231 0.00016990
-0.07803480 0.09394006 0.00017101
-0.07664641 0.09331372 0.00017214
-0.07525951 0.09271568 0.00016062
-0.07387393 0.09209745 0.00017438
-0.07248984 0.09145869 0.00017558
-0.07110722 0.09084863 0.00016387
-0.06972608 0.09021780 0.00017797
-0.06834642 0.08958266 0.00015564
-0.06696823 0.08895985 0.00018045
-0.06559138 0.08836682 0.00015775
-0.06421615 0.08780401 0.00015875
-0.06284240 0.08728926 0.00015968
-0.06146998 0.08678878 0.00017658
-0.06009919 0.08630290 0.00016148
-0.05872988 0.08576177 0.00015471
-0.05736204 0.08523486 0.00015566
-0.05599568 0.08468694 0.00018091
-0.05463080 0.08411775 0.00015770
-0.05326740 0.08358060 0.00015870
-0.05190548 0.08298578 0.00015983
-0.05054518 0.08242316 0.00015668
-0.04918636 0.08182003 0.00015782
-0.04782902 0.08113853 0.00015908
-0.04647316 0.08030198 0.00016071
-0.04511893 0.07911611 0.00016309
-0.04376617 0.07752646 0.00014473
-0.04241504 0.07584449 0.00017452
-0.04106524 0.07414512 0.00015126
-0.03971706 0.07250958 0.00018246
-0.03837051 0.07085793 0.00015820
-0.03702529 0.06918881 0.00016198
-0.03568185 0.06750102 0.00014373
-0.03433973 0.06574748 0.00014752
-0.03299939 0.06389932 0.00018434
-0.03166038 0.06194836 0.00015649
-0.03032315 0.05980915 0.00021207
-0.02898739 0.05727855 0.00023049
-0.02765326 0.05394262 0.00027429
-0.02632105 0.04954931 0.00036957
-0.02499002 0.04459508 0.00041045
-0.02366047 0.03943850 0.00041871
-0.02233255 0.03437984 0.00042563
-0.02100625 0.02936697 0.00043680
-0.01968143 0.02454768 0.00052218
-0.01835824 0.01969074 0.00046595
-0.01703653 0.01494617 0.00063898
-0.01571644 0.01003898 0.00081719
-0.01439801 0.00398910 0.00141037
-0.01308110 nan nan
-0.01176578 nan nan
-0.01045207 nan nan
-0.00913993 0.00558053 0.00129554
-0.00782941 0.01077200 0.00057672
-0.00652048 0.01514982 0.00049797
-0.00521317 0.01991782 0.00042070
-0.00390746 0.02436449 0.00052609
-0.00260335 0.02987113 0.00043052
-0.00130087 0.03497942 0.00064130
-0.00000000 0.04368227 0.00022138
