# s/c   M_is_mean    M_is_std
0.00000000 0.01847483 0.00129278
0.00130087 0.02874241 0.00068296
0.00260174 0.03648552 0.00043450
0.00390261 0.04307563 0.00029645
0.00520348 0.04896470 0.00021292
0.00650435 0.05436708 0.00016278
0.00780522 0.05940364 0.00013518
0.00910609 0.06415017 0.00012265
0.01040697 0.06865780 0.00011928
0.01170784 0.07296295 0.00012090
0.01300871 0.07709266 0.00012514
0.01430958 0.08106777 0.00013087
0.01561045 0.08490478 0.00013763
0.01691132 0.08861710 0.00014524
0.01821219 0.09221588 0.00015364
0.01951306 0.09571055 0.00016277
0.02081393 0.09910924 0.00017257
0.02211480 0.10241909 0.00018292
0.02341567 0.10564641 0.00019371
0.02470176 0.10879689 0.00020482
0.02600263 0.11187569 0.00021611
0.02730350 0.11488756 0.00022747
0.02860437 0.11783688 0.00023879
0.02990524 0.12072775 0.00024997
0.03120611 0.12356403 0.00026091
0.03250698 0.12634934 0.00027155
0.03380786 0.12908714 0.00028182
0.03510873 0.13178074 0.00029166
0.03640960 0.13443329 0.00030105
0.03771047 0.13704781 0.00030993
0.03901134 0.13962724 0.00031830
0.04029743 0.14217440 0.00032613
0.04159830 0.14469201 0.00033341
0.04289917 0.14718272 0.00034014
0.04420004 0.14964909 0.00034632
0.04550091 0.15209362 0.00035194
0.04680178 0.15451870 0.00035703
0.04810265 0.15692669 0.00036160
0.04940352 0.15931987 0.00036565
0.05068961 0.16170045 0.00036922
0.05199048 0.16407057 0.00037232
0.05329135 0.16643232 0.00037498
0.05459222 0.16878772 0.00037721
0.05589309 0.17113873 0.00037906
0.05719396 0.17348723 0.00038055
0.05849483 0.17583505 0.00038170
0.05978092 0.17818398 0.00038255
0.06108179 0.18053570 0.00038314
0.06238266 0.18289187 0.00038348
0.06368353 0.18525405 0.00038363
0.06498440 0.18762377 0.00038360
0.06628528 0.19000247 0.00038343
0.06757136 0.19239154 0.00038316
0.06887223 0.19479229 0.00038281
0.07017310 0.19720598 0.00038242
0.07147398 0.19963382 0.00038202
0.07277485 0.20207691 0.00038165
0.07407572 0.20453633 0.00038132
0.07536180 0.20701308 0.00038108
0.07666268 0.20950809 0.00038094
0.07796355 0.21202224 0.00038095
0.07926442 0.21455633 0.00038112
0.08056529 0.21711112 0.00038148
0.08185138 0.21968729 0.00038205
0.08315225 0.22228547 0.00038286
0.08445312 0.22490623 0.00038393
0.08575399 0.22755008 0.00038528
0.08704008 0.23021747 0.00038692
0.08834095 0.23290880 0.00038889
0.08964182 0.23562441 0.00039118
0.09094269 0.23836459 0.00039382
0.09224356 0.24112958 0.00039681
0.09352965 0.24391955 0.00040018
0.09483052 0.24673466 0.00040392
0.09613139 0.24957497 0.00040805
0.09743226 0.25244055 0.00041258
0.09871835 0.25533137 0.00041750
0.10001922 0.25824741 0.00042282
0.10132009 0.26118857 0.00042855
0.10260618 0.26415472 0.00043468
0.10390705 0.26714570 0.00044122
0.10520792 0.27016130 0.00044815
0.10650879 0.27320129 0.00045548
0.10779488 0.27626540 0.00046320
0.10909575 0.27935333 0.00047131
0.11039662 0.28246474 0.00047980
0.11169749 0.28559927 0.00048866
0.11298358 0.28875653 0.00049788
0.11428445 0.29193611 0.00050745
0.11558532 0.29513757 0.00051737
0.11687141 0.29836045 0.00052761
0.11817228 0.30160427 0.00053817
0.11947315 0.30486853 0.00054904
0.12075924 0.30815271 0.00056020
0.12206011 0.31145627 0.00057164
0.12336098 0.31477867 0.00058333
0.12466185 0.31811933 0.00059528
0.12594794 0.32147769 0.00060746
0.12724881 0.32485315 0.00061985
0.12854968 0.32824511 0.00063244
0.12983577 0.33347858 0.00065961
0.13113664 0.33708216 0.00068083
0.13243751 0.34066425 0.00070084
0.13372359 0.34423977 0.00071750
0.13502447 0.34781735 0.00073136
0.13632534 0.35139192 0.00074422
0.13761142 0.35495847 0.00075635
0.13891229 0.35852099 0.00076903
0.14019838 0.36211217 0.00078253
0.14149925 0.36578594 0.00079272
0.14280012 0.36956159 0.00079655
0.14408621 0.37338575 0.00080014
0.14538708 0.37715704 0.00081832
0.14668795 0.38081926 0.00084553
0.14797404 0.38437634 0.00086954
0.14927491 0.38785959 0.00088931
0.15056100 0.39132386 0.00090196
0.15186187 0.39480247 0.00090707
0.15316274 0.39827310 0.00091099
0.15444883 0.40169992 0.00091982
0.15574970 0.40509070 0.00092890
0.15703579 0.40848331 0.00093253
0.15833666 0.41186761 0.00093389
0.15963753 0.41520404 0.00093800
0.16092362 0.41848327 0.00094891
0.16222449 0.42179565 0.00095593
0.16351058 0.42526909 0.00094433
0.16481145 0.42888796 0.00092217
0.16611232 0.43255534 0.00090982
0.16739841 0.43619351 0.00091898
0.16869928 0.43976381 0.00094163
0.16998537 0.44326711 0.00096734
0.17128624 0.44671249 0.00099230
0.17257232 0.45011095 0.00101406
0.17387319 0.45347369 0.00103249
0.17517407 0.45681176 0.00104762
0.17646015 0.46013501 0.00105992
0.17776102 0.46345091 0.00106991
0.17904711 0.46676221 0.00107876
0.18034798 0.47007274 0.00108661
0.18163407 0.47338629 0.00109408
0.18293494 0.47671678 0.00110043
0.18422103 0.48009275 0.00110168
0.18552190 0.48353107 0.00109487
0.18680799 0.48701747 0.00108330
0.18810886 0.49049468 0.00108141
0.18939495 0.49390689 0.00109724
0.19069582 0.49725679 0.00112346
0.19199669 0.50063454 0.00114402
0.19328278 0.50416901 0.00113794
0.19458365 0.50785471 0.00111263
0.19586974 0.51160768 0.00109389
0.19717061 0.51538385 0.00109303
0.19845669 0.51916568 0.00110589
0.19975757 0.52297323 0.00111935
0.20104365 0.52680779 0.00113137
0.20234452 0.53062688 0.00115112
0.20363061 0.53439980 0.00118138
0.20493148 0.53810800 0.00122180
0.20621757 0.54181280 0.00126083
0.20750366 0.54564393 0.00127712
0.20880453 0.54962517 0.00127311
0.21009062 0.55370225 0.00126577
0.21139149 0.55781604 0.00127187
0.21267758 0.56193182 0.00129374
0.21397845 0.56606461 0.00132070
0.21526454 0.57023945 0.00134728
0.21656541 0.57447035 0.00137015
0.21785149 0.57876323 0.00138908
0.21915236 0.58311197 0.00140626
0.22043845 0.58750172 0.00142434
0.22173932 0.59191235 0.00144638
0.22302541 0.59633021 0.00147327
0.22432628 0.60075157 0.00150462
0.22561237 0.60519340 0.00153697
0.22689846 0.60969001 0.00156215
0.22819933 0.61424862 0.00157930
0.22948542 0.61885388 0.00159265
0.23078629 0.62348728 0.00160708
0.23207238 0.62812778 0.00162760
0.23337325 0.63275507 0.00165602
0.23465933 0.63734848 0.00169113
0.23594542 0.64189078 0.00173092
0.23724629 0.64637732 0.00177354
0.23853238 0.65082024 0.00181596
0.23983325 0.65524084 0.00185640
0.24111934 0.65965794 0.00189404
0.24240543 0.66407858 0.00192781
0.24370630 0.66849343 0.00195845
0.24499239 0.67288606 0.00198683
0.24629326 0.67724665 0.00201335
0.24757935 0.68156749 0.00204040
0.24886543 0.68583709 0.00207086
0.25016630 0.69005107 0.00210498
0.25145239 0.69420681 0.00214123
0.25275326 0.69830386 0.00217658
0.25403935 0.70235310 0.00220647
0.25532544 0.70636169 0.00222976
0.25662631 0.71033029 0.00224767
0.25791240 0.71425397 0.00226261
0.25919849 0.71811919 0.00228016
0.26049936 0.72191156 0.00230460
0.26178545 0.72562094 0.00233556
0.26307153 0.72924663 0.00237016
0.26437240 0.73279693 0.00240526
0.26565849 0.73630556 0.00243373
0.26695936 0.73982643 0.00244936
0.26824545 0.74337521 0.00245109
0.26953154 0.74692302 0.00244792
0.27083241 0.75041234 0.00245402
0.27211850 0.75377657 0.00247476
0.27340459 0.75699248 0.00250945
0.27470546 0.76008084 0.00254941
0.27599154 0.76309408 0.00257951
0.27727763 0.76608725 0.00259376
0.27857850 0.76907543 0.00259382
0.27986459 0.77204659 0.00258848
0.28115068 0.77497324 0.00259213
0.28243677 0.77779819 0.00260925
0.28373764 0.78046394 0.00263779
0.28502373 0.78298890 0.00266822
0.28630981 0.78543377 0.00268628
0.28761068 0.78785969 0.00268742
0.28889677 0.79027945 0.00267667
0.29018286 0.79262498 0.00266840
0.29148373 0.79482608 0.00267325
0.29276982 0.79686775 0.00268782
0.29405591 0.79876846 0.00270686
0.29534200 0.80056351 0.00272336
0.29664287 0.80229871 0.00272840
0.29792895 0.80398834 0.00272235
0.29921504 0.80561210 0.00270934
0.30051591 0.80713265 0.00269533
0.30180200 0.80851247 0.00268733
0.30308809 0.80974582 0.00268504
0.30437418 0.81086380 0.00268209
0.30567505 0.81191491 0.00267331
0.30696114 0.81294645 0.00265672
0.30824722 0.81397249 0.00263295
0.30953331 0.81497305 0.00260463
0.31083418 0.81591002 0.00257477
0.31212027 0.81675481 0.00254700
0.31340636 0.81750485 0.00252519
0.31469245 0.81816379 0.00251031
0.31599332 0.81872543 0.00250436
0.31727941 0.81917702 0.00250624
0.31856549 0.81952394 0.00251100
0.31985158 0.81979676 0.00251369
0.32115245 0.82003085 0.00251172
0.32243854 0.82026336 0.00250280
0.32372463 0.82053364 0.00248055
0.32501072 0.82085552 0.00244483
0.32629681 0.82121782 0.00240080
0.32759768 0.82160000 0.00235483
0.32888376 0.82197502 0.00231549
0.33016985 0.82231623 0.00228873
0.33145594 0.82261218 0.00227354
0.33275681 0.82286285 0.00226680
0.33404290 0.82307890 0.00226216
0.33532899 0.82328060 0.00225092
0.33661508 0.82347781 0.00223213
0.33790116 0.82367181 0.00220857
0.33918725 0.82386379 0.00218526
0.34048812 0.82406020 0.00216586
0.34177421 0.82427053 0.00215137
0.34306030 0.82450576 0.00214049
0.34434639 0.82477418 0.00213022
0.34563247 0.82507662 0.00211764
0.34693335 0.82540844 0.00209784
0.34821943 0.82574879 0.00207139
0.34950552 0.82608104 0.00204048
0.35079161 0.82640170 0.00200696
0.35207770 0.82669639 0.00197976
0.35336379 0.82695910 0.00196358
0.35466466 0.82720750 0.00195617
0.35595074 0.82746951 0.00195237
0.35723683 0.82776794 0.00194563
0.35852292 0.82810568 0.00193323
0.35980901 0.82847373 0.00191525
0.36109510 0.82886982 0.00189243
0.36238118 0.82929403 0.00186586
0.36368206 0.82973332 0.00183840
0.36496814 0.83016081 0.00181604
0.36625423 0.83055251 0.00180241
0.36754032 0.83090406 0.00179705
0.36882641 0.83123528 0.00179461
0.37011250 0.83158090 0.00178581
0.37139858 0.83196337 0.00176524
0.37269945 0.83237306 0.00173367
0.37398554 0.83278989 0.00169700
0.37527163 0.83320613 0.00166049
0.37655772 0.83362416 0.00162829
0.37784381 0.83405491 0.00160654
0.37912989 0.83451479 0.00159516
0.38041598 0.83499990 0.00159166
0.38170207 0.83547626 0.00159686
0.38298816 0.83591300 0.00160925
0.38428903 0.83630891 0.00162311
0.38557512 0.83668303 0.00163176
0.38686121 0.83705652 0.00163091
0.38814729 0.83744633 0.00162124
0.38943338 0.83786528 0.00160420
0.39071947 0.83831822 0.00158160
0.39200556 0.83879973 0.00155678
0.39329165 0.83930508 0.00153162
0.39457773 0.83983921 0.00150596
0.39586382 0.84041015 0.00147996
0.39714991 0.84102196 0.00145285
0.39843600 0.84165233 0.00142591
0.39973687 0.84224316 0.00140802
0.40102296 0.84273801 0.00140643
0.40230905 0.84312814 0.00141970
0.40359513 0.84346751 0.00143313
0.40488122 0.84381638 0.00143423
0.40616731 0.84420211 0.00142365
0.40745340 0.84462357 0.00140615
0.40873949 0.84504296 0.00139221
0.41002557 0.84542155 0.00139109
0.41131166 0.84576642 0.00140057
0.41259775 0.84611212 0.00141302
0.41388384 0.84647622 0.00142569
0.41516993 0.84685293 0.00143999
0.41645601 0.84727731 0.00144809
0.41774210 0.84782673 0.00143393
0.41902819 0.84855494 0.00138953
0.42031428 0.84940828 0.00132801
0.42160037 0.85025142 0.00127831
0.42288645 0.85102485 0.00125223
0.42417254 0.85174291 0.00124293
0.42545863 0.85243515 0.00124051
0.42674472 0.85312158 0.00123888
0.42803081 0.85380151 0.00123979
0.42931690 0.85447779 0.00124360
0.43060298 0.85516381 0.00124607
0.43188907 0.85587699 0.00124161
0.43317516 0.85662456 0.00122866
0.43446125 0.85740444 0.00120935
0.43574734 0.85821387 0.00118587
0.43703342 0.85905195 0.00115950
0.43831951 0.85991366 0.00113254
0.43960560 0.86079491 0.00110670
0.44089169 0.86168179 0.00108503
0.44217778 0.86254474 0.00107376
0.44346386 0.86336221 0.00107582
0.44474995 0.86414200 0.00108709
0.44603604 0.86494293 0.00109041
0.44732213 0.86584175 0.00106636
0.44860822 0.86688056 0.00101042
0.44989430 0.86801246 0.00093690
0.45118039 0.86910537 0.00087679
0.45246648 0.87010345 0.00084221
0.45375257 0.87102978 0.00082542
0.45503866 0.87189658 0.00082173
0.45632474 0.87269927 0.00083107
0.45761083 0.87340282 0.00086226
0.45889692 0.87399186 0.00091904
0.46018301 0.87451702 0.00098497
0.46146910 0.87505546 0.00103766
0.46275519 0.87569052 0.00106045
0.46404127 0.87642493 0.00105687
0.46532736 0.87715065 0.00105351
0.46661345 0.87780856 0.00106330
0.46789954 0.87840949 0.00108314
0.46917084 0.87899717 0.00110111
0.47045693 0.87962219 0.00110379
0.47174302 0.88029363 0.00109094
0.47302911 0.88099191 0.00106974
0.47431520 0.88168757 0.00105027
0.47560128 0.88235017 0.00104073
0.47688737 0.88296653 0.00104360
0.47817346 0.88354308 0.00105660
0.47945955 0.88410370 0.00107235
0.48074564 0.88467670 0.00108376
0.48203172 0.88528638 0.00108605
0.48331781 0.88593355 0.00107945
0.48460390 0.88658411 0.00107175
0.48587521 0.88721001 0.00106838
0.48716129 0.88780025 0.00107136
0.48844738 0.88835545 0.00108040
0.48973347 0.88888674 0.00109266
0.49101956 0.88940619 0.00110509
0.49230565 0.88992412 0.00111502
0.49359173 0.89044913 0.00112113
0.49487782 0.89098855 0.00112285
0.49616391 0.89154449 0.00112056
0.49743522 0.89211449 0.00111553
0.49872130 0.89269149 0.00110953
0.50000739 0.89326390 0.00110464
0.50129348 0.89382048 0.00110256
0.50257957 0.89435261 0.00110392
0.50386566 0.89485441 0.00110884
0.50515174 0.89532941 0.00111685
0.50643783 0.89579443 0.00112551
0.50770914 0.89626310 0.00113356
0.50899523 0.89674060 0.00114100
0.51028131 0.89722021 0.00114859
0.51156740 0.89768029 0.00115801
0.51285349 0.89810389 0.00117011
0.51413958 0.89848312 0.00118503
0.51542567 0.89882070 0.00120233
0.51669697 0.89913535 0.00122127
0.51798306 0.89945467 0.00124023
0.51926915 0.89980718 0.00125688
0.52055524 0.90020803 0.00127071
0.52184132 0.90065687 0.00128404
0.52312741 0.90112523 0.00129836
0.52439872 0.90155638 0.00131354
0.52568480 0.90191476 0.00132661
0.52697089 0.90219266 0.00133765
0.52825698 0.90241150 0.00135181
0.52954307 0.90263048 0.00136892
0.53082916 0.90289657 0.00138879
0.53210046 0.90322226 0.00141099
0.53338655 0.90357534 0.00143087
0.53467264 0.90389710 0.00144797
0.53595873 0.90416255 0.00146078
0.53724481 0.90438315 0.00146918
0.53853090 0.90460012 0.00148084
0.53980221 0.90486612 0.00149794
0.54108830 0.90519891 0.00151707
0.54237438 0.90557710 0.00153686
0.54366047 0.90596301 0.00155630
0.54494656 0.90632763 0.00157167
0.54621787 0.90665223 0.00158064
0.54750395 0.90694261 0.00158732
0.54879004 0.90723799 0.00159612
0.55007613 0.90756590 0.00160847
0.55134744 0.90793983 0.00162558
0.55263352 0.90835447 0.00164500
0.55391961 0.90877647 0.00166108
0.55520570 0.90917676 0.00167091
0.55649179 0.90954705 0.00167416
0.55776309 0.90990075 0.00167392
0.55904918 0.91027064 0.00167697
0.56033527 0.91067993 0.00168707
0.56162136 0.91112940 0.00170314
0.56289266 0.91160499 0.00172228
0.56417875 0.91208029 0.00174069
0.56546484 0.91253491 0.00175484
0.56675093 0.91295510 0.00176300
0.56803702 0.91333034 0.00176328
0.56930832 0.91365687 0.00175590
0.57059441 0.91394315 0.00174585
0.57188050 0.91421097 0.00173771
0.57316659 0.91448307 0.00173517
0.57443789 0.91478015 0.00173912
0.57572398 0.91512203 0.00174909
0.57701007 0.91551868 0.00176413
0.57829616 0.91596925 0.00178364
0.57956746 0.91645572 0.00180616
0.58085355 0.91693831 0.00182334
0.58213964 0.91738552 0.00182942
0.58341094 0.91778424 0.00182259
0.58469703 0.91813251 0.00180381
0.58598312 0.91844224 0.00177938
0.58726921 0.91873636 0.00175685
0.58854051 0.91903147 0.00173927
0.58982660 0.91933534 0.00172750
0.59111269 0.91964184 0.00171820
0.59239878 0.91992507 0.00170177
0.59367008 0.92016766 0.00167476
0.59495617 0.92037335 0.00164028
0.59624226 0.92056482 0.00160676
0.59751356 0.92077077 0.00158304
0.59879965 0.92101061 0.00157173
0.60008574 0.92129373 0.00157264
0.60137183 0.92161952 0.00158461
0.60264313 0.92197393 0.00160453
0.60392922 0.92232531 0.00162278
0.60521531 0.92264478 0.00163235
0.60648661 0.92291232 0.00162789
0.60777270 0.92311760 0.00160478
0.60905879 0.92327879 0.00157208
0.61033010 0.92342607 0.00153973
0.61161618 0.92358251 0.00151221
0.61290227 0.92375949 0.00149137
0.61417358 0.92395339 0.00147448
0.61545967 0.92415405 0.00145879
0.61674575 0.92435587 0.00144425
0.61801706 0.92455858 0.00143231
0.61930315 0.92476071 0.00142330
0.62058924 0.92496336 0.00141747
0.62187532 0.92517641 0.00141780
0.62314663 0.92541237 0.00142719
0.62443272 0.92567935 0.00144648
0.62571880 0.92597463 0.00147278
0.62699011 0.92627591 0.00149731
0.62827620 0.92654800 0.00150911
0.62954750 0.92676789 0.00150084
0.63083359 0.92693087 0.00147327
0.63211968 0.92703779 0.00142911
0.63339099 0.92709547 0.00137204
0.63467707 0.92712110 0.00131083
0.63596316 0.92713092 0.00125076
0.63723447 0.92714058 0.00119537
0.63852056 0.92716987 0.00114998
0.63980664 0.92723366 0.00111735
0.64107795 0.92733846 0.00109848
0.64236404 0.92748129 0.00109166
0.64365012 0.92765350 0.00109301
0.64492143 0.92784925 0.00110128
0.64620752 0.92806448 0.00111570
0.64749361 0.92829363 0.00113444
0.64876491 0.92853138 0.00115614
0.65005100 0.92877151 0.00117880
0.65132231 0.92900774 0.00120051
0.65260839 0.92923284 0.00121864
0.65389448 0.92943980 0.00123083
0.65516579 0.92962226 0.00123481
0.65645188 0.92977536 0.00122871
0.65772318 0.92989970 0.00121419
0.65900927 0.92999860 0.00119378
0.66029536 0.93007020 0.00116766
0.66156666 0.93010356 0.00113203
0.66285275 0.93009105 0.00108472
0.66413884 0.93003401 0.00102777
0.66541014 0.92994654 0.00096800
0.66669623 0.92985390 0.00091637
0.66796754 0.92977587 0.00087952
0.66925363 0.92972670 0.00086056
0.67053971 0.92971261 0.00085867
0.67181102 0.92973049 0.00087028
0.67309711 0.92976494 0.00088877
0.67436841 0.92978420 0.00090212
0.67565450 0.92976485 0.00090352
0.67692581 0.92970139 0.00089230
0.67821189 0.92959465 0.00086992
0.67949798 0.92944621 0.00083828
0.68076929 0.92925628 0.00079768
0.68205538 0.92902485 0.00074950
0.68332668 0.92875945 0.00069779
0.68461277 0.92848121 0.00065030
0.68589886 0.92821595 0.00061383
0.68717016 0.92797461 0.00058929
0.68845625 0.92774968 0.00057414
0.68972756 0.92753103 0.00056474
0.69101364 0.92731362 0.00055864
0.69228495 0.92709409 0.00055485
0.69357104 0.92687074 0.00055275
0.69484234 0.92664801 0.00055214
0.69612843 0.92643295 0.00055343
0.69741452 0.92623648 0.00055683
0.69868582 0.92606641 0.00056190
0.69997191 0.92591768 0.00056869
0.70124322 0.92577558 0.00057695
0.70252931 0.92562210 0.00058555
0.70380061 0.92545113 0.00059365
0.70508670 0.92526588 0.00060097
0.70635801 0.92506900 0.00060737
0.70764409 0.92485939 0.00061346
0.70893018 0.92463377 0.00061944
0.71020149 0.92438832 0.00062579
0.71148758 0.92412165 0.00063346
0.71275888 0.92384545 0.00064142
0.71404497 0.92357772 0.00064766
0.71531627 0.92333714 0.00064979
0.71660236 0.92313093 0.00064859
0.71787367 0.92294965 0.00064760
0.71915976 0.92278201 0.00064850
0.72043106 0.92262003 0.00065214
0.72171715 0.92246067 0.00065798
0.72298845 0.92230338 0.00066513
0.72427454 0.92214765 0.00067299
0.72554585 0.92199021 0.00068069
0.72683194 0.92182214 0.00068901
0.72810324 0.92163483 0.00069872
0.72938933 0.92142474 0.00071043
0.73066064 0.92119686 0.00072319
0.73194672 0.92096447 0.00073358
0.73321803 0.92073897 0.00074051
0.73450412 0.92052589 0.00074374
0.73577542 0.92032599 0.00074396
0.73706151 0.92013708 0.00074279
0.73833282 0.91995712 0.00074111
0.73961890 0.91978444 0.00073967
0.74089021 0.91961717 0.00073905
0.74217630 0.91945360 0.00073972
0.74344760 0.91929190 0.00074200
0.74473369 0.91912937 0.00074649
0.74600500 0.91896518 0.00075334
0.74729108 0.91880013 0.00076225
0.74856239 0.91863621 0.00077262
0.74984848 0.91847681 0.00078352
0.75111978 0.91832498 0.00079421
0.75240587 0.91818286 0.00080413
0.75367718 0.91805162 0.00081290
0.75496327 0.91793179 0.00082051
0.75623457 0.91782316 0.00082704
0.75752066 0.91772514 0.00083264
0.75879196 0.91763707 0.00083761
0.76007805 0.91755808 0.00084223
0.76134936 0.91748751 0.00084677
0.76263545 0.91742530 0.00085147
0.76390675 0.91737215 0.00085644
0.76517806 0.91732980 0.00086171
0.76646414 0.91730193 0.00086717
0.76773545 0.91729357 0.00087273
0.76902154 0.91730770 0.00087866
0.77029284 0.91734153 0.00088640
0.77157893 0.91738597 0.00089761
0.77285024 0.91743107 0.00091203
0.77413633 0.91746995 0.00092855
0.77540763 0.91749732 0.00094591
0.77669372 0.91750853 0.00096266
0.77796502 0.91750004 0.00097801
0.77923633 0.91746987 0.00099146
0.78052242 0.91741825 0.00100275
0.78179372 0.91734934 0.00101217
0.78307981 0.91727029 0.00101999
0.78435112 0.91718706 0.00102654
0.78563720 0.91710334 0.00103227
0.78690851 0.91702118 0.00103752
0.78817982 0.91694189 0.00104260
0.78946590 0.91686686 0.00104778
0.79073721 0.91679703 0.00105338
0.79202330 0.91673293 0.00105963
0.79329460 0.91667383 0.00106669
0.79458069 0.91661796 0.00107452
0.79585200 0.91656215 0.00108285
0.79712330 0.91650093 0.00109139
0.79840939 0.91643014 0.00109944
0.79968070 0.91634708 0.00110651
0.80096678 0.91624896 0.00111245
0.80223809 0.91613511 0.00111716
0.80350939 0.91600627 0.00112096
0.80479548 0.91586617 0.00112410
0.80606679 0.91572180 0.00112630
0.80735288 0.91557763 0.00112761
0.80862418 0.91543633 0.00112826
0.80989549 0.91529961 0.00112850
0.81118157 0.91516899 0.00112867
0.81245288 0.91504716 0.00112903
0.81373897 0.91493501 0.00112992
0.81501027 0.91483049 0.00113172
0.81628158 0.91472931 0.00113478
0.81756767 0.91462756 0.00113868
0.81883897 0.91452236 0.00114305
0.82012506 0.91441091 0.00114747
0.82139637 0.91428870 0.00115114
0.82266767 0.91414991 0.00115373
0.82395376 0.91399036 0.00115517
0.82522507 0.91381206 0.00115561
0.82651115 0.91362375 0.00115563
0.82778246 0.91343513 0.00115577
0.82905376 0.91325243 0.00115605
0.83033985 0.91307676 0.00115659
0.83161116 0.91290706 0.00115732
0.83288246 0.91274179 0.00115804
0.83416855 0.91257846 0.00115868
0.83543986 0.91241416 0.00115909
0.83672594 0.91224536 0.00115912
0.83799725 0.91206850 0.00115847
0.83926856 0.91188026 0.00115674
0.84055464 0.91167751 0.00115355
0.84182595 0.91145752 0.00114849
0.84309725 0.91121821 0.00114148
0.84438334 0.91095938 0.00113280
0.84565465 0.91068402 0.00112272
0.84692595 0.91039807 0.00111242
0.84821204 0.91011188 0.00110269
0.84948335 0.90983523 0.00109394
0.85076944 0.90957280 0.00108648
0.85204074 0.90932198 0.00108016
0.85331205 0.90907282 0.00107495
0.85459813 0.90881903 0.00106997
0.85586944 0.90855617 0.00106459
0.85714075 0.90827954 0.00105853
0.85842683 0.90798589 0.00105163
0.85969814 0.90767388 0.00104407
0.86096944 0.90734417 0.00103636
0.86225553 0.90700083 0.00102904
0.86352684 0.90665631 0.00102166
0.86479814 0.90632292 0.00101368
0.86608423 0.90601075 0.00100426
0.86735554 0.90572789 0.00099286
0.86862684 0.90547554 0.00098078
0.86991293 0.90524876 0.00097054
0.87118424 0.90503767 0.00096439
0.87245554 0.90483009 0.00096277
0.87374163 0.90461487 0.00096406
0.87501293 0.90438250 0.00096586
0.87628424 0.90412464 0.00096560
0.87757033 0.90383537 0.00096144
0.87884163 0.90351155 0.00095258
0.88011294 0.90315294 0.00093956
0.88138424 0.90276175 0.00092405
0.88267033 0.90234193 0.00090824
0.88394164 0.90189898 0.00089451
0.88521294 0.90143706 0.00088470
0.88649903 0.90096096 0.00087993
0.88777034 0.90047908 0.00087968
0.88904164 0.89999975 0.00088174
0.89032773 0.89952947 0.00088385
0.89159904 0.89907176 0.00088501
0.89287034 0.89862848 0.00088485
0.89415643 0.89820108 0.00088316
0.89542774 0.89778906 0.00088010
0.89669904 0.89739025 0.00087614
0.89797035 0.89700138 0.00087198
0.89925643 0.89661896 0.00086814
0.90052774 0.89624005 0.00086479
0.90179905 0.89586170 0.00086237
0.90308513 0.89548062 0.00086148
0.90435644 0.89509333 0.00086290
0.90562774 0.89469667 0.00086747
0.90691383 0.89428776 0.00087619
0.90818514 0.89386539 0.00088963
0.90945644 0.89342994 0.00090793
0.91072775 0.89298408 0.00093041
0.91201384 0.89253482 0.00095417
0.91328514 0.89208823 0.00097722
0.91455645 0.89165022 0.00099755
0.91582775 0.89122734 0.00101279
0.91711384 0.89082544 0.00102103
0.91838515 0.89044867 0.00102097
0.91965645 0.89009943 0.00101189
0.92094254 0.88977674 0.00099418
0.92221385 0.88947155 0.00097189
0.92348515 0.88917374 0.00094920
0.92475646 0.88887486 0.00092933
0.92604254 0.88856947 0.00091402
0.92731385 0.88825640 0.00090290
0.92858516 0.88793553 0.00089536
0.92985646 0.88760712 0.00089064
0.93114255 0.88727096 0.00088845
0.93241385 0.88692689 0.00088843
0.93368516 0.88657644 0.00088957
0.93495647 0.88622445 0.00088895
0.93624255 0.88587956 0.00088189
0.93751386 0.88555155 0.00086473
0.93878516 0.88524881 0.00083506
0.94005647 0.88497345 0.00079404
0.94134256 0.88471816 0.00074728
0.94261386 0.88447222 0.00070071
0.94388517 0.88422738 0.00065772
0.94515647 0.88397870 0.00061961
0.94644256 0.88372224 0.00058714
0.94771387 0.88345384 0.00056083
0.94898517 0.88317051 0.00054056
0.95025648 0.88286969 0.00052618
0.95154257 0.88254900 0.00051791
0.95281387 0.88220622 0.00051672
0.95408518 0.88184146 0.00052357
0.95535648 0.88146314 0.00053636
0.95664257 0.88108684 0.00054945
0.95791388 0.88072997 0.00055536
0.95918518 0.88040208 0.00055006
0.96045649 0.88010035 0.00053549
0.96174258 0.87981723 0.00051545
0.96301388 0.87954608 0.00049251
0.96428519 0.87928219 0.00046855
0.96555649 0.87902049 0.00044563
0.96682780 0.87875468 0.00042584
0.96811389 0.87847853 0.00041092
0.96938519 0.87818792 0.00040123
0.97065650 0.87788112 0.00039656
0.97192780 0.87755838 0.00039658
0.97321389 0.87722092 0.00040136
0.97448520 0.87687130 0.00041108
0.97575650 0.87651494 0.00042449
0.97702781 0.87615737 0.00044008
0.97829911 0.87580430 0.00045588
0.97958520 0.87546028 0.00047000
0.98085651 0.87512704 0.00048162
0.98212781 0.87480444 0.00049059
0.98339912 0.87449016 0.00049786
0.98468520 0.87418182 0.00050421
0.98595651 0.87387690 0.00051045
0.98722781 0.87357235 0.00051771
0.98849912 0.87326527 0.00052710
0.98977043 0.87295299 0.00053969
0.99105651 0.87263381 0.00055607
0.99232782 0.87230701 0.00057643
0.99359912 0.87197232 0.00060066
0.99487043 0.87162958 0.00062870
0.99614174 0.87127830 0.00066076
0.99742782 0.87091686 0.00069790
0.99869913 0.87054439 0.00074093
0.99997043 0.87016310 0.00078868
1.00124174 0.86977576 0.00083969
1.00251305 0.86938511 0.00089259
1.00378435 0.86899324 0.00094635
1.00507044 0.86860080 0.00100084
1.00634174 0.86820800 0.00105606
1.00761305 0.86781498 0.00111202
1.00888436 0.86742207 0.00116853
1.01015566 0.86702962 0.00122538
1.01144175 0.86663830 0.00128215
1.01271305 0.86624899 0.00133823
1.01398436 0.86586260 0.00139305
1.01525567 0.86548032 0.00144584
1.01652697 0.86510351 0.00149571
1.01779828 0.86473359 0.00154171
1.01908436 0.86437156 0.00158315
1.02035567 0.86401677 0.00162043
1.02162698 0.86366579 0.00165580
1.02289828 0.86331300 0.00169291
1.02416959 0.86295335 0.00173506
1.02545567 0.86258474 0.00178355
1.02672698 0.86220803 0.00183776
1.02799829 0.86182522 0.00189636
1.02926959 0.86143851 0.00195793
1.03054090 0.86105007 0.00202110
1.03181220 0.86066266 0.00208410
1.03309829 0.86027922 0.00214509
1.03436960 0.85990273 0.00220222
1.03564090 0.85953511 0.00225424
1.03691221 0.85917606 0.00230142
1.03818351 0.85882506 0.00234411
1.03945482 0.85848159 0.00238258
1.04072612 0.85814505 0.00241716
1.04201221 0.85781499 0.00244806
1.04328352 0.85749109 0.00247542
1.04455482 0.85717296 0.00249942
1.04582613 0.85685942 0.00252081
1.04709743 0.85654847 0.00254093
1.04836874 0.85623818 0.00256112
1.04965483 0.85592735 0.00258226
1.05092613 0.85561581 0.00260453
1.05219744 0.85530420 0.00262767
1.05346874 0.85499372 0.00265101
1.05474005 0.85468679 0.00267309
1.05601135 0.85438768 0.00269120
1.05728266 0.85410098 0.00270239
1.05856875 0.85383099 0.00270395
1.05984005 0.85357955 0.00269467
1.06111136 0.85334381 0.00267649
1.06238266 0.85312134 0.00265095
1.06365397 0.85291117 0.00261856
1.06492527 0.85271229 0.00257989
1.06619658 0.85252384 0.00253545
1.06746788 0.85234331 0.00248684
1.06875397 0.85216670 0.00243673
1.07002528 0.85198929 0.00238827
1.07129658 0.85180665 0.00234441
1.07256789 0.85161524 0.00230749
1.07383919 0.85141247 0.00227918
1.07511050 0.85119718 0.00226016
1.07638181 0.85097187 0.00224860
1.07766789 0.85074388 0.00223947
1.07893920 0.85052370 0.00222574
1.08021050 0.85031880 0.00220259
1.08148181 0.85012948 0.00217008
1.08275312 0.84995189 0.00213098
1.08402442 0.84978163 0.00208830
1.08529573 0.84961676 0.00204331
1.08656703 0.84945618 0.00199663
1.08783834 0.84929840 0.00194913
1.08912443 0.84914222 0.00190153
1.09039573 0.84898643 0.00185455
1.09166704 0.84883035 0.00180858
1.09293834 0.84867352 0.00176388
1.09420965 0.84851550 0.00172069
1.09548095 0.84835609 0.00167915
1.09675226 0.84819502 0.00163938
1.09802356 0.84803200 0.00160155
1.09930965 0.84786675 0.00156579
1.10058096 0.84769922 0.00153208
1.10185226 0.84752967 0.00150018
1.10312357 0.84735805 0.00147011
1.10439487 0.84718424 0.00144191
1.10566618 0.84700819 0.00141563
1.10693748 0.84682988 0.00139127
1.10820879 0.84664968 0.00136866
1.10948010 0.84646820 0.00134739
1.11075140 0.84628647 0.00132686
1.11203749 0.84610557 0.00130634
1.11330879 0.84592686 0.00128499
1.11458010 0.84575149 0.00126201
1.11585141 0.84558069 0.00123655
1.11712271 0.84541535 0.00120797
1.11839402 0.84525411 0.00117689
1.11966532 0.84509301 0.00114589
1.12093663 0.84492384 0.00112021
1.12220793 0.84473536 0.00110703
1.12347924 0.84451833 0.00111209
1.12475054 0.84427005 0.00113680
1.12603663 0.84399555 0.00117749
1.12730794 0.84370488 0.00122769
1.12857924 0.84340946 0.00128055
1.12985055 0.84312175 0.00132940
1.13112185 0.84285426 0.00136757
1.13239316 0.84262108 0.00138726
1.13366446 0.84243650 0.00137975
1.13493577 0.84230875 0.00133982
1.13620707 0.84224293 0.00126239
1.13747838 0.84223622 0.00115317
1.13874969 0.84227446 0.00102428
1.14002099 0.84232747 0.00089887
1.14130708 0.84236402 0.00079569
1.14257838 0.84236763 0.00071811
1.14384969 0.84232735 0.00066696
1.14512100 0.84223953 0.00063761
1.14639230 0.84211376 0.00062262
1.14766361 0.84197136 0.00061473
1.14893491 0.84181875 0.00060849
1.15020622 0.84164310 0.00060669
1.15147752 0.84142755 0.00061610
1.15274883 0.84116339 0.00063976
1.15402013 0.84083719 0.00067839
1.15529144 0.84073853 0.00069683
1.15656274 0.84046116 0.00073666
1.15783405 0.84017838 0.00078027
1.15912014 0.83989063 0.00082745
1.16039144 0.83959836 0.00087797
1.16166275 0.83930206 0.00093153
1.16293405 0.83900225 0.00098783
1.16420536 0.83869946 0.00104654
1.16547667 0.83839427 0.00110730
1.16674797 0.83808727 0.00116976
1.16801928 0.83777907 0.00123352
1.16929058 0.83747033 0.00129822
1.17056189 0.83716169 0.00136344
1.17183319 0.83685384 0.00142880
1.17310450 0.83654748 0.00149389
1.17437580 0.83624333 0.00155830
1.17564711 0.83594210 0.00162162
1.17691841 0.83564455 0.00168343
1.17818972 0.83535142 0.00174333
1.17946103 0.83506348 0.00180088
1.18074711 0.83478148 0.00185569
1.18201842 0.83450621 0.00190733
1.18328972 0.83423843 0.00195541
1.18456103 0.83397891 0.00199951
1.18583234 0.83372842 0.00203925
1.18710364 0.83348773 0.00207422
1.18837495 0.83325759 0.00210406
1.18964625 0.83303874 0.00212839
1.19091756 0.83283192 0.00214686
1.19218886 0.83263784 0.00215913
1.19346017 0.83245720 0.00216487
1.19473147 0.83229066 0.00216379
1.19600278 0.83213888 0.00215560
1.19727408 0.83200247 0.00214006
1.19854539 0.83188202 0.00211694
1.19981670 0.83177809 0.00208604
1.20108800 0.83169119 0.00204723
1.20235931 0.83162179 0.00200040
1.20363061 0.83157031 0.00194551
1.20490192 0.83153714 0.00188256
1.20617322 0.83152260 0.00181166
1.20744453 0.83152696 0.00173301
1.20873062 0.83155042 0.00164693
1.21000192 0.83159313 0.00155394
1.21127323 0.83165517 0.00145476
1.21254453 0.83173653 0.00135048
1.21381584 0.83183714 0.00124268
1.21508714 0.83195684 0.00113368
1.21635845 0.83209540 0.00102694
1.21762975 0.83225248 0.00092765
1.21890106 0.83242765 0.00084336
1.22017237 0.83262039 0.00078420
1.22144367 0.83283007 0.00076139
1.22271498 0.83305595 0.00078305
1.22398628 0.83329718 0.00084996
1.22525759 0.83355279 0.00095598
1.22652889 0.83382168 0.00109222
1.22780020 0.83410263 0.00125054
1.22907150 0.83439429 0.00142456
1.23034281 0.83469515 0.00160958
1.23161411 0.83500357 0.00180202
1.23288542 0.83531776 0.00199905
1.23415673 0.83563578 0.00219830
1.23542803 0.83595551 0.00239766
1.23669934 0.83627467 0.00259515
1.23797064 0.83659082 0.00278888
1.23924195 0.83690132 0.00297696
1.24051325 0.83720336 0.00315748
1.24178456 0.83749394 0.00332852
1.24305586 0.83776984 0.00348807
1.24432717 0.83802768 0.00363408
1.24559847 0.83826382 0.00376441
1.24686978 0.83847444 0.00387688
1.24814109 0.83865549 0.00396922
1.24941239 0.83880269 0.00403914
1.25068370 0.83891151 0.00408429
1.25195500 0.83897721 0.00410232
1.25322631 0.83899478 0.00409094
1.25449761 0.83895896 0.00404796
1.25576892 0.83886423 0.00397143
1.25704022 0.83870482 0.00385980
1.25831153 0.83847466 0.00371227
1.25958283 0.83816742 0.00352928
1.26085414 0.83777647 0.00331347
1.26212545 0.83729492 0.00307133
1.26339675 0.83671553 0.00281624
1.26466806 0.83603081 0.00257370
1.26593936 0.83523291 0.00238857
1.26721067 0.83431370 0.00232810
1.26848197 0.83326469 0.00246417
1.26975328 0.83207709 0.00283438
1.27102458 0.83074176 0.00342862
1.27229589 0.82924918 0.00421635
1.27356719 0.82758952 0.00517135
1.27483850 0.82575255 0.00627772
1.27610981 0.82372766 0.00752785
1.27738111 0.82150387 0.00891948
1.27865242 0.81906977 0.01045377
1.27992372 0.81641353 0.01213398
1.28119503 0.81352289 0.01396483
-0.96316762 0.82175640 0.01073504
-0.96189631 0.82508290 0.01102712
-0.96062353 0.82613373 0.01055972
-0.95934927 0.82696136 0.01042491
-0.95807353 0.82797819 0.01005937
-0.95679779 0.82986556 0.00922804
-0.95551909 0.83330946 0.00725298
-0.95423744 0.84042902 0.00238261
-0.95295431 0.85939443 0.00755544
-0.95167118 0.88426550 0.01350471
-0.95038804 0.88636513 0.01243822
-0.94910048 0.86340131 0.00931633
-0.94781143 0.84071212 0.00761578
-0.94651943 0.82674925 0.00661163
-0.94522743 0.81733395 0.00596531
-0.94393247 0.81030504 0.00538371
-0.94263604 0.80391103 0.00493555
-0.94133960 0.79776292 0.00454811
-0.94004021 0.79170015 0.00421050
-0.93873934 0.78589286 0.00393303
-0.93743699 0.78043287 0.00369779
-0.93613316 0.77531232 0.00349232
-0.93482786 0.77047499 0.00331039
-0.93351959 0.76588862 0.00314757
-0.93221133 0.76151747 0.00299987
-0.93090011 0.75733434 0.00286576
-0.92958890 0.75331530 0.00274306
-0.92827472 0.74944032 0.00263052
-0.92695907 0.74569263 0.00252710
-0.92564341 0.74205865 0.00243165
-0.92432480 0.73852585 0.00234330
-0.92300472 0.73508604 0.00226030
-0.92168315 0.73172491 0.00218870
-0.92036010 0.72844461 0.00211328
-0.91903410 0.72524124 0.00204351
-0.91770810 0.72210765 0.00198430
-0.91638062 0.71906185 0.00191609
-0.91505167 0.71610751 0.00185577
-0.91371975 0.71322314 0.00179698
-0.91238784 0.71038719 0.00173955
-0.91105297 0.70757449 0.00168722
-0.90971810 0.70479581 0.00163443
-0.90838027 0.70203674 0.00158756
-0.90704096 0.69930446 0.00154511
-0.90570166 0.69659897 0.00150365
-0.90435940 0.69390581 0.00146717
-0.90301565 0.69123941 0.00142640
-0.90167044 0.68859615 0.00139059
-0.90032374 0.68596154 0.00135516
-0.89897556 0.68335003 0.00132462
-0.89762591 0.68075438 0.00128997
-0.89627478 0.67817091 0.00126453
-0.89492217 0.67560327 0.00123066
-0.89356808 0.67304777 0.00120572
-0.89221251 0.67050441 0.00118130
-0.89085547 0.66796951 0.00115220
-0.88949695 0.66544303 0.00112845
-0.88813547 0.66293227 0.00110455
-0.88677399 0.66042989 0.00108093
-0.88541103 0.65792854 0.00106166
-0.88404659 0.65544283 0.00103861
-0.88267920 0.65295808 0.00101986
-0.88131181 0.65048159 0.00100136
-0.87994294 0.64801333 0.00098313
-0.87857259 0.64554590 0.00096642
-0.87719928 0.64309033 0.00094756
-0.87582598 0.64063551 0.00093026
-0.87445120 0.63818141 0.00091690
-0.87307345 0.63573907 0.00089866
-0.87169571 0.63329366 0.00088925
-0.87031650 0.63085626 0.00087138
-0.86893580 0.62841939 0.00085558
-0.86755215 0.62598674 0.00084676
-0.86616849 0.62355455 0.00083290
-0.86478336 0.62112276 0.00082126
-0.86339675 0.61869879 0.00080995
-0.86200866 0.61627139 0.00079972
-0.86061762 0.61384801 0.00078659
-0.85922657 0.61142484 0.00077607
-0.85783405 0.60900183 0.00076873
-0.85644005 0.60657893 0.00075629
-0.85504457 0.60415609 0.00074674
-0.85364761 0.60173325 0.00074002
-0.85224918 0.59931037 0.00072823
-0.85084926 0.59688738 0.00071911
-0.84944787 0.59446043 0.00071012
-0.84804648 0.59203706 0.00070662
-0.84664213 0.58960961 0.00069566
-0.84523630 0.58718182 0.00068714
-0.84382899 0.58474982 0.00067877
-0.84242169 0.58231352 0.00067055
-0.84101143 0.57987668 0.00066443
-0.83960116 0.57742771 0.00065300
-0.83818795 0.57497804 0.00065234
-0.83677473 0.57252376 0.00064457
-0.83536003 0.57006090 0.00063334
-0.83394238 0.56759324 0.00062923
-0.83252472 0.56511680 0.00062343
-0.83110559 0.56263537 0.00061769
-0.82968498 0.56014495 0.00060823
-0.82826289 0.55764543 0.00060414
-0.82684081 0.55514451 0.00059466
-0.82541576 0.55264604 0.00059056
-0.82398924 0.55014211 0.00058646
-0.82256272 0.54763263 0.00058236
-0.82113324 0.54512934 0.00057826
-0.81970376 0.54263220 0.00057416
-0.81827280 0.54014121 0.00057005
-0.81684036 0.53766031 0.00056747
-0.81540645 0.53518951 0.00056881
-0.81397106 0.53274081 0.00056467
-0.81253418 0.53030629 0.00056601
-0.81109584 0.52789803 0.00056583
-0.80965749 0.52551616 0.00056167
-0.80821618 0.52315679 0.00056154
-0.80677488 0.52082810 0.00056146
-0.80533209 0.51853026 0.00056142
-0.80388783 0.51625532 0.00055595
-0.80244209 0.51400747 0.00055603
-0.80099487 0.51178685 0.00055501
-0.79954765 0.50959361 0.00054980
-0.79809748 0.50741561 0.00055010
-0.79664730 0.50525703 0.00054417
-0.79519565 0.50311383 0.00054391
-0.79374252 0.50097370 0.00053919
-0.79228791 0.49884905 0.00053405
-0.79083182 0.49672335 0.00052964
-0.78937573 0.49460486 0.00052534
-0.78791669 0.49246859 0.00052119
-0.78645764 0.49033943 0.00051716
-0.78499712 0.48820484 0.00051328
-0.78353512 0.48605631 0.00050948
-0.78207164 0.48388949 0.00050072
-0.78060816 0.48171264 0.00049173
-0.77914320 0.47950868 0.00048801
-0.77767528 0.47728583 0.00048430
-0.77620885 0.47504390 0.00047020
-0.77473946 0.47278265 0.00047131
-0.77326859 0.47051045 0.00046222
-0.77179771 0.46822286 0.00045290
-0.77032537 0.46592397 0.00045429
-0.76885154 0.46362662 0.00044495
-0.76737623 0.46132642 0.00044635
-0.76590093 0.45903635 0.00043715
-0.76442266 0.45674773 0.00043344
-0.76294440 0.45446927 0.00043510
-0.76146466 0.45221420 0.00043129
-0.75998492 0.44997388 0.00043309
-0.75850222 0.44775725 0.00042932
-0.75701953 0.44557337 0.00042555
-0.75553535 0.44342249 0.00043263
-0.75405118 0.44130491 0.00042887
-0.75256405 0.43922536 0.00043022
-0.75107691 0.43717968 0.00043156
-0.74958830 0.43517715 0.00043228
-0.74809822 0.43320459 0.00042781
-0.74660813 0.43127129 0.00042862
-0.74511656 0.42937304 0.00042951
-0.74362352 0.42750556 0.00043621
-0.74212899 0.42566453 0.00042606
-0.74063447 0.42384096 0.00042711
-0.73913847 0.42203039 0.00042842
-0.73764099 0.42023752 0.00042409
-0.73614351 0.41844860 0.00042001
-0.73464307 0.41666827 0.00041616
-0.73314412 0.41487330 0.00041198
-0.73164220 0.41307755 0.00040242
-0.73014029 0.41126223 0.00039764
-0.72863542 0.40943654 0.00039348
-0.72713202 0.40757678 0.00038263
-0.72562567 0.40568731 0.00037785
-0.72411933 0.40376780 0.00037913
-0.72261150 0.40182744 0.00038044
-0.72110367 0.39990901 0.00038176
-0.71959436 0.39803189 0.00038258
-0.71808358 0.39618685 0.00038387
-0.71657132 0.39438384 0.00037947
-0.71505906 0.39259903 0.00038073
-0.71354532 0.39083744 0.00038198
-0.71203158 0.38908951 0.00037755
-0.71051488 0.38735537 0.00037255
-0.70899966 0.38563511 0.00037378
-0.70748148 0.38392885 0.00036927
-0.70596331 0.38222683 0.00037049
-0.70444366 0.38053899 0.00036599
-0.70292400 0.37886046 0.00036149
-0.70140287 0.37718632 0.00036269
-0.69988026 0.37551659 0.00036473
-0.69835765 0.37386135 0.00036594
-0.69683356 0.37220561 0.00036152
-0.69530800 0.37056450 0.00035612
-0.69378243 0.36892292 0.00035732
-0.69225538 0.36728594 0.00035954
-0.69072834 0.36565871 0.00035405
-0.68919982 0.36403618 0.00034959
-0.68766982 0.36241321 0.00034401
-0.68613981 0.36080012 0.00034635
-0.68460833 0.35918662 0.00034755
-0.68307685 0.35758829 0.00034312
-0.68154390 0.35598962 0.00033738
-0.68001094 0.35439058 0.00033856
-0.67847650 0.35280166 0.00033975
-0.67694059 0.35121767 0.00033395
-0.67540467 0.34963865 0.00032941
-0.67386728 0.34806462 0.00033058
-0.67232841 0.34649563 0.00032467
-0.67078954 0.34493170 0.00032007
-0.66925067 0.34337825 0.00031988
-0.66771032 0.34182998 0.00032102
-0.66616849 0.34028152 0.00031633
-0.66462666 0.33874370 0.00031618
-0.66308484 0.33721663 0.00031138
-0.66154005 0.33568947 0.00030527
-0.65999675 0.33417866 0.00030637
-0.65845049 0.33266784 0.00030631
-0.65690570 0.33117357 0.00030861
-0.65535796 0.32969047 0.00030240
-0.65381022 0.32821309 0.00030239
-0.65226248 0.32675264 0.00030460
-0.65071326 0.32530929 0.00030570
-0.64916404 0.32387758 0.00030680
-0.64761335 0.32246893 0.00030046
-0.64606265 0.32108355 0.00030898
-0.64451047 0.31972169 0.00030532
-0.64295830 0.31838358 0.00029875
-0.64140464 0.31704655 0.00029978
-0.63985099 0.31569914 0.00029317
-0.63829586 0.31434120 0.00028805
-0.63674073 0.31298418 0.00029081
-0.63518412 0.31162228 0.00028402
-0.63362751 0.31025544 0.00027722
-0.63207090 0.30888942 0.00027823
-0.63051133 0.30751835 0.00027926
-0.62895324 0.30615986 0.00028030
-0.62739368 0.30480815 0.00027340
-0.62583411 0.30345734 0.00027441
-0.62427306 0.30211340 0.00026746
-0.62271202 0.30077039 0.00026847
-0.62114950 0.29944035 0.00026947
-0.61958697 0.29811736 0.00026244
-0.61802445 0.29679545 0.00026343
-0.61646045 0.29549284 0.00026302
-0.61489497 0.29419753 0.00026400
-0.61333097 0.29290350 0.00025826
-0.61176401 0.29162301 0.00025792
-0.61019853 0.29035621 0.00025204
-0.60863157 0.28909706 0.00025298
-0.60706461 0.28784564 0.00024575
-0.60549618 0.28660823 0.00025363
-0.60392774 0.28537876 0.00024756
-0.60235783 0.28415729 0.00024847
-0.60078939 0.28294390 0.00024114
-0.59921800 0.28174498 0.00024918
-0.59764808 0.28055437 0.00024290
-0.59607669 0.27937848 0.00024279
-0.59450530 0.27821110 0.00024367
-0.59293243 0.27705231 0.00024555
-0.59135956 0.27590863 0.00023805
-0.58978669 0.27476728 0.00023891
-0.58821234 0.27364127 0.00023976
-0.58663799 0.27251774 0.00023329
-0.58506364 0.27140322 0.00023412
-0.58348781 0.27030436 0.00023495
-0.58191198 0.26922133 0.00023577
-0.58033616 0.26813450 0.00023660
-0.57875885 0.26705043 0.00023012
-0.57718302 0.26597579 0.00023094
-0.57560424 0.26491734 0.00023174
-0.57402693 0.26385518 0.00023256
-0.57244815 0.26280941 0.00023337
-0.57086937 0.26176672 0.00022690
-0.56929058 0.26072036 0.00022609
-0.56771032 0.25969066 0.00021945
-0.56613006 0.25865054 0.00022023
-0.56454980 0.25762722 0.00022100
-0.56296805 0.25660030 0.00022178
-0.56138779 0.25556975 0.00022257
-0.55980605 0.25454241 0.00021598
-0.55822283 0.25351833 0.00020746
-0.55664109 0.25249753 0.00020821
-0.55505787 0.25145908 0.00020734
-0.55347466 0.25041682 0.00020041
-0.55189144 0.24937069 0.00019968
-0.55030822 0.24832771 0.00019127
-0.54872352 0.24725953 0.00020020
-0.54713882 0.24618724 0.00019197
-0.54555413 0.24511076 0.00020127
-0.54396943 0.24406590 0.00019346
-0.54238325 0.24306020 0.00019391
-0.54079708 0.24207243 0.00020353
-0.53921090 0.24111005 0.00019532
-0.53762473 0.24015874 0.00020498
-0.53603855 0.23923326 0.00019669
-0.53445090 0.23831187 0.00019738
-0.53286472 0.23740198 0.00018913
-0.53127707 0.23650367 0.00019873
-0.52968942 0.23560970 0.00019042
-0.52810029 0.23472750 0.00020009
-0.52651263 0.23384231 0.00019171
-0.52492498 0.23296903 0.00019236
-0.52333585 0.23210780 0.00018375
-0.52174671 0.23125119 0.00018437
-0.52015758 0.23039169 0.00018499
-0.51856845 0.22953686 0.00019496
-0.51697932 0.22868675 0.00018624
-0.51538871 0.22784138 0.00018686
-0.51379958 0.22700847 0.00017820
-0.51220897 0.22617277 0.00017879
-0.51061836 0.22534196 0.00017939
-0.50902775 0.22450836 0.00017999
-0.50743714 0.22367969 0.00018061
-0.50584653 0.22286378 0.00018121
-0.50425592 0.22204513 0.00018182
-0.50266383 0.22122373 0.00018244
-0.50107322 0.22041526 0.00017369
-0.49948261 0.21960407 0.00017391
-0.49789052 0.21879805 0.00017450
-0.49629843 0.21799724 0.00017546
-0.49470782 0.21720171 0.00016679
-0.49311573 0.21641149 0.00016734
-0.49152364 0.21561861 0.00016791
-0.48993156 0.21482305 0.00016848
-0.48833947 0.21404901 0.00016904
-0.48674738 0.21328050 0.00017115
-0.48515529 0.21251756 0.00017016
-0.48356320 0.21174394 0.00017229
-0.48196964 0.21100044 0.00017128
-0.48037755 0.21024631 0.00017342
-0.47878546 0.20950616 0.00017398
-0.47719337 0.20878839 0.00017453
-0.47559980 0.20806833 0.00017509
-0.47400772 0.20737091 0.00017564
-0.47241563 0.20667965 0.00018541
-0.47082206 0.20600300 0.00018597
-0.46922997 0.20534945 0.00018652
-0.46763788 0.20471922 0.00018705
-0.46604432 0.20409565 0.00017663
-0.46445223 0.20347876 0.00016757
-0.46286014 0.20285163 0.00017763
-0.46126658 0.20222272 0.00016723
-0.45967449 0.20158345 0.00016772
-0.45808240 0.20094229 0.00016822
-0.45649031 0.20029923 0.00016872
-0.45489822 0.19967148 0.00015928
-0.45330613 0.19902460 0.00015976
-0.45171257 0.19838443 0.00017023
-0.45012048 0.19775103 0.00016072
-0.44852839 0.19710700 0.00017126
-0.44693778 0.19646978 0.00016169
-0.44534569 0.19583938 0.00016218
-0.44375360 0.19521587 0.00017280
-0.44216151 0.19459934 0.00016314
-0.44057090 0.19396328 0.00016364
-0.43897882 0.19335189 0.00016412
-0.43738821 0.19273869 0.00016461
-0.43579612 0.19212367 0.00016510
-0.43420551 0.19152471 0.00015560
-0.43261490 0.19092398 0.00016801
-0.43102429 0.19032149 0.00016656
-0.42943368 0.18973527 0.00016900
-0.42784307 0.18914737 0.00015743
-0.42625394 0.18855773 0.00016802
-0.42466333 0.18797548 0.00015835
-0.42307419 0.18740068 0.00015881
-0.42148358 0.18682421 0.00015927
-0.41989445 0.18627364 0.00015971
-0.41830532 0.18569389 0.00016018
-0.41671619 0.18514017 0.00016062
-0.41512853 0.18458489 0.00016108
-0.41353940 0.18405591 0.00016151
-0.41195175 0.18349755 0.00016198
-0.41036262 0.18296562 0.00016242
-0.40877496 0.18243224 0.00016286
-0.40718731 0.18189738 0.00016332
-0.40560114 0.18137046 0.00016646
-0.40401348 0.18085155 0.00016420
-0.40242731 0.18034070 0.00016464
-0.40084113 0.17982849 0.00016508
-0.39925496 0.17931489 0.00016553
-0.39766878 0.17882856 0.00016595
-0.39608261 0.17831225 0.00016641
-0.39449791 0.17782333 0.00016684
-0.39291321 0.17733314 0.00016727
-0.39132851 0.17686097 0.00015739
-0.38974382 0.17637792 0.00016813
-0.38816060 0.17590333 0.00015820
-0.38657738 0.17542752 0.00015619
-0.38499416 0.17496024 0.00015658
-0.38341094 0.17449177 0.00015698
-0.38182920 0.17404169 0.00017026
-0.38024598 0.17358071 0.00015776
-0.37866424 0.17312840 0.00017111
-0.37708398 0.17268484 0.00017153
-0.37550224 0.17224020 0.00017195
-0.37392198 0.17180440 0.00015931
-0.37234172 0.17136753 0.00017104
-0.37076145 0.17093958 0.00016007
-0.36918267 0.17051061 0.00015919
-0.36760388 0.17008060 0.00017227
-0.36602510 0.16964958 0.00016122
-0.36444780 0.16922756 0.00016160
-0.36286901 0.16879447 0.00016072
-0.36129171 0.16837042 0.00016111
-0.35971588 0.16794536 0.00016150
-0.35814005 0.16752943 0.00016316
-0.35656422 0.16710234 0.00016356
-0.35498840 0.16669462 0.00016265
-0.35341405 0.16626548 0.00016305
-0.35183970 0.16586606 0.00016342
-0.35026535 0.16544517 0.00016511
-0.34869248 0.16503355 0.00016420
-0.34711961 0.16463129 0.00016458
-0.34554674 0.16422809 0.00016497
-0.34397534 0.16382394 0.00016536
-0.34240395 0.16341884 0.00016575
-0.34083256 0.16303363 0.00016610
-0.33926264 0.16263711 0.00016651
-0.33769273 0.16225013 0.00016687
-0.33612429 0.16185178 0.00016727
-0.33455586 0.16147352 0.00016765
-0.33298742 0.16108388 0.00016802
-0.33142046 0.16070391 0.00016840
-0.32985350 0.16032308 0.00016878
-0.32828655 0.15995199 0.00016917
-0.32672107 0.15959072 0.00016952
-0.32515559 0.15920735 0.00016991
-0.32359159 0.15885515 0.00017027
-0.32202758 0.15849149 0.00017196
-0.32046358 0.15811631 0.00017103
-0.31890106 0.15776178 0.00017139
-0.31734002 0.15742804 0.00017307
-0.31577749 0.15707203 0.00017345
-0.31421793 0.15671525 0.00017382
-0.31265688 0.15639022 0.00017417
-0.31109731 0.15605368 0.00017720
-0.30953923 0.15571646 0.00016295
-0.30798114 0.15540034 0.00017791
-0.30642305 0.15507268 0.00017827
-0.30486644 0.15475532 0.00016753
-0.30330983 0.15444829 0.00017896
-0.30175470 0.15412970 0.00016818
-0.30019957 0.15379945 0.00016852
-0.29864591 0.15346852 0.00016887
-0.29709226 0.15311478 0.00015879
-0.29554008 0.15277133 0.00016961
-0.29398791 0.15240492 0.00017000
-0.29243721 0.15204881 0.00015986
-0.29088651 0.15168072 0.00016023
-0.28933730 0.15130057 0.00017119
-0.28778808 0.15091951 0.00017665
-0.28623886 0.15053755 0.00016139
-0.28469112 0.15016591 0.00016178
-0.28314485 0.14977076 0.00017795
-0.28159859 0.14938598 0.00016259
-0.28005381 0.14900022 0.00016919
-0.27850902 0.14860212 0.00016341
-0.27696572 0.14821440 0.00017005
-0.27542241 0.14781427 0.00016425
-0.27388059 0.14742456 0.00017093
-0.27234024 0.14702237 0.00016510
-0.27079989 0.14663063 0.00017182
-0.26925954 0.14622634 0.00016596
-0.26772067 0.14582097 0.00015641
-0.26618327 0.14542612 0.00016684
-0.26464588 0.14501861 0.00015724
-0.26310997 0.14462165 0.00016773
-0.26157405 0.14421194 0.00015808
-0.26003962 0.14380111 0.00015231
-0.25850518 0.14340091 0.00015894
-0.25697222 0.14298783 0.00015314
-0.25544074 0.14257361 0.00014316
-0.25390926 0.14215819 0.00016028
-0.25237926 0.14174162 0.00015444
-0.25084926 0.14131191 0.00015489
-0.24932074 0.14089294 0.00014481
-0.24779369 0.14046072 0.00014523
-0.24626665 0.14002722 0.00014567
-0.24474108 0.13958031 0.00015674
-0.24321552 0.13913205 0.00014043
-0.24169143 0.13868236 0.00015297
-0.24016882 0.13821906 0.00014132
-0.23864621 0.13775426 0.00013750
-0.23712508 0.13727564 0.00013796
-0.23560542 0.13680772 0.00015499
-0.23408577 0.13637539 0.00014317
-0.23256759 0.13597893 0.00016075
-0.23104942 0.13561870 0.00015631
-0.22953272 0.13526999 0.00016156
-0.22801750 0.13494542 0.00015706
-0.22650376 0.13463261 0.00016230
-0.22499002 0.13430656 0.00015165
-0.22347628 0.13399230 0.00016305
-0.22196550 0.13368995 0.00016341
-0.22045471 0.13336166 0.00015269
-0.21894541 0.13305793 0.00015303
-0.21743610 0.13275352 0.00015337
-0.21592827 0.13244843 0.00015371
-0.21442193 0.13210439 0.00015410
-0.21291705 0.13179785 0.00015445
-0.21141218 0.13146499 0.00014497
-0.20990879 0.13114414 0.00015519
-0.20840540 0.13080967 0.00014567
-0.20690496 0.13047434 0.00016428
-0.20540453 0.13013820 0.00015635
-0.20390557 0.12980121 0.00014677
-0.20240661 0.12945036 0.00014715
-0.20090913 0.12909858 0.00014754
-0.19941313 0.12874586 0.00014793
-0.19791861 0.12839221 0.00014833
-0.19642408 0.12802445 0.00015886
-0.19493104 0.12764249 0.00014917
-0.19343947 0.12728586 0.00014958
-0.19194791 0.12688847 0.00015003
-0.19045930 0.12651646 0.00016069
-0.18897069 0.12613007 0.00015091
-0.18748355 0.12574252 0.00014285
-0.18599642 0.12536721 0.00015180
-0.18451077 0.12497737 0.00014370
-0.18302659 0.12461333 0.00014411
-0.18154390 0.12423471 0.00015314
-0.18006268 0.12384140 0.00014498
-0.17858146 0.12347411 0.00014540
-0.17710172 0.12310575 0.00014582
-0.17562346 0.12273632 0.00014625
-0.17414667 0.12236581 0.00014668
-0.17266989 0.12199419 0.00014711
-0.17119606 0.12160764 0.00015636
-0.16972223 0.12124765 0.00014799
-0.16824841 0.12087269 0.00014844
-0.16677754 0.12049659 0.00014889
-0.16530667 0.12011935 0.00014935
-0.16383875 0.11974096 0.00014981
-0.16237084 0.11936139 0.00015027
-0.16090440 0.11898064 0.00015074
-0.15943796 0.11859871 0.00015121
-0.15797449 0.11821557 0.00015169
-0.15651101 0.11783121 0.00015217
-0.15504900 0.11745994 0.00014580
-0.15358848 0.11707317 0.00014627
-0.15212944 0.11668514 0.00014675
-0.15067039 0.11631027 0.00016709
-0.14921430 0.11591976 0.00016764
-0.14775822 0.11552795 0.00016819
-0.14630375 0.11514945 0.00015562
-0.14485062 0.11475508 0.00015614
-0.14339867 0.11435938 0.00015667
-0.14194791 0.11396234 0.00015720
-0.14049847 0.11354915 0.00017105
-0.13905022 0.11314933 0.00017164
-0.13760344 0.11273327 0.00015177
-0.13615770 0.11233062 0.00015230
-0.13471344 0.11192655 0.00015283
-0.13327021 0.11152105 0.00015338
-0.13182846 0.11108391 0.00014948
-0.13038804 0.11066023 0.00015454
-0.12894881 0.11025017 0.00015510
-0.12751090 0.10980808 0.00015118
-0.12607433 0.10937957 0.00015631
-0.12463893 0.10893402 0.00015237
-0.12320502 0.10848670 0.00013647
-0.12177229 0.10803752 0.00015821
-0.12034104 0.10757094 0.00015888
-0.11891096 0.10711803 0.00015490
-0.11748222 0.10664752 0.00015556
-0.11605496 0.10617496 0.00015624
-0.11462888 0.10568447 0.00016166
-0.11320413 0.10519177 0.00014065
-0.11178086 0.10471278 0.00014128
-0.11035892 0.10419944 0.00016391
-0.10893816 0.10369984 0.00014264
-0.10751888 0.10319780 0.00016066
-0.10610108 0.10267709 0.00014403
-0.10468446 0.10218654 0.00014471
-0.10326932 0.10169367 0.00014539
-0.10185551 0.10119845 0.00014609
-0.10044304 0.10070083 0.00014680
-0.09903203 0.10018405 0.00016540
-0.09762236 0.09966470 0.00014448
-0.09621417 0.09914263 0.00014906
-0.09480731 0.09861783 0.00016798
-0.09340178 0.09809034 0.00014675
-0.09199772 0.09756000 0.00015144
-0.09059500 0.09700958 0.00014836
-0.08919376 0.09645609 0.00012977
-0.08779384 0.09589940 0.00015401
-0.08639541 0.09533955 0.00015092
-0.08499845 0.09477648 0.00013203
-0.08360282 0.09421002 0.00015673
-0.08220867 0.09364024 0.00015361
-0.08081600 0.09304905 0.00015457
-0.07942466 0.09247226 0.00013527
-0.07803480 0.09187367 0.00013614
-0.07664641 0.09127121 0.00013702
-0.07525951 0.09066482 0.00013792
-0.07387393 0.09005440 0.00013884
-0.07248984 0.08943987 0.00013978
-0.07110722 0.08882116 0.00014074
-0.06972608 0.08823608 0.00011671
-0.06834642 0.08762802 0.00014263
-0.06696823 0.08699660 0.00014365
-0.06559138 0.08641864 0.00014460
-0.06421615 0.08589519 0.00014547
-0.06284240 0.08536858 0.00014635
-0.06146998 0.08487814 0.00012127
-0.06009919 0.08436501 0.00014807
-0.05872988 0.08384883 0.00014633
-0.05736204 0.08330946 0.00014727
-0.05599568 0.08278672 0.00017344
-0.05463080 0.08224047 0.00017458
-0.05326740 0.08169060 0.00017574
-0.05190548 0.08113705 0.00017692
-0.05054518 0.08053831 0.00017829
-0.04918636 0.07995595 0.00020669
-0.04782902 0.07928536 0.00018108
-0.04647316 0.07846033 0.00018296
-0.04511893 0.07726043 0.00019080
-0.04376617 0.07571204 0.00021816
-0.04241504 0.07406419 0.00022978
-0.04106524 0.07242528 0.00023493
-0.03971706 0.07081942 0.00024022
-0.03837051 0.06920082 0.00021282
-0.03702529 0.06759300 0.00021785
-0.03568185 0.06592107 0.00021743
-0.03433973 0.06417998 0.00022936
-0.03299939 0.06236402 0.00023600
-0.03166038 0.06043884 0.00025577
-0.03032315 0.05833676 0.00026496
-0.02898739 0.05582951 0.00030436
-0.02765326 0.05251233 0.00038367
-0.02632105 0.04821923 0.00046671
-0.02499002 0.04339125 0.00057329
-0.02366047 0.03843602 0.00058618
-0.02233255 0.03344466 0.00056521
-0.02100625 0.02856985 0.00062508
-0.01968143 0.02381671 0.00059671
-0.01835824 0.01917941 0.00074451
-0.01703653 0.01455064 0.00082291
-0.01571644 0.00975921 0.00099790
-0.01439801 nan nan
-0.01308110 nan nan
-0.01176578 nan nan
-0.01045207 nan nan
-0.00913993 0.00619090 0.00122243
-0.00782941 0.01091028 0.00065936
-0.00652048 0.01533773 0.00062096
-0.00521317 0.01986788 0.00047662
-0.00390746 0.02416031 0.00068710
-0.00260335 0.02954266 0.00056017
-0.00130087 0.03451551 0.00079110
-0.00000000 0.04300925 0.00030495
