# y/t    WL_mean   WL_std
0.00000000 0.99998418 0.00018379
0.00502513 0.99995044 0.00013295
0.01005025 0.99993463 0.00010378
0.01507538 0.99993652 0.00010246
0.02010050 0.99993840 0.00010113
0.02512563 0.99993888 0.00010056
0.03015075 0.99993676 0.00009757
0.03517588 0.99993464 0.00009457
0.04020101 0.99993468 0.00009405
0.04522613 0.99993945 0.00008821
0.05025126 0.99994382 0.00008238
0.05527638 0.99994653 0.00007637
0.06030151 0.99995589 0.00006993
0.06532663 0.99996517 0.00006201
0.07035176 0.99997479 0.00005205
0.07537688 0.99998667 0.00004378
0.08040201 0.99999948 0.00003492
0.08542714 1.00001135 0.00002668
0.09045226 1.00001949 0.00002059
0.09547739 1.00002875 0.00001434
0.10050251 1.00003627 0.00000913
0.10552764 1.00004166 0.00000495
0.11055276 1.00004769 0.00000277
0.11557789 1.00004972 0.00000320
0.12060302 1.00005103 0.00000227
0.12562814 1.00005401 0.00000016
0.13065327 1.00005249 0.00000246
0.13567839 1.00005088 0.00000277
0.14070352 1.00004887 0.00000294
0.14572864 1.00004516 0.00000317
0.15075377 1.00004360 0.00000284
0.15577889 1.00004294 0.00000320
0.16080402 1.00004185 0.00000397
0.16582915 1.00003854 0.00000631
0.17085427 1.00003676 0.00000405
0.17587940 1.00003616 0.00000320
0.18090452 1.00003616 0.00000320
0.18592965 1.00003616 0.00000320
0.19095477 1.00003417 0.00000039
0.19597990 1.00003390 0.00000000
0.20100503 1.00003390 0.00000000
0.20603015 1.00003341 0.00000069
0.21105528 1.00003210 0.00000255
0.21608040 1.00003164 0.00000320
0.22110553 1.00003272 0.00000418
0.22613065 1.00003390 0.00000554
0.23115578 1.00003337 0.00000620
0.23618090 1.00003231 0.00000756
0.24120603 1.00003175 0.00000849
0.24623116 1.00003272 0.00000887
0.25125628 1.00003368 0.00000944
0.25628141 1.00003390 0.00000959
0.26130653 1.00003390 0.00000959
0.26633166 1.00003616 0.00001152
0.27135678 1.00003616 0.00001152
0.27638191 1.00003616 0.00001152
0.28140704 1.00003548 0.00001246
0.28643216 1.00003404 0.00001445
0.29145729 1.00003390 0.00001465
0.29648241 1.00003390 0.00001465
0.30150754 1.00003390 0.00001465
0.30653266 1.00003390 0.00001465
0.31155779 1.00003332 0.00001545
0.31658291 1.00003207 0.00001720
0.32160804 1.00003134 0.00001753
0.32663317 1.00003029 0.00001666
0.33165829 1.00002938 0.00001616
0.33668342 1.00002938 0.00001852
0.34170854 1.00002938 0.00002096
0.34673367 1.00003447 0.00003255
0.35175879 1.00004007 0.00004089
0.35678392 1.00005345 0.00005021
0.36180905 1.00006738 0.00006478
0.36683417 1.00005969 0.00006339
0.37185930 1.00004922 0.00007978
0.37688442 0.99991843 0.00017376
0.38190955 0.99974532 0.00034630
0.38693467 0.99922490 0.00075385
0.39195980 0.99855203 0.00127772
0.39698492 0.99716917 0.00199700
0.40201005 0.99554655 0.00284288
0.40703518 0.99303906 0.00359889
0.41206030 0.99025582 0.00444608
0.41708543 0.98681538 0.00486356
0.42211055 0.98311002 0.00521505
0.42713568 0.97910360 0.00505243
0.43216080 0.97496829 0.00474469
0.43718593 0.97077697 0.00416797
0.44221106 0.96657019 0.00369472
0.44723618 0.96251189 0.00347627
0.45226131 0.95844438 0.00367926
0.45728643 0.95465533 0.00425854
0.46231156 0.95083723 0.00508862
0.46733668 0.94731432 0.00605972
0.47236181 0.94381596 0.00711378
0.47738693 0.94056623 0.00821506
0.48241206 0.93743112 0.00933904
0.48743719 0.93450290 0.01046238
0.49246231 0.93177160 0.01155999
0.49748744 0.92920982 0.01263925
0.50251256 0.92693372 0.01365130
0.50753769 0.92479682 0.01463111
0.51256281 0.92303029 0.01550685
0.51758794 0.92136175 0.01635254
0.52261307 0.92015201 0.01706943
0.52763819 0.91905498 0.01775873
0.53266332 0.91828363 0.01836877
0.53768844 0.91770108 0.01894205
0.54271357 0.91733659 0.01947316
0.54773869 0.91722792 0.01997028
0.55276382 0.91724004 0.02045023
0.55778894 0.91758192 0.02090802
0.56281407 0.91802795 0.02135857
0.56783920 0.91872471 0.02179779
0.57286432 0.91960564 0.02222018
0.57788945 0.92064477 0.02263656
0.58291457 0.92197548 0.02301243
0.58793970 0.92339737 0.02338287
0.59296482 0.92516247 0.02369583
0.59798995 0.92707841 0.02398521
0.60301508 0.92920190 0.02424010
0.60804020 0.93160306 0.02444630
0.61306533 0.93409158 0.02464690
0.61809045 0.93693408 0.02479647
0.62311558 0.93987891 0.02495107
0.62814070 0.94303713 0.02508986
0.63316583 0.94644418 0.02523145
0.63819095 0.94998353 0.02537900
0.64321608 0.95376011 0.02553318
0.64824121 0.95765028 0.02562269
0.65326633 0.96162396 0.02570125
0.65829146 0.96557488 0.02543011
0.66331658 0.96945768 0.02502317
0.66834171 0.97320585 0.02436413
0.67336683 0.97663246 0.02338870
0.67839196 0.97982090 0.02232799
0.68341709 0.98263216 0.02106941
0.68844221 0.98495024 0.01952493
0.69346734 0.98707107 0.01786406
0.69849246 0.98877129 0.01587363
0.70351759 0.99033458 0.01377902
0.70854271 0.99179948 0.01162639
0.71356784 0.99319132 0.00951639
0.71859296 0.99452691 0.00757517
0.72361809 0.99580317 0.00576950
0.72864322 0.99687316 0.00427823
0.73366834 0.99773607 0.00306237
0.73869347 0.99848446 0.00199926
0.74371859 0.99892449 0.00136923
0.74874372 0.99928251 0.00085649
0.75376884 0.99953938 0.00049323
0.75879397 0.99968070 0.00028686
0.76381910 0.99979565 0.00011992
0.76884422 0.99987456 0.00000522
0.77386935 0.99992711 0.00006951
0.77889447 0.99997033 0.00013329
0.78391960 1.00000314 0.00018184
0.78894472 1.00002560 0.00021737
0.79396985 1.00004337 0.00024350
0.79899497 1.00005647 0.00026203
0.80402010 1.00006788 0.00027817
0.80904523 1.00007394 0.00028809
0.81407035 1.00007511 0.00029320
0.81909548 1.00007524 0.00029676
0.82412060 1.00007659 0.00030008
0.82914573 1.00007333 0.00029919
0.83417085 1.00006917 0.00029439
0.83919598 1.00006635 0.00029040
0.84422111 1.00006267 0.00028519
0.84924623 1.00005833 0.00027906
0.85427136 1.00005298 0.00027396
0.85929648 1.00004659 0.00026724
0.86432161 1.00004122 0.00025963
0.86934673 1.00003322 0.00025097
0.87437186 1.00002547 0.00024287
0.87939698 1.00001855 0.00023601
0.88442211 1.00001046 0.00023054
0.88944724 1.00000471 0.00022240
0.89447236 0.99999545 0.00021411
0.89949749 0.99998563 0.00020718
0.90452261 0.99997631 0.00020059
0.90954774 0.99997027 0.00019493
0.91457286 0.99996324 0.00018771
0.91959799 0.99996567 0.00018249
0.92462312 0.99997721 0.00018059
0.92964824 0.99998399 0.00018351
0.93467337 0.99997453 0.00017924
0.93969849 0.99996040 0.00017318
0.94472362 0.99993236 0.00016483
0.94974874 0.99991029 0.00015890
0.95477387 0.99990259 0.00015517
0.95979899 0.99990702 0.00015203
0.96482412 0.99991516 0.00014628
0.96984925 0.99992203 0.00013999
0.97487437 0.99992662 0.00013479
0.97989950 0.99992994 0.00013103
0.98492462 0.99992913 0.00012645
0.98994975 0.99992831 0.00012182
0.99497487 0.99993773 0.00012630
1.00000000 0.99998418 0.00018379
