# s/c   P_w_mean    P_w_std
0.00000000 0.99993642 0.00004926
0.00130087 0.99955281 0.00004361
0.00260174 0.99915990 0.00003875
0.00390261 0.99875856 0.00003466
0.00520348 0.99834961 0.00003131
0.00650435 0.99793383 0.00002870
0.00780522 0.99751191 0.00002678
0.00910609 0.99708449 0.00002554
0.01040697 0.99665218 0.00002489
0.01170784 0.99621550 0.00002479
0.01300871 0.99577494 0.00002512
0.01430958 0.99533093 0.00002582
0.01561045 0.99488387 0.00002680
0.01691132 0.99443410 0.00002800
0.01821219 0.99398190 0.00002935
0.01951306 0.99352754 0.00003083
0.02081393 0.99307122 0.00003239
0.02211480 0.99261311 0.00003402
0.02341567 0.99215335 0.00003569
0.02470176 0.99169202 0.00003738
0.02600263 0.99122920 0.00003909
0.02730350 0.99076491 0.00004079
0.02860437 0.99029913 0.00004248
0.02990524 0.98983184 0.00004415
0.03120611 0.98936296 0.00004579
0.03250698 0.98889240 0.00004739
0.03380786 0.98842005 0.00004895
0.03510873 0.98794574 0.00005046
0.03640960 0.98746932 0.00005191
0.03771047 0.98699059 0.00005329
0.03901134 0.98650933 0.00005461
0.04029743 0.98602531 0.00005587
0.04159830 0.98553827 0.00005705
0.04289917 0.98504796 0.00005815
0.04420004 0.98455406 0.00005918
0.04550091 0.98405630 0.00006013
0.04680178 0.98355434 0.00006100
0.04810265 0.98304786 0.00006179
0.04940352 0.98253651 0.00006251
0.05068961 0.98201996 0.00006315
0.05199048 0.98149782 0.00006373
0.05329135 0.98096975 0.00006423
0.05459222 0.98043534 0.00006466
0.05589309 0.97989423 0.00006503
0.05719396 0.97934603 0.00006535
0.05849483 0.97879033 0.00006561
0.05978092 0.97822675 0.00006582
0.06108179 0.97765487 0.00006600
0.06238266 0.97707431 0.00006613
0.06368353 0.97648464 0.00006624
0.06498440 0.97588549 0.00006632
0.06628528 0.97527642 0.00006639
0.06757136 0.97465706 0.00006646
0.06887223 0.97402700 0.00006652
0.07017310 0.97338583 0.00006660
0.07147398 0.97273318 0.00006669
0.07277485 0.97206864 0.00006681
0.07407572 0.97139185 0.00006696
0.07536180 0.97070242 0.00006716
0.07666268 0.96999997 0.00006741
0.07796355 0.96928415 0.00006772
0.07926442 0.96855460 0.00006810
0.08056529 0.96781097 0.00006856
0.08185138 0.96705293 0.00006910
0.08315225 0.96628013 0.00006974
0.08445312 0.96549226 0.00007047
0.08575399 0.96468901 0.00007132
0.08704008 0.96387008 0.00007227
0.08834095 0.96303517 0.00007334
0.08964182 0.96218402 0.00007453
0.09094269 0.96131635 0.00007584
0.09224356 0.96043192 0.00007729
0.09352965 0.95953047 0.00007886
0.09483052 0.95861178 0.00008057
0.09613139 0.95767564 0.00008241
0.09743226 0.95672184 0.00008439
0.09871835 0.95575019 0.00008651
0.10001922 0.95476051 0.00008876
0.10132009 0.95375266 0.00009115
0.10260618 0.95272647 0.00009367
0.10390705 0.95168182 0.00009633
0.10520792 0.95061859 0.00009913
0.10650879 0.94953666 0.00010206
0.10779488 0.94843597 0.00010512
0.10909575 0.94731641 0.00010831
0.11039662 0.94617795 0.00011163
0.11169749 0.94502053 0.00011507
0.11298358 0.94384412 0.00011864
0.11428445 0.94264871 0.00012233
0.11558532 0.94143428 0.00012614
0.11687141 0.94020086 0.00013006
0.11817228 0.93894848 0.00013410
0.11947315 0.93767716 0.00013825
0.12075924 0.93638697 0.00014250
0.12206011 0.93507798 0.00014686
0.12336098 0.93375026 0.00015132
0.12466185 0.93240392 0.00015587
0.12594794 0.93103906 0.00016052
0.12724881 0.92965581 0.00016525
0.12854968 0.92825429 0.00017006
0.12983577 0.92680347 0.00017495
0.13113664 0.92529155 0.00018396
0.13243751 0.92377148 0.00019173
0.13372359 0.92224140 0.00019830
0.13502447 0.92069743 0.00020385
0.13632534 0.91914164 0.00020897
0.13761142 0.91757604 0.00021355
0.13891229 0.91599908 0.00021809
0.14019838 0.91439714 0.00022309
0.14149925 0.91274822 0.00022877
0.14280012 0.91104263 0.00023425
0.14408621 0.90930144 0.00024072
0.14538708 0.90756775 0.00025144
0.14668795 0.90586714 0.00026264
0.14797404 0.90420035 0.00027057
0.14927491 0.90255569 0.00027606
0.15056100 0.90090986 0.00027930
0.15186187 0.89924801 0.00028077
0.15316274 0.89757936 0.00028229
0.15444883 0.89592034 0.00028495
0.15574970 0.89426864 0.00028712
0.15703579 0.89260731 0.00028760
0.15833666 0.89094076 0.00028714
0.15963753 0.88928648 0.00028666
0.16092362 0.88764978 0.00028703
0.16222449 0.88599001 0.00028605
0.16351058 0.88424629 0.00028234
0.16481145 0.88242367 0.00027922
0.16611232 0.88056517 0.00028228
0.16739841 0.87870653 0.00029327
0.16869928 0.87686791 0.00030585
0.16998537 0.87505092 0.00031645
0.17128624 0.87325282 0.00032515
0.17257232 0.87146993 0.00033168
0.17387319 0.86969810 0.00033655
0.17517407 0.86793304 0.00033992
0.17646015 0.86617019 0.00034210
0.17776102 0.86440544 0.00034319
0.17904711 0.86263616 0.00034361
0.18034798 0.86085923 0.00034337
0.18163407 0.85907180 0.00034288
0.18293494 0.85726671 0.00034241
0.18422103 0.85543015 0.00034145
0.18552190 0.85355452 0.00033936
0.18680799 0.85164736 0.00033680
0.18810886 0.84973670 0.00033688
0.18939495 0.84784971 0.00033938
0.19069582 0.84598534 0.00034223
0.19199669 0.84409906 0.00034340
0.19328278 0.84212507 0.00033881
0.19458365 0.84006445 0.00033165
0.19586974 0.83795788 0.00033014
0.19717061 0.83582764 0.00033658
0.19845669 0.83368416 0.00034629
0.19975757 0.83151777 0.00035508
0.20104365 0.82932766 0.00036281
0.20234452 0.82713576 0.00037028
0.20363061 0.82495821 0.00037710
0.20493148 0.82280562 0.00038387
0.20621757 0.82064532 0.00039019
0.20750366 0.81840829 0.00039214
0.20880453 0.81608064 0.00039096
0.21009062 0.81369011 0.00039182
0.21139149 0.81127023 0.00039926
0.21267758 0.80884178 0.00041112
0.21397845 0.80639618 0.00042305
0.21526454 0.80391692 0.00043434
0.21656541 0.80139456 0.00044490
0.21785149 0.79882613 0.00045525
0.21915236 0.79621566 0.00046615
0.22043845 0.79357160 0.00047813
0.22173932 0.79090503 0.00049106
0.22302541 0.78822384 0.00050480
0.22432628 0.78553081 0.00051922
0.22561237 0.78281637 0.00053392
0.22689846 0.78006061 0.00054766
0.22819933 0.77725869 0.00056071
0.22948542 0.77442077 0.00057476
0.23078629 0.77156139 0.00059092
0.23207238 0.76869313 0.00060914
0.23337325 0.76582360 0.00062859
0.23465933 0.76295999 0.00064793
0.23594542 0.76011150 0.00066659
0.23724629 0.75728648 0.00068476
0.23853238 0.75448532 0.00070217
0.23983325 0.75170020 0.00071842
0.24111934 0.74891867 0.00073350
0.24240543 0.74613026 0.00074773
0.24370630 0.74333394 0.00076156
0.24499239 0.74053870 0.00077521
0.24629326 0.73775657 0.00078903
0.24757935 0.73499770 0.00080315
0.24886543 0.73227040 0.00081716
0.25016630 0.72957518 0.00083099
0.25145239 0.72690831 0.00084426
0.25275326 0.72426667 0.00085663
0.25403935 0.72164757 0.00086795
0.25532544 0.71905230 0.00087820
0.25662631 0.71648317 0.00088730
0.25791240 0.71394473 0.00089549
0.25919849 0.71144639 0.00090384
0.26049936 0.70899649 0.00091275
0.26178545 0.70659776 0.00092154
0.26307153 0.70424500 0.00092981
0.26437240 0.70193148 0.00093771
0.26565849 0.69964412 0.00094423
0.26695936 0.69735966 0.00094840
0.26824545 0.69506945 0.00094957
0.26953154 0.69278083 0.00095013
0.27083241 0.69051758 0.00095419
0.27211850 0.68832021 0.00096110
0.27340459 0.68620747 0.00097002
0.27470546 0.68417085 0.00097923
0.27599154 0.68218249 0.00098479
0.27727763 0.68021233 0.00098657
0.27857850 0.67825885 0.00098525
0.27986459 0.67633248 0.00098258
0.28115068 0.67444627 0.00098333
0.28243677 0.67260969 0.00098640
0.28373764 0.67082998 0.00098801
0.28502373 0.66912548 0.00099119
0.28630981 0.66748928 0.00099560
0.28761068 0.66590080 0.00099530
0.28889677 0.66433336 0.00098955
0.29018286 0.66278998 0.00098303
0.29148373 0.66132005 0.00097888
0.29276982 0.65994763 0.00097681
0.29405591 0.65866968 0.00097471
0.29534200 0.65746651 0.00097017
0.29664287 0.65630853 0.00096177
0.29792895 0.65518021 0.00094987
0.29921504 0.65408801 0.00093635
0.30051591 0.65305217 0.00092310
0.30180200 0.65209783 0.00091096
0.30308809 0.65123550 0.00089920
0.30437418 0.65045683 0.00088649
0.30567505 0.64974064 0.00087112
0.30696114 0.64905721 0.00085267
0.30824722 0.64838688 0.00083245
0.30953331 0.64772661 0.00081215
0.31083418 0.64708968 0.00079217
0.31212027 0.64650130 0.00077321
0.31340636 0.64598171 0.00075614
0.31469245 0.64553368 0.00073914
0.31599332 0.64514831 0.00072079
0.31727941 0.64482274 0.00070146
0.31856549 0.64456099 0.00068172
0.31985158 0.64435342 0.00066101
0.32115245 0.64417837 0.00063891
0.32243854 0.64401109 0.00061570
0.32372463 0.64382643 0.00058955
0.32501072 0.64361511 0.00056105
0.32629681 0.64338235 0.00053189
0.32759768 0.64313865 0.00050431
0.32888376 0.64289906 0.00048090
0.33016985 0.64267868 0.00046102
0.33145594 0.64248367 0.00044323
0.33275681 0.64231377 0.00042679
0.33404290 0.64216198 0.00040993
0.33532899 0.64201625 0.00039100
0.33661508 0.64187319 0.00037008
0.33790116 0.64173729 0.00034818
0.33918725 0.64161322 0.00032654
0.34048812 0.64149790 0.00030509
0.34177421 0.64138276 0.00028379
0.34306030 0.64125652 0.00026314
0.34434639 0.64110747 0.00024321
0.34563247 0.64092748 0.00022399
0.34693335 0.64071336 0.00020459
0.34821943 0.64047605 0.00018613
0.34950552 0.64023703 0.00017024
0.35079161 0.64001263 0.00015677
0.35207770 0.63981233 0.00014513
0.35336379 0.63963997 0.00013208
0.35466466 0.63948796 0.00011588
0.35595074 0.63933675 0.00009868
0.35723683 0.63916374 0.00008352
0.35852292 0.63895630 0.00007491
0.35980901 0.63871946 0.00007670
0.36109510 0.63846537 0.00008722
0.36238118 0.63819738 0.00010367
0.36368206 0.63791772 0.00012345
0.36496814 0.63763774 0.00014198
0.36625423 0.63737160 0.00015637
0.36754032 0.63712829 0.00016631
0.36882641 0.63690350 0.00017468
0.37011250 0.63667794 0.00018688
0.37139858 0.63643009 0.00020710
0.37269945 0.63615808 0.00023467
0.37398554 0.63587839 0.00026504
0.37527163 0.63560380 0.00029512
0.37655772 0.63533884 0.00032274
0.37784381 0.63508290 0.00034490
0.37912989 0.63482320 0.00036161
0.38041598 0.63454512 0.00037436
0.38170207 0.63424956 0.00038394
0.38298816 0.63395249 0.00039117
0.38428903 0.63366962 0.00039765
0.38557512 0.63340120 0.00040659
0.38686121 0.63313917 0.00042027
0.38814729 0.63287722 0.00043819
0.38943338 0.63260791 0.00045950
0.39071947 0.63232334 0.00048359
0.39200556 0.63202082 0.00050916
0.39329165 0.63170319 0.00053489
0.39457773 0.63137305 0.00055995
0.39586382 0.63102728 0.00058460
0.39714991 0.63066086 0.00060860
0.39843600 0.63027147 0.00063237
0.39973687 0.62987313 0.00065522
0.40102296 0.62949915 0.00067399
0.40230905 0.62918291 0.00068569
0.40359513 0.62892715 0.00069248
0.40488122 0.62869648 0.00070467
0.40616731 0.62845894 0.00072553
0.40745340 0.62820277 0.00075084
0.40873949 0.62793216 0.00077682
0.41002557 0.62766914 0.00079917
0.41131166 0.62743221 0.00081631
0.41259775 0.62721511 0.00083088
0.41388384 0.62699369 0.00084772
0.41516993 0.62675374 0.00086677
0.41645601 0.62649392 0.00088704
0.41774210 0.62619017 0.00091256
0.41902819 0.62580720 0.00094526
0.42031428 0.62532357 0.00098504
0.42160037 0.62477125 0.00102584
0.42288645 0.62422896 0.00105689
0.42417254 0.62373096 0.00107533
0.42545863 0.62326845 0.00108706
0.42674472 0.62282587 0.00109923
0.42803081 0.62239064 0.00111257
0.42931690 0.62195788 0.00112579
0.43060298 0.62151900 0.00114074
0.43188907 0.62106379 0.00115936
0.43317516 0.62058806 0.00118188
0.43446125 0.62009335 0.00120679
0.43574734 0.61958234 0.00123307
0.43703342 0.61905755 0.00125993
0.43831951 0.61852129 0.00128622
0.43960560 0.61797544 0.00131124
0.44089169 0.61742136 0.00133497
0.44217778 0.61686341 0.00135733
0.44346386 0.61631329 0.00137708
0.44474995 0.61578049 0.00139313
0.44603604 0.61526180 0.00140646
0.44732213 0.61473007 0.00142465
0.44860822 0.61414401 0.00145572
0.44989430 0.61347930 0.00150039
0.45118039 0.61276344 0.00155106
0.45246648 0.61207430 0.00159049
0.45375257 0.61144440 0.00161333
0.45503866 0.61086222 0.00162686
0.45632474 0.61032592 0.00163476
0.45761083 0.60983599 0.00163730
0.45889692 0.60940805 0.00162949
0.46018301 0.60904241 0.00161305
0.46146910 0.60870210 0.00160025
0.46275519 0.60834552 0.00159932
0.46404127 0.60792860 0.00161480
0.46532736 0.60745257 0.00164151
0.46661345 0.60698050 0.00166400
0.46789954 0.60654619 0.00167683
0.46917084 0.60614342 0.00168392
0.47045693 0.60574681 0.00169551
0.47174302 0.60532957 0.00171753
0.47302911 0.60489066 0.00174633
0.47431520 0.60444506 0.00177634
0.47560128 0.60401041 0.00180152
0.47688737 0.60360015 0.00181961
0.47817346 0.60321696 0.00183160
0.47945955 0.60285414 0.00184028
0.48074564 0.60249707 0.00184996
0.48203172 0.60212996 0.00186376
0.48331781 0.60173912 0.00188391
0.48460390 0.60132444 0.00190990
0.48587521 0.60090572 0.00193589
0.48716129 0.60049967 0.00195786
0.48844738 0.60011358 0.00197471
0.48973347 0.59974776 0.00198717
0.49101956 0.59939624 0.00199800
0.49230565 0.59905240 0.00200961
0.49359173 0.59871032 0.00202328
0.49487782 0.59836496 0.00203940
0.49616391 0.59801214 0.00205844
0.49743522 0.59765060 0.00207993
0.49872130 0.59728174 0.00210304
0.50000739 0.59690960 0.00212672
0.50129348 0.59654093 0.00214917
0.50257957 0.59618230 0.00216926
0.50386566 0.59583866 0.00218598
0.50515174 0.59551355 0.00219883
0.50643783 0.59520514 0.00220915
0.50770914 0.59490373 0.00221979
0.50899523 0.59460139 0.00223291
0.51028131 0.59429511 0.00224885
0.51156740 0.59398852 0.00226605
0.51285349 0.59369283 0.00228090
0.51413958 0.59341610 0.00229196
0.51542567 0.59316168 0.00229919
0.51669697 0.59292910 0.00230298
0.51798306 0.59270996 0.00230639
0.51926915 0.59248937 0.00231371
0.52055524 0.59225123 0.00232753
0.52184132 0.59198716 0.00234835
0.52312741 0.59169744 0.00237490
0.52439872 0.59139799 0.00240197
0.52568480 0.59112214 0.00242189
0.52697089 0.59089128 0.00242831
0.52825698 0.59070846 0.00242182
0.52954307 0.59056023 0.00241040
0.53082916 0.59041141 0.00240304
0.53210046 0.59023444 0.00240634
0.53338655 0.59002162 0.00241977
0.53467264 0.58979046 0.00243526
0.53595873 0.58957516 0.00244501
0.53724481 0.58938999 0.00244534
0.53853090 0.58922880 0.00243819
0.53980221 0.58906885 0.00243324
0.54108830 0.58887899 0.00243882
0.54237438 0.58864981 0.00245414
0.54366047 0.58839472 0.00247420
0.54494656 0.58813561 0.00249271
0.54621787 0.58789010 0.00250471
0.54750395 0.58766992 0.00250755
0.54879004 0.58747227 0.00250403
0.55007613 0.58727416 0.00250177
0.55134744 0.58705927 0.00250428
0.55263352 0.58681941 0.00251239
0.55391961 0.58655674 0.00252386
0.55520570 0.58628998 0.00253227
0.55649179 0.58603531 0.00253427
0.55776309 0.58579642 0.00252991
0.55904918 0.58556465 0.00252252
0.56033527 0.58532102 0.00251882
0.56162136 0.58505347 0.00252187
0.56289266 0.58476260 0.00253028
0.56417875 0.58445660 0.00254115
0.56546484 0.58415114 0.00255053
0.56675093 0.58385822 0.00255531
0.56803702 0.58358599 0.00255399
0.56930832 0.58334076 0.00254526
0.57059441 0.58312484 0.00252938
0.57188050 0.58293352 0.00250973
0.57316659 0.58275418 0.00249023
0.57443789 0.58257348 0.00247438
0.57572398 0.58237920 0.00246371
0.57701007 0.58215959 0.00245879
0.57829616 0.58190883 0.00245901
0.57956746 0.58162715 0.00246365
0.58085355 0.58132447 0.00247097
0.58213964 0.58102385 0.00247437
0.58341094 0.58074343 0.00246984
0.58469703 0.58049091 0.00245634
0.58598312 0.58026814 0.00243415
0.58726921 0.58006866 0.00240714
0.58854051 0.57987975 0.00238022
0.58982660 0.57969261 0.00235543
0.59111269 0.57950253 0.00233372
0.59239878 0.57931292 0.00231282
0.59367008 0.57913610 0.00228790
0.59495617 0.57897892 0.00225771
0.59624226 0.57883701 0.00222484
0.59751356 0.57869669 0.00219527
0.59879965 0.57854670 0.00217213
0.60008574 0.57837835 0.00215683
0.60137183 0.57818663 0.00214960
0.60264313 0.57797308 0.00214911
0.60392922 0.57774654 0.00215250
0.60521531 0.57752522 0.00215335
0.60648661 0.57732628 0.00214681
0.60777270 0.57716299 0.00212849
0.60905879 0.57703823 0.00209796
0.61033010 0.57693877 0.00206183
0.61161618 0.57684639 0.00202656
0.61290227 0.57674658 0.00199592
0.61417358 0.57663240 0.00197078
0.61545967 0.57650494 0.00195009
0.61674575 0.57636895 0.00193255
0.61801706 0.57622914 0.00191691
0.61930315 0.57608781 0.00190338
0.62058924 0.57594736 0.00189150
0.62187532 0.57580909 0.00188033
0.62314663 0.57566887 0.00187125
0.62443272 0.57552021 0.00186560
0.62571880 0.57535822 0.00186403
0.62699011 0.57518363 0.00186524
0.62827620 0.57500795 0.00186463
0.62954750 0.57484971 0.00185664
0.63083359 0.57472125 0.00183751
0.63211968 0.57462560 0.00180758
0.63339099 0.57456256 0.00176809
0.63467707 0.57452824 0.00172115
0.63596316 0.57451241 0.00167183
0.63723447 0.57450472 0.00162369
0.63852056 0.57449469 0.00157956
0.63980664 0.57446980 0.00154297
0.64107795 0.57442134 0.00151553
0.64236404 0.57434626 0.00149741
0.64365012 0.57424752 0.00148707
0.64492143 0.57413145 0.00148154
0.64620752 0.57400232 0.00147970
0.64749361 0.57386317 0.00148090
0.64876491 0.57371764 0.00148392
0.65005100 0.57356932 0.00148777
0.65132231 0.57342204 0.00149123
0.65260839 0.57328008 0.00149283
0.65389448 0.57314780 0.00149105
0.65516579 0.57302935 0.00148441
0.65645188 0.57292907 0.00147109
0.65772318 0.57284747 0.00145160
0.65900927 0.57278300 0.00142731
0.66029536 0.57273324 0.00139982
0.66156666 0.57269818 0.00136971
0.66285275 0.57268288 0.00133520
0.66413884 0.57269124 0.00129498
0.66541014 0.57272197 0.00125018
0.66669623 0.57276501 0.00120584
0.66796754 0.57280857 0.00116724
0.66925363 0.57284433 0.00113709
0.67053971 0.57286657 0.00111636
0.67181102 0.57287357 0.00110372
0.67309711 0.57286632 0.00109769
0.67436841 0.57285262 0.00109482
0.67565450 0.57284910 0.00108796
0.67692581 0.57286894 0.00107315
0.67821189 0.57291529 0.00105008
0.67949798 0.57298815 0.00101908
0.68076929 0.57308828 0.00098026
0.68205538 0.57321579 0.00093342
0.68332668 0.57336929 0.00087912
0.68461277 0.57353961 0.00082144
0.68589886 0.57370943 0.00076788
0.68717016 0.57386456 0.00072393
0.68845625 0.57400234 0.00069035
0.68972756 0.57413008 0.00066367
0.69101364 0.57425490 0.00064044
0.69228495 0.57438015 0.00061937
0.69357104 0.57450844 0.00059928
0.69484234 0.57464099 0.00057931
0.69612843 0.57477553 0.00056001
0.69741452 0.57490760 0.00054277
0.69868582 0.57503112 0.00052915
0.69997191 0.57514310 0.00051916
0.70124322 0.57524558 0.00051149
0.70252931 0.57534501 0.00050375
0.70380061 0.57544768 0.00049416
0.70508670 0.57555334 0.00048388
0.70635801 0.57566111 0.00047400
0.70764409 0.57577265 0.00046436
0.70893018 0.57589144 0.00045381
0.71020149 0.57602035 0.00044142
0.71148758 0.57616192 0.00042646
0.71275888 0.57631730 0.00040889
0.71404497 0.57648039 0.00039133
0.71531627 0.57664130 0.00037669
0.71660236 0.57678922 0.00036728
0.71787367 0.57691926 0.00036362
0.71915976 0.57703633 0.00036352
0.72043106 0.57714723 0.00036441
0.72171715 0.57725530 0.00036514
0.72298845 0.57736146 0.00036563
0.72427454 0.57746490 0.00036617
0.72554585 0.57756459 0.00036729
0.72683194 0.57766226 0.00036882
0.72810324 0.57776296 0.00036972
0.72938933 0.57787289 0.00036906
0.73066064 0.57799520 0.00036643
0.73194672 0.57812766 0.00036259
0.73321803 0.57826359 0.00035872
0.73450412 0.57839689 0.00035584
0.73577542 0.57852470 0.00035442
0.73706151 0.57864656 0.00035428
0.73833282 0.57876344 0.00035512
0.73961890 0.57887617 0.00035663
0.74089021 0.57898574 0.00035853
0.74217630 0.57909302 0.00036064
0.74344760 0.57919895 0.00036282
0.74473369 0.57930501 0.00036478
0.74600500 0.57941163 0.00036664
0.74729108 0.57951835 0.00036865
0.74856239 0.57962394 0.00037104
0.74984848 0.57972646 0.00037402
0.75111978 0.57982414 0.00037773
0.75240587 0.57991570 0.00038220
0.75367718 0.58000041 0.00038725
0.75496327 0.58007793 0.00039289
0.75623457 0.58014841 0.00039901
0.75752066 0.58021220 0.00040554
0.75879196 0.58026976 0.00041249
0.76007805 0.58032169 0.00041983
0.76134936 0.58036851 0.00042760
0.76263545 0.58041055 0.00043582
0.76390675 0.58044773 0.00044455
0.76517806 0.58047945 0.00045389
0.76646414 0.58050435 0.00046404
0.76773545 0.58052023 0.00047530
0.76902154 0.58052490 0.00048807
0.77029284 0.58051788 0.00050273
0.77157893 0.58050159 0.00051937
0.77285024 0.58048088 0.00053744
0.77413633 0.58046055 0.00055583
0.77540763 0.58044401 0.00057354
0.77669372 0.58043421 0.00058962
0.77796502 0.58043359 0.00060352
0.77923633 0.58044402 0.00061483
0.78052242 0.58046604 0.00062340
0.78179372 0.58049882 0.00062971
0.78307981 0.58054072 0.00063429
0.78435112 0.58058812 0.00063787
0.78563720 0.58063801 0.00064116
0.78690851 0.58068868 0.00064450
0.78817982 0.58073907 0.00064816
0.78946590 0.58078862 0.00065219
0.79073721 0.58083663 0.00065670
0.79202330 0.58088264 0.00066172
0.79329460 0.58092641 0.00066730
0.79458069 0.58096837 0.00067330
0.79585200 0.58100946 0.00067946
0.79712330 0.58105129 0.00068561
0.79840939 0.58109618 0.00069123
0.79968070 0.58114590 0.00069593
0.80096678 0.58120232 0.00069951
0.80223809 0.58126677 0.00070181
0.80350939 0.58133946 0.00070300
0.80479548 0.58141894 0.00070343
0.80606679 0.58150164 0.00070355
0.80735288 0.58158526 0.00070371
0.80862418 0.58166894 0.00070405
0.80989549 0.58175205 0.00070472
0.81118157 0.58183422 0.00070585
0.81245288 0.58191429 0.00070755
0.81373897 0.58199065 0.00071006
0.81501027 0.58206262 0.00071344
0.81628158 0.58213141 0.00071768
0.81756767 0.58219937 0.00072257
0.81883897 0.58226882 0.00072755
0.82012506 0.58234154 0.00073214
0.82139637 0.58242010 0.00073574
0.82266767 0.58250792 0.00073779
0.82395376 0.58260742 0.00073806
0.82522507 0.58271756 0.00073679
0.82651115 0.58283351 0.00073485
0.82778246 0.58294969 0.00073321
0.82905376 0.58306244 0.00073230
0.83033985 0.58317099 0.00073231
0.83161116 0.58327581 0.00073319
0.83288246 0.58337773 0.00073470
0.83416855 0.58347812 0.00073666
0.83543986 0.58357860 0.00073884
0.83672594 0.58368116 0.00074098
0.83799725 0.58378782 0.00074274
0.83926856 0.58390051 0.00074377
0.84055464 0.58402103 0.00074369
0.84182595 0.58415111 0.00074218
0.84309725 0.58429228 0.00073896
0.84438334 0.58444559 0.00073397
0.84565465 0.58461097 0.00072743
0.84692595 0.58478650 0.00071979
0.84821204 0.58496829 0.00071190
0.84948335 0.58515016 0.00070455
0.85076944 0.58532638 0.00069822
0.85204074 0.58549403 0.00069314
0.85331205 0.58565456 0.00068907
0.85459813 0.58581357 0.00068585
0.85586944 0.58597468 0.00068286
0.85714075 0.58614047 0.00067966
0.85842683 0.58631366 0.00067604
0.85969814 0.58649609 0.00067188
0.86096944 0.58668867 0.00066730
0.86225553 0.58689092 0.00066256
0.86352684 0.58709981 0.00065798
0.86479814 0.58730797 0.00065342
0.86608423 0.58750781 0.00064844
0.86735554 0.58769413 0.00064269
0.86862684 0.58786511 0.00063649
0.86991293 0.58802278 0.00063095
0.87118424 0.58817074 0.00062700
0.87245554 0.58831322 0.00062495
0.87374163 0.58845552 0.00062457
0.87501293 0.58860292 0.00062497
0.87628424 0.58876025 0.00062508
0.87757033 0.58893212 0.00062392
0.87884163 0.58912172 0.00062090
0.88011294 0.58933079 0.00061601
0.88138424 0.58955935 0.00060981
0.88267033 0.58980600 0.00060342
0.88394164 0.59006836 0.00059812
0.88521294 0.59034346 0.00059508
0.88649903 0.59062807 0.00059502
0.88777034 0.59091815 0.00059785
0.88904164 0.59120960 0.00060256
0.89032773 0.59149942 0.00060813
0.89159904 0.59178604 0.00061414
0.89287034 0.59206802 0.00062033
0.89415643 0.59234329 0.00062620
0.89542774 0.59261025 0.00063136
0.89669904 0.59286867 0.00063572
0.89797035 0.59311944 0.00063943
0.89925643 0.59336413 0.00064284
0.90052774 0.59360471 0.00064629
0.90179905 0.59384289 0.00064994
0.90308513 0.59408044 0.00065415
0.90435644 0.59431930 0.00065938
0.90562774 0.59456150 0.00066617
0.90691383 0.59480893 0.00067510
0.90818514 0.59506325 0.00068679
0.90945644 0.59532521 0.00070152
0.91072775 0.59559462 0.00071930
0.91201384 0.59586994 0.00073958
0.91328514 0.59614725 0.00076056
0.91455645 0.59642300 0.00078092
0.91582775 0.59669369 0.00079940
0.91711384 0.59695553 0.00081455
0.91838515 0.59720513 0.00082517
0.91965645 0.59744008 0.00083048
0.92094254 0.59765899 0.00083003
0.92221385 0.59786239 0.00082405
0.92348515 0.59805544 0.00081498
0.92475646 0.59824391 0.00080535
0.92604254 0.59843276 0.00079720
0.92731385 0.59862520 0.00079171
0.92858516 0.59882181 0.00078865
0.92985646 0.59902252 0.00078759
0.93114255 0.59922709 0.00078805
0.93241385 0.59943556 0.00078980
0.93368516 0.59964709 0.00079205
0.93495647 0.59985996 0.00079356
0.93624255 0.60007212 0.00079300
0.93751386 0.60028074 0.00078893
0.93878516 0.60048245 0.00078058
0.94005647 0.60067256 0.00076640
0.94134256 0.60084862 0.00074602
0.94261386 0.60101393 0.00072203
0.94388517 0.60117403 0.00069745
0.94515647 0.60133359 0.00067439
0.94644256 0.60149538 0.00065371
0.94771387 0.60166174 0.00063616
0.94898517 0.60183515 0.00062250
0.95025648 0.60201754 0.00061325
0.95154257 0.60221105 0.00060922
0.95281387 0.60241713 0.00061101
0.95408518 0.60263689 0.00061934
0.95535648 0.60286874 0.00063360
0.95664257 0.60310559 0.00065010
0.95791388 0.60333805 0.00066416
0.95918518 0.60355737 0.00067164
0.96045649 0.60375977 0.00067097
0.96174258 0.60394739 0.00066379
0.96301388 0.60412451 0.00065254
0.96428519 0.60429528 0.00063906
0.96555649 0.60446284 0.00062485
0.96682780 0.60463071 0.00061169
0.96811389 0.60480263 0.00060133
0.96938519 0.60498150 0.00059512
0.97065650 0.60516909 0.00059370
0.97192780 0.60536619 0.00059730
0.97321389 0.60557250 0.00060566
0.97448520 0.60578723 0.00061845
0.97575650 0.60600893 0.00063505
0.97702781 0.60623439 0.00065390
0.97829911 0.60646039 0.00067353
0.97958520 0.60668368 0.00069239
0.98085651 0.60690156 0.00070933
0.98212781 0.60711297 0.00072397
0.98339912 0.60731801 0.00073630
0.98468520 0.60751798 0.00074709
0.98595651 0.60771423 0.00075699
0.98722781 0.60790826 0.00076659
0.98849912 0.60810181 0.00077670
0.98977043 0.60829660 0.00078810
0.99105651 0.60849415 0.00080146
0.99232782 0.60869523 0.00081702
0.99359912 0.60890017 0.00083479
0.99487043 0.60910915 0.00085466
0.99614174 0.60932290 0.00087696
0.99742782 0.60954265 0.00090244
0.99869913 0.60976957 0.00093185
0.99997043 0.61000386 0.00096536
1.00124174 0.61024387 0.00100202
1.00251305 0.61048780 0.00104080
1.00378435 0.61073388 0.00108079
1.00507044 0.61098071 0.00112125
1.00634174 0.61122777 0.00116202
1.00761305 0.61147482 0.00120304
1.00888436 0.61172170 0.00124426
1.01015566 0.61196817 0.00128557
1.01144175 0.61221401 0.00132684
1.01271305 0.61245873 0.00136776
1.01398436 0.61270186 0.00140803
1.01525567 0.61294283 0.00144729
1.01652697 0.61318091 0.00148506
1.01779828 0.61341525 0.00152078
1.01908436 0.61364511 0.00155398
1.02035567 0.61387044 0.00158462
1.02162698 0.61409247 0.00161352
1.02289828 0.61431366 0.00164229
1.02416959 0.61453691 0.00167282
1.02545567 0.61476460 0.00170662
1.02672698 0.61499770 0.00174427
1.02799829 0.61523556 0.00178532
1.02926959 0.61547679 0.00182882
1.03054090 0.61571997 0.00187384
1.03181220 0.61596371 0.00191948
1.03309829 0.61620638 0.00196469
1.03436960 0.61644618 0.00200835
1.03564090 0.61668133 0.00204931
1.03691221 0.61691065 0.00208682
1.03818351 0.61713428 0.00212102
1.03945482 0.61735244 0.00215203
1.04072612 0.61756539 0.00218001
1.04201221 0.61777350 0.00220516
1.04328352 0.61797701 0.00222761
1.04455482 0.61817628 0.00224755
1.04582613 0.61837215 0.00226553
1.04709743 0.61856603 0.00228249
1.04836874 0.61875944 0.00229945
1.04965483 0.61895358 0.00231723
1.05092613 0.61914919 0.00233637
1.05219744 0.61934647 0.00235701
1.05346874 0.61954447 0.00237860
1.05474005 0.61974159 0.00240008
1.05601135 0.61993583 0.00242014
1.05728266 0.62012449 0.00243706
1.05856875 0.62030497 0.00244915
1.05984005 0.62047477 0.00245480
1.06111136 0.62063266 0.00245324
1.06238266 0.62078000 0.00244540
1.06365397 0.62091803 0.00243208
1.06492527 0.62104776 0.00241394
1.06619658 0.62117026 0.00239166
1.06746788 0.62128676 0.00236606
1.06875397 0.62139956 0.00233864
1.07002528 0.62151132 0.00231121
1.07129658 0.62162479 0.00228558
1.07256789 0.62174222 0.00226325
1.07383919 0.62186551 0.00224542
1.07511050 0.62199592 0.00223292
1.07638181 0.62213397 0.00222604
1.07766789 0.62227826 0.00222374
1.07893920 0.62242415 0.00222282
1.08021050 0.62256544 0.00221911
1.08148181 0.62269770 0.00220969
1.08275312 0.62282043 0.00219435
1.08402442 0.62293575 0.00217462
1.08529573 0.62304611 0.00215218
1.08656703 0.62315264 0.00212779
1.08783834 0.62325599 0.00210187
1.08912443 0.62335704 0.00207496
1.09039573 0.62345650 0.00204752
1.09166704 0.62355507 0.00202003
1.09293834 0.62365318 0.00199277
1.09420965 0.62375113 0.00196597
1.09548095 0.62384915 0.00193978
1.09675226 0.62394758 0.00191446
1.09802356 0.62404696 0.00189036
1.09930965 0.62414771 0.00186776
1.10058096 0.62425018 0.00184687
1.10185226 0.62435459 0.00182777
1.10312357 0.62446084 0.00181038
1.10439487 0.62456900 0.00179468
1.10566618 0.62467918 0.00178070
1.10693748 0.62479138 0.00176840
1.10820879 0.62490556 0.00175772
1.10948010 0.62502151 0.00174850
1.11075140 0.62513882 0.00174044
1.11203749 0.62525688 0.00173310
1.11330879 0.62537498 0.00172600
1.11458010 0.62549238 0.00171860
1.11585141 0.62560844 0.00171041
1.11712271 0.62572238 0.00170082
1.11839402 0.62583379 0.00168947
1.11966532 0.62594358 0.00167684
1.12093663 0.62605422 0.00166450
1.12220793 0.62617079 0.00165583
1.12347924 0.62629992 0.00165530
1.12475054 0.62644614 0.00166591
1.12603663 0.62660887 0.00168722
1.12730794 0.62678283 0.00171568
1.12857924 0.62696089 0.00174708
1.12985055 0.62713527 0.00177732
1.13112185 0.62729802 0.00180301
1.13239316 0.62744005 0.00182071
1.13366446 0.62755254 0.00182624
1.13493577 0.62763090 0.00181723
1.13620707 0.62767252 0.00179084
1.13747838 0.62768119 0.00174731
1.13874969 0.62766671 0.00168897
1.14002099 0.62764743 0.00162422
1.14130708 0.62764024 0.00156197
1.14257838 0.62765211 0.00150511
1.14384969 0.62768878 0.00145647
1.14512100 0.62775265 0.00141809
1.14639230 0.62783918 0.00139177
1.14766361 0.62793638 0.00137614
1.14893491 0.62803942 0.00136793
1.15020622 0.62815638 0.00136592
1.15147752 0.62829864 0.00136928
1.15274883 0.62847187 0.00138035
1.15402013 0.62868408 0.00139586
1.15529144 0.62887863 0.00142152
1.15656274 0.62905526 0.00144917
1.15783405 0.62923484 0.00147873
1.15912014 0.62941711 0.00151012
1.16039144 0.62960178 0.00154320
1.16166275 0.62978852 0.00157786
1.16293405 0.62997702 0.00161396
1.16420536 0.63016693 0.00165135
1.16547667 0.63035788 0.00168990
1.16674797 0.63054951 0.00172944
1.16801928 0.63074143 0.00176981
1.16929058 0.63093324 0.00181084
1.17056189 0.63112453 0.00185234
1.17183319 0.63131488 0.00189414
1.17310450 0.63150386 0.00193605
1.17437580 0.63169102 0.00197787
1.17564711 0.63187593 0.00201940
1.17691841 0.63205812 0.00206045
1.17818972 0.63223714 0.00210081
1.17946103 0.63241254 0.00214027
1.18074711 0.63258384 0.00217861
1.18201842 0.63275058 0.00221564
1.18328972 0.63291230 0.00225112
1.18456103 0.63306854 0.00228486
1.18583234 0.63321883 0.00231663
1.18710364 0.63336274 0.00234623
1.18837495 0.63349980 0.00237344
1.18964625 0.63362959 0.00239805
1.19091756 0.63375167 0.00241986
1.19218886 0.63386564 0.00243867
1.19346017 0.63397108 0.00245428
1.19473147 0.63406762 0.00246650
1.19600278 0.63415489 0.00247513
1.19727408 0.63423254 0.00248001
1.19854539 0.63430024 0.00248095
1.19981670 0.63435770 0.00247781
1.20108800 0.63440463 0.00247041
1.20235931 0.63444078 0.00245863
1.20363061 0.63446594 0.00244233
1.20490192 0.63447993 0.00242139
1.20617322 0.63448258 0.00239571
1.20744453 0.63447380 0.00236520
1.20873062 0.63445349 0.00232977
1.21000192 0.63442164 0.00228938
1.21127323 0.63437826 0.00224398
1.21254453 0.63432340 0.00219355
1.21381584 0.63425718 0.00213809
1.21508714 0.63417975 0.00207762
1.21635845 0.63409134 0.00201219
1.21762975 0.63399222 0.00194186
1.21890106 0.63388273 0.00186672
1.22017237 0.63376326 0.00178691
1.22144367 0.63363429 0.00170258
1.22271498 0.63349635 0.00161392
1.22398628 0.63335004 0.00152116
1.22525759 0.63319606 0.00142457
1.22652889 0.63303517 0.00132448
1.22780020 0.63286820 0.00122127
1.22907150 0.63269609 0.00111541
1.23034281 0.63251986 0.00100749
1.23161411 0.63234061 0.00089822
1.23288542 0.63215955 0.00078860
1.23415673 0.63197799 0.00067999
1.23542803 0.63179732 0.00057452
1.23669934 0.63161906 0.00047569
1.23797064 0.63144482 0.00038973
1.23924195 0.63127633 0.00032753
1.24051325 0.63111545 0.00030373
1.24178456 0.63096413 0.00032563
1.24305586 0.63082447 0.00038372
1.24432717 0.63069869 0.00046247
1.24559847 0.63058912 0.00055076
1.24686978 0.63049826 0.00064222
1.24814109 0.63042872 0.00073315
1.24941239 0.63038327 0.00082122
1.25068370 0.63036483 0.00090481
1.25195500 0.63037645 0.00098272
1.25322631 0.63042135 0.00105406
1.25449761 0.63050290 0.00111816
1.25576892 0.63062466 0.00117467
1.25704022 0.63079032 0.00122354
1.25831153 0.63100377 0.00126515
1.25958283 0.63126906 0.00130048
1.26085414 0.63159043 0.00133124
1.26212545 0.63197231 0.00136016
1.26339675 0.63241930 0.00139120
1.26466806 0.63293622 0.00142971
1.26593936 0.63352806 0.00148253
1.26721067 0.63420004 0.00155761
1.26848197 0.63495758 0.00166341
1.26975328 0.63580632 0.00180794
1.27102458 0.63675209 0.00199798
1.27229589 0.63780097 0.00223862
1.27356719 0.63895926 0.00253343
1.27483850 0.64023351 0.00288485
1.27610981 0.64163046 0.00329470
1.27738111 0.64315715 0.00376464
1.27865242 0.64482084 0.00429636
1.27992372 0.64662903 0.00489175
1.28119503 0.64858950 0.00555299
-0.96316762 0.64296864 0.00474451
-0.96189631 0.64078118 0.00513361
-0.96062353 0.64005645 0.00494923
-0.95934927 0.63954541 0.00488471
-0.95807353 0.63891963 0.00470427
-0.95679779 0.63775958 0.00419054
-0.95551909 0.63560650 0.00299503
-0.95423744 0.63125993 0.00080114
-0.95295431 0.61993798 0.00603979
-0.95167118 0.60541347 0.00992495
-0.95038804 0.60445296 0.00960294
-0.94910048 0.61837933 0.00774794
-0.94781143 0.63218676 0.00658139
-0.94651943 0.64078211 0.00582356
-0.94522743 0.64669082 0.00535988
-0.94393247 0.65115842 0.00496636
-0.94263604 0.65524135 0.00465905
-0.94133960 0.65916911 0.00438306
-0.94004021 0.66303856 0.00413062
-0.93873934 0.66674495 0.00391314
-0.93743699 0.67023508 0.00372305
-0.93613316 0.67351475 0.00355537
-0.93482786 0.67661580 0.00340490
-0.93351959 0.67956005 0.00326883
-0.93221133 0.68236794 0.00314459
-0.93090011 0.68505668 0.00302998
-0.92958890 0.68764088 0.00292499
-0.92827472 0.69013310 0.00282714
-0.92695907 0.69254355 0.00273614
-0.92564341 0.69488153 0.00265137
-0.92432480 0.69715470 0.00257166
-0.92300472 0.69936492 0.00249560
-0.92168315 0.70152613 0.00242313
-0.92036010 0.70363298 0.00235454
-0.91903410 0.70568873 0.00228893
-0.91770810 0.70770035 0.00222301
-0.91638062 0.70965621 0.00216039
-0.91505167 0.71155168 0.00210282
-0.91371975 0.71340534 0.00205093
-0.91238784 0.71522648 0.00199607
-0.91105297 0.71702904 0.00194719
-0.90971810 0.71881069 0.00189831
-0.90838027 0.72058072 0.00185214
-0.90704096 0.72232985 0.00180921
-0.90570166 0.72406039 0.00176332
-0.90435940 0.72577933 0.00172336
-0.90301565 0.72748200 0.00168315
-0.90167044 0.72917305 0.00164567
-0.90032374 0.73085017 0.00160570
-0.89897556 0.73251336 0.00157392
-0.89762591 0.73416725 0.00153691
-0.89627478 0.73580952 0.00150514
-0.89492217 0.73744483 0.00147087
-0.89356808 0.73906620 0.00143659
-0.89221251 0.74068293 0.00140505
-0.89085547 0.74228804 0.00137627
-0.88949695 0.74388618 0.00134493
-0.88813547 0.74547503 0.00131910
-0.88677399 0.74706156 0.00129051
-0.88541103 0.74863647 0.00126469
-0.88404659 0.75020674 0.00123904
-0.88267920 0.75177236 0.00121046
-0.88131181 0.75333101 0.00118758
-0.87994294 0.75488269 0.00115901
-0.87857259 0.75643206 0.00113904
-0.87719928 0.75797213 0.00111325
-0.87582598 0.75951220 0.00109051
-0.87445120 0.76104530 0.00107042
-0.87307345 0.76257607 0.00104756
-0.87169571 0.76409988 0.00102470
-0.87031650 0.76562137 0.00100475
-0.86893580 0.76713589 0.00098479
-0.86755215 0.76865041 0.00096484
-0.86616849 0.77016260 0.00094480
-0.86478336 0.77167015 0.00092485
-0.86339675 0.77317305 0.00090771
-0.86200866 0.77467364 0.00088777
-0.86061762 0.77617189 0.00087071
-0.85922657 0.77766783 0.00085358
-0.85783405 0.77916144 0.00083365
-0.85644005 0.78064808 0.00081940
-0.85504457 0.78213705 0.00080230
-0.85364761 0.78362369 0.00078806
-0.85224918 0.78510801 0.00077099
-0.85084926 0.78659001 0.00075391
-0.84944787 0.78806969 0.00073968
-0.84804648 0.78954704 0.00072548
-0.84664213 0.79102207 0.00071124
-0.84523630 0.79249942 0.00069706
-0.84382899 0.79397213 0.00068286
-0.84242169 0.79544948 0.00067148
-0.84101143 0.79692218 0.00065728
-0.83960116 0.79839721 0.00064597
-0.83818795 0.79986992 0.00063748
-0.83677473 0.80134727 0.00062610
-0.83536003 0.80282230 0.00061482
-0.83394238 0.80429965 0.00060345
-0.83252472 0.80577933 0.00059497
-0.83110559 0.80725900 0.00058651
-0.82968498 0.80873868 0.00057805
-0.82826289 0.81022067 0.00056945
-0.82684081 0.81170035 0.00056099
-0.82541576 0.81318002 0.00055517
-0.82398924 0.81465970 0.00054671
-0.82256272 0.81613008 0.00054103
-0.82113324 0.81759814 0.00053243
-0.81970376 0.81906156 0.00052675
-0.81827280 0.82051568 0.00051815
-0.81684036 0.82196051 0.00051235
-0.81540645 0.82339373 0.00050377
-0.81397106 0.82481765 0.00049800
-0.81253418 0.82622300 0.00048943
-0.81109584 0.82761208 0.00048368
-0.80965749 0.82898490 0.00047231
-0.80821618 0.83033914 0.00046658
-0.80677488 0.83167712 0.00045520
-0.80533209 0.83299187 0.00044666
-0.80388783 0.83429036 0.00043813
-0.80244209 0.83556794 0.00042674
-0.80099487 0.83683159 0.00041821
-0.79954765 0.83807433 0.00040968
-0.79809748 0.83930778 0.00039830
-0.79664730 0.84052265 0.00038979
-0.79519565 0.84173287 0.00037847
-0.79374252 0.84293380 0.00036997
-0.79228791 0.84412776 0.00036149
-0.79083182 0.84531475 0.00035302
-0.78937573 0.84649942 0.00034471
-0.78791669 0.84768177 0.00033610
-0.78645764 0.84886643 0.00032786
-0.78499712 0.85004878 0.00032242
-0.78353512 0.85123810 0.00031702
-0.78207164 0.85242973 0.00031135
-0.78060816 0.85362602 0.00030600
-0.77914320 0.85483391 0.00030335
-0.77767528 0.85604646 0.00029769
-0.77620885 0.85726829 0.00029505
-0.77473946 0.85849477 0.00029505
-0.77326859 0.85972590 0.00029204
-0.77179771 0.86095935 0.00029204
-0.77032537 0.86219048 0.00028903
-0.76885154 0.86342393 0.00028903
-0.76737623 0.86464808 0.00028603
-0.76590093 0.86586992 0.00028570
-0.76442266 0.86708479 0.00028542
-0.76294440 0.86828804 0.00028246
-0.76146466 0.86947735 0.00027950
-0.75998492 0.87065738 0.00027929
-0.75850222 0.87181417 0.00027620
-0.75701953 0.87295470 0.00027329
-0.75553535 0.87407433 0.00027039
-0.75405118 0.87517305 0.00026750
-0.75256405 0.87624855 0.00026175
-0.75107691 0.87730314 0.00025604
-0.74958830 0.87833449 0.00025035
-0.74809822 0.87934262 0.00024751
-0.74660813 0.88033217 0.00024183
-0.74511656 0.88129849 0.00023614
-0.74362352 0.88225087 0.00022759
-0.74212899 0.88318467 0.00022190
-0.74063447 0.88410918 0.00021624
-0.73913847 0.88501742 0.00021343
-0.73764099 0.88591870 0.00020494
-0.73614351 0.88681533 0.00019939
-0.73464307 0.88770964 0.00019664
-0.73314412 0.88860395 0.00019390
-0.73164220 0.88950058 0.00018848
-0.73014029 0.89039721 0.00018880
-0.72863542 0.89130081 0.00018580
-0.72713202 0.89221370 0.00018580
-0.72562567 0.89314053 0.00018580
-0.72411933 0.89407898 0.00018282
-0.72261150 0.89502207 0.00018255
-0.72110367 0.89595122 0.00017666
-0.71959436 0.89685482 0.00017374
-0.71808358 0.89774216 0.00017098
-0.71657132 0.89861092 0.00016805
-0.71505906 0.89946574 0.00016514
-0.71354532 0.90030430 0.00016237
-0.71203158 0.90113821 0.00015945
-0.71051488 0.90195819 0.00015655
-0.70899966 0.90277120 0.00015669
-0.70748148 0.90357724 0.00015377
-0.70596331 0.90437398 0.00015101
-0.70444366 0.90516609 0.00014808
-0.70292400 0.90594890 0.00014532
-0.70140287 0.90672706 0.00014240
-0.69988026 0.90749826 0.00013691
-0.69835765 0.90826249 0.00013396
-0.69683356 0.90902439 0.00013124
-0.69530800 0.90977933 0.00013103
-0.69378243 0.91052729 0.00012829
-0.69225538 0.91127526 0.00012556
-0.69072834 0.91201394 0.00012556
-0.68919982 0.91275029 0.00012261
-0.68766982 0.91347735 0.00011989
-0.68613981 0.91420441 0.00011721
-0.68460833 0.91492683 0.00011422
-0.68307685 0.91564460 0.00011422
-0.68154390 0.91635308 0.00011126
-0.68001094 0.91706156 0.00011155
-0.67847650 0.91776307 0.00010856
-0.67694059 0.91845993 0.00010856
-0.67540467 0.91915215 0.00010589
-0.67386728 0.91983972 0.00010289
-0.67232841 0.92052265 0.00010289
-0.67078954 0.92120093 0.00010263
-0.66925067 0.92187456 0.00010289
-0.66771032 0.92254123 0.00009991
-0.66616849 0.92320325 0.00009991
-0.66462666 0.92386295 0.00009695
-0.66308484 0.92451336 0.00009991
-0.66154005 0.92515912 0.00009695
-0.65999675 0.92580023 0.00009695
-0.65845049 0.92643670 0.00009424
-0.65690570 0.92706388 0.00009110
-0.65535796 0.92768409 0.00009110
-0.65381022 0.92829733 0.00009110
-0.65226248 0.92890592 0.00008833
-0.65071326 0.92950290 0.00008541
-0.64916404 0.93009292 0.00008252
-0.64761335 0.93067131 0.00008252
-0.64606265 0.93124042 0.00007966
-0.64451047 0.93179559 0.00007973
-0.64295830 0.93234146 0.00007697
-0.64140464 0.93288502 0.00007697
-0.63985099 0.93342857 0.00007697
-0.63829586 0.93397445 0.00007426
-0.63674073 0.93452033 0.00007160
-0.63518412 0.93506620 0.00007129
-0.63362751 0.93560976 0.00007129
-0.63207090 0.93615331 0.00007129
-0.63051133 0.93668990 0.00007129
-0.62895324 0.93722648 0.00007129
-0.62739368 0.93775842 0.00006859
-0.62583411 0.93828804 0.00006859
-0.62427306 0.93881069 0.00006859
-0.62271202 0.93932869 0.00006836
-0.62114950 0.93984437 0.00006836
-0.61958697 0.94035308 0.00006836
-0.61802445 0.94085947 0.00006545
-0.61646045 0.94135889 0.00006562
-0.61489497 0.94185134 0.00006267
-0.61333097 0.94234146 0.00006259
-0.61176401 0.94282462 0.00006545
-0.61019853 0.94330314 0.00006259
-0.60863157 0.94377700 0.00006259
-0.60706461 0.94424390 0.00006259
-0.60549618 0.94470383 0.00006259
-0.60392774 0.94516144 0.00005977
-0.60235783 0.94561440 0.00005977
-0.60078939 0.94605807 0.00005699
-0.59921800 0.94649710 0.00005699
-0.59764808 0.94693148 0.00005977
-0.59607669 0.94736121 0.00005699
-0.59450530 0.94778630 0.00005699
-0.59293243 0.94820441 0.00005699
-0.59135956 0.94861789 0.00005408
-0.58978669 0.94902671 0.00005131
-0.58821234 0.94943089 0.00005131
-0.58663799 0.94982811 0.00005131
-0.58506364 0.95022532 0.00005131
-0.58348781 0.95061556 0.00005131
-0.58191198 0.95100116 0.00004839
-0.58033616 0.95137979 0.00004861
-0.57875885 0.95175842 0.00004564
-0.57718302 0.95213473 0.00004564
-0.57560424 0.95250407 0.00004564
-0.57402693 0.95287108 0.00004296
-0.57244815 0.95323345 0.00004296
-0.57086937 0.95359350 0.00004271
-0.56929058 0.95394890 0.00004271
-0.56771032 0.95430430 0.00004271
-0.56613006 0.95465738 0.00003996
-0.56454980 0.95500581 0.00003996
-0.56296805 0.95535424 0.00003996
-0.56138779 0.95570035 0.00003983
-0.55980605 0.95604646 0.00003702
-0.55822283 0.95639024 0.00003983
-0.55664109 0.95673171 0.00003983
-0.55505787 0.95707782 0.00004271
-0.55347466 0.95742160 0.00003983
-0.55189144 0.95776539 0.00003996
-0.55030822 0.95810918 0.00004271
-0.54872352 0.95845993 0.00004296
-0.54713882 0.95880836 0.00004296
-0.54555413 0.95915679 0.00004296
-0.54396943 0.95949361 0.00004346
-0.54238325 0.95981649 0.00004037
-0.54079708 0.96013473 0.00004346
-0.53921090 0.96044135 0.00004346
-0.53762473 0.96074564 0.00004103
-0.53603855 0.96103833 0.00004103
-0.53445090 0.96133101 0.00004103
-0.53286472 0.96161672 0.00004103
-0.53127707 0.96190244 0.00004103
-0.52968942 0.96218118 0.00004103
-0.52810029 0.96245761 0.00003873
-0.52651263 0.96273403 0.00003789
-0.52492498 0.96300116 0.00003873
-0.52333585 0.96327062 0.00003789
-0.52174671 0.96353542 0.00003789
-0.52015758 0.96379791 0.00003553
-0.51856845 0.96406039 0.00003477
-0.51697932 0.96432056 0.00003553
-0.51538871 0.96457607 0.00003477
-0.51379958 0.96482927 0.00003553
-0.51220897 0.96508246 0.00003235
-0.51061836 0.96533333 0.00003235
-0.50902775 0.96558188 0.00003553
-0.50743714 0.96583043 0.00003334
-0.50584653 0.96607666 0.00003553
-0.50425592 0.96631823 0.00003334
-0.50266383 0.96655981 0.00003235
-0.50107322 0.96679907 0.00003334
-0.49948261 0.96703833 0.00003553
-0.49789052 0.96727294 0.00003334
-0.49629843 0.96750987 0.00003334
-0.49470782 0.96773984 0.00003334
-0.49311573 0.96796980 0.00003334
-0.49152364 0.96819977 0.00003334
-0.48993156 0.96842276 0.00003334
-0.48833947 0.96864808 0.00003461
-0.48674738 0.96886876 0.00003334
-0.48515529 0.96908711 0.00003461
-0.48356320 0.96930314 0.00003461
-0.48196964 0.96951916 0.00003461
-0.48037755 0.96972822 0.00003461
-0.47878546 0.96993496 0.00003285
-0.47719337 0.97013937 0.00003461
-0.47559980 0.97033914 0.00003285
-0.47400772 0.97053426 0.00003285
-0.47241563 0.97072706 0.00003134
-0.47082206 0.97091289 0.00002957
-0.46922997 0.97109408 0.00002957
-0.46763788 0.97126829 0.00002957
-0.46604432 0.97144019 0.00002807
-0.46445223 0.97160976 0.00002957
-0.46286014 0.97178397 0.00002957
-0.46126658 0.97195354 0.00002628
-0.45967449 0.97212776 0.00002628
-0.45808240 0.97230197 0.00002628
-0.45649031 0.97247619 0.00002628
-0.45489822 0.97264576 0.00002807
-0.45330613 0.97281765 0.00002628
-0.45171257 0.97299187 0.00002628
-0.45012048 0.97315912 0.00002628
-0.44852839 0.97332869 0.00002807
-0.44693778 0.97349826 0.00002480
-0.44534569 0.97366551 0.00002480
-0.44375360 0.97383043 0.00002807
-0.44216151 0.97399303 0.00002480
-0.44057090 0.97415796 0.00002807
-0.43897882 0.97431823 0.00002807
-0.43738821 0.97447851 0.00002807
-0.43579612 0.97463647 0.00002689
-0.43420551 0.97479443 0.00002480
-0.43261490 0.97494774 0.00002480
-0.43102429 0.97510337 0.00002689
-0.42943368 0.97525436 0.00002480
-0.42784307 0.97540534 0.00002369
-0.42625394 0.97555633 0.00002689
-0.42466333 0.97570267 0.00002689
-0.42307419 0.97584901 0.00002689
-0.42148358 0.97599535 0.00002689
-0.41989445 0.97613705 0.00002369
-0.41830532 0.97627642 0.00002369
-0.41671619 0.97641812 0.00002607
-0.41512853 0.97655517 0.00002369
-0.41353940 0.97669222 0.00002689
-0.41195175 0.97682927 0.00002607
-0.41036262 0.97696167 0.00002607
-0.40877496 0.97709408 0.00002607
-0.40718731 0.97722648 0.00002607
-0.40560114 0.97735192 0.00002607
-0.40401348 0.97747967 0.00002300
-0.40242731 0.97760743 0.00002566
-0.40084113 0.97773287 0.00002566
-0.39925496 0.97785598 0.00002300
-0.39766878 0.97797677 0.00002566
-0.39608261 0.97809988 0.00002300
-0.39449791 0.97821835 0.00002300
-0.39291321 0.97833449 0.00002276
-0.39132851 0.97845064 0.00002566
-0.38974382 0.97856678 0.00002300
-0.38816060 0.97868060 0.00002566
-0.38657738 0.97879443 0.00002276
-0.38499416 0.97890592 0.00002276
-0.38341094 0.97901510 0.00002300
-0.38182920 0.97912195 0.00002276
-0.38024598 0.97923113 0.00002300
-0.37866424 0.97933798 0.00002276
-0.37708398 0.97944251 0.00002276
-0.37550224 0.97954472 0.00002300
-0.37392198 0.97964925 0.00002300
-0.37234172 0.97975145 0.00001998
-0.37076145 0.97985134 0.00002300
-0.36918267 0.97994890 0.00002300
-0.36760388 0.98004878 0.00002052
-0.36602510 0.98014866 0.00001998
-0.36444780 0.98024623 0.00001998
-0.36286901 0.98034611 0.00002300
-0.36129171 0.98044367 0.00002300
-0.35971588 0.98053659 0.00002052
-0.35814005 0.98063415 0.00002052
-0.35656422 0.98073171 0.00002052
-0.35498840 0.98082927 0.00002052
-0.35341405 0.98091986 0.00002052
-0.35183970 0.98101510 0.00002154
-0.35026535 0.98110801 0.00002052
-0.34869248 0.98120093 0.00001829
-0.34711961 0.98129152 0.00001829
-0.34554674 0.98138211 0.00001829
-0.34397534 0.98147271 0.00001829
-0.34240395 0.98156098 0.00001971
-0.34083256 0.98164925 0.00002154
-0.33926264 0.98173519 0.00001971
-0.33769273 0.98182346 0.00002154
-0.33612429 0.98190941 0.00001971
-0.33455586 0.98199303 0.00001971
-0.33298742 0.98207666 0.00001971
-0.33142046 0.98216028 0.00001971
-0.32985350 0.98224390 0.00001971
-0.32828655 0.98232753 0.00001971
-0.32672107 0.98240650 0.00001829
-0.32515559 0.98248780 0.00001971
-0.32359159 0.98256678 0.00001829
-0.32202758 0.98264344 0.00001829
-0.32046358 0.98272242 0.00001738
-0.31890106 0.98279907 0.00001738
-0.31734002 0.98287573 0.00001738
-0.31577749 0.98295238 0.00001738
-0.31421793 0.98302207 0.00001738
-0.31265688 0.98309640 0.00001998
-0.31109731 0.98316841 0.00001738
-0.30953923 0.98324042 0.00001707
-0.30798114 0.98331010 0.00001707
-0.30642305 0.98337515 0.00001738
-0.30486644 0.98344483 0.00001738
-0.30330983 0.98350987 0.00001432
-0.30175470 0.98357724 0.00001738
-0.30019957 0.98364692 0.00001738
-0.29864591 0.98371661 0.00001738
-0.29709226 0.98379094 0.00001505
-0.29554008 0.98386295 0.00001738
-0.29398791 0.98393961 0.00001738
-0.29243721 0.98401394 0.00001505
-0.29088651 0.98409059 0.00001505
-0.28933730 0.98416725 0.00001505
-0.28778808 0.98424855 0.00001829
-0.28623886 0.98432753 0.00001505
-0.28469112 0.98440418 0.00001505
-0.28314485 0.98448316 0.00001643
-0.28159859 0.98456214 0.00001829
-0.28005381 0.98464344 0.00001643
-0.27850902 0.98472242 0.00001829
-0.27696572 0.98480139 0.00001505
-0.27542241 0.98488037 0.00001643
-0.27388059 0.98496167 0.00001505
-0.27234024 0.98504065 0.00001643
-0.27079989 0.98512195 0.00001505
-0.26925954 0.98520093 0.00001643
-0.26772067 0.98528455 0.00001643
-0.26618327 0.98536121 0.00001643
-0.26464588 0.98544483 0.00001643
-0.26310997 0.98552149 0.00001643
-0.26157405 0.98560511 0.00001643
-0.26003962 0.98568409 0.00001829
-0.25850518 0.98576539 0.00001643
-0.25697222 0.98584437 0.00001829
-0.25544074 0.98592567 0.00001643
-0.25390926 0.98600929 0.00001643
-0.25237926 0.98608827 0.00001829
-0.25084926 0.98616957 0.00001643
-0.24932074 0.98625319 0.00001643
-0.24779369 0.98633449 0.00001505
-0.24626665 0.98641812 0.00001505
-0.24474108 0.98650407 0.00001738
-0.24321552 0.98659001 0.00001432
-0.24169143 0.98667596 0.00001505
-0.24016882 0.98676423 0.00001432
-0.23864621 0.98685250 0.00001738
-0.23712508 0.98694077 0.00001505
-0.23560542 0.98702671 0.00001738
-0.23408577 0.98710569 0.00001829
-0.23256759 0.98718235 0.00001829
-0.23104942 0.98724506 0.00001829
-0.22953272 0.98731010 0.00001971
-0.22801750 0.98737282 0.00001971
-0.22650376 0.98743322 0.00001829
-0.22499002 0.98749129 0.00001971
-0.22347628 0.98754936 0.00001643
-0.22196550 0.98760743 0.00001829
-0.22045471 0.98766551 0.00001971
-0.21894541 0.98772125 0.00001971
-0.21743610 0.98777700 0.00001971
-0.21592827 0.98783740 0.00001829
-0.21442193 0.98789547 0.00001971
-0.21291705 0.98795587 0.00001829
-0.21141218 0.98801161 0.00001829
-0.20990879 0.98807201 0.00002154
-0.20840540 0.98813008 0.00001829
-0.20690496 0.98819280 0.00001829
-0.20540453 0.98825319 0.00002154
-0.20390557 0.98831591 0.00002154
-0.20240661 0.98837631 0.00002052
-0.20090913 0.98843902 0.00002052
-0.19941313 0.98850174 0.00002052
-0.19791861 0.98856678 0.00002154
-0.19642408 0.98862950 0.00002154
-0.19493104 0.98869454 0.00001829
-0.19343947 0.98875958 0.00002052
-0.19194791 0.98882695 0.00001829
-0.19045930 0.98889199 0.00002052
-0.18897069 0.98895935 0.00001829
-0.18748355 0.98902671 0.00002154
-0.18599642 0.98909408 0.00002052
-0.18451077 0.98915679 0.00002052
-0.18302659 0.98922184 0.00002154
-0.18154390 0.98928920 0.00002052
-0.18006268 0.98935192 0.00002052
-0.17858146 0.98941463 0.00002052
-0.17710172 0.98947735 0.00002052
-0.17562346 0.98954239 0.00002154
-0.17414667 0.98960743 0.00002369
-0.17266989 0.98967015 0.00002369
-0.17119606 0.98973287 0.00002369
-0.16972223 0.98979559 0.00002369
-0.16824841 0.98985830 0.00002369
-0.16677754 0.98991870 0.00002300
-0.16530667 0.98998142 0.00002300
-0.16383875 0.99004413 0.00002300
-0.16237084 0.99010453 0.00002052
-0.16090440 0.99016725 0.00002052
-0.15943796 0.99022997 0.00002052
-0.15797449 0.99029036 0.00002369
-0.15651101 0.99035308 0.00002369
-0.15504900 0.99041347 0.00002300
-0.15358848 0.99047619 0.00002300
-0.15212944 0.99053891 0.00002300
-0.15067039 0.99060163 0.00002300
-0.14921430 0.99066434 0.00002300
-0.14775822 0.99072474 0.00002607
-0.14630375 0.99078746 0.00002607
-0.14485062 0.99085017 0.00002607
-0.14339867 0.99091289 0.00002607
-0.14194791 0.99097561 0.00002607
-0.14049847 0.99103833 0.00002607
-0.13905022 0.99110105 0.00002607
-0.13760344 0.99116376 0.00002607
-0.13615770 0.99122880 0.00002300
-0.13471344 0.99129152 0.00002300
-0.13327021 0.99135424 0.00002300
-0.13182846 0.99142160 0.00002607
-0.13038804 0.99148432 0.00002607
-0.12894881 0.99154936 0.00002300
-0.12751090 0.99161672 0.00002607
-0.12607433 0.99168177 0.00002300
-0.12463893 0.99174913 0.00002607
-0.12320502 0.99181649 0.00002566
-0.12177229 0.99188153 0.00002607
-0.12034104 0.99195122 0.00002607
-0.11891096 0.99202091 0.00002607
-0.11748222 0.99209059 0.00002607
-0.11605496 0.99216028 0.00002607
-0.11462888 0.99222997 0.00002607
-0.11320413 0.99229965 0.00002607
-0.11178086 0.99237166 0.00002300
-0.11035892 0.99244599 0.00002607
-0.10893816 0.99251800 0.00002300
-0.10751888 0.99259001 0.00002566
-0.10610108 0.99266202 0.00002607
-0.10468446 0.99273171 0.00002607
-0.10326932 0.99280139 0.00002607
-0.10185551 0.99287108 0.00002607
-0.10044304 0.99294077 0.00002607
-0.09903203 0.99301278 0.00002300
-0.09762236 0.99308479 0.00002566
-0.09621417 0.99315679 0.00002607
-0.09480731 0.99322648 0.00002607
-0.09340178 0.99330081 0.00002566
-0.09199772 0.99337282 0.00002607
-0.09059500 0.99344715 0.00002566
-0.08919376 0.99351916 0.00002607
-0.08779384 0.99359350 0.00002566
-0.08639541 0.99366551 0.00002607
-0.08499845 0.99374216 0.00002607
-0.08360282 0.99381882 0.00002607
-0.08220867 0.99389082 0.00002300
-0.08081600 0.99396516 0.00002607
-0.07942466 0.99404181 0.00002607
-0.07803480 0.99411847 0.00002607
-0.07664641 0.99419512 0.00002607
-0.07525951 0.99426945 0.00002369
-0.07387393 0.99434379 0.00002300
-0.07248984 0.99442044 0.00002300
-0.07110722 0.99449477 0.00002607
-0.06972608 0.99457143 0.00002607
-0.06834642 0.99464808 0.00002607
-0.06696823 0.99471777 0.00002607
-0.06559138 0.99478746 0.00002607
-0.06421615 0.99485250 0.00002864
-0.06284240 0.99491289 0.00002607
-0.06146998 0.99497561 0.00002607
-0.06009919 0.99503136 0.00002607
-0.05872988 0.99509408 0.00002607
-0.05736204 0.99515447 0.00002566
-0.05599568 0.99521487 0.00002864
-0.05463080 0.99527758 0.00002864
-0.05326740 0.99534030 0.00002864
-0.05190548 0.99540767 0.00002845
-0.05054518 0.99547271 0.00002864
-0.04918636 0.99554239 0.00002864
-0.04782902 0.99561440 0.00003134
-0.04647316 0.99570964 0.00002864
-0.04511893 0.99583740 0.00003134
-0.04376617 0.99600000 0.00003414
-0.04241504 0.99617189 0.00003134
-0.04106524 0.99633914 0.00003134
-0.03971706 0.99649477 0.00003414
-0.03837051 0.99665273 0.00003134
-0.03702529 0.99680604 0.00003134
-0.03568185 0.99696167 0.00003414
-0.03433973 0.99711963 0.00003134
-0.03299939 0.99727991 0.00003134
-0.03166038 0.99744483 0.00003430
-0.03032315 0.99762137 0.00003702
-0.02898739 0.99782114 0.00003702
-0.02765326 0.99806736 0.00003996
-0.02632105 0.99836934 0.00004296
-0.02499002 0.99867828 0.00004599
-0.02366047 0.99895935 0.00004564
-0.02233255 0.99920790 0.00004271
-0.02100625 0.99941463 0.00003983
-0.01968143 0.99958885 0.00003983
-0.01835824 0.99973055 0.00003430
-0.01703653 0.99983508 0.00003430
-0.01571644 0.99991638 0.00003168
-0.01439801 0.99996980 0.00002920
-0.01308110 0.99999768 0.00002920
-0.01176578 1.00000465 0.00002920
-0.01045207 0.99999071 0.00002920
-0.00913993 0.99995587 0.00002920
-0.00782941 0.99990012 0.00002920
-0.00652048 0.99981882 0.00003168
-0.00521317 0.99970732 0.00003168
-0.00390746 0.99957491 0.00003983
-0.00260335 0.99937282 0.00003983
-0.00130087 0.99915215 0.00005163
-0.00000000 0.99869919 0.00003430
