# y/t    Temp_mean   Temp_std
0.00000000 0.79835397 0.00125517
0.00502513 0.80138357 0.00133879
0.01005025 0.80322920 0.00138616
0.01507538 0.80368890 0.00139227
0.02010050 0.80414860 0.00139838
0.02512563 0.80463584 0.00140460
0.03015075 0.80514561 0.00141100
0.03517588 0.80565538 0.00141739
0.04020101 0.80618680 0.00142362
0.04522613 0.80673173 0.00142915
0.05025126 0.80727858 0.00143466
0.05527638 0.80783709 0.00143992
0.06030151 0.80840452 0.00144477
0.06532663 0.80897558 0.00145009
0.07035176 0.80955271 0.00145563
0.07537688 0.81013214 0.00145923
0.08040201 0.81071654 0.00146481
0.08542714 0.81130155 0.00147027
0.09045226 0.81188100 0.00147247
0.09547739 0.81246159 0.00147645
0.10050251 0.81303618 0.00148015
0.10552764 0.81360217 0.00148304
0.11055276 0.81416223 0.00148558
0.11557789 0.81471495 0.00148811
0.12060302 0.81525722 0.00149050
0.12562814 0.81579085 0.00149275
0.13065327 0.81631767 0.00149715
0.13567839 0.81683034 0.00149995
0.14070352 0.81733690 0.00150296
0.14572864 0.81783976 0.00150860
0.15075377 0.81832710 0.00151125
0.15577889 0.81881305 0.00151525
0.16080402 0.81929529 0.00151993
0.16582915 0.81977205 0.00152412
0.17085427 0.82024831 0.00152895
0.17587940 0.82072309 0.00153503
0.18090452 0.82119732 0.00154149
0.18592965 0.82167193 0.00154752
0.19095477 0.82214968 0.00155657
0.19597990 0.82262820 0.00156702
0.20100503 0.82310894 0.00157866
0.20603015 0.82359398 0.00159248
0.21105528 0.82407821 0.00160636
0.21608040 0.82456620 0.00162356
0.22110553 0.82505616 0.00164129
0.22613065 0.82554611 0.00165894
0.23115578 0.82604116 0.00167951
0.23618090 0.82653552 0.00169941
0.24120603 0.82703110 0.00171873
0.24623116 0.82753053 0.00173767
0.25125628 0.82802997 0.00175661
0.25628141 0.82853363 0.00177393
0.26130653 0.82903799 0.00179075
0.26633166 0.82954252 0.00180847
0.27135678 0.83005408 0.00182200
0.27638191 0.83056531 0.00183564
0.28140704 0.83108045 0.00184851
0.28643216 0.83160195 0.00185990
0.29145729 0.83212127 0.00187135
0.29648241 0.83265180 0.00187991
0.30150754 0.83318381 0.00188863
0.30653266 0.83371925 0.00189676
0.31155779 0.83426475 0.00190216
0.31658291 0.83480945 0.00190756
0.32160804 0.83536352 0.00191241
0.32663317 0.83592161 0.00191628
0.33165829 0.83648066 0.00191983
0.33668342 0.83705062 0.00192219
0.34170854 0.83762058 0.00192456
0.34673367 0.83819266 0.00192539
0.35175879 0.83877100 0.00192668
0.35678392 0.83934560 0.00192725
0.36180905 0.83992752 0.00192772
0.36683417 0.84050461 0.00192658
0.37185930 0.84108235 0.00192562
0.37688442 0.84165876 0.00192389
0.38190955 0.84223375 0.00192162
0.38693467 0.84282395 0.00193636
0.39195980 0.84342061 0.00195923
0.39698492 0.84411924 0.00206178
0.40201005 0.84484632 0.00219100
0.40703518 0.84585055 0.00246180
0.41206030 0.84692745 0.00278154
0.41708543 0.84837479 0.00317089
0.42211055 0.84996467 0.00360859
0.42713568 0.85173601 0.00390247
0.43216080 0.85358759 0.00415989
0.43718593 0.85526488 0.00405430
0.44221106 0.85689736 0.00384880
0.44723618 0.85809821 0.00338100
0.45226131 0.85926127 0.00287279
0.45728643 0.85988896 0.00252933
0.46231156 0.86051156 0.00218139
0.46733668 0.86066256 0.00213435
0.47236181 0.86077370 0.00210713
0.47738693 0.86063515 0.00222940
0.48241206 0.86044568 0.00238532
0.48743719 0.86013806 0.00260429
0.49246231 0.85980249 0.00285406
0.49748744 0.85941404 0.00313324
0.50251256 0.85903047 0.00343149
0.50753769 0.85863800 0.00374100
0.51256281 0.85829221 0.00405253
0.51758794 0.85796142 0.00436392
0.52261307 0.85773258 0.00465473
0.52763819 0.85754444 0.00493660
0.53266332 0.85744734 0.00519004
0.53768844 0.85741988 0.00542592
0.54271357 0.85746753 0.00564165
0.54773869 0.85761011 0.00584619
0.55276382 0.85779991 0.00604494
0.55778894 0.85810613 0.00623680
0.56281407 0.85845435 0.00642632
0.56783920 0.85887213 0.00660876
0.57286432 0.85935175 0.00678296
0.57788945 0.85986008 0.00694978
0.58291457 0.86044135 0.00708868
0.58793970 0.86102880 0.00721699
0.59296482 0.86167511 0.00728715
0.59798995 0.86233269 0.00731702
0.60301508 0.86299501 0.00729536
0.60804020 0.86366457 0.00716928
0.61306533 0.86430203 0.00701449
0.61809045 0.86489726 0.00668498
0.62311558 0.86541003 0.00629273
0.62814070 0.86584314 0.00578470
0.63316583 0.86609553 0.00514743
0.63819095 0.86626353 0.00454067
0.64321608 0.86624759 0.00402026
0.64824121 0.86614545 0.00378304
0.65326633 0.86596633 0.00394070
0.65829146 0.86576097 0.00419467
0.66331658 0.86555144 0.00450294
0.66834171 0.86536304 0.00461815
0.67336683 0.86507839 0.00442006
0.67839196 0.86469450 0.00420452
0.68341709 0.86412115 0.00402413
0.68844221 0.86335806 0.00404873
0.69346734 0.86252923 0.00434756
0.69849246 0.86168189 0.00470002
0.70351759 0.86095882 0.00489372
0.70854271 0.86031312 0.00491179
0.71356784 0.85976712 0.00455141
0.71859296 0.85917551 0.00404355
0.72361809 0.85854845 0.00344609
0.72864322 0.85782962 0.00277528
0.73366834 0.85711027 0.00211415
0.73869347 0.85636001 0.00148998
0.74371859 0.85568391 0.00106108
0.74874372 0.85498411 0.00094489
0.75376884 0.85419879 0.00126901
0.75879397 0.85325373 0.00206893
0.76381910 0.85175546 0.00368218
0.76884422 0.84978381 0.00603477
0.77386935 0.84681229 0.00983946
0.77889447 0.84332025 0.01440445
0.78391960 0.83964328 0.01914264
0.78894472 0.83602344 0.02378667
0.79396985 0.83363933 0.02611567
0.79899497 0.83172190 0.02757809
0.80402010 0.83003135 0.02683981
0.80904523 0.82836015 0.02571338
0.81407035 0.82531331 0.02392097
0.81909548 0.82189414 0.02284092
0.82412060 0.81784110 0.02263879
0.82914573 0.81367971 0.02341263
0.83417085 0.81020912 0.02288812
0.83919598 0.80705535 0.02149814
0.84422111 0.80398664 0.01798485
0.84924623 0.80094825 0.01333507
0.85427136 0.79810961 0.00840366
0.85929648 0.79558176 0.00370272
0.86432161 0.79391494 0.00126446
0.86934673 0.79347554 0.00223850
0.87437186 0.79333661 0.00330670
0.87939698 0.79385526 0.00320141
0.88442211 0.79442608 0.00297358
0.88944724 0.79508544 0.00246122
0.89447236 0.79575483 0.00194013
0.89949749 0.79631718 0.00157502
0.90452261 0.79685775 0.00128044
0.90954774 0.79723387 0.00119787
0.91457286 0.79758004 0.00115212
0.91959799 0.79785364 0.00116974
0.92462312 0.79809887 0.00120704
0.92964824 0.79833997 0.00125406
0.93467337 0.79856934 0.00129327
0.93969849 0.79883507 0.00134135
0.94472362 0.79905584 0.00136548
0.94974874 0.79926610 0.00138862
0.95477387 0.79948250 0.00140029
0.95979899 0.79971478 0.00139935
0.96482412 0.79995441 0.00139743
0.96984925 0.80025703 0.00139217
0.97487437 0.80057837 0.00138643
0.97989950 0.80090023 0.00138018
0.98492462 0.80126253 0.00137864
0.98994975 0.80162519 0.00137723
0.99497487 0.80141569 0.00135854
1.00000000 0.79835397 0.00125517
