# s/c   h_mean    h_std
0.00000000 585.41290513 140.22540735
0.00130087 585.55483453 139.71202995
0.00260174 585.54833584 139.33600076
0.00390261 585.40339008 139.09050079
0.00520348 585.12965292 138.96900788
0.00650435 584.73646056 138.96527496
0.00780522 584.23283562 139.07330970
0.00910609 583.62749300 139.28735586
0.01040697 582.92884559 139.60187634
0.01170784 582.14501005 140.01153792
0.01300871 581.28381248 140.51119778
0.01430958 580.35279400 141.09589160
0.01561045 579.35921637 141.76082325
0.01691132 578.31006751 142.50135591
0.01821219 577.21206693 143.31300444
0.01951306 576.07167121 144.19142898
0.02081393 574.89507934 145.13242947
0.02211480 573.68823804 146.13194113
0.02341567 572.45684704 147.18603057
0.02470176 571.20636431 148.29089255
0.02600263 569.94201122 149.44284722
0.02730350 568.66877764 150.63833769
0.02860437 567.39142706 151.87392788
0.02990524 566.11450156 153.14630066
0.03120611 564.84232681 154.45225592
0.03250698 563.57901696 155.78870896
0.03380786 562.32847954 157.15268867
0.03510873 561.09442027 158.54133590
0.03640960 559.88034781 159.95190161
0.03771047 558.68957849 161.38174516
0.03901134 557.52524097 162.82833235
0.04029743 556.39028086 164.28923354
0.04159830 555.28746530 165.76212158
0.04289917 554.21938745 167.24476975
0.04420004 553.18847095 168.73504960
0.04550091 552.19697440 170.23092869
0.04680178 551.24699561 171.73046838
0.04810265 550.34047603 173.23182146
0.04940352 549.47920494 174.73322985
0.05068961 548.66482368 176.23302219
0.05199048 547.89882983 177.72961146
0.05329135 547.18258129 179.22149264
0.05459222 546.51730039 180.70724026
0.05589309 545.90407785 182.18550613
0.05719396 545.34387676 183.65501690
0.05849483 544.83753649 185.11457185
0.05978092 544.38577659 186.56304056
0.06108179 543.98920051 187.99936075
0.06238266 543.64829944 189.42253604
0.06368353 543.36345599 190.83163393
0.06498440 543.13494784 192.22578369
0.06628528 542.96295136 193.60417436
0.06757136 542.84754517 194.96605291
0.06887223 542.78871363 196.31072228
0.07017310 542.78635031 197.63753970
0.07147398 542.84026141 198.94591490
0.07277485 542.95016907 200.23530850
0.07407572 543.11571473 201.50523041
0.07536180 543.33646234 202.75523836
0.07666268 543.61190162 203.98493640
0.07796355 543.94145113 205.19397357
0.07926442 544.32446147 206.38204256
0.08056529 544.76021825 207.54887846
0.08185138 545.24794516 208.69425754
0.08315225 545.78680686 209.81799612
0.08445312 546.37591194 210.91994946
0.08575399 547.01431574 212.00001067
0.08704008 547.70102314 213.05810977
0.08834095 548.43499136 214.09421263
0.08964182 549.21513260 215.10832007
0.09094269 550.04031673 216.10046691
0.09224356 550.90937389 217.07072108
0.09352965 551.82109700 218.01918275
0.09483052 552.77424432 218.94598345
0.09613139 553.76754184 219.85128519
0.09743226 554.79968571 220.73527962
0.09871835 555.86934459 221.59818719
0.10001922 556.97516193 222.44025621
0.10132009 558.11575823 223.26176205
0.10260618 559.28973322 224.06300618
0.10390705 560.49566804 224.84431529
0.10520792 561.73212730 225.60604032
0.10650879 562.99766113 226.34855547
0.10779488 564.29080720 227.07225724
0.10909575 565.61009263 227.77756334
0.11039662 566.95403593 228.46491160
0.11169749 568.32114879 229.13475886
0.11298358 569.70993790 229.78757974
0.11428445 571.11890671 230.42386547
0.11558532 572.54655709 231.04412255
0.11687141 573.99139098 231.64887144
0.11817228 575.45191200 232.23864514
0.11947315 576.92662698 232.81398774
0.12075924 578.41404743 233.37545294
0.12206011 579.91269102 233.92360245
0.12336098 581.42108294 234.45900435
0.12466185 582.93775726 234.98223148
0.12594794 584.46125818 235.49385961
0.12724881 585.99014133 235.99446577
0.12854968 587.52297491 236.48462630
0.12983577 589.03852141 236.95694216
0.13113664 591.67742808 237.49976382
0.13243751 593.89827114 238.01970791
0.13372359 595.77836504 238.56418932
0.13502447 597.64710246 239.12400694
0.13632534 599.47174101 239.69408115
0.13761142 601.28464949 240.26473850
0.13891229 603.01475102 240.81224498
0.14019838 604.69517269 241.31631601
0.14149925 606.48160371 241.75864539
0.14280012 608.31684612 242.14379656
0.14408621 609.85619375 242.49520109
0.14538708 610.99313771 242.89598332
0.14668795 612.03508394 243.39566064
0.14797404 613.04797680 243.92170156
0.14927491 614.06374276 244.44034910
0.15056100 615.20889012 244.93195815
0.15186187 616.48387182 245.38951697
0.15316274 617.57088426 245.80890191
0.15444883 618.42830350 246.23267448
0.15574970 619.40353498 246.67945235
0.15703579 620.52053902 247.09842886
0.15833666 621.71473593 247.50591732
0.15963753 622.78547794 247.90613923
0.16092362 623.76872230 248.30191831
0.16222449 625.08989646 248.63602394
0.16351058 626.73599409 248.83508459
0.16481145 628.17140810 248.92749207
0.16611232 629.11341063 249.01463005
0.16739841 629.75753230 249.20304770
0.16869928 630.28000576 249.48384377
0.16998537 630.70060873 249.80891088
0.17128624 631.05274202 250.15933490
0.17257232 631.36831277 250.51722708
0.17387319 631.68952914 250.87137163
0.17517407 632.09258632 251.21806002
0.17646015 632.63893691 251.55159508
0.17776102 633.36350797 251.86973715
0.17904711 634.22906066 252.16734427
0.18034798 635.20043068 252.45004935
0.18163407 636.20549117 252.71013517
0.18293494 637.16677571 252.93700131
0.18422103 638.06052689 253.11814073
0.18552190 638.95590709 253.27799083
0.18680799 639.74561633 253.42284993
0.18810886 640.33350356 253.58735064
0.18939495 640.85305847 253.81262718
0.19069582 641.37459496 254.05261317
0.19199669 642.18781328 254.25743800
0.19328278 643.30957964 254.34713457
0.19458365 644.21899348 254.31095396
0.19586974 644.70243038 254.23946569
0.19717061 644.87637058 254.19212898
0.19845669 645.05441053 254.21824082
0.19975757 645.33017874 254.27472783
0.20104365 645.56529323 254.32067200
0.20234452 645.71247152 254.40549395
0.20363061 645.64080326 254.51394569
0.20493148 645.48800213 254.63592250
0.20621757 645.64695338 254.76304174
0.20750366 646.07553215 254.79081461
0.20880453 646.40173035 254.70119271
0.21009062 646.26361686 254.52016963
0.21139149 645.61998591 254.30819325
0.21267758 644.93721827 254.18205974
0.21397845 644.52702524 254.09902981
0.21526454 644.31103906 253.97536980
0.21656541 644.08017320 253.78583988
0.21785149 643.72476179 253.54052881
0.21915236 643.22027615 253.25353334
0.22043845 642.59867245 252.95076631
0.22173932 641.84610800 252.63959527
0.22302541 640.94931964 252.31818907
0.22432628 639.98361860 251.98776735
0.22561237 639.02592222 251.63319473
0.22689846 638.17523941 251.24364460
0.22819933 637.27012556 250.78147870
0.22948542 636.05160813 250.24160493
0.23078629 634.59753875 249.68342794
0.23207238 633.09148786 249.14278454
0.23337325 631.66027960 248.63908109
0.23465933 630.23340043 248.16768607
0.23594542 628.59839787 247.72014694
0.23724629 626.65669383 247.29938311
0.23853238 624.59258176 246.91707262
0.23983325 622.68405997 246.56014737
0.24111934 620.99821985 246.18551274
0.24240543 619.55160488 245.79068040
0.24370630 618.18625742 245.36261498
0.24499239 616.59398439 244.90180172
0.24629326 614.74763497 244.45520629
0.24757935 612.79528246 244.03941951
0.24886543 610.79643980 243.64428066
0.25016630 608.89133952 243.28669751
0.25145239 607.17048249 242.96269519
0.25275326 605.43272659 242.63453258
0.25403935 603.54777109 242.30239809
0.25532544 601.58695929 241.97665801
0.25662631 599.58492432 241.64623617
0.25791240 597.60204104 241.33586187
0.25919849 595.59894695 241.03546918
0.26049936 593.56984972 240.75351105
0.26178545 591.76576419 240.56399400
0.26307153 590.15325278 240.41360796
0.26437240 588.53317750 240.24514136
0.26565849 586.98385393 240.08192665
0.26695936 585.55354833 239.88132840
0.26824545 584.33990775 239.64726445
0.26953154 583.26557718 239.38363664
0.27083241 581.96114698 239.08930361
0.27211850 580.36003808 238.87390258
0.27340459 578.56483223 238.75710817
0.27470546 576.84278150 238.73647259
0.27599154 575.41802498 238.78678215
0.27727763 574.14944440 238.78946824
0.27857850 572.89590296 238.73470325
0.27986459 571.61511776 238.65185701
0.28115068 570.39973855 238.56082747
0.28243677 569.40769039 238.53310726
0.28373764 568.29440396 238.60488791
0.28502373 566.69416682 238.75165983
0.28630981 564.88723923 238.93599746
0.28761068 563.56905469 239.15738014
0.28889677 562.91961044 239.34569313
0.29018286 562.19649697 239.43820012
0.29148373 560.98830623 239.56083343
0.29276982 559.52643799 239.80669226
0.29405591 558.12820223 240.14941487
0.29534200 557.03362763 240.55855383
0.29664287 556.28095131 240.98177028
0.29792895 555.69503839 241.36269874
0.29921504 555.09815635 241.72742507
0.30051591 554.28398959 242.08302397
0.30180200 553.25441966 242.47994405
0.30308809 552.13391914 242.95319577
0.30437418 551.04988320 243.47114596
0.30567505 550.27367157 244.03434188
0.30696114 549.83780872 244.57989859
0.30824722 549.60859084 245.07304033
0.30953331 549.52914751 245.54134534
0.31083418 549.39570963 246.00262866
0.31212027 548.94223087 246.46785944
0.31340636 548.19408384 246.96485808
0.31469245 547.58500380 247.56911542
0.31599332 547.31095043 248.26637306
0.31727941 547.05156615 248.98227890
0.31856549 546.74039480 249.73557877
0.31985158 546.57183194 250.53148275
0.32115245 546.59761788 251.31696737
0.32243854 546.80123153 252.06016859
0.32372463 547.14381394 252.73601473
0.32501072 547.54177014 253.33165589
0.32629681 547.90643837 253.86101085
0.32759768 548.12120188 254.32775898
0.32888376 548.18814901 254.77988323
0.33016985 548.21786890 255.27736625
0.33145594 548.19725274 255.80165633
0.33275681 548.14779345 256.34260394
0.33404290 548.20792927 256.92306719
0.33532899 548.35625306 257.50681038
0.33661508 548.46502971 258.05787712
0.33790116 548.48313909 258.57790001
0.33918725 548.47787233 259.08605004
0.34048812 548.53267548 259.59156306
0.34177421 548.67825934 260.08659155
0.34306030 548.92512565 260.56273343
0.34434639 549.23465850 260.99726644
0.34563247 549.56536748 261.38486757
0.34693335 549.91942667 261.74809518
0.34821943 550.07129839 262.05126497
0.34950552 549.94977102 262.33643612
0.35079161 549.70205130 262.65062654
0.35207770 549.37397930 262.97206256
0.35336379 549.08686556 263.33163619
0.35466466 548.88294129 263.70799645
0.35595074 548.77807360 264.07594582
0.35723683 548.92086032 264.45129451
0.35852292 549.14205892 264.77421465
0.35980901 549.16959911 265.01545671
0.36109510 549.07543379 265.22513266
0.36238118 548.96158405 265.42006704
0.36368206 548.84265649 265.60800712
0.36496814 548.64029249 265.78676516
0.36625423 548.32761837 265.97664043
0.36754032 547.97458916 266.19589940
0.36882641 547.58539472 266.40758349
0.37011250 547.36736463 266.63504807
0.37139858 547.36673084 266.84918758
0.37269945 547.27261252 266.97607801
0.37398554 547.02082615 267.06162435
0.37527163 546.69125006 267.15206016
0.37655772 546.31240633 267.24864194
0.37784381 545.90084565 267.35099522
0.37912989 545.52462590 267.47169491
0.38041598 545.31890378 267.62526481
0.38170207 545.13101724 267.76959645
0.38298816 544.77116515 267.89693828
0.38428903 544.36734133 268.05591233
0.38557512 544.01173272 268.23639230
0.38686121 543.69705800 268.40516836
0.38814729 543.39728672 268.54051957
0.38943338 543.12823960 268.64272000
0.39071947 542.91181443 268.71542795
0.39200556 542.67864992 268.74843783
0.39329165 542.38266789 268.74941531
0.39457773 542.04937026 268.73106795
0.39586382 541.71130072 268.69264437
0.39714991 541.33097485 268.61969029
0.39843600 540.97451302 268.54405844
0.39973687 540.60993461 268.49322085
0.40102296 540.01555076 268.46600016
0.40230905 539.16117400 268.48244835
0.40359513 538.39866385 268.60094610
0.40488122 537.99911737 268.78026717
0.40616731 537.75621145 268.89928827
0.40745340 537.55185641 268.96317724
0.40873949 537.33368345 269.00238201
0.41002557 536.96749736 269.03140703
0.41131166 536.40264355 269.05911539
0.41259775 535.97769763 269.14551826
0.41388384 535.84732772 269.25970080
0.41516993 535.67839440 269.28863669
0.41645601 535.46454292 269.25907103
0.41774210 535.27274854 269.15281209
0.41902819 535.20423016 268.94673148
0.42031428 535.22126132 268.63230232
0.42160037 534.85122024 268.22806431
0.42288645 533.91358488 267.83226935
0.42417254 532.83304425 267.55710936
0.42545863 531.99192265 267.42512000
0.42674472 531.34014966 267.32364139
0.42803081 530.70150114 267.18243550
0.42931690 530.07680565 267.01970594
0.43060298 529.54688501 266.85739278
0.43188907 529.06495805 266.66429159
0.43317516 528.57330287 266.42518672
0.43446125 528.04919220 266.14543046
0.43574734 527.48739647 265.83373937
0.43703342 526.88872319 265.49532416
0.43831951 526.26987217 265.13976464
0.43960560 525.62980226 264.76782921
0.44089169 524.96878159 264.38453553
0.44217778 524.30001464 264.00833110
0.44346386 523.62495577 263.66772737
0.44474995 522.83923370 263.33133743
0.44603604 521.99915998 262.98484334
0.44732213 521.35681577 262.61775107
0.44860822 520.95992248 262.16902802
0.44989430 520.66724333 261.62362731
0.45118039 520.02731156 260.99364284
0.45246648 518.81990101 260.37398111
0.45375257 517.47302024 259.89248128
0.45503866 516.31756758 259.56844573
0.45632474 515.39985629 259.36894140
0.45761083 514.44331430 259.19437299
0.45889692 513.38653965 259.06457340
0.46018301 512.46817844 259.03932390
0.46146910 511.75525143 259.01907829
0.46275519 511.40175187 258.96669108
0.46404127 511.32673973 258.85139479
0.46532736 511.03260857 258.61254685
0.46661345 510.32371537 258.33467542
0.46789954 509.36488919 258.08938014
0.46917084 508.47005078 257.91519883
0.47045693 507.93131613 257.81813828
0.47174302 507.54103721 257.65695172
0.47302911 507.07189054 257.41104560
0.47431520 506.48110156 257.13587896
0.47560128 505.75587044 256.86427398
0.47688737 504.97785116 256.64110937
0.47817346 504.24919166 256.48072126
0.47945955 503.58256111 256.34836555
0.48074564 503.00536884 256.21559921
0.48203172 502.55969415 256.06640149
0.48331781 502.19871926 255.88003104
0.48460390 501.80479695 255.65006175
0.48587521 501.25932448 255.39530397
0.48716129 500.55911742 255.15368263
0.48844738 499.80181366 254.95888576
0.48973347 499.09461173 254.82093657
0.49101956 498.46547724 254.71396930
0.49230565 497.89143693 254.60938088
0.49359173 497.36108631 254.49334919
0.49487782 496.86708610 254.35764984
0.49616391 496.39673589 254.19836608
0.49743522 495.92677348 254.01477833
0.49872130 495.43340388 253.81193049
0.50000739 494.89992812 253.60070752
0.50129348 494.32366090 253.39494267
0.50257957 493.71470462 253.21167531
0.50386566 493.06957611 253.05229086
0.50515174 492.41249345 252.91841930
0.50643783 491.79655822 252.81107459
0.50770914 491.26637999 252.71718927
0.50899523 490.82385786 252.62137970
0.51028131 490.41656592 252.51360390
0.51156740 489.96325959 252.38970819
0.51285349 489.43467087 252.26910861
0.51413958 488.86769657 252.18260045
0.51542567 488.31175566 252.14077734
0.51669697 487.74430520 252.10902957
0.51798306 487.26856217 252.09794227
0.51926915 486.98506373 252.10135250
0.52055524 486.72320036 252.02646165
0.52184132 486.49290093 251.89910298
0.52312741 486.30811380 251.75777431
0.52439872 485.95415087 251.58383307
0.52568480 485.34633912 251.42970427
0.52697089 484.56817383 251.34210762
0.52825698 483.82466195 251.34420419
0.52954307 483.29854943 251.43097877
0.53082916 483.00614604 251.51735584
0.53210046 482.96133878 251.57576463
0.53338655 482.95737255 251.56875880
0.53467264 482.69169470 251.47247808
0.53595873 482.23093438 251.39959695
0.53724481 481.65899774 251.36046359
0.53853090 481.08143510 251.33766146
0.53980221 480.83866562 251.39181995
0.54108830 480.83293886 251.40826745
0.54237438 480.68258442 251.28044577
0.54366047 480.45580005 251.12321549
0.54494656 480.14635678 250.97179388
0.54621787 479.56800054 250.78456068
0.54750395 478.92455881 250.65202199
0.54879004 478.44281358 250.60210847
0.55007613 478.06960180 250.54209179
0.55134744 477.80663562 250.45250237
0.55263352 477.62762938 250.33427948
0.55391961 477.36757115 250.16326150
0.55520570 476.94899368 249.96363566
0.55649179 476.43816433 249.78535142
0.55776309 475.87724975 249.61840049
0.55904918 475.43095069 249.48839175
0.56033527 475.15402440 249.36505764
0.56162136 474.90861590 249.18302125
0.56289266 474.65389422 248.96113123
0.56417875 474.30181095 248.69685581
0.56546484 473.82167106 248.42214994
0.56675093 473.26716231 248.17748311
0.56803702 472.68029721 247.98423599
0.56930832 472.06004288 247.83492999
0.57059441 471.44785427 247.72787039
0.57188050 470.94177684 247.67517374
0.57316659 470.56582388 247.64015696
0.57443789 470.28638309 247.58391508
0.57572398 470.06307871 247.48493967
0.57701007 469.86590500 247.33195925
0.57829616 469.66156693 247.12409350
0.57956746 469.43048610 246.87795210
0.58085355 469.10223808 246.60189189
0.58213964 468.62694831 246.32693325
0.58341094 468.02267129 246.08819574
0.58469703 467.34582209 245.90031383
0.58598312 466.73413349 245.79248325
0.58726921 466.24444611 245.74192909
0.58854051 465.80631403 245.68796776
0.58982660 465.45729085 245.63841030
0.59111269 465.20404767 245.59881042
0.59239878 464.87677836 245.52679280
0.59367008 464.45627230 245.44973174
0.59495617 464.03481940 245.40313941
0.59624226 463.68881916 245.38817290
0.59751356 463.45242446 245.38140058
0.59879965 463.28551753 245.34191686
0.60008574 463.15221117 245.25468917
0.60137183 463.00603537 245.11026002
0.60264313 462.82021222 244.92347403
0.60392922 462.55207546 244.71088940
0.60521531 462.14638990 244.49425763
0.60648661 461.64178898 244.32236115
0.60777270 461.04036967 244.19070532
0.60905879 460.45649519 244.12617224
0.61033010 460.06072461 244.14501902
0.61161618 459.80053386 244.17239819
0.61290227 459.63153145 244.18131973
0.61417358 459.50548786 244.15920557
0.61545967 459.33537919 244.09221011
0.61674575 459.12720093 244.00183061
0.61801706 458.90179411 243.90086772
0.61930315 458.67018706 243.79592903
0.62058924 458.42927765 243.68578689
0.62187532 458.15916303 243.55867456
0.62314663 457.90120156 243.42319129
0.62443272 457.67099137 243.27126290
0.62571880 457.42816720 243.09015487
0.62699011 457.17261308 242.90418627
0.62827620 456.82016989 242.71106335
0.62954750 456.32459879 242.53490474
0.63083359 455.79640316 242.43357443
0.63211968 455.29614966 242.41061597
0.63339099 454.83753798 242.44866325
0.63467707 454.47225381 242.54437646
0.63596316 454.21925883 242.67448440
0.63723447 454.05578303 242.80481922
0.63852056 453.96066005 242.91067110
0.63980664 453.93528664 242.98328039
0.64107795 453.96305490 243.01263303
0.64236404 453.96910728 242.98109614
0.64365012 453.90772152 242.89383109
0.64492143 453.78749926 242.76822111
0.64620752 453.62046066 242.61873186
0.64749361 453.41063538 242.45273310
0.64876491 453.16082808 242.27773911
0.65005100 452.87031408 242.09988102
0.65132231 452.54390382 241.92884506
0.65260839 452.18551836 241.77295362
0.65389448 451.79595118 241.63907510
0.65516579 451.38152287 241.53503625
0.65645188 450.95049147 241.46323453
0.65772318 450.53396925 241.43158541
0.65900927 450.16177671 241.44138727
0.66029536 449.83567968 241.48622231
0.66156666 449.54780903 241.56605079
0.66285275 449.25724172 241.67254242
0.66413884 448.94433470 241.79954327
0.66541014 448.68417458 241.96441688
0.66669623 448.54242635 242.16197076
0.66796754 448.51294749 242.36201826
0.66925363 448.53942398 242.53286994
0.67053971 448.55478713 242.65266601
0.67181102 448.52902853 242.72387998
0.67309711 448.49794307 242.78253896
0.67436841 448.39769772 242.82809943
0.67565450 448.14454163 242.86292618
0.67692581 447.82527922 242.94297789
0.67821189 447.52459343 243.08807769
0.67949798 447.26412623 243.29202207
0.68076929 447.05480068 243.55360612
0.68205538 446.86840827 243.85209958
0.68332668 446.69365303 244.16704470
0.68461277 446.61299242 244.50980382
0.68589886 446.72234611 244.88440263
0.68717016 446.94847213 245.24054512
0.68845625 447.12941363 245.53102257
0.68972756 447.24172691 245.77772434
0.69101364 447.32167334 246.00942588
0.69228495 447.38102427 246.23411274
0.69357104 447.42072864 246.45261867
0.69484234 447.45716446 246.67087202
0.69612843 447.50085429 246.88294602
0.69741452 447.55306244 247.07982812
0.69868582 447.63729359 247.26509557
0.69997191 447.74512317 247.43683864
0.70124322 447.79722923 247.57544095
0.70252931 447.76863344 247.68880905
0.70380061 447.73311527 247.81814499
0.70508670 447.73418329 247.97349264
0.70635801 447.74360003 248.13758862
0.70764409 447.73963260 248.30674953
0.70893018 447.72398016 248.48702972
0.71020149 447.70444521 248.68500271
0.71148758 447.69503685 248.90514240
0.71275888 447.69737417 249.13728878
0.71404497 447.72234277 249.36687757
0.71531627 447.84475813 249.60332746
0.71660236 448.05005944 249.82487990
0.71787367 448.21495796 249.99085037
0.71915976 448.30185713 250.11494694
0.72043106 448.33591180 250.22392538
0.72171715 448.34034788 250.32902240
0.72298845 448.33074540 250.43348336
0.72427454 448.32852225 250.54164324
0.72554585 448.34217780 250.65391665
0.72683194 448.36089145 250.77466295
0.72810324 448.34177929 250.89677799
0.72938933 448.26772507 251.02433679
0.73066064 448.19623876 251.17787759
0.73194672 448.17633177 251.35723631
0.73321803 448.22136354 251.55021033
0.73450412 448.31246808 251.73628706
0.73577542 448.40630680 251.89851802
0.73706151 448.48009257 252.03661154
0.73833282 448.53360318 252.15776507
0.73961890 448.56932192 252.26786748
0.74089021 448.58772871 252.37053677
0.74217630 448.58998962 252.46939873
0.74344760 448.57758382 252.56731855
0.74473369 448.55153198 252.66583830
0.74600500 448.51881679 252.76747061
0.74729108 448.49141197 252.87434889
0.74856239 448.48030523 252.98631945
0.74984848 448.48740094 253.09881358
0.75111978 448.50759933 253.20558992
0.75240587 448.53374703 253.30164645
0.75367718 448.55941893 253.38402598
0.75496327 448.58016533 253.45125097
0.75623457 448.59296164 253.50336504
0.75752066 448.59599977 253.54113161
0.75879196 448.58785209 253.56546793
0.76007805 448.56816686 253.57767504
0.76134936 448.53795734 253.57913180
0.76263545 448.49963292 253.57103669
0.76390675 448.45641668 253.55391279
0.76517806 448.41030981 253.52642080
0.76646414 448.36473005 253.48627187
0.76773545 448.32215776 253.43202348
0.76902154 448.28804962 253.36481586
0.77029284 448.23969827 253.27735609
0.77157893 448.13854123 253.16482376
0.77285024 447.98310684 253.04125869
0.77413633 447.78998471 252.92290538
0.77540763 447.57335251 252.81961610
0.77669372 447.34445157 252.73847095
0.77796502 447.10756643 252.68085481
0.77923633 446.87072655 252.64914116
0.78052242 446.65663358 252.64937523
0.78179372 446.47142725 252.67561143
0.78307981 446.31796712 252.72137887
0.78435112 446.21066209 252.78336657
0.78563720 446.13761007 252.84948049
0.78690851 446.07726968 252.91026818
0.78817982 446.02248000 252.96441984
0.78946590 445.97005966 253.01196896
0.79073721 445.91653127 253.05249254
0.79202330 445.85794546 253.08580662
0.79329460 445.79190014 253.11335517
0.79458069 445.71451128 253.13651617
0.79585200 445.61808204 253.15571552
0.79712330 445.50494840 253.17697124
0.79840939 445.38322860 253.20785717
0.79968070 445.25587189 253.25249713
0.80096678 445.12480532 253.31271099
0.80223809 444.99601457 253.38984005
0.80350939 444.87642898 253.48172934
0.80479548 444.78805603 253.59118566
0.80606679 444.74978797 253.71889081
0.80735288 444.74472807 253.85071545
0.80862418 444.75002464 253.97579411
0.80989549 444.75597211 254.09065086
0.81118157 444.75655932 254.19262531
0.81245288 444.75525861 254.28271741
0.81373897 444.76405773 254.36590688
0.81501027 444.76587039 254.43655865
0.81628158 444.73607845 254.49146264
0.81756767 444.67671321 254.54014155
0.81883897 444.59308649 254.58860642
0.82012506 444.49050222 254.64395133
0.82139637 444.37533036 254.71458640
0.82266767 444.22601141 254.79165508
0.82395376 444.03830496 254.87275754
0.82522507 443.88698973 254.98861684
0.82651115 443.82346477 255.14760308
0.82778246 443.82365935 255.32391784
0.82905376 443.85238560 255.49730126
0.83033985 443.88747338 255.65910936
0.83161116 443.91736825 255.80789693
0.83288246 443.93713831 255.94550809
0.83416855 443.94495055 256.07573901
0.83543986 443.93538194 256.20032451
0.83672594 443.90554874 256.32260256
0.83799725 443.85817297 256.44801791
0.83926856 443.79691772 256.58168614
0.84055464 443.72577942 256.72786694
0.84182595 443.64871515 256.89042803
0.84309725 443.56936197 257.07149084
0.84438334 443.49621962 257.27333922
0.84565465 443.44120648 257.49708131
0.84692595 443.41534069 257.73862757
0.84821204 443.42444023 257.98829514
0.84948335 443.48871265 258.24395837
0.85076944 443.60862787 258.49798324
0.85204074 443.73522859 258.73256763
0.85331205 443.82482727 258.94261191
0.85459813 443.87267578 259.13988595
0.85586944 443.89501853 259.34025013
0.85714075 443.89826480 259.54885180
0.85842683 443.88949068 259.77163875
0.85969814 443.87937185 260.01266513
0.86096944 443.87980563 260.27416991
0.86225553 443.89930921 260.55086344
0.86352684 443.96392583 260.83999102
0.86479814 444.10191052 261.13690855
0.86608423 444.31680233 261.42888192
0.86735554 444.58168906 261.70237844
0.86862684 444.82784186 261.93130795
0.86991293 445.00711163 262.10492108
0.87118424 445.11214636 262.23607541
0.87245554 445.14755516 262.34267950
0.87374163 445.12296147 262.44291779
0.87501293 445.04654045 262.55320116
0.87628424 444.92558375 262.68601197
0.87757033 444.77242127 262.85240516
0.87884163 444.60384078 263.06091524
0.88011294 444.43996340 263.31677157
0.88138424 444.30533087 263.62386411
0.88267033 444.21389630 263.97783190
0.88394164 444.18053439 264.37524965
0.88521294 444.20367889 264.80400840
0.88649903 444.26436458 265.24492857
0.88777034 444.38980965 265.70550086
0.88904164 444.59115185 266.18315586
0.89032773 444.81847245 266.64625892
0.89159904 445.03919802 267.07850199
0.89287034 445.25754681 267.48339686
0.89415643 445.47920002 267.86356522
0.89542774 445.69844901 268.21867671
0.89669904 445.90367695 268.54816993
0.89797035 446.08791055 268.85580172
0.89925643 446.25045524 269.14772865
0.90052774 446.39198191 269.42843731
0.90179905 446.51372104 269.70310296
0.90308513 446.61687528 269.97573289
0.90435644 446.70154546 270.24982445
0.90562774 446.76938665 270.52919135
0.90691383 446.82723236 270.81946982
0.90818514 446.87906711 271.12204808
0.90945644 446.93226804 271.43829607
0.91072775 447.00148164 271.76900577
0.91201384 447.10440308 272.11268937
0.91328514 447.24916967 272.46345372
0.91455645 447.42792539 272.80776100
0.91582775 447.63559038 273.13726741
0.91711384 447.86646612 273.44469879
0.91838515 448.11089996 273.72282743
0.91965645 448.35504787 273.96593382
0.92094254 448.59109667 274.17563163
0.92221385 448.80659076 274.35572181
0.92348515 448.96969637 274.50703530
0.92475646 449.06119998 274.63700370
0.92604254 449.09677016 274.76135111
0.92731385 449.11024567 274.89585425
0.92858516 449.12545812 275.04710084
0.92985646 449.15048222 275.21425412
0.93114255 449.18822740 275.39616801
0.93241385 449.23427685 275.58709573
0.93368516 449.28851759 275.78269749
0.93495647 449.39061592 275.99963306
0.93624255 449.54666332 276.23214678
0.93751386 449.69361708 276.43790613
0.93878516 449.84806636 276.61844824
0.94005647 450.05121763 276.78794677
0.94134256 450.23448549 276.91857188
0.94261386 450.33997775 277.00445846
0.94388517 450.38201201 277.07012424
0.94515647 450.38447027 277.13393219
0.94644256 450.36081034 277.20582281
0.94771387 450.31280171 277.28944306
0.94898517 450.24176686 277.38782552
0.95025648 450.15930857 277.50803704
0.95154257 450.07575197 277.65523519
0.95281387 449.98910626 277.82629918
0.95408518 449.89678126 278.01338327
0.95535648 449.84038673 278.22705321
0.95664257 449.86843605 278.47215857
0.95791388 450.00608120 278.73856952
0.95918518 450.23204543 279.00233264
0.96045649 450.46096098 279.22710577
0.96174258 450.63621035 279.40451904
0.96301388 450.75616639 279.54872526
0.96428519 450.83967511 279.67929449
0.96555649 450.88281440 279.79967767
0.96682780 450.87298930 279.90933118
0.96811389 450.81943318 280.02000798
0.96938519 450.73488993 280.14128673
0.97065650 450.63813365 280.28239878
0.97192780 450.54456129 280.44780135
0.97321389 450.46369789 280.63740093
0.97448520 450.40271115 280.84908325
0.97575650 450.36816342 281.07891523
0.97702781 450.36709631 281.32161892
0.97829911 450.40172165 281.57084738
0.97958520 450.46922835 281.81948032
0.98085651 450.55507220 282.05856745
0.98212781 450.64206270 282.28296723
0.98339912 450.71868827 282.49167041
0.98468520 450.77872717 282.68731942
0.98595651 450.82038798 282.87402576
0.98722781 450.84368603 283.05599278
0.98849912 450.84841036 283.23717727
0.98977043 450.83275609 283.41979324
0.99105651 450.80323056 283.60909894
0.99232782 450.76499079 283.80702733
0.99359912 450.72955689 284.01901772
0.99487043 450.70734090 284.25034138
0.99614174 450.68162900 284.49184015
0.99742782 450.64257389 284.74000428
0.99869913 450.59827044 284.99885243
0.99997043 450.56088047 285.27114902
1.00124174 450.54349732 285.55784835
1.00251305 450.55255646 285.85627281
1.00378435 450.58428824 286.16081284
1.00507044 450.62876035 286.46534069
1.00634174 450.67917552 286.76712880
1.00761305 450.73335713 287.06585649
1.00888436 450.79191639 287.36209097
1.01015566 450.85589507 287.65595817
1.01144175 450.92586611 287.94722075
1.01271305 451.00217427 288.23523779
1.01398436 451.08479180 288.51905492
1.01525567 451.17451415 288.79800417
1.01652697 451.27074157 289.07037686
1.01779828 451.37175441 289.33412604
1.01908436 451.48416923 289.59357942
1.02035567 451.59548426 289.84388429
1.02162698 451.68147950 290.07718769
1.02289828 451.73808503 290.29944302
1.02416959 451.75804163 290.51282767
1.02545567 451.74728606 290.72347656
1.02672698 451.73557514 290.94481717
1.02799829 451.74261337 291.18086170
1.02926959 451.77185659 291.42761706
1.03054090 451.82274303 291.68078037
1.03181220 451.89460958 291.93639603
1.03309829 451.98515922 292.18946594
1.03436960 452.09908778 292.43910412
1.03564090 452.23692592 292.68305563
1.03691221 452.38299978 292.91324374
1.03818351 452.52647409 293.12671293
1.03945482 452.66630463 293.32526164
1.04072612 452.80271994 293.51047937
1.04201221 452.93320259 293.68210155
1.04328352 453.06217832 293.84394321
1.04455482 453.19225570 293.99902764
1.04582613 453.31042925 294.14229756
1.04709743 453.40866887 294.27289947
1.04836874 453.49003585 294.39513002
1.04965483 453.55807451 294.51160637
1.05092613 453.61468518 294.62221557
1.05219744 453.67166902 294.73053603
1.05346874 453.74226720 294.83905299
1.05474005 453.83371620 294.94649023
1.05601135 453.95211048 295.05081363
1.05728266 454.10001602 295.14793014
1.05856875 454.27363720 295.23110068
1.05984005 454.47361872 295.29936670
1.06111136 454.68178232 295.34596901
1.06238266 454.86629162 295.36080559
1.06365397 455.02539241 295.34981365
1.06492527 455.16977731 295.32182912
1.06619658 455.30096284 295.28025165
1.06746788 455.40918262 295.22387637
1.06875397 455.48162077 295.15175867
1.07002528 455.51209136 295.06679146
1.07129658 455.50481003 294.97600956
1.07256789 455.47171516 294.88888155
1.07383919 455.42126773 294.81052398
1.07511050 455.36239488 294.74504161
1.07638181 455.30634583 294.69399914
1.07766789 455.26240191 294.65223703
1.07893920 455.27518464 294.63095216
1.08021050 455.38372007 294.63718076
1.08148181 455.53377463 294.63632284
1.08275312 455.65832443 294.60191611
1.08402442 455.75000088 294.54126945
1.08529573 455.81966415 294.46523065
1.08656703 455.87496355 294.38022212
1.08783834 455.91898734 294.28920262
1.08912443 455.95140219 294.19368535
1.09039573 455.97006226 294.09385861
1.09166704 455.97892684 293.99292421
1.09293834 455.98218939 293.89320756
1.09420965 455.98175294 293.79584122
1.09548095 455.97960178 293.70215468
1.09675226 455.97470733 293.61221846
1.09802356 455.96543060 293.52597794
1.09930965 455.95216798 293.44446182
1.10058096 455.93643124 293.36879543
1.10185226 455.91995517 293.29953099
1.10312357 455.90313440 293.23648028
1.10439487 455.88504226 293.17877353
1.10566618 455.86510583 293.12586845
1.10693748 455.84315680 293.07712974
1.10820879 455.82038041 293.03240477
1.10948010 455.79869733 292.99139093
1.11075140 455.78084175 292.95398653
1.11203749 455.76891972 292.91943430
1.11330879 455.76261905 292.88600823
1.11458010 455.76173165 292.85248689
1.11585141 455.76533302 292.81765494
1.11712271 455.77055722 292.78026902
1.11839402 455.77136135 292.73873186
1.11966532 455.76024306 292.69470148
1.12093663 455.73163982 292.65522901
1.12220793 455.65218631 292.61497344
1.12347924 455.47654117 292.55933880
1.12475054 455.25468732 292.51632986
1.12603663 455.08560231 292.52190628
1.12730794 455.00836350 292.57317324
1.12857924 455.02231186 292.64841506
1.12985055 455.12525409 292.72888416
1.13112185 455.31090115 292.79964022
1.13239316 455.57785142 292.84214701
1.13366446 455.94452404 292.86196401
1.13493577 456.42586730 292.86493721
1.13620707 457.06591752 292.86706099
1.13747838 457.92741514 292.95097454
1.13874969 458.67258021 293.31160315
1.14002099 458.91691568 294.30619239
1.14130708 458.64710313 295.59745217
1.14257838 457.88908125 296.52104306
1.14384969 456.50172494 297.14860109
1.14512100 454.13188579 297.77214940
1.14639230 450.46575403 298.27519538
1.14766361 445.83859377 298.31446951
1.14893491 441.28475224 297.46560101
1.15020622 437.54833348 295.44110131
1.15147752 435.38351727 293.40192249
1.15274883 435.15101711 292.25305339
1.15402013 436.90098349 291.50609292
1.15529144 438.47034513 291.24689402
1.15656274 440.12710256 290.97862175
1.15783405 441.87946712 290.71243103
1.15912014 443.72046902 290.44969308
1.16039144 445.64267482 290.19179848
1.16166275 447.63820576 289.94015181
1.16293405 449.69875762 289.69616608
1.16420536 451.81562195 289.46125688
1.16547667 453.97970872 289.23683654
1.16674797 456.18157041 289.02430792
1.16801928 458.41142753 288.82505825
1.16929058 460.65919553 288.64045264
1.17056189 462.91451312 288.47182760
1.17183319 465.16677210 288.32048431
1.17310450 467.40514850 288.18768188
1.17437580 469.61863520 288.07463036
1.17564711 471.79607598 287.98248375
1.17691841 473.92620096 287.91233277
1.17818972 475.99766347 287.86519763
1.17946103 477.99907836 287.84202060
1.18074711 479.91906171 287.84365845
1.18201842 481.74627196 287.87087480
1.18328972 483.46945250 287.92433229
1.18456103 485.07747562 288.00458458
1.18583234 486.55938793 288.11206825
1.18710364 487.90445717 288.24709445
1.18837495 489.10222049 288.40984034
1.18964625 490.14253407 288.60034042
1.19091756 491.01562426 288.81847747
1.19218886 491.71214003 289.06397332
1.19346017 492.22320696 289.33637938
1.19473147 492.54048256 289.63506672
1.19600278 492.65621306 289.95921600
1.19727408 492.56329157 290.30780693
1.19854539 492.25531777 290.67960738
1.19981670 491.72665887 291.07316217
1.20108800 490.97251212 291.48678135
1.20235931 489.98896865 291.91852815
1.20363061 488.77307884 292.36620643
1.20490192 487.32291896 292.82734770
1.20617322 485.63765939 293.29919770
1.20744453 483.71763413 293.77870248
1.20873062 481.56441182 294.26249406
1.21000192 479.18086814 294.74687564
1.21127323 476.57125966 295.22780630
1.21254453 473.74129905 295.70088535
1.21381584 470.69823178 296.16133622
1.21508714 467.45091424 296.60399001
1.21635845 464.00989321 297.02326864
1.21762975 460.38748680 297.41316777
1.21890106 456.59786688 297.76723937
1.22017237 452.65714275 298.07857418
1.22144367 448.58344644 298.33978399
1.22271498 444.39701927 298.54298388
1.22398628 440.12029994 298.67977449
1.22525759 435.77801395 298.74122443
1.22652889 431.39726453 298.71785294
1.22780020 427.00762492 298.59961300
1.22907150 422.64123212 298.37587492
1.23034281 418.33288202 298.03541075
1.23161411 414.12012601 297.56637963
1.23288542 410.04336891 296.95631447
1.23415673 406.14596847 296.19211010
1.23542803 402.47433614 295.26001350
1.23669934 399.07803935 294.14561645
1.23797064 396.00990520 292.83385129
1.23924195 393.32612555 291.30899045
1.24051325 391.08636354 289.55465082
1.24178456 389.35386155 287.55380399
1.24305586 388.19555055 285.28879398
1.24432717 387.68216090 282.74136447
1.24559847 387.88833454 279.89269780
1.24686978 388.89273863 276.72346942
1.24814109 390.77818062 273.21392176
1.24941239 393.63172467 269.34396363
1.25068370 397.54480961 265.09330282
1.25195500 402.61336821 260.44162249
1.25322631 408.93794793 255.36881607
1.25449761 416.62383307 249.85530077
1.25576892 425.78116836 243.88243835
1.25704022 436.52508398 237.43310363
1.25831153 448.97582192 230.49245935
1.25958283 463.25886388 223.04902292
1.26085414 479.50506054 215.09615172
1.26212545 497.85076219 206.63413739
1.26339675 518.43795088 197.67319767
1.26466806 541.41437396 188.23780853
1.26593936 566.93367898 178.37305786
1.26721067 595.15555012 168.15406341
1.26848197 626.24584595 157.70001221
1.26975328 660.37673863 147.19499586
1.27102458 697.72685458 136.91817259
1.27229589 738.48141654 127.28456970
1.27356719 782.83238701 118.89152187
1.27483850 830.97861318 112.54792662
1.27610981 883.12597323 109.23263561
1.27738111 939.48752411 109.91723586
1.27865242 1000.28365067 115.27697293
1.27992372 1065.74221625 125.48098321
1.28119503 1136.09871470 140.24181228
-0.96316762 1052.87533333 87.92436320
-0.96189631 894.96933333 71.62382360
-0.96062353 761.36000000 63.06775556
-0.95934927 677.67966667 55.48881483
-0.95807353 626.11066667 46.92267054
-0.95679779 578.48200000 44.46954257
-0.95551909 525.58400000 53.16692960
-0.95423744 428.17133333 14.13622487
-0.95295431 326.75533333 87.67804756
-0.95167118 316.40400000 139.56546931
-0.95038804 331.76633333 144.29564323
-0.94910048 350.65800000 148.09728777
-0.94781143 378.73566667 161.72091801
-0.94651943 394.85800000 170.06769138
-0.94522743 405.37866667 176.98767486
-0.94393247 407.64300000 179.17069611
-0.94263604 411.50800000 181.54405653
-0.94133960 416.31600000 184.01256802
-0.94004021 419.34433333 186.12695481
-0.93873934 422.24666667 188.08771157
-0.93743699 425.36933333 190.10266585
-0.93613316 427.93933333 191.85058457
-0.93482786 430.28800000 193.42928508
-0.93351959 432.46133333 194.87418017
-0.93221133 434.46733333 196.19901389
-0.93090011 436.34333333 197.42113452
-0.92958890 438.10166667 198.55320641
-0.92827472 439.76000000 199.60604606
-0.92695907 441.32800000 200.58974899
-0.92564341 442.81600000 201.51106637
-0.92432480 444.23033333 202.37786059
-0.92300472 445.57733333 203.19639488
-0.92168315 446.85800000 203.97125794
-0.92036010 448.07300000 204.70697783
-0.91903410 449.21466667 205.40657423
-0.91770810 450.26500000 206.06695169
-0.91638062 451.20400000 206.66882421
-0.91505167 452.09166667 207.20581656
-0.91371975 453.05900000 207.71712592
-0.91238784 454.05500000 208.21123313
-0.91105297 454.96133333 208.66329738
-0.90971810 455.83966667 209.09574933
-0.90838027 456.71533333 209.52067891
-0.90704096 457.55900000 209.92709320
-0.90570166 458.37966667 210.31681028
-0.90435940 459.17866667 210.69070314
-0.90301565 459.95600000 211.04957770
-0.90167044 460.71366667 211.39424039
-0.90032374 461.45200000 211.72425257
-0.89897556 462.17100000 212.04123060
-0.89762591 462.87266667 212.34567471
-0.89627478 463.55666667 212.63751889
-0.89492217 464.22400000 212.91838041
-0.89356808 464.87533333 213.18738682
-0.89221251 465.51100000 213.44541073
-0.89085547 466.13066667 213.69288776
-0.88949695 466.73600000 213.93056500
-0.88813547 467.32600000 214.15813074
-0.88677399 467.90266667 214.37621071
-0.88541103 468.46466667 214.58461512
-0.88404659 469.01333333 214.78484191
-0.88267920 469.54833333 214.97570781
-0.88131181 470.07033333 215.15845821
-0.87994294 470.57933333 215.33260020
-0.87857259 471.07500000 215.49857045
-0.87719928 471.55766667 215.65706481
-0.87582598 472.02666667 215.80684357
-0.87445120 472.48300000 215.94921329
-0.87307345 472.92733333 216.08429124
-0.87169571 473.35966667 216.21239911
-0.87031650 473.78033333 216.33327475
-0.86893580 474.18933333 216.44724000
-0.86755215 474.58733333 216.55391897
-0.86616849 474.97366667 216.65450193
-0.86478336 475.34833333 216.74818011
-0.86339675 475.71300000 216.83538807
-0.86200866 476.06566667 216.91612741
-0.86061762 476.40800000 216.99083190
-0.85922657 476.74000000 217.05950268
-0.85783405 477.06133333 217.12208875
-0.85644005 477.37233333 217.17864435
-0.85504457 477.67333333 217.22873922
-0.85364761 477.96433333 217.27366907
-0.85224918 478.24533333 217.31262231
-0.85084926 478.51666667 217.34631088
-0.84944787 478.77966667 217.37445561
-0.84804648 479.03266667 217.39743750
-0.84664213 479.27766667 217.41444478
-0.84523630 479.51433333 217.42638627
-0.84382899 479.74566667 217.43373763
-0.84242169 479.97166667 217.43682998
-0.84101143 480.18800000 217.43609109
-0.83960116 480.39566667 217.43070605
-0.83818795 480.59600000 217.42200637
-0.83677473 480.78866667 217.40960315
-0.83536003 480.97433333 217.39391933
-0.83394238 481.15333333 217.37546698
-0.83252472 481.32533333 217.35466545
-0.83110559 481.48766667 217.33398799
-0.82968498 481.63066667 217.31110822
-0.82826289 481.75200000 217.28563843
-0.82684081 481.85766667 217.25864578
-0.82541576 481.94466667 217.22999265
-0.82398924 482.00933333 217.19890155
-0.82256272 482.05100000 217.16481182
-0.82113324 482.06700000 217.12741666
-0.81970376 482.05466667 217.08697232
-0.81827280 482.01300000 217.04184927
-0.81684036 481.94066667 216.99188277
-0.81540645 481.83566667 216.93591390
-0.81397106 481.69866667 216.87296953
-0.81253418 481.53066667 216.80177367
-0.81109584 481.33266667 216.72151759
-0.80965749 481.10766667 216.63092759
-0.80821618 480.85966667 216.52908148
-0.80677488 480.59300000 216.41486309
-0.80533209 480.31233333 216.28777870
-0.80388783 480.02300000 216.14833810
-0.80244209 479.72966667 215.99569798
-0.80099487 479.43633333 215.83032843
-0.79954765 479.14700000 215.65351154
-0.79809748 478.86400000 215.46482808
-0.79664730 478.59000000 215.26598284
-0.79519565 478.32500000 215.05779429
-0.79374252 478.07066667 214.84242231
-0.79228791 477.82633333 214.61898537
-0.79083182 477.59200000 214.39002960
-0.78937573 477.36600000 214.15640184
-0.78791669 477.14666667 213.91849149
-0.78645764 476.93166667 213.67473245
-0.78499712 476.73400000 213.42911861
-0.78353512 476.55433333 213.18414036
-0.78207164 476.37533333 212.93838863
-0.78060816 476.19700000 212.69284981
-0.77914320 476.01700000 212.45001140
-0.77767528 475.83166667 212.21232952
-0.77620885 475.62433333 211.98081748
-0.77473946 475.37533333 211.75079335
-0.77326859 475.09266667 211.52323964
-0.77179771 474.78133333 211.29986134
-0.77032537 474.43466667 211.07724512
-0.76885154 474.05233333 210.85490575
-0.76737623 473.63000000 210.63309333
-0.76590093 473.16600000 210.40967351
-0.76442266 472.66200000 210.18515020
-0.76294440 472.11800000 209.95797201
-0.76146466 471.53433333 209.72800287
-0.75998492 470.91200000 209.49361270
-0.75850222 470.25366667 209.25432942
-0.75701953 469.56300000 209.00842247
-0.75553535 468.84500000 208.75426702
-0.75405118 468.10533333 208.49221410
-0.75256405 467.35200000 208.22064135
-0.75107691 466.59200000 207.93829770
-0.74958830 465.83400000 207.64561305
-0.74809822 465.08500000 207.34140976
-0.74660813 464.35233333 207.02690818
-0.74511656 463.64066667 206.70134824
-0.74362352 462.95666667 206.36559820
-0.74212899 462.30200000 206.02089818
-0.74063447 461.67933333 205.66811266
-0.73913847 461.08966667 205.30774880
-0.73764099 460.53233333 204.94145707
-0.73614351 460.00666667 204.57050970
-0.73464307 459.51166667 204.19540010
-0.73314412 459.04500000 203.81822696
-0.73164220 458.60566667 203.43990979
-0.73014029 458.19066667 203.06179775
-0.72863542 457.79766667 202.68809755
-0.72713202 457.42366667 202.32314180
-0.72562567 457.05666667 201.98653499
-0.72411933 456.57866667 201.69590650
-0.72261150 455.74166667 201.37801875
-0.72110367 454.70700000 201.01396255
-0.71959436 453.83633333 200.68295967
-0.71808358 453.03900000 200.35450060
-0.71657132 452.22800000 199.99724264
-0.71505906 451.45400000 199.63413933
-0.71354532 450.69833333 199.26586919
-0.71203158 449.95700000 198.89319927
-0.71051488 449.22700000 198.51737724
-0.70899966 448.50500000 198.13920363
-0.70748148 447.78900000 197.75829264
-0.70596331 447.07700000 197.37541653
-0.70444366 446.36800000 196.99057722
-0.70292400 445.65833333 196.60413722
-0.70140287 444.94800000 196.21649038
-0.69988026 444.23700000 195.82772134
-0.69835765 443.52633333 195.43786877
-0.69683356 442.81500000 195.04693062
-0.69530800 442.10233333 194.65488118
-0.69378243 441.38833333 194.26214585
-0.69225538 440.67233333 193.86873428
-0.69072834 439.95433333 193.47503590
-0.68919982 439.23366667 193.07985143
-0.68766982 438.51000000 192.68519282
-0.68613981 437.78366667 192.28904277
-0.68460833 437.05433333 191.89302100
-0.68307685 436.32066667 191.49672145
-0.68154390 435.58400000 191.09933360
-0.68001094 434.84366667 190.70246939
-0.67847650 434.09866667 190.30491453
-0.67694059 433.34966667 189.90707776
-0.67540467 432.59600000 189.50894032
-0.67386728 431.83733333 189.11093359
-0.67232841 431.07366667 188.71303191
-0.67078954 430.30500000 188.31483457
-0.66925067 429.53033333 187.91673680
-0.66771032 428.74933333 187.51874819
-0.66616849 427.96166667 187.12125885
-0.66462666 427.16766667 186.72387213
-0.66308484 426.36533333 186.32656896
-0.66154005 425.55566667 185.93016450
-0.65999675 424.73666667 185.53425590
-0.65845049 423.90900000 185.13842195
-0.65690570 423.07066667 184.74388112
-0.65535796 422.22133333 184.35021715
-0.65381022 421.36000000 183.95702986
-0.65226248 420.48600000 183.56471005
-0.65071326 419.59800000 183.17244657
-0.64916404 418.69633333 182.77942071
-0.64761335 417.78133333 182.38399898
-0.64606265 416.85566667 181.97844142
-0.64451047 415.96333333 181.54975135
-0.64295830 415.23233333 181.11961485
-0.64140464 414.67100000 180.71939359
-0.63985099 414.06900000 180.31023551
-0.63829586 413.40133333 179.89011904
-0.63674073 412.72633333 179.48518246
-0.63518412 412.00800000 179.08154766
-0.63362751 411.26900000 178.68084555
-0.63207090 410.51633333 178.28307056
-0.63051133 409.74733333 177.88659298
-0.62895324 408.96633333 177.49099437
-0.62739368 408.17533333 177.09709278
-0.62583411 407.37500000 176.70366007
-0.62427306 406.56700000 176.31110051
-0.62271202 405.75300000 175.91941409
-0.62114950 404.93300000 175.52859867
-0.61958697 404.10833333 175.13824567
-0.61802445 403.27966667 174.74875971
-0.61646045 402.44800000 174.36013868
-0.61489497 401.61400000 173.97238490
-0.61333097 400.77766667 173.58468065
-0.61176401 399.94133333 173.19825182
-0.61019853 399.10366667 172.81268673
-0.60863157 398.26633333 172.42717317
-0.60706461 397.43000000 172.04293248
-0.60549618 396.59466667 171.65956462
-0.60392774 395.76133333 171.27665230
-0.60235783 394.93033333 170.89502422
-0.60078939 394.10233333 170.51385105
-0.59921800 393.27800000 170.13355791
-0.59764808 392.45700000 169.75413122
-0.59607669 391.64133333 169.37559349
-0.59450530 390.83000000 168.99792293
-0.59293243 390.02433333 168.62113551
-0.59135956 389.22400000 168.24482002
-0.58978669 388.43033333 167.86938982
-0.58821234 387.64333333 167.49524072
-0.58663799 386.86333333 167.12199724
-0.58506364 386.08900000 166.74885569
-0.58348781 385.32133333 166.37705948
-0.58191198 384.55966667 166.00621103
-0.58033616 383.80666667 165.63583948
-0.57875885 383.06266667 165.26675022
-0.57718302 382.32766667 164.89815964
-0.57560424 381.60233333 164.53043741
-0.57402693 380.88666667 164.16319174
-0.57244815 380.18066667 163.79681251
-0.57086937 379.48500000 163.43131074
-0.56929058 378.79933333 163.06584415
-0.56771032 378.12433333 162.70162814
-0.56613006 377.46033333 162.33783028
-0.56454980 376.80700000 161.97403197
-0.56296805 376.16500000 161.61101731
-0.56138779 375.53400000 161.24836535
-0.55980605 374.91400000 160.88645637
-0.55822283 374.30500000 160.52480870
-0.55664109 373.70600000 160.16422848
-0.55505787 373.11633333 159.80546147
-0.55347466 372.53433333 159.44843493
-0.55189144 371.95566667 159.09632348
-0.55030822 371.37400000 158.75556541
-0.54872352 370.75966667 158.44197068
-0.54713882 369.96766667 158.15490195
-0.54555413 368.85733333 157.82104930
-0.54396943 367.72433333 157.47166170
-0.54238325 366.77600000 157.16024226
-0.54079708 365.87700000 156.83944578
-0.53921090 365.02033333 156.50802110
-0.53762473 364.21333333 156.17612093
-0.53603855 363.44033333 155.84464617
-0.53445090 362.69700000 155.51279822
-0.53286472 361.97733333 155.18220877
-0.53127707 361.27766667 154.85329489
-0.52968942 360.59400000 154.52486141
-0.52810029 359.92366667 154.19820057
-0.52651263 359.26433333 153.87327761
-0.52492498 358.61566667 153.54961821
-0.52333585 357.97566667 153.22803796
-0.52174671 357.34433333 152.90809837
-0.52015758 356.71933333 152.58981855
-0.51856845 356.10000000 152.27280042
-0.51697932 355.48566667 151.95821472
-0.51538871 354.87566667 151.64484634
-0.51379958 354.26900000 151.33313372
-0.51220897 353.66500000 151.02387002
-0.51061836 353.06300000 150.71621614
-0.50902775 352.46233333 150.40977332
-0.50743714 351.86300000 150.10579704
-0.50584653 351.26433333 149.80300628
-0.50425592 350.66533333 149.50221414
-0.50266383 350.06566667 149.20388417
-0.50107322 349.46500000 148.90671013
-0.49948261 348.86300000 148.61159948
-0.49789052 348.25866667 148.31847997
-0.49629843 347.65166667 148.02781750
-0.49470782 347.04133333 147.73914261
-0.49311573 346.42733333 147.45292235
-0.49152364 345.80866667 147.16834070
-0.48993156 345.18566667 146.88618730
-0.48833947 344.55633333 146.60690648
-0.48674738 343.92133333 146.33015406
-0.48515529 343.27900000 146.05627461
-0.48356320 342.62866667 145.78495105
-0.48196964 341.96933333 145.51700064
-0.48037755 341.30166667 145.25208390
-0.47878546 340.62366667 144.98983718
-0.47719337 339.93500000 144.73074074
-0.47559980 339.23533333 144.47454439
-0.47400772 338.52566667 144.22016258
-0.47241563 337.80800000 143.96606782
-0.47082206 337.08800000 143.70950282
-0.46922997 336.37733333 143.44021041
-0.46763788 335.74400000 143.14640118
-0.46604432 335.32700000 142.86195371
-0.46445223 335.07766667 142.60604205
-0.46286014 334.79300000 142.34375980
-0.46126658 334.43433333 142.07192229
-0.45967449 334.05200000 141.80843775
-0.45808240 333.65333333 141.55282549
-0.45649031 333.23400000 141.29860045
-0.45489822 332.80133333 141.04808436
-0.45330613 332.35800000 140.79931928
-0.45171257 331.90600000 140.55302567
-0.45012048 331.44733333 140.30884383
-0.44852839 330.98300000 140.06631802
-0.44693778 330.51366667 139.82548035
-0.44534569 330.04133333 139.58633091
-0.44375360 329.56633333 139.34929377
-0.44216151 329.08966667 139.11309703
-0.44057090 328.61200000 138.87858849
-0.43897882 328.13300000 138.64580268
-0.43738821 327.65433333 138.41467103
-0.43579612 327.17500000 138.18483820
-0.43420551 326.69700000 137.95630478
-0.43261490 326.21966667 137.72984978
-0.43102429 325.74366667 137.50434166
-0.42943368 325.26900000 137.28013497
-0.42784307 324.79633333 137.05761900
-0.42625394 324.32533333 136.83683078
-0.42466333 323.85666667 136.61699469
-0.42307419 323.39100000 136.39885146
-0.42148358 322.92733333 136.18205117
-0.41989445 322.46700000 135.96702145
-0.41830532 322.00966667 135.75333812
-0.41671619 321.55533333 135.54100282
-0.41512853 321.10466667 135.33040433
-0.41353940 320.65700000 135.12080943
-0.41195175 320.21300000 134.91307496
-0.41036262 319.77200000 134.70635133
-0.40877496 319.33333333 134.50200469
-0.40718731 318.89833333 134.29871936
-0.40560114 318.46733333 134.09727191
-0.40401348 318.04100000 133.89676880
-0.40242731 317.61866667 133.69776597
-0.40084113 317.20066667 133.50009818
-0.39925496 316.78733333 133.30432343
-0.39766878 316.37900000 133.10959012
-0.39608261 315.97466667 132.91671509
-0.39449791 315.57533333 132.72488924
-0.39291321 315.18100000 132.53411659
-0.39132851 314.79100000 132.34564293
-0.38974382 314.40633333 132.15784739
-0.38816060 314.02600000 131.97154755
-0.38657738 313.65166667 131.78679474
-0.38499416 313.28200000 131.60316555
-0.38341094 312.91733333 131.42061837
-0.38182920 312.55800000 131.24006579
-0.38024598 312.20466667 131.06027252
-0.37866424 311.85666667 130.88167604
-0.37708398 311.51566667 130.70385340
-0.37550224 311.18100000 130.52643084
-0.37392198 310.85466667 130.34941670
-0.37234172 310.54000000 130.16985107
-0.37076145 310.25266667 129.98846807
-0.36918267 310.00766667 129.81418474
-0.36760388 309.76800000 129.64356108
-0.36602510 309.50833333 129.47016671
-0.36444780 309.24500000 129.29963791
-0.36286901 308.97700000 129.13198244
-0.36129171 308.70433333 128.96558619
-0.35971588 308.42966667 128.80115830
-0.35814005 308.15300000 128.63887115
-0.35656422 307.87533333 128.47726547
-0.35498840 307.59700000 128.31775943
-0.35341405 307.31900000 128.15955142
-0.35183970 307.04100000 128.00253445
-0.35026535 306.76400000 127.84689051
-0.34869248 306.48766667 127.69282824
-0.34711961 306.21300000 127.54021742
-0.34554674 305.93933333 127.38882919
-0.34397534 305.66700000 127.23879217
-0.34240395 305.39666667 127.09017839
-0.34083256 305.12766667 126.94293748
-0.33926264 304.86066667 126.79714311
-0.33769273 304.59600000 126.65274396
-0.33612429 304.33266667 126.50944335
-0.33455586 304.07166667 126.36806423
-0.33298742 303.81300000 126.22781222
-0.33142046 303.55666667 126.08951043
-0.32985350 303.30233333 125.95243291
-0.32828655 303.05133333 125.81703539
-0.32672107 302.80200000 125.68326762
-0.32515559 302.55533333 125.55084756
-0.32359159 302.31033333 125.42030596
-0.32202758 302.06866667 125.29122844
-0.32046358 301.82900000 125.16451873
-0.31890106 301.59300000 125.03895729
-0.31734002 301.36033333 124.91545192
-0.31577749 301.13166667 124.79278587
-0.31421793 300.90800000 124.67150636
-0.31265688 300.69033333 124.55164830
-0.31109731 300.48000000 124.43127325
-0.30953923 300.28133333 124.31057934
-0.30798114 300.09800000 124.18675782
-0.30642305 299.93833333 124.05499000
-0.30486644 299.83466667 123.90543732
-0.30330983 299.87433333 123.74840716
-0.30175470 300.07100000 123.61828798
-0.30019957 300.24166667 123.48968304
-0.29864591 300.33300000 123.34906596
-0.29709226 300.40700000 123.22110991
-0.29554008 300.44366667 123.09914638
-0.29398791 300.44933333 122.98017787
-0.29243721 300.43100000 122.86396198
-0.29088651 300.39466667 122.75185534
-0.28933730 300.34166667 122.64164752
-0.28778808 300.27433333 122.53380189
-0.28623886 300.19600000 122.42798334
-0.28469112 300.10666667 122.32421200
-0.28314485 300.00900000 122.22231525
-0.28159859 299.90300000 122.12259960
-0.28005381 299.79133333 122.02409321
-0.27850902 299.67366667 121.92716381
-0.27696572 299.55133333 121.83202978
-0.27542241 299.42566667 121.73861249
-0.27388059 299.29700000 121.64658545
-0.27234024 299.16566667 121.55586701
-0.27079989 299.03300000 121.46692732
-0.26925954 298.89933333 121.37968022
-0.26772067 298.76566667 121.29334817
-0.26618327 298.63233333 121.20840176
-0.26464588 298.49966667 121.12475050
-0.26310997 298.36833333 121.04218740
-0.26157405 298.23900000 120.96083458
-0.26003962 298.11233333 120.88025172
-0.25850518 297.98766667 120.80112688
-0.25697222 297.86633333 120.72198821
-0.25544074 297.74833333 120.64419810
-0.25390926 297.63333333 120.56694717
-0.25237926 297.52100000 120.49013233
-0.25084926 297.41100000 120.41393482
-0.24932074 297.30166667 120.33936918
-0.24779369 297.19233333 120.26629751
-0.24626665 297.07866667 120.19523893
-0.24474108 296.95633333 120.12786679
-0.24321552 296.81833333 120.06651308
-0.24169143 296.65133333 120.01657410
-0.24016882 296.43566667 119.98788715
-0.23864621 296.12500000 120.01154721
-0.23712508 295.50200000 120.10630685
-0.23560542 294.30933333 120.13296393
-0.23408577 293.05800000 120.08977036
-0.23256759 292.27100000 120.09790967
-0.23104942 291.74266667 120.09903026
-0.22953272 291.36100000 120.06784371
-0.22801750 291.12133333 120.02947625
-0.22650376 290.97566667 119.98828122
-0.22499002 290.90300000 119.94484876
-0.22347628 290.88400000 119.90086829
-0.22196550 290.90700000 119.85739952
-0.22045471 290.96166667 119.81475220
-0.21894541 291.04133333 119.77338122
-0.21743610 291.14033333 119.73312961
-0.21592827 291.25600000 119.69444961
-0.21442193 291.38400000 119.65702470
-0.21291705 291.52200000 119.62161018
-0.21141218 291.66900000 119.58695838
-0.20990879 291.82333333 119.55428417
-0.20840540 291.98333333 119.52249402
-0.20690496 292.14833333 119.49155737
-0.20540453 292.31800000 119.46223629
-0.20390557 292.49066667 119.43372433
-0.20240661 292.66700000 119.40553196
-0.20090913 292.84500000 119.37826408
-0.19941313 293.02433333 119.35233089
-0.19791861 293.20400000 119.32757205
-0.19642408 293.38233333 119.30379515
-0.19493104 293.55633333 119.28249618
-0.19343947 293.72300000 119.26555568
-0.19194791 293.86966667 119.25697794
-0.19045930 293.97066667 119.25469695
-0.18897069 294.01266667 119.25177572
-0.18748355 294.02800000 119.24600003
-0.18599642 294.05866667 119.23921584
-0.18451077 294.12200000 119.23401874
-0.18302659 294.20833333 119.22793577
-0.18154390 294.30866667 119.21878615
-0.18006268 294.42700000 119.20935220
-0.17858146 294.56200000 119.19924802
-0.17710172 294.71166667 119.18834740
-0.17562346 294.87766667 119.17701099
-0.17414667 295.05866667 119.16530061
-0.17266989 295.25600000 119.15235437
-0.17119606 295.46866667 119.13880341
-0.16972223 295.69733333 119.12499503
-0.16824841 295.94266667 119.11025472
-0.16677754 296.20400000 119.09445868
-0.16530667 296.48166667 119.07804890
-0.16383875 296.77700000 119.06072356
-0.16237084 297.08866667 119.04273425
-0.16090440 297.41833333 119.02358634
-0.15943796 297.76533333 119.00298136
-0.15797449 298.13033333 118.98191086
-0.15651101 298.51333333 118.95960711
-0.15504900 298.91433333 118.93537748
-0.15358848 299.33400000 118.91080411
-0.15212944 299.77233333 118.88445493
-0.15067039 300.22966667 118.85751476
-0.14921430 300.70533333 118.82901922
-0.14775822 301.20100000 118.79914685
-0.14630375 301.71533333 118.76814207
-0.14485062 302.24933333 118.73598139
-0.14339867 302.80300000 118.70258259
-0.14194791 303.37666667 118.66777895
-0.14049847 303.96966667 118.63196000
-0.13905022 304.58266667 118.59536883
-0.13760344 305.21633333 118.55678152
-0.13615770 305.86933333 118.51785163
-0.13471344 306.54366667 118.47782781
-0.13327021 307.23766667 118.43648155
-0.13182846 307.95266667 118.39421546
-0.13038804 308.68766667 118.35106126
-0.12894881 309.44366667 118.30700021
-0.12751090 310.22066667 118.26265306
-0.12607433 311.01833333 118.21689573
-0.12463893 311.83700000 118.17086627
-0.12320502 312.67600000 118.12429332
-0.12177229 313.53633333 118.07720359
-0.12034104 314.41700000 118.03022844
-0.11891096 315.31733333 117.98314029
-0.11748222 316.23633333 117.93733941
-0.11605496 317.17233333 117.89259627
-0.11462888 318.12166667 117.85147043
-0.11320413 319.07733333 117.81677671
-0.11178086 320.02400000 117.80002799
-0.11035892 320.88833333 117.80561153
-0.10893816 321.60266667 117.79154079
-0.10751888 322.34033333 117.75485958
-0.10610108 323.26866667 117.73358420
-0.10468446 324.30066667 117.71348149
-0.10326932 325.38400000 117.68556448
-0.10185551 326.52300000 117.65952577
-0.10044304 327.70200000 117.63652161
-0.09903203 328.91766667 117.61674290
-0.09762236 330.16733333 117.60001103
-0.09621417 331.45066667 117.58718888
-0.09480731 332.76666667 117.57901506
-0.09340178 334.11700000 117.57501276
-0.09199772 335.50100000 117.57564770
-0.09059500 336.92100000 117.58136545
-0.08919376 338.37733333 117.59265368
-0.08779384 339.87233333 117.60995965
-0.08639541 341.40600000 117.63329838
-0.08499845 342.98100000 117.66359001
-0.08360282 344.59833333 117.70153028
-0.08220867 346.25900000 117.74713327
-0.08081600 347.96566667 117.80203707
-0.07942466 349.71833333 117.86623890
-0.07803480 351.51833333 117.94092120
-0.07664641 353.36633333 118.02842375
-0.07525951 355.26133333 118.13015893
-0.07387393 357.20166667 118.24730940
-0.07248984 359.18466667 118.38316083
-0.07110722 361.20000000 118.54289764
-0.06972608 363.23633333 118.73454248
-0.06834642 365.26633333 118.98093155
-0.06696823 367.12800000 119.29266962
-0.06559138 368.68300000 119.52715573
-0.06421615 370.67966667 119.63821942
-0.06284240 373.87900000 119.81044282
-0.06146998 377.71233333 120.01597428
-0.06009919 381.73666667 120.18622252
-0.05872988 386.04200000 120.37704955
-0.05736204 390.59000000 120.58585553
-0.05599568 395.42100000 120.80322115
-0.05463080 400.60033333 121.01971050
-0.05326740 406.23133333 121.21882820
-0.05190548 412.46066667 121.37393867
-0.05054518 419.53200000 121.42871104
-0.04918636 427.82000000 121.29994032
-0.04782902 438.10233333 120.88815692
-0.04647316 451.73566667 120.55492310
-0.04511893 466.20433333 121.34086504
-0.04376617 472.96900000 122.19545893
-0.04241504 474.82100000 122.38802223
-0.04106524 479.61066667 122.97049664
-0.03971706 485.81633333 123.73333043
-0.03837051 492.70066667 124.43633341
-0.03702529 500.76033333 125.17447877
-0.03568185 509.98300000 125.93950562
-0.03433973 520.59100000 126.68378353
-0.03299939 532.94933333 127.32596743
-0.03166038 547.68066667 127.72413944
-0.03032315 566.22333333 127.70767100
-0.02898739 591.82966667 127.89724862
-0.02765326 621.77033333 130.34307847
-0.02632105 637.28333333 133.87754560
-0.02499002 635.25200000 136.18240885
-0.02366047 633.12900000 138.96640637
-0.02233255 632.99866667 143.20789243
-0.02100625 631.91400000 148.66779127
-0.01968143 632.01100000 155.74351084
-0.01835824 633.76866667 165.05730864
-0.01703653 638.49166667 177.56191112
-0.01571644 648.04633333 196.65471032
-0.01439801 667.92200000 230.99823832
-0.01308110 697.59766667 292.29950114
-0.01176578 700.35033333 319.35130362
-0.01045207 672.25900000 272.74744461
-0.00913993 645.94633333 220.22788709
-0.00782941 632.54166667 192.55723976
-0.00652048 624.74000000 177.27773109
-0.00521317 625.54966667 166.29916765
-0.00390746 626.11666667 159.05514887
-0.00260335 642.67266667 152.70616980
-0.00130087 682.93400000 148.71211028
-0.00000000 682.28866667 144.14955365
