# s/c   M_is_mean    M_is_std
0.00000000 0.01961812 0.00131060
0.00130087 0.02926063 0.00069414
0.00260174 0.03672341 0.00043498
0.00390261 0.04314040 0.00028723
0.00520348 0.04890878 0.00019391
0.00650435 0.05422161 0.00013322
0.00780522 0.05918923 0.00009483
0.00910609 0.06388145 0.00007309
0.01040697 0.06834564 0.00006370
0.01170784 0.07261568 0.00006219
0.01300871 0.07671687 0.00006482
0.01430958 0.08066870 0.00006951
0.01561045 0.08448671 0.00007544
0.01691132 0.08818353 0.00008237
0.01821219 0.09176969 0.00009026
0.01951306 0.09525414 0.00009903
0.02081393 0.09864462 0.00010860
0.02211480 0.10194790 0.00011880
0.02341567 0.10517003 0.00012947
0.02470176 0.10831645 0.00014043
0.02600263 0.11139214 0.00015153
0.02730350 0.11440164 0.00016262
0.02860437 0.11734920 0.00017357
0.02990524 0.12023879 0.00018426
0.03120611 0.12307414 0.00019461
0.03250698 0.12585878 0.00020453
0.03380786 0.12859608 0.00021397
0.03510873 0.13128926 0.00022288
0.03640960 0.13394140 0.00023121
0.03771047 0.13655548 0.00023894
0.03901134 0.13913437 0.00024606
0.04029743 0.14168083 0.00025254
0.04159830 0.14419755 0.00025839
0.04289917 0.14668714 0.00026360
0.04420004 0.14915213 0.00026819
0.04550091 0.15159497 0.00027217
0.04680178 0.15401806 0.00027555
0.04810265 0.15642371 0.00027836
0.04940352 0.15881419 0.00028061
0.05068961 0.16119168 0.00028234
0.05199048 0.16355834 0.00028357
0.05329135 0.16591622 0.00028434
0.05459222 0.16826733 0.00028468
0.05589309 0.17061363 0.00028462
0.05719396 0.17295701 0.00028420
0.05849483 0.17529929 0.00028346
0.05978092 0.17764223 0.00028244
0.06108179 0.17998756 0.00028117
0.06238266 0.18233690 0.00027970
0.06368353 0.18469184 0.00027806
0.06498440 0.18705390 0.00027628
0.06628528 0.18942453 0.00027442
0.06757136 0.19180512 0.00027250
0.06887223 0.19419701 0.00027056
0.07017310 0.19660146 0.00026864
0.07147398 0.19901967 0.00026677
0.07277485 0.20145278 0.00026497
0.07407572 0.20390186 0.00026329
0.07536180 0.20636793 0.00026174
0.07666268 0.20885193 0.00026036
0.07796355 0.21135476 0.00025916
0.07926442 0.21387723 0.00025816
0.08056529 0.21642010 0.00025739
0.08185138 0.21898409 0.00025686
0.08315225 0.22156983 0.00025658
0.08445312 0.22417790 0.00025656
0.08575399 0.22680883 0.00025682
0.08704008 0.22946308 0.00025736
0.08834095 0.23214107 0.00025819
0.08964182 0.23484315 0.00025930
0.09094269 0.23756963 0.00026071
0.09224356 0.24032075 0.00026241
0.09352965 0.24309672 0.00026441
0.09483052 0.24589768 0.00026670
0.09613139 0.24872374 0.00026929
0.09743226 0.25157495 0.00027217
0.09871835 0.25445132 0.00027534
0.10001922 0.25735282 0.00027879
0.10132009 0.26027937 0.00028254
0.10260618 0.26323086 0.00028657
0.10390705 0.26620713 0.00029089
0.10520792 0.26920799 0.00029549
0.10650879 0.27223322 0.00030037
0.10779488 0.27528254 0.00030552
0.10909575 0.27835568 0.00031095
0.11039662 0.28145231 0.00031664
0.11169749 0.28457207 0.00032261
0.11298358 0.28771458 0.00032883
0.11428445 0.29087944 0.00033532
0.11558532 0.29406622 0.00034205
0.11687141 0.29727447 0.00034903
0.11817228 0.30050370 0.00035625
0.11947315 0.30375343 0.00036370
0.12075924 0.30702313 0.00037137
0.12206011 0.31031229 0.00037926
0.12336098 0.31362036 0.00038734
0.12466185 0.31694677 0.00039563
0.12594794 0.32029095 0.00040409
0.12724881 0.32365231 0.00041272
0.12854968 0.32703027 0.00042151
0.12983577 0.33222967 0.00044342
0.13113664 0.33581511 0.00045894
0.13243751 0.33938499 0.00047219
0.13372359 0.34295007 0.00048288
0.13502447 0.34651690 0.00049193
0.13632534 0.35008237 0.00049993
0.13761142 0.35364193 0.00050687
0.13891229 0.35719993 0.00051318
0.14019838 0.36078255 0.00052055
0.14149925 0.36442968 0.00053071
0.14280012 0.36816114 0.00054267
0.14408621 0.37193706 0.00055752
0.14538708 0.37567496 0.00057799
0.14668795 0.37932699 0.00059643
0.14797404 0.38288953 0.00060750
0.14927491 0.38638352 0.00061324
0.15056100 0.38985264 0.00061530
0.15186187 0.39332582 0.00061569
0.15316274 0.39678919 0.00061654
0.15444883 0.40021455 0.00061824
0.15574970 0.40360581 0.00061852
0.15703579 0.40699444 0.00061688
0.15833666 0.41037432 0.00061395
0.15963753 0.41371746 0.00060987
0.16092362 0.41701424 0.00060452
0.16222449 0.42033202 0.00059771
0.16351058 0.42377794 0.00059411
0.16481145 0.42734144 0.00059755
0.16611232 0.43094963 0.00061237
0.16739841 0.43454440 0.00063740
0.16869928 0.43808822 0.00065974
0.16998537 0.44157753 0.00067591
0.17128624 0.44501719 0.00068718
0.17257232 0.44841421 0.00069335
0.17387319 0.45177766 0.00069606
0.17517407 0.45511694 0.00069590
0.17646015 0.45844124 0.00069354
0.17776102 0.46175781 0.00068934
0.17904711 0.46507021 0.00068371
0.18034798 0.46838218 0.00067698
0.18163407 0.47169759 0.00066954
0.18293494 0.47502711 0.00066264
0.18422103 0.47839234 0.00065854
0.18552190 0.48180753 0.00065716
0.18680799 0.48526470 0.00065803
0.18810886 0.48872283 0.00065995
0.18939495 0.49213989 0.00065676
0.19069582 0.49551311 0.00064619
0.19199669 0.49890741 0.00063329
0.19328278 0.50242562 0.00062545
0.19458365 0.50606661 0.00062632
0.19586974 0.50977079 0.00063808
0.19717061 0.51350677 0.00065767
0.19845669 0.51725682 0.00067629
0.19975757 0.52103366 0.00069219
0.20104365 0.52483774 0.00070561
0.20234452 0.52863830 0.00071298
0.20363061 0.53241099 0.00071078
0.20493148 0.53613903 0.00069864
0.20621757 0.53986827 0.00068341
0.20750366 0.54369584 0.00067373
0.20880453 0.54764394 0.00067323
0.21009062 0.55167719 0.00068247
0.21139149 0.55575225 0.00069917
0.21267758 0.55984063 0.00071522
0.21397845 0.56395150 0.00072755
0.21526454 0.56810297 0.00073880
0.21656541 0.57230456 0.00075098
0.21785149 0.57656213 0.00076583
0.21915236 0.58087106 0.00078355
0.22043845 0.58521930 0.00080324
0.22173932 0.58959207 0.00082277
0.22302541 0.59397778 0.00084089
0.22432628 0.59837197 0.00085744
0.22561237 0.60278652 0.00087379
0.22689846 0.60724560 0.00089308
0.22819933 0.61175464 0.00091698
0.22948542 0.61630323 0.00094620
0.23078629 0.62087733 0.00097908
0.23207238 0.62546092 0.00101290
0.23337325 0.63003792 0.00104554
0.23465933 0.63458922 0.00107394
0.23594542 0.63909853 0.00109803
0.23724629 0.64356019 0.00111836
0.23853238 0.64798229 0.00113509
0.23983325 0.65238174 0.00114947
0.24111934 0.65677399 0.00116299
0.24240543 0.66116485 0.00117725
0.24370630 0.66554665 0.00119334
0.24499239 0.66990498 0.00121127
0.24629326 0.67423133 0.00123038
0.24757935 0.67851972 0.00124951
0.24886543 0.68276136 0.00126623
0.25016630 0.68695254 0.00127989
0.25145239 0.69108969 0.00129120
0.25275326 0.69517029 0.00130159
0.25403935 0.69920026 0.00131273
0.25532544 0.70318508 0.00132525
0.25662631 0.70712589 0.00133895
0.25791240 0.71101970 0.00135313
0.25919849 0.71485757 0.00136680
0.26049936 0.71862948 0.00137763
0.26178545 0.72232708 0.00138359
0.26307153 0.72594914 0.00138549
0.26437240 0.72949972 0.00138592
0.26565849 0.73300255 0.00138717
0.26695936 0.73650110 0.00139187
0.26824545 0.74000970 0.00139966
0.26953154 0.74350866 0.00141132
0.27083241 0.74695517 0.00142738
0.27211850 0.75029400 0.00143944
0.27340459 0.75350495 0.00144491
0.27470546 0.75659990 0.00144567
0.27599154 0.75961572 0.00144327
0.27727763 0.76259717 0.00144427
0.27857850 0.76555734 0.00144885
0.27986459 0.76849107 0.00145509
0.28115068 0.77138191 0.00146240
0.28243677 0.77418252 0.00146462
0.28373764 0.77684374 0.00146461
0.28502373 0.77937587 0.00146681
0.28630981 0.78182226 0.00146929
0.28761068 0.78423213 0.00146927
0.28889677 0.78662085 0.00146875
0.29018286 0.78893776 0.00147202
0.29148373 0.79112676 0.00147306
0.29276982 0.79317338 0.00146738
0.29405591 0.79508968 0.00145504
0.29534200 0.79690207 0.00143745
0.29664287 0.79864575 0.00141884
0.29792895 0.80033330 0.00140247
0.29921504 0.80195052 0.00138959
0.30051591 0.80346878 0.00137900
0.30180200 0.80485828 0.00136622
0.30308809 0.80611320 0.00134930
0.30437418 0.80725677 0.00132887
0.30567505 0.80832761 0.00130663
0.30696114 0.80936663 0.00128675
0.30824722 0.81038836 0.00127150
0.30953331 0.81137909 0.00126123
0.31083418 0.81230841 0.00125487
0.31212027 0.81315265 0.00125003
0.31340636 0.81390946 0.00124244
0.31469245 0.81458278 0.00122646
0.31599332 0.81516858 0.00120039
0.31727941 0.81565624 0.00116516
0.31856549 0.81604944 0.00112207
0.31985158 0.81637276 0.00107477
0.32115245 0.81665504 0.00102780
0.32243854 0.81692654 0.00098645
0.32372463 0.81721979 0.00095761
0.32501072 0.81754809 0.00094363
0.32629681 0.81790526 0.00094264
0.32759768 0.81827759 0.00095167
0.32888376 0.81864473 0.00096433
0.33016985 0.81898582 0.00097255
0.33145594 0.81929092 0.00097313
0.33275681 0.81955855 0.00096699
0.33404290 0.81979588 0.00095768
0.33532899 0.82001739 0.00095162
0.33661508 0.82023194 0.00095236
0.33790116 0.82044214 0.00095873
0.33918725 0.82064990 0.00096624
0.34048812 0.82086231 0.00097211
0.34177421 0.82108840 0.00097510
0.34306030 0.82133762 0.00097640
0.34434639 0.82161663 0.00097848
0.34563247 0.82192593 0.00098498
0.34693335 0.82226030 0.00100100
0.34821943 0.82260217 0.00102542
0.34950552 0.82293825 0.00105601
0.35079161 0.82326428 0.00109036
0.35207770 0.82356946 0.00112097
0.35336379 0.82385033 0.00114275
0.35466466 0.82412032 0.00115644
0.35595074 0.82440239 0.00116702
0.35723683 0.82471562 0.00118031
0.35852292 0.82506174 0.00119923
0.35980901 0.82543419 0.00122512
0.36109510 0.82583074 0.00125670
0.36238118 0.82625098 0.00129270
0.36368206 0.82668496 0.00133087
0.36496814 0.82711194 0.00136597
0.36625423 0.82751195 0.00139467
0.36754032 0.82788002 0.00141714
0.36882641 0.82823013 0.00143719
0.37011250 0.82858862 0.00146183
0.37139858 0.82897464 0.00149680
0.37269945 0.82938105 0.00154149
0.37398554 0.82979282 0.00159113
0.37527163 0.83020513 0.00164199
0.37655772 0.83062059 0.00169034
0.37784381 0.83104943 0.00173188
0.37912989 0.83150642 0.00176594
0.38041598 0.83198923 0.00179314
0.38170207 0.83246949 0.00181279
0.38298816 0.83292017 0.00182671
0.38428903 0.83333765 0.00183945
0.38557512 0.83373501 0.00185620
0.38686121 0.83412817 0.00188040
0.38814729 0.83453144 0.00191237
0.38943338 0.83495690 0.00195098
0.39071947 0.83541012 0.00199465
0.39200556 0.83588792 0.00204104
0.39329165 0.83638729 0.00208841
0.39457773 0.83691189 0.00213671
0.39586382 0.83746877 0.00218551
0.39714991 0.83806022 0.00223525
0.39843600 0.83866817 0.00228452
0.39973687 0.83924888 0.00232759
0.40102296 0.83975376 0.00236001
0.40230905 0.84017182 0.00238253
0.40359513 0.84054371 0.00240561
0.40488122 0.84091515 0.00243780
0.40616731 0.84131139 0.00247892
0.40745340 0.84173591 0.00252601
0.40873949 0.84216103 0.00257158
0.41002557 0.84255671 0.00260921
0.41131166 0.84292620 0.00264066
0.41259775 0.84329689 0.00267152
0.41388384 0.84368501 0.00270360
0.41516993 0.84408679 0.00273516
0.41645601 0.84452977 0.00277106
0.41774210 0.84507176 0.00282213
0.41902819 0.84575911 0.00289257
0.42031428 0.84655661 0.00297230
0.42160037 0.84735550 0.00304253
0.42288645 0.84810817 0.00309629
0.42417254 0.84882165 0.00313961
0.42545863 0.84951278 0.00318083
0.42674472 0.85019897 0.00322276
0.42803081 0.85088039 0.00326282
0.42931690 0.85155946 0.00330102
0.43060298 0.85224697 0.00334043
0.43188907 0.85295585 0.00338491
0.43317516 0.85369328 0.00343577
0.43446125 0.85445830 0.00349137
0.43574734 0.85524891 0.00355002
0.43703342 0.85606478 0.00361123
0.43831951 0.85690209 0.00367250
0.43960560 0.85775754 0.00373321
0.44089169 0.85862049 0.00379162
0.44217778 0.85946897 0.00384288
0.44346386 0.86028589 0.00388465
0.44474995 0.86107473 0.00391906
0.44603604 0.86187834 0.00395989
0.44732213 0.86275395 0.00402028
0.44860822 0.86373755 0.00410348
0.44989430 0.86479891 0.00419990
0.45118039 0.86583589 0.00428293
0.45246648 0.86680429 0.00434382
0.45375257 0.86771693 0.00439186
0.45503866 0.86857822 0.00443261
0.45632474 0.86938604 0.00446538
0.45761083 0.87011468 0.00448103
0.45889692 0.87075147 0.00447668
0.46018301 0.87133203 0.00446579
0.46146910 0.87191500 0.00446560
0.46275519 0.87256699 0.00448943
0.46404127 0.87329318 0.00453322
0.46532736 0.87401633 0.00457396
0.46661345 0.87469086 0.00460189
0.46789954 0.87532030 0.00462090
0.46917084 0.87593499 0.00464261
0.47045693 0.87657385 0.00467823
0.47174302 0.87724626 0.00472650
0.47302911 0.87793910 0.00478186
0.47431520 0.87863188 0.00483661
0.47560128 0.87930061 0.00488228
0.47688737 0.87993401 0.00491703
0.47817346 0.88053621 0.00494360
0.47945955 0.88112365 0.00496778
0.48074564 0.88171796 0.00499584
0.48203172 0.88233853 0.00503245
0.48331781 0.88298689 0.00507765
0.48460390 0.88363924 0.00512321
0.48587521 0.88427437 0.00516331
0.48716129 0.88488204 0.00519573
0.48844738 0.88546170 0.00522126
0.48973347 0.88602084 0.00524352
0.49101956 0.88656766 0.00526579
0.49230565 0.88711092 0.00529062
0.49359173 0.88765778 0.00531910
0.49487782 0.88821396 0.00535214
0.49616391 0.88878185 0.00538942
0.49743522 0.88935981 0.00542973
0.49872130 0.88994271 0.00547131
0.50000739 0.89052201 0.00551131
0.50129348 0.89108875 0.00554774
0.50257957 0.89163603 0.00557883
0.50386566 0.89215884 0.00560354
0.50515174 0.89265901 0.00562353
0.50643783 0.89314875 0.00564312
0.50770914 0.89363845 0.00566563
0.50899523 0.89413259 0.00569207
0.51028131 0.89462659 0.00572020
0.51156740 0.89510516 0.00574446
0.51285349 0.89555495 0.00576135
0.51413958 0.89596903 0.00576957
0.51542567 0.89634883 0.00577049
0.51669697 0.89670756 0.00576940
0.51798306 0.89706595 0.00577318
0.51926915 0.89744679 0.00578713
0.52055524 0.89786215 0.00581257
0.52184132 0.89831328 0.00584811
0.52312741 0.89878083 0.00588655
0.52439872 0.89922079 0.00591515
0.52568480 0.89960625 0.00592523
0.52697089 0.89992910 0.00591578
0.52825698 0.90020201 0.00589500
0.52954307 0.90047072 0.00587749
0.53082916 0.90077070 0.00587364
0.53210046 0.90111416 0.00588421
0.53338655 0.90148068 0.00589923
0.53467264 0.90182451 0.00590525
0.53595873 0.90212633 0.00589665
0.53724481 0.90239339 0.00587663
0.53853090 0.90265355 0.00585752
0.53980221 0.90294821 0.00585225
0.54108830 0.90329269 0.00586244
0.54237438 0.90367154 0.00588090
0.54366047 0.90405851 0.00589835
0.54494656 0.90443186 0.00590802
0.54621787 0.90477497 0.00590532
0.54750395 0.90509052 0.00589351
0.54879004 0.90540807 0.00588302
0.55007613 0.90574866 0.00587968
0.55134744 0.90612392 0.00588524
0.55263352 0.90653150 0.00589660
0.55391961 0.90694729 0.00590504
0.55520570 0.90734896 0.00590435
0.55649179 0.90772865 0.00589322
0.55776309 0.90809521 0.00587549
0.55904918 0.90847294 0.00586098
0.56033527 0.90887946 0.00585518
0.56162136 0.90931657 0.00585726
0.56289266 0.90977511 0.00586388
0.56417875 0.91023425 0.00586840
0.56546484 0.91067808 0.00586634
0.56675093 0.91109542 0.00585535
0.56803702 0.91147716 0.00583321
0.56930832 0.91181957 0.00579993
0.57059441 0.91212803 0.00575957
0.57188050 0.91241910 0.00571800
0.57316659 0.91271077 0.00568070
0.57443789 0.91301982 0.00565067
0.57572398 0.91336257 0.00562983
0.57701007 0.91374730 0.00561771
0.57829616 0.91417406 0.00561329
0.57956746 0.91463023 0.00561375
0.58085355 0.91508556 0.00560906
0.58213964 0.91551534 0.00559344
0.58341094 0.91590816 0.00556479
0.58469703 0.91626052 0.00552308
0.58598312 0.91658045 0.00547344
0.58726921 0.91688483 0.00542251
0.58854051 0.91718664 0.00537444
0.58982660 0.91749265 0.00533048
0.59111269 0.91779916 0.00528834
0.59239878 0.91808824 0.00524083
0.59367008 0.91834575 0.00518315
0.59495617 0.91857283 0.00511706
0.59624226 0.91878632 0.00505069
0.59751356 0.91900743 0.00499220
0.59879965 0.91925144 0.00494544
0.60008574 0.91952704 0.00491144
0.60137183 0.91983427 0.00488926
0.60264313 0.92016272 0.00487499
0.60392922 0.92048992 0.00485986
0.60521531 0.92079320 0.00483739
0.60648661 0.92105594 0.00480239
0.60777270 0.92126994 0.00475115
0.60905879 0.92144738 0.00468979
0.61033010 0.92161027 0.00462679
0.61161618 0.92177731 0.00456765
0.61290227 0.92195809 0.00451448
0.61417358 0.92215079 0.00446569
0.61545967 0.92234888 0.00441955
0.61674575 0.92254686 0.00437478
0.61801706 0.92274420 0.00433233
0.61930315 0.92294012 0.00429258
0.62058924 0.92313533 0.00425537
0.62187532 0.92333688 0.00422331
0.62314663 0.92355452 0.00419897
0.62443272 0.92379506 0.00418315
0.62571880 0.92405703 0.00417392
0.62699011 0.92432500 0.00416490
0.62827620 0.92457159 0.00414624
0.62954750 0.92477820 0.00411181
0.63083359 0.92494020 0.00406163
0.63211968 0.92505679 0.00399703
0.63339099 0.92513273 0.00392078
0.63467707 0.92518090 0.00383898
0.63596316 0.92521388 0.00375635
0.63723447 0.92524462 0.00367678
0.63852056 0.92528864 0.00360500
0.63980664 0.92535817 0.00354430
0.64107795 0.92545897 0.00349575
0.64236404 0.92558876 0.00345799
0.64365012 0.92574205 0.00342873
0.64492143 0.92591442 0.00340612
0.64620752 0.92610205 0.00338924
0.64749361 0.92630081 0.00337673
0.64876491 0.92650642 0.00336708
0.65005100 0.92671390 0.00335869
0.65132231 0.92691820 0.00334976
0.65260839 0.92711360 0.00333827
0.65389448 0.92729460 0.00332209
0.65516579 0.92745586 0.00329926
0.65645188 0.92759350 0.00326828
0.65772318 0.92770762 0.00322964
0.65900927 0.92779996 0.00318502
0.66029536 0.92786899 0.00313455
0.66156666 0.92790723 0.00307543
0.66285275 0.92790862 0.00300596
0.66413884 0.92787324 0.00292716
0.66541014 0.92781134 0.00284406
0.66669623 0.92774141 0.00276554
0.66796754 0.92767889 0.00269769
0.66925363 0.92763561 0.00264416
0.67053971 0.92761743 0.00260519
0.67181102 0.92762265 0.00257857
0.67309711 0.92764006 0.00255872
0.67436841 0.92764696 0.00253526
0.67565450 0.92762447 0.00250227
0.67692581 0.92756670 0.00245808
0.67821189 0.92747376 0.00240328
0.67949798 0.92734648 0.00233895
0.68076929 0.92718485 0.00226444
0.68205538 0.92698941 0.00218009
0.68332668 0.92676571 0.00208742
0.68461277 0.92652956 0.00199306
0.68589886 0.92630040 0.00190579
0.68717016 0.92608705 0.00182947
0.68845625 0.92588588 0.00176325
0.68972756 0.92568883 0.00170310
0.69101364 0.92549199 0.00164717
0.69228495 0.92529330 0.00159464
0.69357104 0.92509118 0.00154406
0.69484234 0.92488913 0.00149658
0.69612843 0.92469226 0.00145328
0.69741452 0.92450911 0.00141682
0.69868582 0.92434605 0.00138855
0.69997191 0.92419980 0.00136559
0.70124322 0.92406033 0.00134381
0.70252931 0.92391357 0.00131709
0.70380061 0.92375417 0.00128441
0.70508670 0.92358373 0.00124852
0.70635801 0.92340328 0.00121091
0.70764409 0.92321214 0.00117220
0.70893018 0.92300757 0.00113151
0.71020149 0.92278659 0.00108764
0.71148758 0.92254829 0.00104039
0.71275888 0.92230095 0.00099355
0.71404497 0.92205807 0.00095239
0.71531627 0.92183473 0.00092204
0.71660236 0.92163765 0.00090350
0.71787367 0.92146056 0.00089253
0.71915976 0.92129539 0.00088483
0.72043106 0.92113593 0.00087708
0.72171715 0.92097957 0.00086833
0.72298845 0.92082561 0.00085855
0.72427454 0.92067326 0.00084784
0.72554585 0.92051994 0.00083626
0.72683194 0.92035908 0.00082216
0.72810324 0.92018398 0.00080378
0.72938933 0.91999134 0.00078057
0.73066064 0.91978430 0.00075427
0.73194672 0.91957210 0.00072858
0.73321803 0.91936360 0.00070680
0.73450412 0.91916387 0.00069055
0.73577542 0.91897404 0.00067956
0.73706151 0.91879295 0.00067266
0.73833282 0.91861928 0.00066864
0.73961890 0.91845180 0.00066653
0.74089021 0.91828920 0.00066535
0.74217630 0.91813014 0.00066433
0.74344760 0.91797322 0.00066277
0.74473369 0.91781664 0.00065973
0.74600500 0.91765959 0.00065508
0.74729108 0.91750247 0.00064921
0.74856239 0.91734682 0.00064292
0.74984848 0.91719507 0.00063735
0.75111978 0.91704952 0.00063352
0.75240587 0.91691185 0.00063210
0.75367718 0.91678308 0.00063322
0.75496327 0.91666372 0.00063710
0.75623457 0.91655361 0.00064356
0.75752066 0.91645241 0.00065231
0.75879196 0.91635962 0.00066317
0.76007805 0.91627463 0.00067586
0.76134936 0.91619697 0.00069020
0.76263545 0.91612653 0.00070614
0.76390675 0.91606384 0.00072378
0.76517806 0.91601019 0.00074348
0.76646414 0.91596820 0.00076597
0.76773545 0.91594148 0.00079221
0.76902154 0.91593235 0.00082280
0.77029284 0.91593904 0.00085752
0.77157893 0.91595497 0.00089480
0.77285024 0.91597266 0.00093217
0.77413633 0.91598654 0.00096759
0.77540763 0.91599215 0.00099951
0.77669372 0.91598586 0.00102673
0.77796502 0.91596452 0.00104845
0.77923633 0.91592649 0.00106439
0.78052242 0.91587170 0.00107489
0.78179372 0.91580249 0.00108121
0.78307981 0.91572453 0.00108536
0.78435112 0.91564225 0.00108891
0.78563720 0.91555852 0.00109286
0.78690851 0.91547535 0.00109787
0.78817982 0.91539381 0.00110417
0.78946590 0.91531515 0.00111195
0.79073721 0.91524008 0.00112123
0.79202330 0.91516913 0.00113199
0.79329460 0.91510172 0.00114384
0.79458069 0.91503662 0.00115629
0.79585200 0.91497158 0.00116863
0.79712330 0.91490232 0.00117950
0.79840939 0.91482582 0.00118809
0.79968070 0.91473980 0.00119392
0.80096678 0.91464199 0.00119646
0.80223809 0.91453177 0.00119583
0.80350939 0.91440951 0.00119247
0.80479548 0.91427783 0.00118741
0.80606679 0.91414172 0.00118222
0.80735288 0.91400469 0.00117798
0.80862418 0.91386889 0.00117538
0.80989549 0.91373590 0.00117482
0.81118157 0.91360704 0.00117653
0.81245288 0.91348433 0.00118088
0.81373897 0.91336861 0.00118784
0.81501027 0.91325855 0.00119709
0.81628158 0.91315107 0.00120799
0.81756767 0.91304312 0.00121933
0.81883897 0.91293234 0.00123024
0.82012506 0.91281656 0.00123994
0.82139637 0.91269256 0.00124718
0.82266767 0.91255579 0.00125065
0.82395376 0.91240313 0.00124961
0.82522507 0.91223569 0.00124445
0.82651115 0.91205940 0.00123711
0.82778246 0.91188147 0.00122996
0.82905376 0.91170673 0.00122438
0.83033985 0.91153641 0.00122111
0.83161116 0.91137000 0.00122011
0.83288246 0.91120641 0.00122091
0.83416855 0.91104383 0.00122304
0.83543986 0.91088006 0.00122585
0.83672594 0.91071246 0.00122864
0.83799725 0.91053828 0.00123060
0.83926856 0.91035495 0.00123097
0.84055464 0.91016000 0.00122902
0.84182595 0.90995137 0.00122416
0.84309725 0.90972740 0.00121596
0.84438334 0.90948771 0.00120466
0.84565465 0.90923467 0.00119086
0.84692595 0.90897248 0.00117571
0.84821204 0.90870865 0.00116100
0.84948335 0.90845057 0.00114814
0.85076944 0.90820207 0.00113771
0.85204074 0.90796164 0.00112932
0.85331205 0.90772233 0.00112225
0.85459813 0.90747953 0.00111537
0.85586944 0.90722975 0.00110783
0.85714075 0.90696939 0.00109921
0.85842683 0.90669596 0.00108921
0.85969814 0.90640827 0.00107803
0.86096944 0.90610665 0.00106610
0.86225553 0.90579421 0.00105428
0.86352684 0.90547967 0.00104337
0.86479814 0.90517212 0.00103379
0.86608423 0.90487957 0.00102556
0.86735554 0.90460819 0.00101834
0.86862684 0.90435938 0.00101231
0.86991293 0.90413001 0.00100832
0.87118424 0.90391318 0.00100704
0.87245554 0.90369987 0.00100836
0.87374163 0.90348151 0.00101087
0.87501293 0.90325054 0.00101295
0.87628424 0.90300040 0.00101324
0.87757033 0.90272624 0.00101057
0.87884163 0.90242516 0.00100488
0.88011294 0.90209654 0.00099680
0.88138424 0.90174175 0.00098783
0.88267033 0.90136367 0.00097994
0.88394164 0.90096613 0.00097508
0.88521294 0.90055271 0.00097513
0.88649903 0.90012732 0.00098109
0.88777034 0.89969601 0.00099272
0.88904164 0.89926527 0.00100819
0.89032773 0.89884035 0.00102552
0.89159904 0.89842438 0.00104364
0.89287034 0.89801909 0.00106180
0.89415643 0.89762582 0.00107941
0.89542774 0.89724429 0.00109626
0.89669904 0.89687301 0.00111251
0.89797035 0.89650982 0.00112868
0.89925643 0.89615187 0.00114531
0.90052774 0.89579695 0.00116261
0.90179905 0.89544289 0.00118107
0.90308513 0.89508710 0.00120135
0.90435644 0.89472693 0.00122424
0.90562774 0.89435990 0.00125056
0.90691383 0.89398382 0.00128114
0.90818514 0.89359758 0.00131641
0.90945644 0.89320139 0.00135632
0.91072775 0.89279728 0.00140004
0.91201384 0.89239010 0.00144521
0.91328514 0.89198453 0.00148986
0.91455645 0.89158541 0.00153207
0.91582775 0.89119773 0.00156974
0.91711384 0.89082605 0.00160106
0.91838515 0.89047359 0.00162479
0.91965645 0.89014231 0.00164019
0.92094254 0.88983169 0.00164752
0.92221385 0.88953538 0.00164987
0.92348515 0.88924618 0.00165063
0.92475646 0.88895759 0.00165275
0.92604254 0.88866518 0.00165800
0.92731385 0.88836771 0.00166652
0.92858516 0.88806468 0.00167813
0.92985646 0.88775618 0.00169233
0.93114255 0.88744201 0.00170899
0.93241385 0.88712216 0.00172773
0.93368516 0.88679779 0.00174772
0.93495647 0.88647212 0.00176678
0.93624255 0.88615169 0.00178087
0.93751386 0.88584366 0.00178688
0.93878516 0.88555452 0.00178218
0.94005647 0.88528632 0.00176681
0.94134256 0.88503406 0.00174465
0.94261386 0.88479023 0.00172011
0.94388517 0.88454804 0.00169666
0.94515647 0.88430358 0.00167599
0.94644256 0.88405380 0.00165934
0.94771387 0.88379522 0.00164814
0.94898517 0.88352547 0.00164327
0.95025648 0.88324242 0.00164562
0.95154257 0.88294424 0.00165595
0.95281387 0.88262927 0.00167541
0.95408518 0.88229733 0.00170432
0.95535648 0.88195462 0.00173923
0.95664257 0.88161221 0.00177438
0.95791388 0.88128296 0.00180266
0.95918518 0.88097474 0.00181991
0.96045649 0.88068620 0.00182750
0.96174258 0.88041246 0.00182837
0.96301388 0.88014841 0.00182501
0.96428519 0.87989044 0.00181929
0.96555649 0.87963482 0.00181324
0.96682780 0.87937671 0.00180943
0.96811389 0.87911139 0.00181057
0.96938519 0.87883549 0.00181843
0.97065650 0.87854740 0.00183377
0.97192780 0.87824707 0.00185650
0.97321389 0.87793531 0.00188614
0.97448520 0.87761389 0.00192177
0.97575650 0.87728676 0.00196120
0.97702781 0.87695805 0.00200231
0.97829911 0.87663213 0.00204284
0.97958520 0.87631251 0.00208108
0.98085651 0.87600071 0.00211639
0.98212781 0.87569687 0.00214876
0.98339912 0.87539936 0.00217919
0.98468520 0.87510652 0.00220852
0.98595651 0.87481650 0.00223765
0.98722781 0.87452703 0.00226769
0.98849912 0.87423592 0.00229975
0.98977043 0.87394108 0.00233485
0.99105651 0.87364117 0.00237358
0.99232782 0.87333545 0.00241617
0.99359912 0.87302360 0.00246261
0.99487043 0.87270545 0.00251279
0.99614174 0.87238060 0.00256685
0.99742782 0.87204795 0.00262551
0.99869913 0.87170690 0.00268921
0.99997043 0.87135877 0.00275720
1.00124174 0.87100562 0.00282830
1.00251305 0.87064960 0.00290135
1.00378435 0.87029232 0.00297548
1.00507044 0.86993438 0.00305049
1.00634174 0.86957605 0.00312633
1.00761305 0.86921755 0.00320291
1.00888436 0.86885911 0.00328011
1.01015566 0.86850104 0.00335775
1.01144175 0.86814393 0.00343545
1.01271305 0.86778843 0.00351277
1.01398436 0.86743529 0.00358922
1.01525567 0.86708542 0.00366420
1.01652697 0.86673987 0.00373701
1.01779828 0.86639968 0.00380694
1.01908436 0.86606560 0.00387348
1.02035567 0.86573723 0.00393686
1.02162698 0.86541220 0.00399864
1.02289828 0.86508649 0.00406147
1.02416959 0.86475635 0.00412780
1.02545567 0.86441992 0.00419884
1.02672698 0.86407756 0.00427430
1.02799829 0.86373071 0.00435322
1.02926959 0.86338091 0.00443459
1.03054090 0.86302988 0.00451724
1.03181220 0.86267963 0.00459989
1.03309829 0.86233243 0.00468106
1.03436960 0.86199060 0.00475922
1.03564090 0.86165553 0.00483345
1.03691221 0.86132734 0.00490369
1.03818351 0.86100577 0.00497011
1.03945482 0.86069054 0.00503283
1.04072612 0.86038123 0.00509208
1.04201221 0.86007750 0.00514806
1.04328352 0.85977915 0.00520085
1.04455482 0.85948582 0.00525064
1.04582613 0.85919671 0.00529795
1.04709743 0.85891031 0.00534380
1.04836874 0.85862528 0.00538910
1.04965483 0.85834059 0.00543457
1.05092613 0.85805588 0.00548049
1.05219744 0.85777194 0.00552636
1.05346874 0.85748927 0.00557191
1.05474005 0.85720966 0.00561600
1.05601135 0.85693639 0.00565643
1.05728266 0.85667275 0.00569105
1.05856875 0.85642210 0.00571764
1.05984005 0.85618593 0.00573520
1.06111136 0.85596252 0.00574495
1.06238266 0.85575026 0.00574794
1.06365397 0.85554831 0.00574473
1.06492527 0.85535583 0.00573585
1.06619658 0.85517214 0.00572176
1.06746788 0.85499531 0.00570374
1.06875397 0.85482240 0.00568380
1.07002528 0.85464978 0.00566439
1.07129658 0.85447407 0.00564780
1.07256789 0.85429239 0.00563597
1.07383919 0.85410277 0.00563023
1.07511050 0.85390417 0.00563126
1.07638181 0.85369806 0.00563805
1.07766789 0.85348984 0.00564691
1.07893920 0.85328707 0.00565279
1.08021050 0.85309554 0.00565195
1.08148181 0.85291620 0.00564408
1.08275312 0.85274665 0.00563123
1.08402442 0.85258400 0.00561587
1.08529573 0.85242695 0.00559944
1.08656703 0.85227477 0.00558284
1.08783834 0.85212640 0.00556689
1.08912443 0.85198072 0.00555192
1.09039573 0.85183638 0.00553796
1.09166704 0.85169223 0.00552456
1.09293834 0.85154717 0.00551106
1.09420965 0.85140018 0.00549679
1.09548095 0.85125055 0.00548116
1.09675226 0.85109765 0.00546384
1.09802356 0.85094106 0.00544473
1.09930965 0.85078056 0.00542394
1.10058096 0.85061599 0.00540165
1.10185226 0.85044772 0.00537785
1.10312357 0.85027582 0.00535279
1.10439487 0.85010035 0.00532681
1.10566618 0.84992150 0.00530018
1.10693748 0.84973943 0.00527320
1.10820879 0.84955464 0.00524595
1.10948010 0.84936773 0.00521838
1.11075140 0.84917963 0.00519023
1.11203749 0.84899127 0.00516118
1.11330879 0.84880379 0.00513070
1.11458010 0.84861817 0.00509838
1.11585141 0.84843527 0.00506366
1.11712271 0.84825575 0.00502608
1.11839402 0.84807860 0.00498631
1.11966532 0.84790092 0.00494606
1.12093663 0.84771676 0.00490889
1.12220793 0.84751768 0.00487965
1.12347924 0.84729638 0.00486213
1.12475054 0.84705011 0.00485761
1.12603663 0.84678302 0.00486490
1.12730794 0.84650439 0.00488219
1.12857924 0.84622602 0.00490798
1.12985055 0.84596090 0.00494150
1.13112185 0.84572247 0.00498240
1.13239316 0.84552592 0.00502982
1.13366446 0.84538541 0.00508305
1.13493577 0.84530727 0.00514049
1.13620707 0.84529440 0.00519953
1.13747838 0.84533663 0.00525482
1.13874969 0.84541655 0.00530204
1.14002099 0.84550569 0.00534161
1.14130708 0.84557734 0.00537842
1.14257838 0.84561956 0.00541846
1.14384969 0.84562200 0.00546491
1.14512100 0.84558166 0.00551972
1.14639230 0.84550746 0.00558409
1.14766361 0.84541748 0.00565573
1.14893491 0.84531949 0.00573249
1.15020622 0.84520108 0.00581183
1.15147752 0.84504360 0.00588947
1.15274883 0.84483639 0.00596695
1.15402013 0.84456879 0.00604026
1.15529144 0.84448049 0.00605731
1.15656274 0.84422290 0.00609079
1.15783405 0.84395824 0.00612271
1.15912014 0.84368680 0.00615288
1.16039144 0.84340893 0.00618106
1.16166275 0.84312499 0.00620705
1.16293405 0.84283537 0.00623063
1.16420536 0.84254050 0.00625156
1.16547667 0.84224082 0.00626962
1.16674797 0.84193680 0.00628459
1.16801928 0.84162896 0.00629624
1.16929058 0.84131780 0.00630435
1.17056189 0.84100388 0.00630868
1.17183319 0.84068776 0.00630901
1.17310450 0.84037003 0.00630512
1.17437580 0.84005129 0.00629678
1.17564711 0.83973217 0.00628378
1.17691841 0.83941330 0.00626591
1.17818972 0.83909533 0.00624295
1.17946103 0.83877893 0.00621470
1.18074711 0.83846476 0.00618095
1.18201842 0.83815352 0.00614152
1.18328972 0.83784588 0.00609622
1.18456103 0.83754254 0.00604487
1.18583234 0.83724420 0.00598730
1.18710364 0.83695154 0.00592335
1.18837495 0.83666526 0.00585287
1.18964625 0.83638605 0.00577572
1.19091756 0.83611459 0.00569177
1.19218886 0.83585155 0.00560092
1.19346017 0.83559759 0.00550305
1.19473147 0.83535335 0.00539810
1.19600278 0.83511946 0.00528598
1.19727408 0.83489653 0.00516665
1.19854539 0.83468515 0.00504007
1.19981670 0.83448587 0.00490624
1.20108800 0.83429923 0.00476515
1.20235931 0.83412572 0.00461684
1.20363061 0.83396581 0.00446137
1.20490192 0.83381993 0.00429881
1.20617322 0.83368846 0.00412927
1.20744453 0.83357174 0.00395290
1.20873062 0.83347006 0.00376988
1.21000192 0.83338367 0.00358041
1.21127323 0.83331275 0.00338475
1.21254453 0.83325743 0.00318323
1.21381584 0.83321778 0.00297621
1.21508714 0.83319378 0.00276416
1.21635845 0.83318537 0.00254763
1.21762975 0.83319241 0.00232732
1.21890106 0.83321466 0.00210415
1.22017237 0.83325183 0.00187931
1.22144367 0.83330352 0.00165454
1.22271498 0.83336924 0.00143240
1.22398628 0.83344842 0.00121702
1.22525759 0.83354038 0.00101552
1.22652889 0.83364433 0.00084075
1.22780020 0.83375939 0.00071512
1.22907150 0.83388455 0.00066874
1.23034281 0.83401869 0.00071778
1.23161411 0.83416056 0.00084548
1.23288542 0.83430879 0.00102173
1.23415673 0.83446188 0.00122420
1.23542803 0.83461819 0.00143993
1.23669934 0.83477592 0.00166154
1.23797064 0.83493315 0.00188447
1.23924195 0.83508779 0.00210564
1.24051325 0.83523759 0.00232273
1.24178456 0.83538015 0.00253383
1.24305586 0.83551289 0.00273726
1.24432717 0.83563306 0.00293148
1.24559847 0.83573772 0.00311502
1.24686978 0.83582375 0.00328646
1.24814109 0.83588785 0.00344441
1.24941239 0.83592651 0.00358750
1.25068370 0.83593602 0.00371438
1.25195500 0.83591246 0.00382376
1.25322631 0.83585169 0.00391439
1.25449761 0.83574937 0.00398513
1.25576892 0.83560091 0.00403495
1.25704022 0.83540149 0.00406303
1.25831153 0.83514608 0.00406884
1.25958283 0.83482936 0.00405223
1.26085414 0.83444580 0.00401365
1.26212545 0.83398960 0.00395436
1.26339675 0.83345469 0.00387683
1.26466806 0.83283473 0.00378515
1.26593936 0.83212313 0.00368580
1.26721067 0.83131298 0.00358840
1.26848197 0.83039712 0.00350662
1.26975328 0.82936808 0.00345881
1.27102458 0.82821807 0.00346761
1.27229589 0.82693903 0.00355772
1.27356719 0.82552255 0.00375187
1.27483850 0.82395992 0.00406647
1.27610981 0.82224209 0.00450956
1.27738111 0.82035967 0.00508203
1.27865242 0.81830292 0.00578071
1.27992372 0.81606174 0.00660121
1.28119503 0.81362565 0.00753970
-0.96316762 0.81908696 0.00520877
-0.96189631 0.82217307 0.00577761
-0.96062353 0.82338972 0.00577300
-0.95934927 0.82415935 0.00577197
-0.95807353 0.82503683 0.00563290
-0.95679779 0.82665791 0.00508106
-0.95551909 0.82973288 0.00392815
-0.95423744 0.83596254 0.00428075
-0.95295431 0.85121695 0.01117898
-0.95167118 0.87029776 0.01689497
-0.95038804 0.87099985 0.01650186
-0.94910048 0.85162014 0.01382239
-0.94781143 0.83253965 0.01194995
-0.94651943 0.82031877 0.01077102
-0.94522743 0.81171932 0.01003327
-0.94393247 0.80505511 0.00943550
-0.94263604 0.79893470 0.00895929
-0.94133960 0.79304961 0.00852282
-0.94004021 0.78726545 0.00811909
-0.93873934 0.78172679 0.00776261
-0.93743699 0.77649597 0.00744764
-0.93613316 0.77156557 0.00716676
-0.93482786 0.76688941 0.00691368
-0.93351959 0.76244132 0.00668311
-0.93221133 0.75818948 0.00647106
-0.93090011 0.75411066 0.00627575
-0.92958890 0.75018341 0.00609449
-0.92827472 0.74639022 0.00592552
-0.92695907 0.74271752 0.00576617
-0.92564341 0.73914815 0.00561959
-0.92432480 0.73567748 0.00547810
-0.92300472 0.73229192 0.00534586
-0.92168315 0.72899114 0.00521447
-0.92036010 0.72575938 0.00509066
-0.91903410 0.72260098 0.00497560
-0.91770810 0.71951956 0.00486083
-0.91638062 0.71651519 0.00475023
-0.91505167 0.71358431 0.00464837
-0.91371975 0.71072702 0.00455145
-0.91238784 0.70791095 0.00445832
-0.91105297 0.70512531 0.00437023
-0.90971810 0.70235567 0.00428174
-0.90838027 0.69962003 0.00419741
-0.90704096 0.69691119 0.00411771
-0.90570166 0.69421829 0.00403751
-0.90435940 0.69155216 0.00396195
-0.90301565 0.68890918 0.00389051
-0.90167044 0.68627847 0.00381962
-0.90032374 0.68366725 0.00375228
-0.89897556 0.68107190 0.00368078
-0.89762591 0.67849238 0.00362281
-0.89627478 0.67592869 0.00355537
-0.89492217 0.67336988 0.00349265
-0.89356808 0.67083414 0.00343399
-0.89221251 0.66829958 0.00337597
-0.89085547 0.66578076 0.00331726
-0.88949695 0.66327402 0.00326259
-0.88813547 0.66077202 0.00320931
-0.88677399 0.65828205 0.00315457
-0.88541103 0.65579675 0.00310461
-0.88404659 0.65331975 0.00305461
-0.88267920 0.65085104 0.00300457
-0.88131181 0.64838690 0.00295935
-0.87994294 0.64593467 0.00290925
-0.87857259 0.64347957 0.00286805
-0.87719928 0.64103264 0.00281788
-0.87582598 0.63859014 0.00277256
-0.87445120 0.63615203 0.00273531
-0.87307345 0.63371459 0.00268995
-0.87169571 0.63128517 0.00264770
-0.87031650 0.62885633 0.00260630
-0.86893580 0.62643172 0.00256981
-0.86755215 0.62400761 0.00252836
-0.86616849 0.62158392 0.00249088
-0.86478336 0.61916810 0.00245336
-0.86339675 0.61674888 0.00241579
-0.86200866 0.61432995 0.00237918
-0.86061762 0.61192252 0.00234655
-0.85922657 0.60950404 0.00230887
-0.85783405 0.60708945 0.00227618
-0.85644005 0.60468250 0.00224346
-0.85504457 0.60226428 0.00221471
-0.85364761 0.59984982 0.00218193
-0.85224918 0.59743910 0.00214514
-0.85084926 0.59502445 0.00212025
-0.84944787 0.59260965 0.00208738
-0.84804648 0.59019081 0.00205447
-0.84664213 0.58776784 0.00203066
-0.84523630 0.58535216 0.00200681
-0.84382899 0.58292460 0.00197778
-0.84242169 0.58049655 0.00194995
-0.84101143 0.57806410 0.00192479
-0.83960116 0.57563103 0.00190086
-0.83818795 0.57318956 0.00187562
-0.83677473 0.57073959 0.00185297
-0.83536003 0.56828876 0.00182765
-0.83394238 0.56582923 0.00180757
-0.83252472 0.56336480 0.00178747
-0.83110559 0.56088757 0.00177129
-0.82968498 0.55840914 0.00174720
-0.82826289 0.55592158 0.00173097
-0.82684081 0.55343656 0.00171076
-0.82541576 0.55093830 0.00169448
-0.82398924 0.54845029 0.00167279
-0.82256272 0.54596067 0.00166181
-0.82113324 0.54347335 0.00164003
-0.81970376 0.54098827 0.00162360
-0.81827280 0.53850936 0.00160712
-0.81684036 0.53604853 0.00159058
-0.81540645 0.53359788 0.00156854
-0.81397106 0.53116141 0.00155187
-0.81253418 0.52874317 0.00153513
-0.81109584 0.52635128 0.00151692
-0.80965749 0.52398183 0.00150002
-0.80821618 0.52163898 0.00147892
-0.80677488 0.51932286 0.00145633
-0.80533209 0.51702955 0.00143502
-0.80388783 0.51477136 0.00141771
-0.80244209 0.51253219 0.00139763
-0.80099487 0.51032032 0.00137602
-0.79954765 0.50812770 0.00135432
-0.79809748 0.50596261 0.00133812
-0.79664730 0.50380055 0.00131779
-0.79519565 0.50166211 0.00130149
-0.79374252 0.49952674 0.00128109
-0.79228791 0.49740271 0.00126472
-0.79083182 0.49527762 0.00124260
-0.78937573 0.49315138 0.00123189
-0.78791669 0.49102814 0.00121718
-0.78645764 0.48889533 0.00120073
-0.78499712 0.48675702 0.00118426
-0.78353512 0.48460891 0.00117361
-0.78207164 0.48244666 0.00116695
-0.78060816 0.48026166 0.00115637
-0.77914320 0.47806640 0.00114385
-0.77767528 0.47584798 0.00113724
-0.77620885 0.47361043 0.00113065
-0.77473946 0.47135782 0.00112009
-0.77326859 0.46908995 0.00111946
-0.77179771 0.46681526 0.00111089
-0.77032537 0.46453363 0.00110230
-0.76885154 0.46224495 0.00109370
-0.76737623 0.45995777 0.00109323
-0.76590093 0.45768081 0.00108461
-0.76442266 0.45540972 0.00107596
-0.76294440 0.45314889 0.00107145
-0.76146466 0.45090719 0.00105665
-0.75998492 0.44868473 0.00105211
-0.75850222 0.44649052 0.00104327
-0.75701953 0.44431591 0.00103438
-0.75553535 0.44218332 0.00102362
-0.75405118 0.44007969 0.00101634
-0.75256405 0.43800976 0.00100104
-0.75107691 0.43597829 0.00098737
-0.74958830 0.43398561 0.00097801
-0.74809822 0.43202753 0.00095790
-0.74660813 0.43010430 0.00094566
-0.74511656 0.42820710 0.00093780
-0.74362352 0.42634531 0.00091915
-0.74212899 0.42450543 0.00091115
-0.74063447 0.42267844 0.00089675
-0.73913847 0.42087366 0.00089062
-0.73764099 0.41907738 0.00087609
-0.73614351 0.41728964 0.00086999
-0.73464307 0.41549190 0.00086183
-0.73314412 0.41370270 0.00085363
-0.73164220 0.41189869 0.00084767
-0.73014029 0.41008440 0.00083951
-0.72863542 0.40825027 0.00084218
-0.72713202 0.40640083 0.00083832
-0.72562567 0.40451693 0.00083449
-0.72411933 0.40260296 0.00082408
-0.72261150 0.40068244 0.00081362
-0.72110367 0.39878401 0.00080308
-0.71959436 0.39692709 0.00079687
-0.71808358 0.39509278 0.00078839
-0.71657132 0.39329098 0.00077757
-0.71505906 0.39152196 0.00077340
-0.71354532 0.38975681 0.00076468
-0.71203158 0.38801509 0.00075591
-0.71051488 0.38628720 0.00075158
-0.70899966 0.38456834 0.00074723
-0.70748148 0.38286844 0.00073829
-0.70596331 0.38116786 0.00073385
-0.70444366 0.37948644 0.00072482
-0.70292400 0.37781439 0.00071574
-0.70140287 0.37614177 0.00071116
-0.69988026 0.37447357 0.00070201
-0.69835765 0.37281988 0.00069734
-0.69683356 0.37117073 0.00068809
-0.69530800 0.36952614 0.00068590
-0.69378243 0.36789122 0.00067400
-0.69225538 0.36626605 0.00067176
-0.69072834 0.36463022 0.00066690
-0.68919982 0.36301957 0.00066199
-0.68766982 0.36139826 0.00065251
-0.68613981 0.35979201 0.00064752
-0.68460833 0.35818539 0.00064523
-0.68307685 0.35658359 0.00064017
-0.68154390 0.35499187 0.00063508
-0.68001094 0.35339457 0.00062997
-0.67847650 0.35181266 0.00062761
-0.67694059 0.35023575 0.00062241
-0.67540467 0.34865324 0.00061720
-0.67386728 0.34709165 0.00061938
-0.67232841 0.34552453 0.00060950
-0.67078954 0.34396785 0.00060129
-0.66925067 0.34241631 0.00059879
-0.66771032 0.34086998 0.00059337
-0.66616849 0.33932886 0.00059552
-0.66462666 0.33780391 0.00059004
-0.66308484 0.33627343 0.00058454
-0.66154005 0.33475378 0.00057899
-0.65999675 0.33325055 0.00057822
-0.65845049 0.33175289 0.00057260
-0.65690570 0.33025528 0.00056983
-0.65535796 0.32877996 0.00056411
-0.65381022 0.32731599 0.00055835
-0.65226248 0.32586348 0.00055253
-0.65071326 0.32442254 0.00054667
-0.64916404 0.32299891 0.00054369
-0.64761335 0.32159844 0.00053770
-0.64606265 0.32020999 0.00053165
-0.64451047 0.31885078 0.00052368
-0.64295830 0.31750966 0.00052237
-0.64140464 0.31616386 0.00051928
-0.63985099 0.31481908 0.00052111
-0.63829586 0.31346378 0.00051810
-0.63674073 0.31210940 0.00051996
-0.63518412 0.31074435 0.00050548
-0.63362751 0.30938012 0.00050733
-0.63207090 0.30802260 0.00050430
-0.63051133 0.30666008 0.00050280
-0.62895324 0.30530432 0.00049636
-0.62739368 0.30395535 0.00049821
-0.62583411 0.30260731 0.00049170
-0.62427306 0.30126616 0.00049354
-0.62271202 0.29993795 0.00049538
-0.62114950 0.29861081 0.00048878
-0.61958697 0.29729075 0.00049061
-0.61802445 0.29597785 0.00048915
-0.61646045 0.29467827 0.00048574
-0.61489497 0.29338604 0.00047897
-0.61333097 0.29209509 0.00047747
-0.61176401 0.29082388 0.00047924
-0.61019853 0.28955412 0.00047238
-0.60863157 0.28830438 0.00046874
-0.60706461 0.28705623 0.00047049
-0.60549618 0.28582217 0.00046016
-0.60392774 0.28460232 0.00046185
-0.60235783 0.28338428 0.00045475
-0.60078939 0.28217435 0.00045642
-0.59921800 0.28098530 0.00044922
-0.59764808 0.27979826 0.00044526
-0.59607669 0.27862602 0.00044358
-0.59450530 0.27745590 0.00044519
-0.59293243 0.27630724 0.00043781
-0.59135956 0.27516089 0.00043367
-0.58978669 0.27402333 0.00042616
-0.58821234 0.27289466 0.00042769
-0.58663799 0.27178148 0.00042921
-0.58506364 0.27067742 0.00042503
-0.58348781 0.26957599 0.00042654
-0.58191198 0.26848382 0.00042458
-0.58033616 0.26740760 0.00042028
-0.57875885 0.26632095 0.00041247
-0.57718302 0.26525706 0.00040819
-0.57560424 0.26419609 0.00040963
-0.57402693 0.26313810 0.00040165
-0.57244815 0.26208982 0.00040306
-0.57086937 0.26104461 0.00039499
-0.56929058 0.26000925 0.00039638
-0.56771032 0.25897026 0.00039778
-0.56613006 0.25794124 0.00039341
-0.56454980 0.25691543 0.00039480
-0.56296805 0.25588599 0.00039620
-0.56138779 0.25485979 0.00038790
-0.55980605 0.25382990 0.00039517
-0.55822283 0.25280327 0.00039070
-0.55664109 0.25177989 0.00039211
-0.55505787 0.25074581 0.00038966
-0.55347466 0.24971495 0.00039109
-0.55189144 0.24866618 0.00039872
-0.55030822 0.24762056 0.00039403
-0.54872352 0.24656386 0.00040175
-0.54713882 0.24550313 0.00039332
-0.54555413 0.24444545 0.00039131
-0.54396943 0.24341960 0.00038278
-0.54238325 0.24241152 0.00037417
-0.54079708 0.24143586 0.00037553
-0.53921090 0.24047845 0.00037687
-0.53762473 0.23952492 0.00036809
-0.53603855 0.23859721 0.00037954
-0.53445090 0.23768096 0.00037066
-0.53286472 0.23677624 0.00037193
-0.53127707 0.23587581 0.00036295
-0.52968942 0.23498710 0.00036419
-0.52810029 0.23409534 0.00036544
-0.52651263 0.23322292 0.00036667
-0.52492498 0.23235505 0.00035752
-0.52333585 0.23148422 0.00036220
-0.52174671 0.23063307 0.00035291
-0.52015758 0.22977148 0.00035411
-0.51856845 0.22892975 0.00035529
-0.51697932 0.22807758 0.00035304
-0.51538871 0.22723780 0.00035769
-0.51379958 0.22639521 0.00034823
-0.51220897 0.22556514 0.00034940
-0.51061836 0.22473229 0.00035058
-0.50902775 0.22390439 0.00034099
-0.50743714 0.22308143 0.00035294
-0.50584653 0.22224793 0.00034331
-0.50425592 0.22144287 0.00034103
-0.50266383 0.22062727 0.00034561
-0.50107322 0.21981679 0.00034334
-0.49948261 0.21901149 0.00034449
-0.49789052 0.21820346 0.00034566
-0.49629843 0.21740862 0.00033924
-0.49470782 0.21661111 0.00033698
-0.49311573 0.21581890 0.00033812
-0.49152364 0.21504012 0.00033152
-0.48993156 0.21425873 0.00032928
-0.48833947 0.21348281 0.00033038
-0.48674738 0.21271240 0.00033954
-0.48515529 0.21194760 0.00033258
-0.48356320 0.21118841 0.00033368
-0.48196964 0.21044311 0.00033172
-0.48037755 0.20970360 0.00033280
-0.47878546 0.20896995 0.00032265
-0.47719337 0.20825047 0.00032368
-0.47559980 0.20754531 0.00031629
-0.47400772 0.20684627 0.00031728
-0.47241563 0.20615341 0.00030684
-0.47082206 0.20548352 0.00031633
-0.46922997 0.20482847 0.00029722
-0.46763788 0.20419676 0.00029807
-0.46604432 0.20357168 0.00030203
-0.46445223 0.20294482 0.00031133
-0.46286014 0.20231618 0.00030064
-0.46126658 0.20168571 0.00030465
-0.45967449 0.20104486 0.00030555
-0.45808240 0.20041070 0.00029467
-0.45649031 0.19976604 0.00029556
-0.45489822 0.19911945 0.00029645
-0.45330613 0.19849689 0.00029731
-0.45171257 0.19784644 0.00029822
-0.45012048 0.19722014 0.00029910
-0.44852839 0.19657452 0.00028806
-0.44693778 0.19594444 0.00028892
-0.44534569 0.19531246 0.00028979
-0.44375360 0.19470502 0.00029064
-0.44216151 0.19406928 0.00029152
-0.44057090 0.19345821 0.00029238
-0.43897882 0.19283643 0.00029026
-0.43738821 0.19223955 0.00028194
-0.43579612 0.19162303 0.00028279
-0.43420551 0.19102260 0.00028075
-0.43261490 0.19042042 0.00027222
-0.43102429 0.18982546 0.00027301
-0.42943368 0.18923779 0.00028323
-0.42784307 0.18863934 0.00028407
-0.42625394 0.18806643 0.00028488
-0.42466333 0.18748276 0.00027621
-0.42307419 0.18690653 0.00027701
-0.42148358 0.18634701 0.00027502
-0.41989445 0.18577671 0.00026353
-0.41830532 0.18521396 0.00027660
-0.41671619 0.18466817 0.00026502
-0.41512853 0.18411155 0.00026577
-0.41353940 0.18356266 0.00026913
-0.41195175 0.18302157 0.00026726
-0.41036262 0.18248833 0.00026799
-0.40877496 0.18195363 0.00026873
-0.40718731 0.18142688 0.00025698
-0.40560114 0.18090810 0.00027019
-0.40401348 0.18038795 0.00026081
-0.40242731 0.17986637 0.00025908
-0.40084113 0.17937194 0.00024943
-0.39925496 0.17885711 0.00025011
-0.39766878 0.17836003 0.00024855
-0.39608261 0.17787123 0.00024919
-0.39449791 0.17737155 0.00023926
-0.39291321 0.17688981 0.00025050
-0.39132851 0.17639717 0.00025116
-0.38974382 0.17592264 0.00024112
-0.38816060 0.17545660 0.00024172
-0.38657738 0.17498939 0.00024233
-0.38499416 0.17452099 0.00024295
-0.38341094 0.17405141 0.00024357
-0.38182920 0.17359046 0.00023118
-0.38024598 0.17314802 0.00023174
-0.37866424 0.17269465 0.00022159
-0.37708398 0.17225004 0.00022214
-0.37550224 0.17180433 0.00022268
-0.37392198 0.17135753 0.00022323
-0.37234172 0.17093951 0.00022375
-0.37076145 0.17049056 0.00022431
-0.36918267 0.17007053 0.00022483
-0.36760388 0.16964951 0.00022536
-0.36602510 0.16920739 0.00021252
-0.36444780 0.16878433 0.00021302
-0.36286901 0.16836026 0.00021353
-0.36129171 0.16793517 0.00021405
-0.35971588 0.16751921 0.00021743
-0.35814005 0.16710229 0.00020418
-0.35656422 0.16667416 0.00020468
-0.35498840 0.16627567 0.00020515
-0.35341405 0.16584551 0.00020565
-0.35183970 0.16544512 0.00020613
-0.35026535 0.16502322 0.00019279
-0.34869248 0.16462093 0.00019324
-0.34711961 0.16421771 0.00019369
-0.34554674 0.16381353 0.00019415
-0.34397534 0.16340841 0.00019461
-0.34240395 0.16301275 0.00019839
-0.34083256 0.16261619 0.00018460
-0.33926264 0.16222915 0.00019930
-0.33769273 0.16183077 0.00018545
-0.33612429 0.16145247 0.00018587
-0.33455586 0.16107332 0.00018629
-0.33298742 0.16068277 0.00017626
-0.33142046 0.16030189 0.00017666
-0.32985350 0.15992014 0.00017706
-0.32828655 0.15956944 0.00017743
-0.32672107 0.15918602 0.00017784
-0.32515559 0.15882309 0.00016834
-0.32359159 0.15845937 0.00016387
-0.32202758 0.15808411 0.00016909
-0.32046358 0.15772951 0.00016945
-0.31890106 0.15738495 0.00015476
-0.31734002 0.15702884 0.00015509
-0.31577749 0.15668279 0.00016135
-0.31421793 0.15633602 0.00014640
-0.31265688 0.15599935 0.00016203
-0.31109731 0.15566201 0.00015411
-0.30953923 0.15533488 0.00015442
-0.30798114 0.15500709 0.00015473
-0.30642305 0.15467863 0.00015505
-0.30486644 0.15436050 0.00013981
-0.30330983 0.15404172 0.00014849
-0.30175470 0.15371129 0.00014879
-0.30019957 0.15338018 0.00014910
-0.29864591 0.15304838 0.00014941
-0.29709226 0.15268260 0.00014975
-0.29554008 0.15234935 0.00015007
-0.29398791 0.15198196 0.00015041
-0.29243721 0.15161372 0.00015077
-0.29088651 0.15124461 0.00015112
-0.28933730 0.15087465 0.00015147
-0.28778808 0.15049256 0.00014588
-0.28623886 0.15012082 0.00014623
-0.28469112 0.14973689 0.00013665
-0.28314485 0.14934066 0.00014696
-0.28159859 0.14896616 0.00014731
-0.28005381 0.14857937 0.00013768
-0.27850902 0.14818017 0.00014806
-0.27696572 0.14779140 0.00013838
-0.27542241 0.14740164 0.00013290
-0.27388059 0.14699938 0.00013910
-0.27234024 0.14660760 0.00013359
-0.27079989 0.14620323 0.00013983
-0.26925954 0.14580940 0.00013430
-0.26772067 0.14540289 0.00014057
-0.26618327 0.14500697 0.00013501
-0.26464588 0.14461000 0.00012486
-0.26310997 0.14420024 0.00013574
-0.26157405 0.14380113 0.00012554
-0.26003962 0.14338915 0.00013648
-0.25850518 0.14297603 0.00014287
-0.25697222 0.14257361 0.00013723
-0.25544074 0.14214633 0.00013763
-0.25390926 0.14174165 0.00012730
-0.25237926 0.14132388 0.00013840
-0.25084926 0.14089294 0.00013881
-0.24932074 0.14047274 0.00014532
-0.24779369 0.14005135 0.00012878
-0.24626665 0.13961663 0.00012917
-0.24474108 0.13918059 0.00012956
-0.24321552 0.13873104 0.00014708
-0.24169143 0.13828011 0.00013815
-0.24016882 0.13784000 0.00013858
-0.23864621 0.13738624 0.00013119
-0.23712508 0.13690638 0.00013164
-0.23560542 0.13647436 0.00011468
-0.23408577 0.13604099 0.00012649
-0.23256759 0.13566847 0.00012683
-0.23104942 0.13530744 0.00011012
-0.22953272 0.13497046 0.00011038
-0.22801750 0.13463266 0.00011065
-0.22650376 0.13429404 0.00011092
-0.22499002 0.13399235 0.00011116
-0.22347628 0.13366476 0.00012489
-0.22196550 0.13334906 0.00011168
-0.22045471 0.13304530 0.00011193
-0.21894541 0.13271545 0.00012575
-0.21743610 0.13241027 0.00012603
-0.21592827 0.13207891 0.00010978
-0.21442193 0.13175951 0.00012664
-0.21291705 0.13142656 0.00011031
-0.21141218 0.13111848 0.00011056
-0.20990879 0.13077106 0.00011084
-0.20840540 0.13046148 0.00011110
-0.20690496 0.13011235 0.00011139
-0.20540453 0.12976231 0.00011168
-0.20390557 0.12942435 0.00012751
-0.20240661 0.12907250 0.00012785
-0.20090913 0.12873282 0.00011253
-0.19941313 0.12836600 0.00012853
-0.19791861 0.12799819 0.00011317
-0.19642408 0.12764253 0.00011348
-0.19493104 0.12728590 0.00011379
-0.19343947 0.12691503 0.00011409
-0.19194791 0.12652981 0.00011445
-0.19045930 0.12615679 0.00011476
-0.18897069 0.12576931 0.00011512
-0.18748355 0.12539409 0.00011544
-0.18599642 0.12500432 0.00011580
-0.18451077 0.12462686 0.00011613
-0.18302659 0.12426183 0.00011646
-0.18154390 0.12388219 0.00009979
-0.18006268 0.12350140 0.00010191
-0.17858146 0.12311944 0.00011751
-0.17710172 0.12275005 0.00011785
-0.17562346 0.12237958 0.00011820
-0.17414667 0.12200801 0.00011855
-0.17266989 0.12163533 0.00011890
-0.17119606 0.12126154 0.00011926
-0.16972223 0.12088663 0.00011962
-0.16824841 0.12051058 0.00011998
-0.16677754 0.12014738 0.00010467
-0.16530667 0.11976907 0.00010500
-0.16383875 0.11938959 0.00010532
-0.16237084 0.11900894 0.00010565
-0.16090440 0.11862709 0.00010598
-0.15943796 0.11824404 0.00010632
-0.15797449 0.11788827 0.00011218
-0.15651101 0.11750288 0.00011254
-0.15504900 0.11711624 0.00011290
-0.15358848 0.11674275 0.00010765
-0.15212944 0.11635365 0.00010800
-0.15067039 0.11596328 0.00010835
-0.14921430 0.11558616 0.00009413
-0.14775822 0.11519325 0.00009444
-0.14630375 0.11481364 0.00011511
-0.14485062 0.11441814 0.00011550
-0.14339867 0.11402130 0.00011589
-0.14194791 0.11362310 0.00011629
-0.14049847 0.11322354 0.00011669
-0.13905022 0.11282260 0.00011709
-0.13760344 0.11240535 0.00009673
-0.13615770 0.11200155 0.00009707
-0.13471344 0.11158127 0.00010629
-0.13327021 0.11117454 0.00010667
-0.13182846 0.11075119 0.00011923
-0.13038804 0.11032628 0.00009851
-0.12894881 0.10989974 0.00010788
-0.12751090 0.10947157 0.00012059
-0.12607433 0.10902640 0.00010873
-0.12463893 0.10859486 0.00012155
-0.12320502 0.10814616 0.00010959
-0.12177229 0.10768004 0.00011006
-0.12034104 0.10722759 0.00010129
-0.11891096 0.10678894 0.00011096
-0.11748222 0.10631700 0.00011144
-0.11605496 0.10584300 0.00011193
-0.11462888 0.10536690 0.00011242
-0.11320413 0.10487274 0.00009036
-0.11178086 0.10436018 0.00011348
-0.11035892 0.10387743 0.00011400
-0.10893816 0.10337629 0.00009164
-0.10751888 0.10285642 0.00011511
-0.10610108 0.10236672 0.00011565
-0.10468446 0.10187470 0.00011620
-0.10326932 0.10138034 0.00011675
-0.10185551 0.10088360 0.00011732
-0.10044304 0.10038446 0.00011789
-0.09903203 0.09986612 0.00009480
-0.09762236 0.09934509 0.00010917
-0.09621417 0.09883831 0.00010972
-0.09480731 0.09829493 0.00009629
-0.09340178 0.09778281 0.00009678
-0.09199772 0.09723360 0.00012164
-0.09059500 0.09669867 0.00009785
-0.08919376 0.09616078 0.00011272
-0.08779384 0.09560245 0.00009895
-0.08639541 0.09502328 0.00009954
-0.08499845 0.09447601 0.00011469
-0.08360282 0.09390782 0.00010071
-0.08220867 0.09333623 0.00009133
-0.08081600 0.09276114 0.00011678
-0.07942466 0.09218255 0.00010256
-0.07803480 0.09158210 0.00010322
-0.07664641 0.09097774 0.00010390
-0.07525951 0.09038791 0.00009426
-0.07387393 0.08977564 0.00009490
-0.07248984 0.08917793 0.00012139
-0.07110722 0.08857630 0.00010667
-0.06972608 0.08797061 0.00009682
-0.06834642 0.08736073 0.00012388
-0.06696823 0.08676594 0.00009814
-0.06559138 0.08618645 0.00009879
-0.06421615 0.08566160 0.00009939
-0.06284240 0.08513356 0.00010000
-0.06146998 0.08464171 0.00012160
-0.06009919 0.08412723 0.00010118
-0.05872988 0.08360956 0.00012936
-0.05736204 0.08308876 0.00012384
-0.05599568 0.08254447 0.00012465
-0.05463080 0.08199662 0.00012547
-0.05326740 0.08142459 0.00015064
-0.05190548 0.08082800 0.00012726
-0.05054518 0.08024774 0.00015282
-0.04918636 0.07962144 0.00015401
-0.04782902 0.07888459 0.00013036
-0.04647316 0.07801261 0.00013185
-0.04511893 0.07680576 0.00015959
-0.04376617 0.07529250 0.00016276
-0.04241504 0.07368065 0.00016629
-0.04106524 0.07207930 0.00019899
-0.03971706 0.07048936 0.00017375
-0.03837051 0.06886297 0.00018117
-0.03702529 0.06724714 0.00018549
-0.03568185 0.06559185 0.00019014
-0.03433973 0.06386803 0.00016911
-0.03299939 0.06206977 0.00020086
-0.03166038 0.06010761 0.00020738
-0.03032315 0.05793615 0.00022646
-0.02898739 0.05541092 0.00026548
-0.02765326 0.05206729 0.00034182
-0.02632105 0.04783886 0.00042119
-0.02499002 0.04300778 0.00046865
-0.02366047 0.03808948 0.00052951
-0.02233255 0.03324590 0.00053627
-0.02100625 0.02833730 0.00058431
-0.01968143 0.02360655 0.00060212
-0.01835824 0.01900986 0.00062462
-0.01703653 0.01443975 0.00075679
-0.01571644 0.00975921 0.00099790
-0.01439801 0.00364332 0.00257622
-0.01308110 nan nan
-0.01176578 nan nan
-0.01045207 nan nan
-0.00913993 0.00619090 0.00122243
-0.00782941 0.01121578 0.00055920
-0.00652048 0.01533773 0.00062096
-0.00521317 0.01986788 0.00047662
-0.00390746 0.02423157 0.00058633
-0.00260335 0.02954266 0.00056017
-0.00130087 0.03442060 0.00072420
-0.00000000 0.04262127 0.00027635
