# s/c   M_is_mean    M_is_std
0.00000000 0.01990298 0.00131740
0.00130087 0.02954158 0.00070259
0.00260174 0.03702890 0.00044233
0.00390261 0.04347787 0.00029388
0.00520348 0.04928119 0.00020020
0.00650435 0.05463032 0.00013919
0.00780522 0.05963485 0.00010014
0.00910609 0.06436416 0.00007700
0.01040697 0.06886536 0.00006541
0.01170784 0.07317218 0.00006150
0.01300871 0.07730977 0.00006212
0.01430958 0.08129757 0.00006539
0.01561045 0.08515104 0.00007045
0.01691132 0.08888278 0.00007699
0.01821219 0.09250329 0.00008484
0.01951306 0.09602150 0.00009384
0.02081393 0.09944513 0.00010379
0.02211480 0.10278095 0.00011449
0.02341567 0.10603501 0.00012570
0.02470176 0.10921275 0.00013723
0.02600263 0.11231914 0.00014888
0.02730350 0.11535876 0.00016050
0.02860437 0.11833585 0.00017194
0.02990524 0.12125440 0.00018310
0.03120611 0.12411815 0.00019387
0.03250698 0.12693065 0.00020418
0.03380786 0.12969529 0.00021397
0.03510873 0.13241530 0.00022319
0.03640960 0.13509379 0.00023179
0.03771047 0.13773376 0.00023976
0.03901134 0.14033810 0.00024706
0.04029743 0.14290959 0.00025370
0.04159830 0.14545096 0.00025967
0.04289917 0.14796482 0.00026497
0.04420004 0.15045373 0.00026961
0.04550091 0.15292018 0.00027360
0.04680178 0.15536657 0.00027695
0.04810265 0.15779526 0.00027970
0.04940352 0.16020853 0.00028185
0.05068961 0.16260860 0.00028344
0.05199048 0.16499762 0.00028450
0.05329135 0.16737770 0.00028506
0.05459222 0.16975087 0.00028515
0.05589309 0.17211911 0.00028481
0.05719396 0.17448432 0.00028407
0.05849483 0.17684836 0.00028297
0.05978092 0.17921303 0.00028154
0.06108179 0.18158004 0.00027983
0.06238266 0.18395107 0.00027787
0.06368353 0.18632772 0.00027571
0.06498440 0.18871152 0.00027338
0.06628528 0.19110396 0.00027092
0.06757136 0.19350645 0.00026837
0.06887223 0.19592034 0.00026576
0.07017310 0.19834692 0.00026314
0.07147398 0.20078740 0.00026053
0.07277485 0.20324293 0.00025797
0.07407572 0.20571463 0.00025550
0.07536180 0.20820350 0.00025314
0.07666268 0.21071053 0.00025092
0.07796355 0.21323660 0.00024887
0.07926442 0.21578256 0.00024703
0.08056529 0.21834918 0.00024539
0.08185138 0.22093718 0.00024401
0.08315225 0.22354721 0.00024288
0.08445312 0.22617987 0.00024202
0.08575399 0.22883570 0.00024146
0.08704008 0.23151516 0.00024121
0.08834095 0.23421868 0.00024127
0.08964182 0.23694662 0.00024165
0.09094269 0.23969930 0.00024237
0.09224356 0.24247697 0.00024343
0.09352965 0.24527983 0.00024483
0.09483052 0.24810805 0.00024658
0.09613139 0.25096172 0.00024868
0.09743226 0.25384091 0.00025113
0.09871835 0.25674563 0.00025393
0.10001922 0.25967585 0.00025708
0.10132009 0.26263149 0.00026058
0.10260618 0.26561245 0.00026442
0.10390705 0.26861856 0.00026861
0.10520792 0.27164965 0.00027314
0.10650879 0.27470547 0.00027800
0.10779488 0.27778577 0.00028320
0.10909575 0.28089025 0.00028872
0.11039662 0.28401859 0.00029457
0.11169749 0.28717044 0.00030073
0.11298358 0.29034541 0.00030720
0.11428445 0.29354308 0.00031396
0.11558532 0.29676304 0.00032102
0.11687141 0.30000482 0.00032835
0.11817228 0.30326794 0.00033596
0.11947315 0.30655190 0.00034382
0.12075924 0.30985618 0.00035193
0.12206011 0.31318026 0.00036028
0.12336098 0.31652357 0.00036885
0.12466185 0.31988556 0.00037763
0.12594794 0.32326564 0.00038660
0.12724881 0.32666322 0.00039574
0.12854968 0.33007771 0.00040505
0.12983577 0.33533654 0.00042849
0.13113664 0.33896176 0.00044557
0.13243751 0.34257087 0.00046042
0.13372359 0.34617497 0.00047233
0.13502447 0.34978075 0.00048222
0.13632534 0.35338511 0.00049095
0.13761142 0.35698348 0.00049844
0.13891229 0.36058030 0.00050539
0.14019838 0.36420259 0.00051312
0.14149925 0.36789139 0.00052267
0.14280012 0.37166699 0.00053262
0.14408621 0.37548850 0.00054522
0.14538708 0.37927117 0.00056549
0.14668795 0.38296582 0.00058566
0.14797404 0.38656872 0.00059903
0.14927491 0.39010149 0.00060686
0.15056100 0.39360911 0.00061004
0.15186187 0.39712123 0.00061036
0.15316274 0.40062368 0.00061074
0.15444883 0.40408732 0.00061250
0.15574970 0.40751623 0.00061299
0.15703579 0.41094273 0.00061085
0.15833666 0.41436036 0.00060705
0.15963753 0.41774043 0.00060274
0.16092362 0.42107290 0.00059837
0.16222449 0.42442726 0.00059173
0.16351058 0.42791394 0.00058427
0.16481145 0.43152253 0.00058090
0.16611232 0.43517771 0.00058950
0.16739841 0.43881954 0.00061151
0.16869928 0.44240923 0.00063371
0.16998537 0.44594298 0.00065107
0.17128624 0.44942577 0.00066415
0.17257232 0.45286481 0.00067224
0.17387319 0.45626946 0.00067668
0.17517407 0.45964930 0.00067793
0.17646015 0.46301370 0.00067672
0.17776102 0.46637006 0.00067354
0.17904711 0.46972195 0.00066885
0.18034798 0.47307325 0.00066287
0.18163407 0.47642800 0.00065618
0.18293494 0.47979730 0.00064971
0.18422103 0.48320336 0.00064450
0.18552190 0.48666095 0.00063996
0.18680799 0.49016175 0.00063623
0.18810886 0.49366316 0.00063530
0.18939495 0.49712177 0.00063345
0.19069582 0.50053471 0.00062755
0.19199669 0.50396906 0.00061903
0.19328278 0.50753142 0.00060860
0.19458365 0.51122085 0.00060116
0.19586974 0.51497555 0.00060474
0.19717061 0.51876300 0.00061913
0.19845669 0.52256494 0.00063554
0.19975757 0.52639415 0.00064994
0.20104365 0.53025107 0.00066208
0.20234452 0.53410415 0.00067040
0.20363061 0.53792785 0.00067243
0.20493148 0.54170471 0.00066851
0.20621757 0.54548262 0.00066227
0.20750366 0.54936215 0.00065602
0.20880453 0.55336676 0.00065288
0.21009062 0.55745996 0.00065685
0.21139149 0.56159642 0.00067006
0.21267758 0.56574676 0.00068627
0.21397845 0.56992029 0.00070044
0.21526454 0.57413581 0.00071365
0.21656541 0.57840344 0.00072687
0.21785149 0.58272932 0.00074133
0.21915236 0.58710876 0.00075779
0.22043845 0.59152933 0.00077627
0.22173932 0.59597583 0.00079544
0.22302541 0.60043599 0.00081438
0.22432628 0.60490548 0.00083286
0.22561237 0.60939689 0.00085134
0.22689846 0.61393527 0.00087079
0.22819933 0.61852677 0.00089246
0.22948542 0.62316059 0.00091796
0.23078629 0.62782200 0.00094695
0.23207238 0.63249437 0.00097803
0.23337325 0.63716080 0.00100960
0.23465933 0.64180152 0.00103890
0.23594542 0.64640000 0.00106534
0.23724629 0.65095030 0.00108914
0.23853238 0.65546075 0.00110988
0.23983325 0.65994910 0.00112820
0.24111934 0.66443129 0.00114521
0.24240543 0.66891327 0.00116207
0.24370630 0.67338744 0.00117988
0.24499239 0.67783920 0.00119884
0.24629326 0.68225959 0.00121844
0.24757935 0.68664219 0.00123816
0.24886543 0.69097822 0.00125633
0.25016630 0.69526331 0.00127255
0.25145239 0.69949407 0.00128716
0.25275326 0.70366825 0.00130081
0.25403935 0.70779206 0.00131408
0.25532544 0.71187148 0.00132721
0.25662631 0.71590786 0.00134019
0.25791240 0.71989773 0.00135286
0.25919849 0.72383141 0.00136548
0.26049936 0.72769832 0.00137693
0.26178545 0.73148954 0.00138543
0.26307153 0.73520381 0.00139122
0.26437240 0.73884573 0.00139593
0.26565849 0.74244025 0.00140007
0.26695936 0.74603324 0.00140429
0.26824545 0.74963940 0.00140798
0.26953154 0.75323788 0.00141383
0.27083241 0.75678383 0.00142520
0.27211850 0.76021962 0.00143625
0.27340459 0.76352397 0.00144448
0.27470546 0.76670945 0.00144988
0.27599154 0.76981504 0.00145088
0.27727763 0.77288816 0.00145134
0.27857850 0.77594243 0.00145155
0.27986459 0.77897168 0.00145182
0.28115068 0.78195796 0.00145463
0.28243677 0.78485161 0.00145568
0.28373764 0.78760233 0.00145750
0.28502373 0.79022161 0.00146206
0.28630981 0.79275452 0.00146435
0.28761068 0.79525248 0.00146059
0.28889677 0.79773092 0.00145357
0.29018286 0.80013674 0.00145045
0.29148373 0.80241153 0.00144802
0.29276982 0.80453961 0.00144172
0.29405591 0.80653355 0.00143068
0.29534200 0.80842121 0.00141438
0.29664287 0.81023946 0.00139488
0.29792895 0.81200216 0.00137464
0.29921504 0.81369468 0.00135553
0.30051591 0.81528649 0.00133823
0.30180200 0.81674660 0.00132027
0.30308809 0.81806876 0.00129971
0.30437418 0.81927692 0.00127569
0.30567505 0.82041133 0.00124854
0.30696114 0.82151489 0.00122119
0.30824722 0.82260262 0.00119592
0.30953331 0.82365978 0.00117407
0.31083418 0.82465496 0.00115546
0.31212027 0.82556316 0.00113867
0.31340636 0.82638126 0.00112067
0.31469245 0.82711279 0.00109629
0.31599332 0.82775297 0.00106416
0.31727941 0.82829045 0.00102515
0.31856549 0.82872918 0.00097939
0.31985158 0.82909484 0.00092898
0.32115245 0.82941830 0.00087725
0.32243854 0.82973214 0.00082830
0.32372463 0.83007067 0.00078637
0.32501072 0.83044847 0.00075408
0.32629681 0.83085880 0.00073186
0.32759768 0.83128675 0.00071962
0.32888376 0.83171025 0.00071424
0.33016985 0.83210669 0.00070789
0.33145594 0.83246527 0.00069658
0.33275681 0.83278449 0.00068030
0.33404290 0.83307216 0.00066094
0.33532899 0.83334360 0.00064356
0.33661508 0.83360899 0.00063220
0.33790116 0.83387078 0.00062658
0.33918725 0.83413015 0.00062277
0.34048812 0.83439402 0.00061840
0.34177421 0.83467149 0.00061221
0.34306030 0.83497218 0.00060542
0.34434639 0.83530347 0.00060036
0.34563247 0.83566680 0.00060088
0.34693335 0.83605738 0.00061224
0.34821943 0.83645760 0.00063331
0.34950552 0.83685387 0.00066163
0.35079161 0.83724117 0.00069449
0.35207770 0.83760705 0.00072392
0.35336379 0.83794709 0.00074447
0.35466466 0.83827495 0.00075697
0.35595074 0.83861465 0.00076670
0.35723683 0.83898665 0.00077975
0.35852292 0.83939368 0.00079901
0.35980901 0.83982968 0.00082575
0.36109510 0.84029243 0.00085874
0.36238118 0.84078122 0.00089634
0.36368206 0.84128531 0.00093604
0.36496814 0.84178298 0.00097275
0.36625423 0.84225284 0.00100276
0.36754032 0.84268948 0.00102652
0.36882641 0.84310794 0.00104810
0.37011250 0.84353594 0.00107440
0.37139858 0.84399499 0.00111174
0.37269945 0.84447774 0.00115899
0.37398554 0.84496803 0.00121121
0.37527163 0.84546031 0.00126456
0.37655772 0.84595646 0.00131507
0.37784381 0.84646625 0.00135842
0.37912989 0.84700443 0.00139388
0.38041598 0.84756823 0.00142213
0.38170207 0.84812825 0.00144264
0.38298816 0.84865687 0.00145744
0.38428903 0.84915109 0.00147141
0.38557512 0.84962551 0.00148994
0.38686121 0.85009718 0.00151627
0.38814729 0.85058134 0.00155082
0.38943338 0.85109075 0.00159216
0.39071947 0.85163088 0.00163848
0.39200556 0.85219839 0.00168734
0.39329165 0.85278991 0.00173707
0.39457773 0.85340912 0.00178760
0.39586382 0.85406304 0.00183848
0.39714991 0.85475390 0.00189011
0.39843600 0.85546268 0.00194115
0.39973687 0.85614375 0.00198591
0.40102296 0.85674654 0.00201988
0.40230905 0.85725962 0.00204396
0.40359513 0.85772533 0.00206943
0.40488122 0.85819125 0.00210472
0.40616731 0.85868403 0.00214914
0.40745340 0.85920721 0.00219961
0.40873949 0.85973143 0.00224835
0.41002557 0.86022529 0.00228905
0.41131166 0.86069195 0.00232375
0.41259775 0.86115981 0.00235826
0.41388384 0.86164597 0.00239428
0.41516993 0.86214714 0.00242996
0.41645601 0.86269310 0.00247008
0.41774210 0.86334496 0.00252513
0.41902819 0.86415167 0.00259915
0.42031428 0.86507667 0.00268181
0.42160037 0.86600622 0.00275435
0.42288645 0.86689004 0.00280998
0.42417254 0.86773510 0.00285536
0.42545863 0.86855854 0.00289938
0.42674472 0.86937812 0.00294463
0.42803081 0.87019379 0.00298827
0.42931690 0.87100818 0.00303034
0.43060298 0.87183299 0.00307394
0.43188907 0.87268220 0.00312280
0.43317516 0.87356404 0.00317837
0.43446125 0.87447750 0.00323892
0.43574734 0.87542018 0.00330266
0.43703342 0.87639155 0.00336906
0.43831951 0.87738721 0.00343562
0.43960560 0.87840329 0.00350174
0.44089169 0.87942818 0.00356562
0.44217778 0.88043906 0.00362252
0.44346386 0.88141819 0.00367002
0.44474995 0.88236955 0.00371020
0.44603604 0.88333896 0.00375758
0.44732213 0.88438630 0.00382517
0.44860822 0.88554887 0.00391587
0.44989430 0.88679502 0.00402010
0.45118039 0.88801736 0.00411047
0.45246648 0.88916888 0.00417807
0.45375257 0.89026242 0.00423278
0.45503866 0.89130201 0.00428036
0.45632474 0.89228437 0.00431991
0.45761083 0.89318210 0.00434190
0.45889692 0.89398163 0.00434359
0.46018301 0.89471994 0.00433894
0.46146910 0.89545948 0.00434573
0.46275519 0.89627084 0.00437725
0.46404127 0.89716002 0.00442905
0.46532736 0.89804660 0.00447781
0.46661345 0.89888260 0.00451360
0.46789954 0.89967189 0.00454056
0.46917084 0.90044666 0.00457103
0.47045693 0.90124770 0.00461617
0.47174302 0.90208480 0.00467442
0.47302911 0.90294391 0.00473997
0.47431520 0.90380275 0.00480488
0.47560128 0.90463531 0.00486047
0.47688737 0.90542924 0.00490484
0.47817346 0.90618858 0.00494103
0.47945955 0.90693036 0.00497486
0.48074564 0.90767770 0.00501273
0.48203172 0.90845118 0.00505941
0.48331781 0.90925244 0.00511480
0.48460390 0.91005688 0.00517058
0.48587521 0.91084213 0.00522078
0.48716129 0.91159754 0.00526330
0.48844738 0.91232268 0.00529891
0.48973347 0.91302540 0.00533141
0.49101956 0.91371459 0.00536429
0.49230565 0.91439939 0.00539991
0.49359173 0.91508733 0.00543931
0.49487782 0.91578451 0.00548347
0.49616391 0.91649342 0.00553189
0.49743522 0.91721214 0.00558333
0.49872130 0.91793510 0.00563590
0.50000739 0.91865332 0.00568672
0.50129348 0.91935703 0.00573385
0.50257957 0.92003864 0.00577544
0.50386566 0.92069290 0.00581046
0.50515174 0.92132174 0.00584067
0.50643783 0.92193755 0.00587039
0.50770914 0.92255154 0.00590304
0.50899523 0.92316836 0.00593962
0.51028131 0.92378288 0.00597770
0.51156740 0.92437907 0.00601164
0.51285349 0.92494266 0.00603805
0.51413958 0.92546636 0.00605557
0.51542567 0.92595189 0.00606557
0.51669697 0.92641381 0.00607381
0.51798306 0.92687427 0.00608700
0.51926915 0.92735742 0.00611036
0.52055524 0.92787630 0.00614507
0.52184132 0.92843204 0.00618955
0.52312741 0.92900411 0.00623670
0.52439872 0.92954523 0.00627335
0.52568480 0.93002612 0.00629067
0.52697089 0.93043854 0.00628809
0.52825698 0.93079573 0.00627415
0.52954307 0.93114605 0.00626365
0.53082916 0.93152783 0.00626690
0.53210046 0.93195437 0.00628448
0.53338655 0.93240427 0.00630633
0.53467264 0.93282885 0.00631867
0.53595873 0.93320763 0.00631596
0.53724481 0.93354873 0.00630155
0.53853090 0.93388250 0.00628835
0.53980221 0.93425372 0.00628935
0.54108830 0.93467872 0.00630548
0.54237438 0.93514137 0.00632960
0.54366047 0.93561424 0.00635228
0.54494656 0.93607349 0.00636659
0.54621787 0.93650118 0.00636801
0.54750395 0.93690041 0.00636019
0.54879004 0.93730209 0.00635358
0.55007613 0.93772907 0.00635394
0.55134744 0.93819389 0.00636293
0.55263352 0.93869334 0.00637715
0.55391961 0.93920222 0.00638803
0.55520570 0.93969607 0.00638914
0.55649179 0.94016616 0.00637924
0.55776309 0.94062269 0.00636255
0.55904918 0.94109160 0.00634903
0.56033527 0.94159213 0.00634396
0.56162136 0.94212674 0.00634660
0.56289266 0.94268575 0.00635372
0.56417875 0.94324652 0.00635813
0.56546484 0.94379179 0.00635545
0.56675093 0.94430956 0.00634360
0.56803702 0.94478971 0.00632022
0.56930832 0.94522812 0.00628540
0.57059441 0.94563075 0.00624353
0.57188050 0.94601517 0.00620063
0.57316659 0.94640084 0.00616209
0.57443789 0.94680636 0.00613082
0.57572398 0.94724942 0.00610847
0.57701007 0.94773946 0.00609439
0.57829616 0.94827646 0.00608749
0.57956746 0.94884634 0.00608485
0.58085355 0.94941666 0.00607644
0.58213964 0.94996011 0.00605649
0.58341094 0.95046399 0.00602271
0.58469703 0.95092447 0.00597528
0.58598312 0.95135010 0.00591994
0.58726921 0.95175923 0.00586302
0.58854051 0.95216598 0.00580891
0.58982660 0.95257776 0.00575902
0.59111269 0.95299053 0.00571056
0.59239878 0.95338518 0.00565650
0.59367008 0.95374585 0.00559181
0.59495617 0.95407406 0.00551839
0.59624226 0.95438881 0.00544494
0.59751356 0.95471328 0.00537974
0.59879965 0.95506480 0.00532662
0.60008574 0.95545326 0.00528655
0.60137183 0.95587854 0.00525850
0.60264313 0.95632902 0.00523831
0.60392922 0.95678023 0.00521700
0.60521531 0.95720685 0.00518809
0.60648661 0.95759014 0.00514608
0.60777270 0.95792080 0.00508688
0.60905879 0.95821216 0.00501736
0.61033010 0.95848815 0.00494620
0.61161618 0.95876937 0.00487888
0.61290227 0.95906659 0.00481758
0.61417358 0.95937815 0.00476054
0.61545967 0.95969712 0.00470624
0.61674575 0.96001734 0.00465335
0.61801706 0.96033847 0.00460275
0.61930315 0.96065973 0.00455505
0.62058924 0.96098203 0.00451028
0.62187532 0.96131261 0.00447083
0.62314663 0.96166225 0.00443954
0.62443272 0.96203843 0.00441708
0.62571880 0.96243920 0.00440133
0.62699011 0.96284775 0.00438591
0.62827620 0.96323311 0.00435982
0.62954750 0.96357451 0.00431671
0.63083359 0.96386665 0.00425675
0.63211968 0.96410825 0.00418118
0.63339099 0.96430450 0.00409313
0.63467707 0.96446940 0.00399895
0.63596316 0.96461692 0.00390377
0.63723447 0.96476162 0.00381184
0.63852056 0.96492093 0.00372821
0.63980664 0.96510888 0.00365661
0.64107795 0.96533221 0.00359813
0.64236404 0.96558840 0.00355139
0.64365012 0.96587194 0.00351435
0.64492143 0.96617791 0.00348480
0.64620752 0.96650174 0.00346188
0.64749361 0.96683885 0.00344423
0.64876491 0.96718421 0.00343008
0.65005100 0.96753206 0.00341773
0.65132231 0.96787649 0.00340515
0.65260839 0.96821086 0.00339004
0.65389448 0.96852873 0.00336998
0.65516579 0.96882390 0.00334276
0.65645188 0.96909169 0.00330658
0.65772318 0.96933195 0.00326189
0.65900927 0.96954625 0.00321035
0.66029536 0.96973261 0.00315204
0.66156666 0.96988303 0.00308400
0.66285275 0.96999065 0.00300450
0.66413884 0.97005555 0.00291469
0.66541014 0.97008946 0.00282010
0.66669623 0.97011254 0.00273039
0.66796754 0.97014213 0.00265234
0.66925363 0.97019149 0.00259003
0.67053971 0.97026720 0.00254390
0.67181102 0.97036738 0.00251147
0.67309711 0.97047936 0.00248658
0.67436841 0.97057820 0.00245828
0.67565450 0.97064274 0.00241984
0.67692581 0.97066598 0.00236915
0.67821189 0.97064781 0.00230671
0.67949798 0.97058901 0.00223342
0.68076929 0.97048944 0.00214869
0.68205538 0.97034968 0.00205301
0.68332668 0.97017598 0.00194816
0.68461277 0.96998602 0.00184150
0.68589886 0.96980143 0.00174229
0.68717016 0.96963227 0.00165498
0.68845625 0.96947521 0.00157947
0.68972756 0.96932126 0.00151134
0.69101364 0.96916613 0.00144862
0.69228495 0.96900778 0.00139059
0.69357104 0.96884445 0.00133558
0.69484234 0.96868008 0.00128488
0.69612843 0.96852037 0.00123952
0.69741452 0.96837492 0.00120210
0.69868582 0.96825076 0.00117372
0.69997191 0.96814434 0.00115163
0.70124322 0.96804476 0.00113214
0.70252931 0.96793615 0.00110919
0.70380061 0.96781244 0.00108187
0.70508670 0.96767544 0.00105269
0.70635801 0.96752611 0.00102271
0.70764409 0.96736387 0.00099306
0.70893018 0.96718569 0.00096297
0.71020149 0.96698820 0.00093163
0.71148758 0.96677039 0.00089953
0.71275888 0.96654153 0.00086931
0.71404497 0.96631659 0.00084458
0.71531627 0.96611229 0.00082806
0.71660236 0.96593649 0.00082022
0.71787367 0.96578256 0.00081900
0.71915976 0.96564175 0.00082174
0.72043106 0.96550724 0.00082626
0.72171715 0.96537608 0.00083173
0.72298845 0.96524744 0.00083794
0.72427454 0.96512020 0.00084425
0.72554585 0.96499139 0.00085044
0.72683194 0.96485359 0.00085627
0.72810324 0.96469938 0.00086110
0.72938933 0.96452501 0.00086525
0.73066064 0.96433373 0.00086915
0.73194672 0.96413589 0.00087245
0.73321803 0.96394119 0.00087599
0.73450412 0.96375540 0.00088021
0.73577542 0.96358003 0.00088513
0.73706151 0.96341400 0.00089101
0.73833282 0.96325603 0.00089772
0.73961890 0.96310490 0.00090528
0.74089021 0.96295929 0.00091362
0.74217630 0.96281781 0.00092278
0.74344760 0.96267896 0.00093281
0.74473369 0.96254095 0.00094369
0.74600500 0.96240283 0.00095561
0.74729108 0.96226504 0.00096860
0.74856239 0.96212936 0.00098253
0.74984848 0.96199845 0.00099713
0.75111978 0.96187481 0.00101226
0.75240587 0.96176030 0.00102771
0.75367718 0.96165612 0.00104315
0.75496327 0.96156276 0.00105865
0.75623457 0.96148010 0.00107418
0.75752066 0.96140774 0.00108969
0.75879196 0.96134513 0.00110533
0.76007805 0.96129158 0.00112118
0.76134936 0.96124655 0.00113738
0.76263545 0.96121002 0.00115409
0.76390675 0.96118248 0.00117144
0.76517806 0.96116537 0.00118959
0.76646414 0.96116160 0.00120872
0.76773545 0.96117517 0.00122907
0.76902154 0.96120858 0.00125097
0.77029284 0.96125977 0.00127525
0.77157893 0.96132158 0.00130269
0.77285024 0.96138548 0.00133256
0.77413633 0.96144491 0.00136357
0.77540763 0.96149483 0.00139450
0.77669372 0.96153089 0.00142409
0.77796502 0.96154938 0.00145127
0.77923633 0.96154815 0.00147548
0.78052242 0.96152704 0.00149645
0.78179372 0.96148868 0.00151426
0.78307981 0.96143881 0.00152957
0.78435112 0.96138254 0.00154299
0.78563720 0.96132333 0.00155527
0.78690851 0.96126337 0.00156703
0.78817982 0.96120411 0.00157867
0.78946590 0.96114706 0.00159056
0.79073721 0.96109322 0.00160296
0.79202330 0.96104328 0.00161608
0.79329460 0.96099680 0.00162991
0.79458069 0.96095237 0.00164435
0.79585200 0.96090727 0.00165905
0.79712330 0.96085714 0.00167337
0.79840939 0.96079830 0.00168667
0.79968070 0.96072774 0.00169842
0.80096678 0.96064295 0.00170812
0.80223809 0.96054308 0.00171574
0.80350939 0.96042839 0.00172134
0.80479548 0.96030173 0.00172518
0.80606679 0.96016842 0.00172786
0.80735288 0.96003218 0.00172969
0.80862418 0.95989583 0.00173107
0.80989549 0.95976109 0.00173256
0.81118157 0.95962958 0.00173449
0.81245288 0.95950395 0.00173726
0.81373897 0.95938521 0.00174108
0.81501027 0.95927206 0.00174613
0.81628158 0.95916122 0.00175251
0.81756767 0.95904933 0.00175955
0.81883897 0.95893372 0.00176676
0.82012506 0.95881206 0.00177368
0.82139637 0.95868084 0.00177954
0.82266767 0.95853504 0.00178390
0.82395376 0.95837129 0.00178647
0.82522507 0.95819079 0.00178717
0.82651115 0.95799977 0.00178652
0.82778246 0.95780586 0.00178544
0.82905376 0.95761423 0.00178421
0.83033985 0.95742612 0.00178342
0.83161116 0.95724091 0.00178317
0.83288246 0.95705737 0.00178312
0.83416855 0.95687347 0.00178311
0.83543986 0.95668679 0.00178279
0.83672594 0.95649438 0.00178187
0.83799725 0.95629324 0.00177995
0.83926856 0.95608053 0.00177661
0.84055464 0.95585356 0.00177150
0.84182595 0.95561006 0.00176431
0.84309725 0.95534828 0.00175492
0.84438334 0.95506806 0.00174370
0.84565465 0.95477203 0.00173102
0.84692595 0.95446511 0.00171775
0.84821204 0.95415583 0.00170479
0.84948335 0.95385266 0.00169279
0.85076944 0.95355991 0.00168204
0.85204074 0.95327583 0.00167237
0.85331205 0.95299297 0.00166413
0.85459813 0.95270589 0.00165663
0.85586944 0.95241043 0.00164925
0.85714075 0.95210261 0.00164193
0.85842683 0.95177947 0.00163456
0.85969814 0.95143965 0.00162733
0.86096944 0.95108350 0.00162053
0.86225553 0.95071439 0.00161446
0.86352684 0.95034202 0.00160851
0.86479814 0.94997660 0.00160198
0.86608423 0.94962708 0.00159399
0.86735554 0.94930033 0.00158350
0.86862684 0.94899819 0.00157073
0.86991293 0.94871745 0.00155710
0.87118424 0.94845074 0.00154448
0.87245554 0.94818835 0.00153429
0.87374163 0.94792058 0.00152649
0.87501293 0.94763889 0.00152077
0.87628424 0.94733591 0.00151687
0.87757033 0.94700610 0.00151442
0.87884163 0.94664604 0.00151369
0.88011294 0.94625486 0.00151521
0.88138424 0.94583397 0.00151996
0.88267033 0.94538638 0.00152893
0.88394164 0.94491626 0.00154295
0.88521294 0.94442756 0.00156285
0.88649903 0.94392473 0.00158859
0.88777034 0.94341429 0.00161895
0.88904164 0.94290351 0.00165142
0.89032773 0.94239849 0.00168385
0.89159904 0.94190298 0.00171541
0.89287034 0.94141937 0.00174575
0.89415643 0.94094950 0.00177453
0.89542774 0.94049326 0.00180191
0.89669904 0.94004910 0.00182831
0.89797035 0.93961481 0.00185434
0.89925643 0.93918704 0.00188097
0.90052774 0.93876320 0.00190840
0.90179905 0.93834087 0.00193719
0.90308513 0.93791697 0.00196822
0.90435644 0.93748852 0.00200233
0.90562774 0.93705265 0.00204047
0.90691383 0.93660690 0.00208353
0.90818514 0.93615000 0.00213189
0.90945644 0.93568219 0.00218541
0.91072775 0.93520567 0.00224310
0.91201384 0.93472590 0.00230219
0.91328514 0.93424822 0.00236052
0.91455645 0.93377810 0.00241593
0.91582775 0.93332125 0.00246610
0.91711384 0.93288287 0.00250908
0.91838515 0.93246670 0.00254352
0.91965645 0.93207492 0.00256866
0.92094254 0.93170687 0.00258477
0.92221385 0.93135563 0.00259528
0.92348515 0.93101298 0.00260391
0.92475646 0.93067157 0.00261392
0.92604254 0.93032644 0.00262733
0.92731385 0.92997603 0.00264434
0.92858516 0.92961969 0.00266480
0.92985646 0.92925740 0.00268820
0.93114255 0.92888880 0.00271441
0.93241385 0.92851381 0.00274303
0.93368516 0.92813368 0.00277310
0.93495647 0.92775181 0.00280225
0.93624255 0.92737531 0.00282605
0.93751386 0.92701223 0.00284105
0.93878516 0.92666993 0.00284427
0.94005647 0.92635093 0.00283567
0.94134256 0.92604996 0.00281943
0.94261386 0.92575885 0.00280027
0.94388517 0.92547006 0.00278218
0.94515647 0.92517914 0.00276707
0.94644256 0.92488266 0.00275636
0.94771387 0.92457674 0.00275175
0.94898517 0.92425864 0.00275430
0.95025648 0.92392598 0.00276506
0.95154257 0.92357682 0.00278487
0.95281387 0.92320932 0.00281501
0.95408518 0.92282339 0.00285575
0.95535648 0.92242590 0.00290315
0.95664257 0.92202892 0.00295084
0.95791388 0.92164659 0.00299101
0.95918518 0.92128745 0.00301908
0.96045649 0.92095011 0.00303653
0.96174258 0.92062934 0.00304652
0.96301388 0.92031937 0.00305189
0.96428519 0.92001623 0.00305475
0.96555649 0.91971584 0.00305730
0.96682780 0.91941290 0.00306248
0.96811389 0.91910229 0.00307324
0.96938519 0.91878029 0.00309158
0.97065650 0.91844519 0.00311839
0.97192780 0.91809687 0.00315360
0.97321389 0.91773624 0.00319665
0.97448520 0.91736531 0.00324644
0.97575650 0.91698831 0.00330060
0.97702781 0.91660985 0.00335668
0.97829911 0.91623478 0.00341216
0.97958520 0.91586693 0.00346515
0.98085651 0.91550804 0.00351488
0.98212781 0.91515828 0.00356136
0.98339912 0.91481577 0.00360575
0.98468520 0.91447869 0.00364899
0.98595651 0.91414498 0.00369208
0.98722781 0.91381209 0.00373633
0.98849912 0.91347754 0.00378299
0.98977043 0.91313906 0.00383322
0.99105651 0.91279507 0.00388772
0.99232782 0.91244472 0.00394680
0.99359912 0.91208760 0.00401047
0.99487043 0.91172352 0.00407866
0.99614174 0.91135199 0.00415153
0.99742782 0.91097189 0.00422982
0.99869913 0.91058264 0.00431394
0.99997043 0.91018562 0.00440311
1.00124174 0.90978320 0.00449594
1.00251305 0.90937774 0.00459112
1.00378435 0.90897100 0.00468769
1.00507044 0.90856374 0.00478536
1.00634174 0.90815624 0.00488403
1.00761305 0.90774878 0.00498361
1.00888436 0.90734159 0.00508396
1.01015566 0.90693505 0.00518486
1.01144175 0.90652980 0.00528588
1.01271305 0.90612652 0.00538656
1.01398436 0.90572602 0.00548636
1.01525567 0.90532929 0.00558460
1.01652697 0.90493742 0.00568057
1.01779828 0.90455155 0.00577347
1.01908436 0.90417244 0.00586278
1.02035567 0.90379966 0.00594876
1.02162698 0.90343068 0.00603307
1.02289828 0.90306122 0.00611860
1.02416959 0.90268734 0.00620798
1.02545567 0.90230708 0.00630256
1.02672698 0.90192089 0.00640211
1.02799829 0.90153043 0.00650569
1.02926959 0.90113752 0.00661243
1.03054090 0.90074428 0.00672144
1.03181220 0.90035325 0.00683192
1.03309829 0.89996749 0.00694303
1.03436960 0.89958991 0.00705382
1.03564090 0.89922210 0.00716350
1.03691221 0.89886394 0.00727146
1.03818351 0.89851426 0.00737669
1.03945482 0.89817166 0.00747785
1.04072612 0.89783463 0.00757375
1.04201221 0.89750195 0.00766345
1.04328352 0.89717279 0.00774616
1.04455482 0.89684632 0.00782155
1.04582613 0.89652147 0.00788981
1.04709743 0.89619643 0.00795181
1.04836874 0.89586970 0.00800829
1.04965483 0.89554013 0.00805991
1.05092613 0.89520737 0.00810683
1.05219744 0.89487225 0.00814842
1.05346874 0.89453529 0.00818444
1.05474005 0.89419868 0.00821381
1.05601135 0.89386631 0.00823467
1.05728266 0.89354213 0.00824543
1.05856875 0.89323030 0.00824453
1.05984005 0.89293304 0.00823189
1.06111136 0.89264928 0.00820992
1.06238266 0.89237818 0.00818100
1.06365397 0.89211962 0.00814708
1.06492527 0.89187359 0.00811000
1.06619658 0.89164001 0.00807128
1.06746788 0.89141724 0.00803297
1.06875397 0.89120225 0.00799739
1.07002528 0.89099109 0.00796700
1.07129658 0.89077995 0.00794396
1.07256789 0.89056555 0.00793005
1.07383919 0.89034565 0.00792638
1.07511050 0.89011895 0.00793346
1.07638181 0.88988678 0.00794998
1.07766789 0.88965493 0.00797172
1.07893920 0.88943123 0.00799314
1.08021050 0.88922173 0.00801019
1.08148181 0.88902749 0.00802243
1.08275312 0.88884593 0.00803202
1.08402442 0.88867389 0.00804152
1.08529573 0.88850986 0.00805238
1.08656703 0.88835304 0.00806556
1.08783834 0.88820240 0.00808218
1.08912443 0.88805712 0.00810320
1.09039573 0.88791634 0.00812959
1.09166704 0.88777959 0.00816197
1.09293834 0.88764650 0.00820091
1.09420965 0.88751671 0.00824685
1.09548095 0.88739004 0.00829989
1.09675226 0.88726614 0.00836027
1.09802356 0.88714430 0.00842764
1.09930965 0.88702376 0.00850128
1.10058096 0.88690360 0.00858029
1.10185226 0.88678312 0.00866324
1.10312357 0.88666135 0.00874879
1.10439487 0.88653715 0.00883554
1.10566618 0.88640949 0.00892198
1.10693748 0.88627734 0.00900659
1.10820879 0.88613997 0.00908768
1.10948010 0.88599686 0.00916346
1.11075140 0.88584786 0.00923197
1.11203749 0.88569288 0.00929135
1.11330879 0.88553215 0.00933956
1.11458010 0.88536579 0.00937468
1.11585141 0.88519380 0.00939508
1.11712271 0.88501612 0.00939917
1.11839402 0.88483099 0.00938655
1.11966532 0.88463466 0.00935814
1.12093663 0.88442018 0.00931684
1.12220793 0.88417797 0.00926682
1.12347924 0.88389971 0.00921121
1.12475054 0.88358216 0.00915079
1.12603663 0.88323020 0.00908497
1.12730794 0.88285455 0.00901339
1.12857924 0.88246936 0.00893674
1.12985055 0.88208954 0.00885630
1.13112185 0.88173061 0.00877381
1.13239316 0.88141101 0.00869132
1.13366446 0.88114569 0.00860923
1.13493577 0.88094099 0.00852572
1.13620707 0.88079841 0.00843631
1.13747838 0.88070269 0.00833019
1.13874969 0.88063253 0.00819865
1.14002099 0.88055685 0.00803977
1.14130708 0.88044833 0.00785852
1.14257838 0.88029549 0.00766169
1.14384969 0.88008779 0.00745265
1.14512100 0.87982267 0.00723414
1.14639230 0.87951097 0.00700894
1.14766361 0.87917313 0.00677689
1.14893491 0.87881850 0.00653761
1.15020622 0.87843401 0.00628817
1.15147752 0.87799989 0.00602391
1.15274883 0.87750458 0.00574543
1.15402013 0.87693818 0.00545088
1.15529144 0.87671950 0.00530918
1.15656274 0.87619934 0.00501999
1.15783405 0.87566729 0.00472297
1.15912014 0.87512409 0.00441859
1.16039144 0.87457053 0.00410734
1.16166275 0.87400746 0.00378980
1.16293405 0.87343575 0.00346658
1.16420536 0.87285635 0.00313844
1.16547667 0.87227022 0.00280624
1.16674797 0.87167839 0.00247109
1.16801928 0.87108192 0.00213453
1.16929058 0.87048188 0.00179881
1.17056189 0.86987943 0.00146782
1.17183319 0.86927571 0.00114920
1.17310450 0.86867191 0.00086061
1.17437580 0.86806927 0.00064749
1.17564711 0.86746902 0.00059952
1.17691841 0.86687242 0.00074987
1.17818972 0.86628077 0.00101346
1.17946103 0.86569537 0.00132328
1.18074711 0.86511753 0.00165214
1.18201842 0.86454857 0.00198894
1.18328972 0.86398983 0.00232839
1.18456103 0.86344264 0.00266751
1.18583234 0.86290833 0.00300432
1.18710364 0.86238823 0.00333738
1.18837495 0.86188367 0.00366551
1.18964625 0.86139595 0.00398770
1.19091756 0.86092635 0.00430303
1.19218886 0.86047616 0.00461064
1.19346017 0.86004662 0.00490972
1.19473147 0.85963895 0.00519950
1.19600278 0.85925433 0.00547923
1.19727408 0.85889390 0.00574816
1.19854539 0.85855877 0.00600561
1.19981670 0.85824999 0.00625088
1.20108800 0.85796856 0.00648330
1.20235931 0.85771543 0.00670223
1.20363061 0.85749146 0.00690703
1.20490192 0.85729748 0.00709712
1.20617322 0.85713421 0.00727191
1.20744453 0.85700232 0.00743084
1.20873062 0.85690236 0.00757339
1.21000192 0.85683483 0.00769907
1.21127323 0.85680009 0.00780742
1.21254453 0.85679842 0.00789799
1.21381584 0.85682999 0.00797039
1.21508714 0.85689485 0.00802428
1.21635845 0.85699292 0.00805932
1.21762975 0.85712400 0.00807524
1.21890106 0.85728774 0.00807181
1.22017237 0.85748367 0.00804884
1.22144367 0.85771115 0.00800620
1.22271498 0.85796938 0.00794380
1.22398628 0.85825741 0.00786162
1.22525759 0.85857410 0.00775967
1.22652889 0.85891816 0.00763805
1.22780020 0.85928807 0.00749691
1.22907150 0.85968215 0.00733644
1.23034281 0.86009849 0.00715695
1.23161411 0.86053500 0.00695876
1.23288542 0.86098933 0.00674232
1.23415673 0.86145894 0.00650811
1.23542803 0.86194102 0.00625672
1.23669934 0.86243254 0.00598881
1.23797064 0.86293020 0.00570513
1.23924195 0.86343045 0.00540652
1.24051325 0.86392945 0.00509394
1.24178456 0.86442309 0.00476841
1.24305586 0.86490697 0.00443112
1.24432717 0.86537639 0.00408334
1.24559847 0.86582633 0.00372654
1.24686978 0.86625146 0.00336236
1.24814109 0.86664612 0.00299269
1.24941239 0.86700432 0.00261983
1.25068370 0.86731970 0.00224667
1.25195500 0.86758556 0.00187727
1.25322631 0.86779484 0.00151802
1.25449761 0.86794007 0.00118078
1.25576892 0.86801344 0.00089121
1.25704022 0.86800671 0.00070685
1.25831153 0.86791124 0.00070723
1.25958283 0.86771798 0.00088347
1.26085414 0.86741747 0.00114919
1.26212545 0.86699981 0.00144794
1.26339675 0.86645464 0.00175533
1.26466806 0.86577118 0.00206057
1.26593936 0.86493817 0.00235841
1.26721067 0.86394391 0.00264634
1.26848197 0.86277620 0.00292355
1.26975328 0.86142237 0.00319061
1.27102458 0.85986926 0.00344948
1.27229589 0.85810322 0.00370364
1.27356719 0.85611007 0.00395822
1.27483850 0.85387513 0.00422026
1.27610981 0.85138319 0.00449876
1.27738111 0.84861850 0.00480471
1.27865242 0.84556475 0.00515085
1.27992372 0.84220505 0.00555127
1.28119503 0.83852194 0.00602076
-0.96316762 0.84811997 0.00521497
-0.96189631 0.85139722 0.00582783
-0.96062353 0.85279492 0.00585854
-0.95934927 0.85361491 0.00584467
-0.95807353 0.85453743 0.00568447
-0.95679779 0.85622635 0.00510803
-0.95551909 0.85941926 0.00384951
-0.95423744 0.86593660 0.00399789
-0.95295431 0.88210919 0.01132018
-0.95167118 0.90257213 0.01740516
-0.95038804 0.90311790 0.01693869
-0.94910048 0.88165965 0.01419790
-0.94781143 0.86056483 0.01228701
-0.94651943 0.84700804 0.01105036
-0.94522743 0.83747079 0.01025846
-0.94393247 0.83007549 0.00960426
-0.94263604 0.82330948 0.00908366
-0.94133960 0.81682390 0.00861014
-0.94004021 0.81047313 0.00817564
-0.93873934 0.80440582 0.00779256
-0.93743699 0.79868840 0.00745526
-0.93613316 0.79330937 0.00715489
-0.93482786 0.78821754 0.00688365
-0.93351959 0.78338058 0.00663713
-0.93221133 0.77876422 0.00641098
-0.93090011 0.77434186 0.00620258
-0.92958890 0.77009078 0.00600847
-0.92827472 0.76598691 0.00583072
-0.92695907 0.76202218 0.00565948
-0.92564341 0.75817185 0.00550250
-0.92432480 0.75443273 0.00535141
-0.92300472 0.75078950 0.00520897
-0.92168315 0.74723516 0.00507942
-0.92036010 0.74376622 0.00494972
-0.91903410 0.74037918 0.00482446
-0.91770810 0.73707056 0.00469909
-0.91638062 0.73385081 0.00458656
-0.91505167 0.73071998 0.00447836
-0.91371975 0.72765717 0.00437451
-0.91238784 0.72464495 0.00427923
-0.91105297 0.72166935 0.00418837
-0.90971810 0.71872337 0.00409295
-0.90838027 0.71580697 0.00400609
-0.90704096 0.71291314 0.00392339
-0.90570166 0.71005234 0.00384094
-0.90435940 0.70721405 0.00376266
-0.90301565 0.70439825 0.00368851
-0.90167044 0.70160842 0.00361404
-0.90032374 0.69883753 0.00354431
-0.89897556 0.69608203 0.00347424
-0.89762591 0.69334893 0.00340449
-0.89627478 0.69063117 0.00334298
-0.89492217 0.68792872 0.00327732
-0.89356808 0.68523802 0.00321577
-0.89221251 0.68256258 0.00315869
-0.89085547 0.67990590 0.00310160
-0.88949695 0.67725382 0.00304407
-0.88813547 0.67462046 0.00298649
-0.88677399 0.67199162 0.00293343
-0.88541103 0.66937435 0.00288080
-0.88404659 0.66676507 0.00283178
-0.88267920 0.66416732 0.00277814
-0.88131181 0.66157749 0.00272953
-0.87994294 0.65899199 0.00268040
-0.87857259 0.65641077 0.00263584
-0.87719928 0.65384807 0.00259123
-0.87582598 0.65128245 0.00254661
-0.87445120 0.64872099 0.00250140
-0.87307345 0.64617081 0.00245670
-0.87169571 0.64362114 0.00241605
-0.87031650 0.64107909 0.00237535
-0.86893580 0.63854104 0.00233929
-0.86755215 0.63600335 0.00229853
-0.86616849 0.63347318 0.00225771
-0.86478336 0.63094686 0.00222157
-0.86339675 0.62842076 0.00218945
-0.86200866 0.62589843 0.00215326
-0.86061762 0.62337984 0.00211633
-0.85922657 0.62086130 0.00208007
-0.85783405 0.61834275 0.00204782
-0.85644005 0.61583143 0.00201553
-0.85504457 0.61331635 0.00198320
-0.85364761 0.61080111 0.00195163
-0.85224918 0.60828929 0.00191924
-0.85084926 0.60577719 0.00189083
-0.84944787 0.60326842 0.00185836
-0.84804648 0.60075190 0.00183072
-0.84664213 0.59823859 0.00180218
-0.84523630 0.59572475 0.00177448
-0.84382899 0.59321031 0.00175077
-0.84242169 0.59069151 0.00172704
-0.84101143 0.58816456 0.00169929
-0.83960116 0.58563679 0.00167551
-0.83818795 0.58310811 0.00165570
-0.83677473 0.58057102 0.00163187
-0.83536003 0.57802914 0.00160801
-0.83394238 0.57548611 0.00158811
-0.83252472 0.57293062 0.00156922
-0.83110559 0.57037379 0.00154824
-0.82968498 0.56780803 0.00152930
-0.82826289 0.56523698 0.00151329
-0.82684081 0.56266433 0.00149832
-0.82541576 0.56009379 0.00148226
-0.82398924 0.55751770 0.00146618
-0.82256272 0.55494359 0.00144602
-0.82113324 0.55237138 0.00143391
-0.81970376 0.54981251 0.00141771
-0.81827280 0.54725931 0.00140147
-0.81684036 0.54471178 0.00138519
-0.81540645 0.54218528 0.00136370
-0.81397106 0.53967988 0.00135243
-0.81253418 0.53718407 0.00133597
-0.81109584 0.53472113 0.00131424
-0.80965749 0.53227567 0.00129864
-0.80821618 0.52986333 0.00128091
-0.80677488 0.52748040 0.00125992
-0.80533209 0.52512311 0.00124405
-0.80388783 0.52279160 0.00121763
-0.80244209 0.52049384 0.00120157
-0.80099487 0.51821426 0.00118546
-0.79954765 0.51596086 0.00116507
-0.79809748 0.51372980 0.00114882
-0.79664730 0.51151327 0.00112832
-0.79519565 0.50931132 0.00110659
-0.79374252 0.50711602 0.00109138
-0.79228791 0.50493538 0.00107490
-0.79083182 0.50274943 0.00105840
-0.78937573 0.50057013 0.00103905
-0.78791669 0.49838540 0.00102250
-0.78645764 0.49619919 0.00101691
-0.78499712 0.49400336 0.00100033
-0.78353512 0.49179778 0.00098928
-0.78207164 0.48957419 0.00097825
-0.78060816 0.48733647 0.00097127
-0.77914320 0.48508857 0.00096027
-0.77767528 0.48281392 0.00095332
-0.77620885 0.48052048 0.00094637
-0.77473946 0.47820804 0.00094183
-0.77326859 0.47588881 0.00093488
-0.77179771 0.47355434 0.00093199
-0.77032537 0.47121697 0.00092340
-0.76885154 0.46887240 0.00092465
-0.76737623 0.46653312 0.00091605
-0.76590093 0.46419911 0.00090742
-0.76442266 0.46187456 0.00090299
-0.76294440 0.45955952 0.00090009
-0.76146466 0.45726253 0.00088991
-0.75998492 0.45499221 0.00088552
-0.75850222 0.45274449 0.00088255
-0.75701953 0.45052384 0.00086794
-0.75553535 0.44833475 0.00086352
-0.75405118 0.44618180 0.00085011
-0.75256405 0.44406529 0.00084109
-0.75107691 0.44199418 0.00083199
-0.74958830 0.43995147 0.00081826
-0.74809822 0.43795482 0.00080441
-0.74660813 0.43598274 0.00079179
-0.74511656 0.43404858 0.00078367
-0.74362352 0.43213945 0.00076952
-0.74212899 0.43025553 0.00075670
-0.74063447 0.42839700 0.00074837
-0.73913847 0.42655520 0.00073547
-0.73764099 0.42471685 0.00072865
-0.73614351 0.42289092 0.00071578
-0.73464307 0.42106401 0.00070733
-0.73314412 0.41922709 0.00070505
-0.73164220 0.41739360 0.00069840
-0.73014029 0.41553638 0.00068997
-0.72863542 0.41366878 0.00068779
-0.72713202 0.41177247 0.00069002
-0.72562567 0.40985628 0.00068409
-0.72411933 0.40789705 0.00068010
-0.72261150 0.40594031 0.00067428
-0.72110367 0.40400916 0.00065936
-0.71959436 0.40210843 0.00065346
-0.71808358 0.40024307 0.00064468
-0.71657132 0.39840406 0.00064043
-0.71505906 0.39659164 0.00063794
-0.71354532 0.39480137 0.00062716
-0.71203158 0.39302401 0.00061812
-0.71051488 0.39125965 0.00061368
-0.70899966 0.38950841 0.00061105
-0.70748148 0.38777040 0.00060188
-0.70596331 0.38604570 0.00059730
-0.70444366 0.38432488 0.00058804
-0.70292400 0.38261752 0.00058337
-0.70140287 0.38091413 0.00057401
-0.69988026 0.37922437 0.00056925
-0.69835765 0.37753381 0.00056649
-0.69683356 0.37585703 0.00055701
-0.69530800 0.37418436 0.00055425
-0.69378243 0.37251584 0.00054934
-0.69225538 0.37085639 0.00054440
-0.69072834 0.36920116 0.00053476
-0.68919982 0.36754521 0.00052974
-0.68766982 0.36590341 0.00052689
-0.68613981 0.36426594 0.00052179
-0.68460833 0.36262779 0.00051894
-0.68307685 0.36099900 0.00051846
-0.68154390 0.35937459 0.00051092
-0.68001094 0.35775966 0.00050567
-0.67847650 0.35614412 0.00050510
-0.67694059 0.35453813 0.00050216
-0.67540467 0.35293669 0.00049683
-0.67386728 0.35133466 0.00049389
-0.67232841 0.34974749 0.00048609
-0.67078954 0.34816496 0.00048304
-0.66925067 0.34658193 0.00048478
-0.66771032 0.34501399 0.00047929
-0.66616849 0.34344039 0.00047377
-0.66462666 0.34188725 0.00047548
-0.66308484 0.34033374 0.00046990
-0.66154005 0.33879040 0.00046428
-0.65999675 0.33725732 0.00045862
-0.65845049 0.33572926 0.00046029
-0.65690570 0.33421696 0.00045457
-0.65535796 0.33271520 0.00044880
-0.65381022 0.33121871 0.00045043
-0.65226248 0.32974911 0.00043952
-0.65071326 0.32828501 0.00043870
-0.64916404 0.32683191 0.00043516
-0.64761335 0.32541170 0.00042406
-0.64606265 0.32400284 0.00042556
-0.64451047 0.32262191 0.00041436
-0.64295830 0.32125266 0.00041580
-0.64140464 0.31988967 0.00041224
-0.63985099 0.31852746 0.00041369
-0.63829586 0.31714931 0.00040740
-0.63674073 0.31577181 0.00040387
-0.63518412 0.31438372 0.00041035
-0.63362751 0.31300183 0.00039895
-0.63207090 0.31161485 0.00040042
-0.63051133 0.31023976 0.00040189
-0.62895324 0.30886528 0.00039543
-0.62739368 0.30748570 0.00038892
-0.62583411 0.30611813 0.00039556
-0.62427306 0.30475695 0.00039704
-0.62271202 0.30340223 0.00039329
-0.62114950 0.30205403 0.00038667
-0.61958697 0.30071821 0.00038000
-0.61802445 0.29938907 0.00038141
-0.61646045 0.29806666 0.00038004
-0.61489497 0.29675106 0.00038427
-0.61333097 0.29544824 0.00037747
-0.61176401 0.29415240 0.00037888
-0.61019853 0.29286361 0.00037748
-0.60863157 0.29159387 0.00037888
-0.60706461 0.29032542 0.00037196
-0.60549618 0.28907631 0.00036776
-0.60392774 0.28782861 0.00036912
-0.60235783 0.28660053 0.00036204
-0.60078939 0.28537402 0.00036060
-0.59921800 0.28416739 0.00036192
-0.59764808 0.28296250 0.00035476
-0.59607669 0.28176548 0.00035605
-0.59450530 0.28058876 0.00034881
-0.59293243 0.27941398 0.00034421
-0.59135956 0.27825979 0.00034544
-0.58978669 0.27710145 0.00034669
-0.58821234 0.27596397 0.00033924
-0.58663799 0.27482870 0.00033461
-0.58506364 0.27370196 0.00034167
-0.58348781 0.27259017 0.00033412
-0.58191198 0.27148079 0.00032936
-0.58033616 0.27038020 0.00032167
-0.57875885 0.26928847 0.00032281
-0.57718302 0.26821214 0.00032394
-0.57560424 0.26713202 0.00032508
-0.57402693 0.26606100 0.00032028
-0.57244815 0.26499918 0.00031237
-0.57086937 0.26394663 0.00031346
-0.56929058 0.26288386 0.00030868
-0.56771032 0.26183697 0.00030655
-0.56613006 0.26078640 0.00030167
-0.56454980 0.25974528 0.00030872
-0.56296805 0.25870711 0.00030380
-0.56138779 0.25766524 0.00031418
-0.55980605 0.25661966 0.00030946
-0.55822283 0.25559039 0.00030707
-0.55664109 0.25454399 0.00030819
-0.55505787 0.25349378 0.00030932
-0.55347466 0.25243970 0.00031047
-0.55189144 0.25138849 0.00031778
-0.55030822 0.25032655 0.00031898
-0.54872352 0.24925374 0.00031710
-0.54713882 0.24816995 0.00030884
-0.54555413 0.24709572 0.00031003
-0.54396943 0.24605194 0.00030841
-0.54238325 0.24503896 0.00030003
-0.54079708 0.24405011 0.00031067
-0.53921090 0.24307169 0.00030220
-0.53762473 0.24212485 0.00030326
-0.53603855 0.24118175 0.00029469
-0.53445090 0.24024947 0.00029571
-0.53286472 0.23932814 0.00028969
-0.53127707 0.23841784 0.00029775
-0.52968942 0.23751157 0.00029168
-0.52810029 0.23662370 0.00029000
-0.52651263 0.23573282 0.00028378
-0.52492498 0.23484611 0.00028475
-0.52333585 0.23397810 0.00028570
-0.52174671 0.23310719 0.00028667
-0.52015758 0.23223332 0.00028764
-0.51856845 0.23137111 0.00028147
-0.51697932 0.23051333 0.00028242
-0.51538871 0.22966739 0.00028046
-0.51379958 0.22881123 0.00027132
-0.51220897 0.22796697 0.00027223
-0.51061836 0.22711988 0.00027315
-0.50902775 0.22629231 0.00027406
-0.50743714 0.22544699 0.00027785
-0.50584653 0.22462134 0.00026844
-0.50425592 0.22379291 0.00027684
-0.50266383 0.22296170 0.00026747
-0.50107322 0.22214283 0.00026837
-0.49948261 0.22132880 0.00027714
-0.49789052 0.22051971 0.00027018
-0.49629843 0.21971555 0.00027108
-0.49470782 0.21890869 0.00027199
-0.49311573 0.21809911 0.00027292
-0.49152364 0.21730227 0.00027140
-0.48993156 0.21651051 0.00027231
-0.48833947 0.21573950 0.00027320
-0.48674738 0.21495031 0.00026363
-0.48515529 0.21417414 0.00026451
-0.48356320 0.21341903 0.00026537
-0.48196964 0.21266144 0.00026624
-0.48037755 0.21190137 0.00026712
-0.47878546 0.21116266 0.00026798
-0.47719337 0.21042955 0.00025819
-0.47559980 0.20971008 0.00025900
-0.47400772 0.20900440 0.00025805
-0.47241563 0.20832069 0.00024991
-0.47082206 0.20763490 0.00024192
-0.46922997 0.20697132 0.00024073
-0.46763788 0.20632203 0.00024335
-0.46604432 0.20568714 0.00024404
-0.46445223 0.20505863 0.00023383
-0.46286014 0.20442012 0.00023451
-0.46126658 0.20377975 0.00023519
-0.45967449 0.20313752 0.00023588
-0.45808240 0.20249341 0.00023658
-0.45649031 0.20184738 0.00023728
-0.45489822 0.20119944 0.00023799
-0.45330613 0.20054955 0.00023870
-0.45171257 0.19989771 0.00023942
-0.45012048 0.19926068 0.00023117
-0.44852839 0.19862175 0.00022970
-0.44693778 0.19798088 0.00024158
-0.44534569 0.19733811 0.00023326
-0.44375360 0.19671886 0.00023176
-0.44216151 0.19608074 0.00023246
-0.44057090 0.19545779 0.00022389
-0.43897882 0.19482439 0.00023386
-0.43738821 0.19421488 0.00022323
-0.43579612 0.19359495 0.00022390
-0.43420551 0.19299045 0.00023594
-0.43261490 0.19237552 0.00022523
-0.43102429 0.19177614 0.00022588
-0.42943368 0.19117500 0.00022655
-0.42784307 0.19058086 0.00021579
-0.42625394 0.18999373 0.00022786
-0.42466333 0.18941371 0.00022852
-0.42307419 0.18883202 0.00022918
-0.42148358 0.18825751 0.00021828
-0.41989445 0.18767247 0.00021892
-0.41830532 0.18711242 0.00021953
-0.41671619 0.18655080 0.00022015
-0.41512853 0.18599655 0.00020920
-0.41353940 0.18544072 0.00022028
-0.41195175 0.18489235 0.00021038
-0.41036262 0.18435147 0.00021096
-0.40877496 0.18380909 0.00021154
-0.40718731 0.18328336 0.00021132
-0.40560114 0.18274710 0.00021270
-0.40401348 0.18222761 0.00021327
-0.40242731 0.18170673 0.00021384
-0.40084113 0.18119362 0.00020270
-0.39925496 0.18066993 0.00020325
-0.39766878 0.18017249 0.00020378
-0.39608261 0.17967374 0.00020431
-0.39449791 0.17917369 0.00020485
-0.39291321 0.17868163 0.00019368
-0.39132851 0.17819758 0.00020591
-0.38974382 0.17770297 0.00019468
-0.38816060 0.17722578 0.00019518
-0.38657738 0.17674738 0.00019568
-0.38499416 0.17627718 0.00018452
-0.38341094 0.17581520 0.00019666
-0.38182920 0.17535210 0.00018593
-0.38024598 0.17488784 0.00018590
-0.37866424 0.17443191 0.00018636
-0.37708398 0.17398439 0.00018731
-0.37550224 0.17353578 0.00017570
-0.37392198 0.17310523 0.00017612
-0.37234172 0.17264485 0.00017656
-0.37076145 0.17221219 0.00017698
-0.36918267 0.17177849 0.00017740
-0.36760388 0.17134376 0.00017783
-0.36602510 0.17091769 0.00016624
-0.36444780 0.17049059 0.00016721
-0.36286901 0.17005274 0.00016762
-0.36129171 0.16963334 0.00016743
-0.35971588 0.16920317 0.00016842
-0.35814005 0.16877198 0.00015638
-0.35656422 0.16834955 0.00016923
-0.35498840 0.16792613 0.00015838
-0.35341405 0.16751156 0.00015875
-0.35183970 0.16708612 0.00015788
-0.35026535 0.16667950 0.00015950
-0.34869248 0.16627195 0.00014695
-0.34711961 0.16585346 0.00014731
-0.34554674 0.16545395 0.00016063
-0.34397534 0.16504352 0.00014799
-0.34240395 0.16465220 0.00014833
-0.34083256 0.16424993 0.00013734
-0.33926264 0.16384672 0.00013616
-0.33769273 0.16345267 0.00013647
-0.33612429 0.16306785 0.00013828
-0.33455586 0.16267201 0.00013860
-0.33298742 0.16228544 0.00012558
-0.33142046 0.16190818 0.00013923
-0.32985350 0.16151987 0.00012614
-0.32828655 0.16115117 0.00012642
-0.32672107 0.16078166 0.00012670
-0.32515559 0.16040104 0.00011562
-0.32359159 0.16002988 0.00011587
-0.32202758 0.15966824 0.00011976
-0.32046358 0.15931618 0.00011637
-0.31890106 0.15895299 0.00012028
-0.31734002 0.15858901 0.00010619
-0.31577749 0.15824509 0.00010641
-0.31421793 0.15790046 0.00010663
-0.31265688 0.15755510 0.00010686
-0.31109731 0.15720902 0.00010708
-0.30953923 0.15688326 0.00009757
-0.30798114 0.15653576 0.00009778
-0.30642305 0.15621921 0.00009797
-0.30486644 0.15589147 0.00008982
-0.30330983 0.15556306 0.00010500
-0.30175470 0.15524461 0.00010521
-0.30019957 0.15490426 0.00009037
-0.29864591 0.15456317 0.00009897
-0.29709226 0.15421067 0.00009919
-0.29554008 0.15385740 0.00009940
-0.29398791 0.15349261 0.00009116
-0.29243721 0.15311622 0.00009987
-0.29088651 0.15274974 0.00009159
-0.28933730 0.15237159 0.00010033
-0.28778808 0.15198169 0.00010058
-0.28623886 0.15160172 0.00008560
-0.28469112 0.15122082 0.00009624
-0.28314485 0.15082807 0.00009648
-0.28159859 0.15044529 0.00010157
-0.28005381 0.15005060 0.00010182
-0.27850902 0.14965491 0.00010208
-0.27696572 0.14925822 0.00010234
-0.27542241 0.14884945 0.00009772
-0.27388059 0.14845069 0.00009797
-0.27234024 0.14805089 0.00009822
-0.27079989 0.14765006 0.00009848
-0.26925954 0.14724818 0.00009874
-0.26772067 0.14684524 0.00009900
-0.26618327 0.14644123 0.00009926
-0.26464588 0.14603615 0.00009952
-0.26310997 0.14562999 0.00009979
-0.26157405 0.14521141 0.00008922
-0.26003962 0.14480302 0.00008946
-0.25850518 0.14439352 0.00008971
-0.25697222 0.14398290 0.00008995
-0.25544074 0.14355970 0.00008572
-0.25390926 0.14314678 0.00008596
-0.25237926 0.14270966 0.00009073
-0.25084926 0.14229436 0.00009098
-0.24932074 0.14187789 0.00009124
-0.24779369 0.14142538 0.00009152
-0.24626665 0.14099479 0.00008243
-0.24474108 0.14055122 0.00009207
-0.24321552 0.14010630 0.00009952
-0.24169143 0.13964825 0.00009984
-0.24016882 0.13918875 0.00010016
-0.23864621 0.13872778 0.00010048
-0.23712508 0.13825346 0.00009355
-0.23560542 0.13780139 0.00007723
-0.23408577 0.13738373 0.00008944
-0.23256759 0.13700081 0.00007387
-0.23104942 0.13664087 0.00007406
-0.22953272 0.13628001 0.00007425
-0.22801750 0.13595444 0.00007442
-0.22650376 0.13562812 0.00007459
-0.22499002 0.13530104 0.00007477
-0.22347628 0.13497319 0.00007494
-0.22196550 0.13465675 0.00008954
-0.22045471 0.13435181 0.00007528
-0.21894541 0.13402172 0.00007546
-0.21743610 0.13370310 0.00009015
-0.21592827 0.13338375 0.00007580
-0.21442193 0.13305133 0.00007598
-0.21291705 0.13273047 0.00007617
-0.21141218 0.13239646 0.00007636
-0.20990879 0.13206163 0.00007654
-0.20840540 0.13171354 0.00007673
-0.20690496 0.13137703 0.00007692
-0.20540453 0.13103968 0.00007711
-0.20390557 0.13070149 0.00007730
-0.20240661 0.13036244 0.00007750
-0.20090913 0.12998472 0.00007772
-0.19941313 0.12964386 0.00007792
-0.19791861 0.12926411 0.00007814
-0.19642408 0.12890869 0.00008236
-0.19493104 0.12853958 0.00007857
-0.19343947 0.12815665 0.00007879
-0.19194791 0.12777260 0.00007902
-0.19045930 0.12738744 0.00007925
-0.18897069 0.12700113 0.00007949
-0.18748355 0.12661369 0.00007972
-0.18599642 0.12623807 0.00006613
-0.18451077 0.12586134 0.00008429
-0.18302659 0.12547048 0.00008455
-0.18154390 0.12509152 0.00008067
-0.18006268 0.12471144 0.00006692
-0.17858146 0.12433022 0.00008530
-0.17710172 0.12396108 0.00006731
-0.17562346 0.12357761 0.00008581
-0.17414667 0.12320628 0.00006771
-0.17266989 0.12282052 0.00008632
-0.17119606 0.12244695 0.00006812
-0.16972223 0.12207226 0.00007579
-0.16824841 0.12169645 0.00008710
-0.16677754 0.12130603 0.00007626
-0.16530667 0.12094143 0.00007648
-0.16383875 0.12056218 0.00008789
-0.16237084 0.12016817 0.00007696
-0.16090440 0.11980020 0.00007719
-0.15943796 0.11943112 0.00007743
-0.15797449 0.11903345 0.00009709
-0.15651101 0.11864828 0.00007792
-0.15504900 0.11827570 0.00007816
-0.15358848 0.11788810 0.00008983
-0.15212944 0.11748536 0.00007868
-0.15067039 0.11710917 0.00007892
-0.14921430 0.11671779 0.00009071
-0.14775822 0.11632513 0.00009929
-0.14630375 0.11593119 0.00007970
-0.14485062 0.11553592 0.00009162
-0.14339867 0.11512515 0.00008025
-0.14194791 0.11472717 0.00009225
-0.14049847 0.11434213 0.00009255
-0.13905022 0.11391282 0.00009289
-0.13760344 0.11352508 0.00009320
-0.13615770 0.11309274 0.00009355
-0.13471344 0.11268777 0.00007387
-0.13327021 0.11226681 0.00009422
-0.13182846 0.11182971 0.00009458
-0.13038804 0.11140559 0.00009031
-0.12894881 0.11099459 0.00009528
-0.12751090 0.11055258 0.00009565
-0.12607433 0.11010883 0.00009602
-0.12463893 0.10966333 0.00009641
-0.12320502 0.10921605 0.00009679
-0.12177229 0.10876697 0.00009718
-0.12034104 0.10828594 0.00009286
-0.11891096 0.10781794 0.00009802
-0.11748222 0.10736313 0.00009843
-0.11605496 0.10687592 0.00009406
-0.11462888 0.10638653 0.00007814
-0.11320413 0.10589490 0.00009976
-0.11178086 0.10540104 0.00009534
-0.11035892 0.10488936 0.00009580
-0.10893816 0.10439085 0.00007961
-0.10751888 0.10388996 0.00010165
-0.10610108 0.10338672 0.00009717
-0.10468446 0.10288107 0.00008075
-0.10326932 0.10238886 0.00009809
-0.10185551 0.10186235 0.00009859
-0.10044304 0.10136529 0.00010413
-0.09903203 0.10084969 0.00009956
-0.09762236 0.10033150 0.00008276
-0.09621417 0.09981063 0.00010572
-0.09480731 0.09928711 0.00010110
-0.09340178 0.09874436 0.00010165
-0.09199772 0.09819867 0.00010220
-0.09059500 0.09764998 0.00010277
-0.08919376 0.09709824 0.00010334
-0.08779384 0.09654340 0.00010392
-0.08639541 0.09598541 0.00010452
-0.08499845 0.09542421 0.00010512
-0.08360282 0.09484262 0.00008406
-0.08220867 0.09425746 0.00008800
-0.08081600 0.09366870 0.00010706
-0.07942466 0.09309376 0.00010771
-0.07803480 0.09249775 0.00008615
-0.07664641 0.09189790 0.00009023
-0.07525951 0.09129416 0.00010980
-0.07387393 0.09068650 0.00008785
-0.07248984 0.09007478 0.00009202
-0.07110722 0.08945891 0.00011202
-0.06972608 0.08883889 0.00008965
-0.06834642 0.08823297 0.00009026
-0.06696823 0.08764144 0.00011431
-0.06559138 0.08704597 0.00011511
-0.06421615 0.08652162 0.00011577
-0.06284240 0.08599415 0.00009257
-0.06146998 0.08548244 0.00009312
-0.06009919 0.08496770 0.00009368
-0.05872988 0.08443059 0.00011863
-0.05736204 0.08390947 0.00011936
-0.05599568 0.08338514 0.00012010
-0.05463080 0.08279871 0.00012094
-0.05326740 0.08224760 0.00014782
-0.05190548 0.08167303 0.00012259
-0.05054518 0.08105429 0.00014997
-0.04918636 0.08041075 0.00012449
-0.04782902 0.07972127 0.00015245
-0.04647316 0.07882025 0.00012698
-0.04511893 0.07761664 0.00015654
-0.04376617 0.07609637 0.00015963
-0.04241504 0.07445826 0.00019254
-0.04106524 0.07282837 0.00016673
-0.03971706 0.07122975 0.00017940
-0.03837051 0.06961810 0.00017435
-0.03702529 0.06799241 0.00017849
-0.03568185 0.06630284 0.00015852
-0.03433973 0.06456928 0.00019778
-0.03299939 0.06273671 0.00020352
-0.03166038 0.06076948 0.00021008
-0.03032315 0.05859873 0.00024428
-0.02898739 0.05608582 0.00026808
-0.02765326 0.05266238 0.00032877
-0.02632105 0.04840354 0.00040495
-0.02499002 0.04354874 0.00045021
-0.02366047 0.03858804 0.00050839
-0.02233255 0.03366727 0.00051506
-0.02100625 0.02880450 0.00055901
-0.01968143 0.02403299 0.00067189
-0.01835824 0.01934211 0.00066460
-0.01703653 0.01468662 0.00079244
-0.01571644 0.01012148 0.00093263
-0.01439801 0.00414952 0.00293415
-0.01308110 nan nan
-0.01176578 nan nan
-0.01045207 nan nan
-0.00913993 0.00610638 0.00120574
-0.00782941 0.01120385 0.00062360
-0.00652048 0.01544567 0.00059954
-0.00521317 0.02000156 0.00057674
-0.00390746 0.02430295 0.00056859
-0.00260335 0.02968990 0.00046426
-0.00130087 0.03465732 0.00069956
-0.00000000 0.04295209 0.00026677
