# s/c   M_is_mean    M_is_std
0.00000000 0.02016844 0.00115756
0.00130087 0.02987133 0.00059881
0.00260174 0.03743057 0.00035815
0.00390261 0.04395072 0.00022074
0.00520348 0.04982385 0.00013562
0.00650435 0.05524138 0.00008445
0.00780522 0.06031295 0.00006048
0.00910609 0.06510796 0.00005704
0.01040697 0.06967355 0.00006227
0.01170784 0.07404345 0.00006834
0.01300871 0.07824284 0.00007295
0.01430958 0.08229117 0.00007601
0.01561045 0.08620391 0.00007805
0.01691132 0.08999367 0.00007972
0.01821219 0.09367096 0.00008166
0.01951306 0.09724474 0.00008433
0.02081393 0.10072275 0.00008803
0.02211480 0.10411178 0.00009285
0.02341567 0.10741790 0.00009875
0.02470176 0.11064659 0.00010555
0.02600263 0.11380285 0.00011305
0.02730350 0.11689127 0.00012102
0.02860437 0.11991614 0.00012924
0.02990524 0.12288148 0.00013754
0.03120611 0.12579107 0.00014575
0.03250698 0.12864849 0.00015376
0.03380786 0.13145717 0.00016144
0.03510873 0.13422038 0.00016873
0.03640960 0.13694127 0.00017555
0.03771047 0.13962288 0.00018186
0.03901134 0.14226813 0.00018761
0.04029743 0.14487986 0.00019279
0.04159830 0.14746082 0.00019738
0.04289917 0.15001369 0.00020137
0.04420004 0.15254105 0.00020476
0.04550091 0.15504544 0.00020755
0.04680178 0.15752930 0.00020976
0.04810265 0.15999504 0.00021140
0.04940352 0.16244497 0.00021249
0.05068961 0.16488136 0.00021305
0.05199048 0.16730640 0.00021311
0.05329135 0.16972225 0.00021270
0.05459222 0.17213097 0.00021185
0.05589309 0.17453458 0.00021058
0.05719396 0.17693504 0.00020894
0.05849483 0.17933423 0.00020696
0.05978092 0.18173398 0.00020468
0.06108179 0.18413607 0.00020212
0.06238266 0.18654220 0.00019934
0.06368353 0.18895399 0.00019637
0.06498440 0.19137305 0.00019324
0.06628528 0.19380086 0.00019000
0.06757136 0.19623889 0.00018669
0.06887223 0.19868850 0.00018333
0.07017310 0.20115103 0.00017998
0.07147398 0.20362771 0.00017667
0.07277485 0.20611975 0.00017342
0.07407572 0.20862824 0.00017028
0.07536180 0.21115426 0.00016727
0.07666268 0.21369879 0.00016444
0.07796355 0.21626276 0.00016179
0.07926442 0.21884703 0.00015937
0.08056529 0.22145239 0.00015718
0.08185138 0.22407959 0.00015526
0.08315225 0.22672929 0.00015362
0.08445312 0.22940211 0.00015227
0.08575399 0.23209859 0.00015123
0.08704008 0.23481924 0.00015050
0.08834095 0.23756448 0.00015009
0.08964182 0.24033469 0.00015000
0.09094269 0.24313019 0.00015023
0.09224356 0.24595125 0.00015079
0.09352965 0.24879809 0.00015166
0.09483052 0.25167086 0.00015286
0.09613139 0.25456969 0.00015436
0.09743226 0.25749463 0.00015618
0.09871835 0.26044570 0.00015830
0.10001922 0.26342287 0.00016071
0.10132009 0.26642608 0.00016343
0.10260618 0.26945521 0.00016643
0.10390705 0.27251011 0.00016972
0.10520792 0.27559058 0.00017329
0.10650879 0.27869641 0.00017714
0.10779488 0.28182731 0.00018126
0.10909575 0.28498301 0.00018566
0.11039662 0.28816316 0.00019032
0.11169749 0.29136742 0.00019524
0.11298358 0.29459538 0.00020042
0.11428445 0.29784665 0.00020585
0.11558532 0.30112077 0.00021153
0.11687141 0.30441728 0.00021744
0.11817228 0.30773570 0.00022358
0.11947315 0.31107552 0.00022994
0.12075924 0.31443622 0.00023652
0.12206011 0.31781725 0.00024329
0.12336098 0.32121805 0.00025026
0.12466185 0.32463804 0.00025740
0.12594794 0.32807664 0.00026470
0.12724881 0.33153325 0.00027216
0.12854968 0.33500726 0.00027976
0.12983577 0.34036386 0.00030151
0.13113664 0.34405431 0.00031728
0.13243751 0.34772726 0.00033051
0.13372359 0.35139462 0.00034070
0.13502447 0.35506370 0.00034872
0.13632534 0.35873112 0.00035544
0.13761142 0.36239200 0.00036077
0.13891229 0.36605130 0.00036547
0.14019838 0.36973781 0.00037105
0.14149925 0.37349523 0.00037856
0.14280012 0.37734456 0.00038690
0.14408621 0.38124235 0.00039817
0.14538708 0.38509937 0.00041739
0.14668795 0.38886342 0.00043596
0.14797404 0.39253098 0.00044699
0.14927491 0.39612530 0.00045228
0.15056100 0.39969409 0.00045285
0.15186187 0.40326883 0.00045054
0.15316274 0.40683422 0.00044842
0.15444883 0.41035924 0.00044790
0.15574970 0.41384836 0.00044614
0.15703579 0.41733550 0.00044144
0.15833666 0.42081381 0.00043509
0.15963753 0.42425240 0.00042828
0.16092362 0.42764081 0.00042155
0.16222449 0.43105316 0.00041225
0.16351058 0.43460684 0.00040049
0.16481145 0.43829121 0.00039278
0.16611232 0.44202598 0.00039883
0.16739841 0.44574700 0.00041986
0.16869928 0.44941314 0.00044111
0.16998537 0.45302022 0.00045700
0.17128624 0.45657365 0.00046833
0.17257232 0.46008106 0.00047454
0.17387319 0.46355233 0.00047719
0.17517407 0.46699760 0.00047667
0.17646015 0.47042656 0.00047378
0.17776102 0.47384681 0.00046893
0.17904711 0.47726212 0.00046261
0.18034798 0.48067646 0.00045501
0.18163407 0.48409421 0.00044673
0.18293494 0.48752728 0.00043855
0.18422103 0.49099937 0.00043099
0.18552190 0.49452644 0.00042302
0.18680799 0.49809913 0.00041541
0.18810886 0.50167125 0.00041165
0.18939495 0.50519623 0.00040847
0.19069582 0.50867146 0.00040296
0.19199669 0.51216892 0.00039536
0.19328278 0.51580287 0.00038125
0.19458365 0.51957264 0.00036666
0.19586974 0.52341167 0.00036457
0.19717061 0.52728479 0.00037586
0.19845669 0.53117257 0.00039041
0.19975757 0.53508849 0.00040313
0.20104365 0.53903276 0.00041372
0.20234452 0.54297182 0.00042055
0.20363061 0.54687780 0.00042157
0.20493148 0.55073211 0.00041841
0.20621757 0.55458662 0.00041475
0.20750366 0.55854962 0.00040875
0.20880453 0.56264727 0.00040174
0.21009062 0.56684005 0.00040026
0.21139149 0.57107844 0.00040945
0.21267758 0.57533103 0.00042376
0.21397845 0.57960775 0.00043688
0.21526454 0.58392881 0.00044894
0.21656541 0.58830568 0.00046046
0.21785149 0.59274498 0.00047243
0.21915236 0.59724186 0.00048588
0.22043845 0.60178298 0.00050147
0.22173932 0.60635216 0.00051807
0.22302541 0.61093618 0.00053484
0.22432628 0.61553055 0.00055162
0.22561237 0.62014959 0.00056836
0.22689846 0.62482040 0.00058500
0.22819933 0.62955034 0.00060285
0.22948542 0.63432785 0.00062420
0.23078629 0.63913692 0.00064946
0.23207238 0.64395939 0.00067750
0.23337325 0.64877668 0.00070662
0.23465933 0.65356793 0.00073376
0.23594542 0.65831571 0.00075821
0.23724629 0.66301406 0.00078013
0.23853238 0.66767195 0.00079907
0.23983325 0.67230846 0.00081559
0.24111934 0.67694087 0.00083073
0.24240543 0.68157545 0.00084547
0.24370630 0.68620455 0.00086086
0.24499239 0.69081322 0.00087707
0.24629326 0.69539169 0.00089361
0.24757935 0.69993273 0.00091027
0.24886543 0.70442712 0.00092577
0.25016630 0.70886971 0.00093978
0.25145239 0.71325706 0.00095260
0.25275326 0.71758771 0.00096451
0.25403935 0.72186867 0.00097534
0.25532544 0.72610707 0.00098522
0.25662631 0.73030441 0.00099411
0.25791240 0.73445651 0.00100224
0.25919849 0.73855193 0.00101081
0.26049936 0.74257892 0.00101912
0.26178545 0.74652736 0.00102561
0.26307153 0.75039581 0.00103017
0.26437240 0.75419028 0.00103395
0.26565849 0.75793853 0.00103651
0.26695936 0.76169116 0.00103655
0.26824545 0.76546405 0.00103368
0.26953154 0.76923344 0.00103228
0.27083241 0.77295014 0.00103741
0.27211850 0.77655154 0.00104479
0.27340459 0.78001421 0.00105156
0.27470546 0.78335240 0.00105668
0.27599154 0.78660970 0.00105684
0.27727763 0.78983900 0.00105346
0.27857850 0.79305531 0.00104718
0.27986459 0.79624997 0.00104015
0.28115068 0.79940160 0.00103720
0.28243677 0.80245587 0.00103496
0.28373764 0.80536005 0.00103543
0.28502373 0.80812854 0.00103889
0.28630981 0.81081024 0.00103802
0.28761068 0.81346097 0.00102873
0.28889677 0.81609652 0.00101453
0.29018286 0.81865811 0.00100473
0.29148373 0.82108256 0.00099769
0.29276982 0.82335177 0.00098861
0.29405591 0.82547925 0.00097605
0.29534200 0.82749627 0.00095844
0.29664287 0.82944311 0.00093637
0.29792895 0.83133687 0.00091134
0.29921504 0.83316173 0.00088568
0.30051591 0.83488290 0.00086157
0.30180200 0.83646696 0.00083820
0.30308809 0.83790664 0.00081341
0.30437418 0.83922763 0.00078528
0.30567505 0.84047371 0.00075346
0.30696114 0.84169201 0.00071940
0.30824722 0.84289836 0.00068569
0.30953331 0.84407597 0.00065456
0.31083418 0.84519095 0.00062660
0.31212027 0.84621570 0.00060114
0.31340636 0.84714500 0.00057592
0.31469245 0.84798145 0.00054575
0.31599332 0.84871862 0.00050897
0.31727941 0.84934338 0.00046642
0.31856549 0.84986038 0.00041810
0.31985158 0.85029779 0.00036593
0.32115245 0.85069084 0.00031286
0.32243854 0.85107737 0.00026131
0.32372463 0.85149588 0.00021062
0.32501072 0.85196371 0.00016216
0.32629681 0.85247308 0.00012233
0.32759768 0.85300577 0.00010672
0.32888376 0.85353608 0.00011912
0.33016985 0.85403732 0.00013826
0.33145594 0.85449647 0.00015300
0.33275681 0.85491200 0.00016352
0.33404290 0.85529303 0.00017589
0.33532899 0.85565749 0.00019697
0.33661508 0.85601786 0.00022843
0.33790116 0.85637597 0.00026591
0.33918725 0.85673208 0.00030441
0.34048812 0.85709218 0.00034148
0.34177421 0.85746493 0.00037611
0.34306030 0.85786062 0.00040948
0.34434639 0.85828835 0.00044288
0.34563247 0.85875172 0.00047800
0.34693335 0.85924720 0.00051680
0.34821943 0.85975762 0.00055746
0.34950552 0.86026877 0.00060067
0.35079161 0.86077410 0.00064665
0.35207770 0.86125641 0.00068927
0.35336379 0.86170897 0.00072641
0.35466466 0.86214599 0.00075984
0.35595074 0.86259301 0.00079223
0.35723683 0.86307448 0.00082714
0.35852292 0.86359625 0.00086477
0.35980901 0.86415228 0.00090432
0.36109510 0.86474161 0.00094629
0.36238118 0.86536342 0.00099022
0.36368206 0.86600403 0.00103380
0.36496814 0.86663980 0.00107543
0.36625423 0.86724565 0.00111280
0.36754032 0.86781518 0.00114685
0.36882641 0.86836590 0.00118091
0.37011250 0.86892933 0.00121860
0.37139858 0.86953286 0.00126496
0.37269945 0.87016940 0.00131776
0.37398554 0.87081956 0.00137318
0.37527163 0.87147609 0.00142915
0.37655772 0.87213823 0.00148173
0.37784381 0.87281372 0.00152840
0.37912989 0.87351642 0.00156817
0.38041598 0.87424207 0.00160165
0.38170207 0.87495892 0.00162936
0.38298816 0.87563825 0.00165315
0.38428903 0.87627960 0.00167834
0.38557512 0.87690181 0.00170917
0.38686121 0.87752497 0.00174675
0.38814729 0.87816786 0.00179078
0.38943338 0.87884454 0.00183976
0.39071947 0.87956056 0.00189125
0.39200556 0.88031210 0.00194325
0.39329165 0.88109468 0.00199456
0.39457773 0.88191165 0.00204541
0.39586382 0.88276974 0.00209537
0.39714991 0.88367045 0.00214492
0.39843600 0.88459234 0.00219363
0.39973687 0.88548528 0.00223733
0.40102296 0.88629428 0.00227204
0.40230905 0.88700679 0.00229965
0.40359513 0.88766853 0.00233280
0.40488122 0.88833148 0.00237731
0.40616731 0.88902435 0.00243072
0.40745340 0.88975051 0.00249017
0.40873949 0.89047721 0.00254790
0.41002557 0.89116947 0.00259981
0.41131166 0.89183026 0.00264887
0.41259775 0.89249025 0.00270055
0.41388384 0.89316827 0.00275585
0.41516993 0.89386266 0.00281248
0.41645601 0.89460860 0.00287418
0.41774210 0.89547546 0.00294897
0.41902819 0.89651860 0.00303971
0.42031428 0.89769888 0.00313666
0.42160037 0.89889241 0.00322414
0.42288645 0.90004342 0.00329722
0.42417254 0.90115890 0.00336410
0.42545863 0.90225681 0.00343487
0.42674472 0.90335562 0.00351002
0.42803081 0.90445495 0.00358573
0.42931690 0.90555789 0.00366194
0.43060298 0.90667855 0.00374103
0.43188907 0.90783398 0.00382641
0.43317516 0.90903479 0.00391928
0.43446125 0.91028037 0.00401805
0.43574734 0.91156793 0.00412092
0.43703342 0.91289630 0.00422737
0.43831951 0.91426007 0.00433516
0.43960560 0.91565394 0.00444360
0.44089169 0.91706432 0.00455102
0.44217778 0.91846634 0.00465326
0.44346386 0.91984102 0.00474827
0.44474995 0.92119391 0.00483849
0.44603604 0.92257706 0.00493866
0.44732213 0.92405617 0.00506109
0.44860822 0.92567106 0.00520749
0.44989430 0.92738635 0.00536842
0.45118039 0.92908280 0.00551681
0.45246648 0.93070728 0.00564387
0.45375257 0.93227202 0.00576052
0.45503866 0.93377999 0.00587269
0.45632474 0.93522664 0.00597796
0.45761083 0.93657961 0.00606596
0.45889692 0.93782301 0.00613366
0.46018301 0.93899684 0.00619520
0.46146910 0.94017036 0.00626857
0.46275519 0.94142276 0.00636620
0.46404127 0.94276167 0.00648317
0.46532736 0.94410001 0.00659707
0.46661345 0.94538522 0.00669880
0.46789954 0.94662249 0.00679323
0.46917084 0.94784895 0.00689424
0.47045693 0.94910969 0.00701209
0.47174302 0.95041550 0.00714411
0.47302911 0.95175011 0.00728398
0.47431520 0.95308745 0.00742304
0.47560128 0.95439781 0.00755276
0.47688737 0.95566561 0.00767081
0.47817346 0.95689421 0.00778041
0.47945955 0.95810187 0.00788711
0.48074564 0.95931401 0.00799690
0.48203172 0.96055346 0.00811432
0.48331781 0.96182177 0.00823888
0.48460390 0.96309212 0.00836240
0.48587521 0.96433958 0.00847902
0.48716129 0.96555268 0.00858712
0.48844738 0.96673144 0.00868787
0.48973347 0.96788480 0.00878540
0.49101956 0.96902326 0.00888374
0.49230565 0.97015713 0.00898486
0.49359173 0.97129478 0.00908984
0.49487782 0.97244296 0.00919966
0.49616391 0.97360440 0.00931374
0.49743522 0.97477639 0.00943102
0.49872130 0.97595192 0.00954956
0.50000739 0.97712045 0.00966683
0.50129348 0.97826994 0.00978121
0.50257957 0.97939064 0.00989091
0.50386566 0.98047589 0.00999505
0.50515174 0.98152719 0.01009571
0.50643783 0.98255685 0.01019700
0.50770914 0.98357689 0.01030220
0.50899523 0.98459171 0.01041215
0.51028131 0.98559442 0.01052414
0.51156740 0.98656655 0.01063259
0.51285349 0.98749148 0.01073445
0.51413958 0.98836067 0.01082861
0.51542567 0.98917624 0.01091621
0.51669697 0.98995633 0.01100364
0.51798306 0.99072577 0.01109736
0.51926915 0.99151203 0.01120146
0.52055524 0.99233036 0.01131637
0.52184132 0.99318130 0.01144033
0.52312741 0.99404119 0.01156630
0.52439872 0.99485495 0.01168093
0.52568480 0.99558775 0.01177561
0.52697089 0.99622984 0.01185037
0.52825698 0.99679572 0.01191454
0.52954307 0.99733958 0.01198231
0.53082916 0.99790533 0.01206288
0.53210046 0.99850825 0.01215639
0.53338655 0.99912399 0.01225254
0.53467264 0.99969690 0.01233783
0.53595873 1.00020366 0.01240713
0.53724481 1.00065484 0.01246415
0.53853090 1.00108728 0.01252281
0.53980221 1.00155447 0.01259558
0.54108830 1.00207663 0.01268153
0.54237438 1.00263694 0.01277323
0.54366047 1.00320603 0.01286225
0.54494656 1.00375672 0.01294147
0.54621787 1.00426901 0.01300666
0.54750395 1.00474765 0.01306309
0.54879004 1.00522776 0.01312047
0.55007613 1.00573595 0.01318397
0.55134744 1.00628675 0.01325492
0.55263352 1.00687642 0.01332960
0.55391961 1.00747602 0.01340042
0.55520570 1.00805532 0.01346078
0.55649179 1.00860381 0.01350994
0.55776309 1.00913467 0.01355315
0.55904918 1.00967830 0.01360000
0.56033527 1.01025846 0.01365506
0.56162136 1.01087919 0.01371736
0.56289266 1.01153003 0.01378406
0.56417875 1.01218463 0.01384761
0.56546484 1.01282270 0.01390406
0.56675093 1.01343077 0.01395222
0.56803702 1.01399642 0.01398973
0.56930832 1.01451488 0.01401689
0.57059441 1.01499372 0.01403885
0.57188050 1.01545301 0.01406138
0.57316659 1.01591581 0.01408905
0.57443789 1.01640495 0.01412419
0.57572398 1.01694155 0.01416729
0.57701007 1.01753763 0.01421719
0.57829616 1.01819281 0.01427248
0.57956746 1.01888916 0.01433000
0.58085355 1.01958833 0.01438017
0.58213964 1.02025623 0.01441747
0.58341094 1.02087638 0.01443905
0.58469703 1.02144375 0.01444552
0.58598312 1.02196756 0.01444378
0.58726921 1.02246916 0.01443867
0.58854051 1.02296484 0.01443420
0.58982660 1.02346275 0.01443179
0.59111269 1.02395718 0.01442754
0.59239878 1.02442499 0.01441463
0.59367008 1.02484603 0.01438786
0.59495617 1.02522408 0.01435020
0.59624226 1.02558462 0.01431020
0.59751356 1.02595716 0.01427533
0.59879965 1.02636676 0.01424958
0.60008574 1.02682779 0.01423302
0.60137183 1.02734021 0.01422389
0.60264313 1.02789008 0.01421782
0.60392922 1.02844764 0.01420633
0.60521531 1.02898090 0.01418343
0.60648661 1.02946484 0.01414379
0.60777270 1.02988614 0.01408390
0.60905879 1.03026153 0.01401239
0.61033010 1.03061976 0.01393814
0.61161618 1.03098623 0.01386561
0.61290227 1.03137635 0.01379685
0.61417358 1.03178981 0.01372981
0.61545967 1.03221952 0.01366250
0.61674575 1.03266063 0.01359467
0.61801706 1.03311543 0.01352760
0.61930315 1.03358417 0.01346140
0.62058924 1.03406983 0.01339727
0.62187532 1.03458114 0.01333662
0.62314663 1.03513186 0.01328214
0.62443272 1.03573134 0.01323413
0.62571880 1.03637615 0.01319015
0.62699011 1.03704538 0.01314565
0.62827620 1.03769785 0.01308889
0.62954750 1.03830598 0.01301550
0.63083359 1.03886205 0.01292734
0.63211968 1.03936278 0.01282600
0.63339099 1.03981401 0.01271631
0.63467707 1.04023282 0.01260341
0.63596316 1.04063700 0.01249207
0.63723447 1.04104587 0.01238600
0.63852056 1.04148320 0.01228843
0.63980664 1.04196927 0.01220190
0.64107795 1.04251527 0.01212626
0.64236404 1.04312062 0.01205925
0.64365012 1.04378036 0.01199885
0.64492143 1.04448982 0.01194336
0.64620752 1.04524428 0.01189166
0.64749361 1.04603827 0.01184285
0.64876491 1.04686529 0.01179581
0.65005100 1.04771758 0.01174939
0.65132231 1.04858666 0.01170226
0.65260839 1.04946274 0.01165296
0.65389448 1.05033605 0.01159984
0.65516579 1.05119659 0.01154110
0.65645188 1.05203597 0.01147612
0.65772318 1.05285167 0.01140602
0.65900927 1.05364364 0.01133276
0.66029536 1.05440732 0.01125678
0.66156666 1.05513210 0.01117572
0.66285275 1.05580900 0.01108692
0.66413884 1.05643902 0.01099142
0.66541014 1.05703802 0.01089584
0.66669623 1.05763122 0.01080804
0.66796754 1.05824393 0.01073456
0.66925363 1.05889414 0.01067891
0.67053971 1.05958944 0.01064052
0.67181102 1.06032712 0.01061756
0.67309711 1.06108929 0.01060414
0.67436841 1.06184380 0.01058958
0.67565450 1.06256164 0.01056702
0.67692581 1.06323133 0.01053543
0.67821189 1.06385048 0.01049576
0.67949798 1.06441698 0.01044866
0.68076929 1.06492886 0.01039408
0.68205538 1.06538449 0.01033144
0.68332668 1.06578981 0.01026217
0.68461277 1.06616676 0.01019392
0.68589886 1.06654502 0.01013639
0.68717016 1.06694093 0.01009331
0.68845625 1.06735146 0.01006193
0.68972756 1.06776791 0.01003805
0.69101364 1.06818552 0.01001983
0.69228495 1.06860090 0.01000604
0.69357104 1.06901195 0.00999562
0.69484234 1.06942195 0.00998969
0.69612843 1.06983733 0.00999008
0.69741452 1.07026832 0.00999997
0.69868582 1.07072064 0.01002076
0.69997191 1.07118903 0.01005000
0.70124322 1.07165646 0.01008168
0.70252931 1.07209971 0.01010819
0.70380061 1.07251083 0.01012810
0.70508670 1.07289426 0.01014397
0.70635801 1.07325408 0.01015689
0.70764409 1.07359061 0.01016574
0.70893018 1.07390194 0.01016934
0.71020149 1.07418499 0.01016589
0.71148758 1.07443816 0.01015488
0.71275888 1.07467118 0.01014163
0.71404497 1.07490184 0.01013316
0.71531627 1.07514921 0.01013640
0.71660236 1.07542190 0.01015262
0.71787367 1.07571145 0.01017593
0.71915976 1.07600508 0.01020042
0.72043106 1.07629371 0.01022274
0.72171715 1.07657160 0.01024143
0.72298845 1.07683594 0.01025633
0.72427454 1.07708490 0.01026742
0.72554585 1.07731506 0.01027374
0.72683194 1.07751928 0.01027288
0.72810324 1.07768969 0.01026115
0.72938933 1.07782363 0.01023709
0.73066064 1.07792700 0.01020363
0.73194672 1.07801251 0.01016613
0.73321803 1.07809306 0.01012911
0.73450412 1.07817617 0.01009437
0.73577542 1.07826356 0.01006099
0.73706151 1.07835391 0.01002703
0.73833282 1.07844545 0.00999092
0.73961890 1.07853634 0.00995139
0.74089021 1.07862475 0.00990734
0.74217630 1.07870869 0.00985779
0.74344760 1.07878505 0.00980158
0.74473369 1.07885134 0.00973778
0.74600500 1.07890632 0.00966620
0.74729108 1.07895063 0.00958754
0.74856239 1.07898770 0.00950355
0.74984848 1.07902273 0.00941647
0.75111978 1.07906122 0.00932832
0.75240587 1.07910771 0.00924051
0.75367718 1.07916567 0.00915387
0.75496327 1.07923760 0.00906883
0.75623457 1.07932512 0.00898552
0.75752066 1.07942930 0.00890392
0.75879196 1.07955085 0.00882393
0.76007805 1.07969030 0.00874542
0.76134936 1.07984830 0.00866829
0.76263545 1.08002642 0.00859277
0.76390675 1.08022696 0.00851924
0.76517806 1.08045360 0.00844849
0.76646414 1.08071232 0.00838209
0.76773545 1.08101038 0.00832212
0.76902154 1.08135199 0.00826951
0.77029284 1.08173461 0.00822289
0.77157893 1.08214864 0.00817889
0.77285024 1.08258077 0.00813331
0.77413633 1.08302083 0.00808398
0.77540763 1.08346124 0.00803008
0.77669372 1.08389479 0.00797069
0.77796502 1.08431578 0.00790528
0.77923633 1.08472048 0.00783403
0.78052242 1.08510858 0.00775819
0.78179372 1.08548408 0.00767993
0.78307981 1.08585474 0.00760261
0.78435112 1.08622812 0.00752904
0.78563720 1.08660898 0.00746007
0.78690851 1.08700039 0.00739561
0.78817982 1.08740447 0.00733548
0.78946590 1.08782301 0.00727935
0.79073721 1.08825734 0.00722661
0.79202330 1.08870788 0.00717658
0.79329460 1.08917401 0.00712837
0.79458069 1.08965286 0.00708054
0.79585200 1.09013906 0.00703145
0.79712330 1.09062669 0.00697967
0.79840939 1.09110997 0.00692424
0.79968070 1.09158373 0.00686461
0.80096678 1.09204445 0.00680079
0.80223809 1.09249034 0.00673306
0.80350939 1.09292293 0.00666275
0.80479548 1.09334752 0.00659177
0.80606679 1.09377304 0.00652322
0.80735288 1.09420942 0.00646069
0.80862418 1.09466140 0.00640420
0.80989549 1.09513105 0.00635323
0.81118157 1.09562143 0.00630797
0.81245288 1.09613555 0.00626824
0.81373897 1.09667502 0.00623386
0.81501027 1.09723722 0.00620317
0.81628158 1.09781676 0.00617426
0.81756767 1.09840803 0.00614536
0.81883897 1.09900616 0.00611548
0.82012506 1.09960614 0.00608353
0.82139637 1.10019988 0.00604676
0.82266767 1.10077832 0.00600305
0.82395376 1.10133428 0.00595060
0.82522507 1.10186827 0.00589078
0.82651115 1.10239246 0.00582953
0.82778246 1.10292263 0.00577252
0.82905376 1.10346934 0.00572257
0.83033985 1.10403732 0.00568027
0.83161116 1.10462796 0.00564534
0.83288246 1.10523980 0.00561678
0.83416855 1.10586965 0.00559346
0.83543986 1.10651310 0.00557414
0.83672594 1.10716438 0.00555723
0.83799725 1.10781720 0.00554115
0.83926856 1.10846525 0.00552442
0.84055464 1.10910245 0.00550561
0.84182595 1.10972313 0.00548345
0.84309725 1.11032294 0.00545706
0.84438334 1.11089976 0.00542592
0.84565465 1.11145511 0.00539093
0.84692595 1.11199590 0.00535431
0.84821204 1.11253406 0.00531953
0.84948335 1.11308262 0.00529013
0.85076944 1.11364846 0.00526725
0.85204074 1.11422901 0.00524930
0.85331205 1.11481593 0.00523299
0.85459813 1.11540019 0.00521592
0.85586944 1.11597485 0.00519667
0.85714075 1.11653465 0.00517399
0.85842683 1.11707496 0.00514677
0.85969814 1.11759437 0.00511491
0.86096944 1.11809400 0.00507901
0.86225553 1.11858054 0.00504117
0.86352684 1.11907000 0.00500725
0.86479814 1.11958066 0.00498287
0.86608423 1.12013116 0.00497249
0.86735554 1.12073386 0.00497942
0.86862684 1.12139154 0.00500374
0.86991293 1.12209680 0.00504177
0.87118424 1.12283448 0.00508782
0.87245554 1.12358696 0.00513619
0.87374163 1.12433419 0.00518100
0.87501293 1.12505978 0.00521819
0.87628424 1.12574928 0.00524376
0.87757033 1.12639113 0.00525467
0.87884163 1.12697822 0.00524961
0.88011294 1.12750659 0.00522827
0.88138424 1.12797666 0.00519230
0.88267033 1.12839173 0.00514429
0.88394164 1.12875711 0.00508771
0.88521294 1.12907911 0.00502568
0.88649903 1.12936533 0.00496125
0.88777034 1.12962745 0.00489976
0.88904164 1.12987942 0.00484662
0.89032773 1.13013104 0.00480444
0.89159904 1.13038727 0.00477298
0.89287034 1.13065131 0.00475073
0.89415643 1.13092525 0.00473623
0.89542774 1.13120935 0.00472781
0.89669904 1.13150114 0.00472350
0.89797035 1.13179725 0.00472164
0.89925643 1.13209410 0.00472109
0.90052774 1.13238690 0.00472035
0.90179905 1.13267161 0.00471832
0.90308513 1.13294374 0.00471420
0.90435644 1.13319805 0.00470649
0.90562774 1.13342994 0.00469391
0.90691383 1.13363507 0.00467544
0.90818514 1.13381109 0.00465064
0.90945644 1.13395780 0.00461997
0.91072775 1.13407848 0.00458515
0.91201384 1.13418125 0.00454929
0.91328514 1.13427469 0.00451510
0.91455645 1.13436799 0.00448480
0.91582775 1.13447153 0.00446047
0.91711384 1.13459476 0.00444355
0.91838515 1.13474596 0.00443495
0.91965645 1.13492989 0.00443472
0.92094254 1.13514611 0.00444198
0.92221385 1.13538738 0.00445376
0.92348515 1.13564006 0.00446540
0.92475646 1.13589230 0.00447370
0.92604254 1.13613759 0.00447729
0.92731385 1.13637284 0.00447607
0.92858516 1.13659762 0.00447095
0.92985646 1.13681197 0.00446288
0.93114255 1.13701653 0.00445285
0.93241385 1.13721194 0.00444178
0.93368516 1.13740082 0.00443135
0.93495647 1.13759192 0.00442531
0.93624255 1.13779667 0.00442780
0.93751386 1.13802816 0.00444239
0.93878516 1.13829904 0.00447115
0.94005647 1.13861402 0.00451284
0.94134256 1.13896505 0.00456267
0.94261386 1.13933827 0.00461550
0.94388517 1.13972276 0.00466841
0.94515647 1.14010880 0.00471918
0.94644256 1.14048870 0.00476625
0.94771387 1.14085525 0.00480833
0.94898517 1.14120171 0.00484391
0.95025648 1.14152296 0.00487214
0.95154257 1.14181353 0.00489179
0.95281387 1.14206989 0.00490168
0.95408518 1.14229269 0.00490245
0.95535648 1.14249140 0.00489776
0.95664257 1.14268696 0.00489572
0.95791388 1.14290437 0.00490525
0.95918518 1.14316025 0.00493050
0.96045649 1.14345446 0.00496972
0.96174258 1.14377896 0.00501964
0.96301388 1.14412631 0.00507818
0.96428519 1.14448837 0.00514330
0.96555649 1.14485699 0.00521301
0.96682780 1.14522268 0.00528450
0.96811389 1.14557531 0.00535464
0.96938519 1.14590706 0.00542104
0.97065650 1.14621319 0.00548257
0.97192780 1.14649125 0.00553894
0.97321389 1.14674118 0.00559048
0.97448520 1.14696615 0.00563873
0.97575650 1.14717169 0.00568580
0.97702781 1.14736580 0.00573438
0.97829911 1.14755777 0.00578732
0.97958520 1.14775513 0.00584658
0.98085651 1.14796228 0.00591290
0.98212781 1.14817981 0.00598591
0.98339912 1.14840608 0.00606484
0.98468520 1.14863814 0.00614900
0.98595651 1.14887157 0.00623704
0.98722781 1.14910146 0.00632772
0.98849912 1.14932248 0.00642001
0.98977043 1.14952946 0.00651266
0.99105651 1.14971819 0.00660489
0.99232782 1.14988526 0.00669632
0.99359912 1.15002771 0.00678675
0.99487043 1.15014288 0.00687597
0.99614174 1.15022789 0.00696345
0.99742782 1.15027970 0.00704823
0.99869913 1.15029784 0.00712990
0.99997043 1.15028412 0.00720924
1.00124174 1.15024217 0.00728759
1.00251305 1.15017637 0.00736629
1.00378435 1.15008970 0.00744599
1.00507044 1.14998356 0.00752655
1.00634174 1.14985827 0.00760753
1.00761305 1.14971392 0.00768853
1.00888436 1.14955073 0.00776938
1.01015566 1.14936914 0.00785010
1.01144175 1.14916985 0.00793087
1.01271305 1.14895380 0.00801205
1.01398436 1.14872221 0.00809413
1.01525567 1.14847658 0.00817776
1.01652697 1.14821857 0.00826366
1.01779828 1.14794962 0.00835253
1.01908436 1.14767054 0.00844476
1.02035567 1.14738053 0.00854008
1.02162698 1.14707577 0.00863654
1.02289828 1.14674989 0.00873097
1.02416959 1.14639662 0.00882035
1.02545567 1.14601267 0.00890323
1.02672698 1.14559846 0.00897990
1.02799829 1.14515670 0.00905148
1.02926959 1.14469105 0.00911991
1.03054090 1.14420479 0.00918671
1.03181220 1.14370190 0.00925363
1.03309829 1.14318716 0.00932296
1.03436960 1.14266513 0.00939691
1.03564090 1.14213844 0.00947688
1.03691221 1.14160721 0.00956320
1.03818351 1.14107010 0.00965583
1.03945482 1.14052467 0.00975413
1.04072612 1.13996869 0.00985767
1.04201221 1.13939979 0.00996633
1.04328352 1.13881550 0.01007962
1.04455482 1.13821365 0.01019722
1.04582613 1.13759194 0.01031861
1.04709743 1.13694838 0.01044344
1.04836874 1.13628152 0.01057143
1.04965483 1.13559169 0.01070277
1.05092613 1.13488155 0.01083931
1.05219744 1.13415459 0.01098284
1.05346874 1.13341493 0.01113521
1.05474005 1.13266778 0.01129895
1.05601135 1.13191943 0.01147685
1.05728266 1.13117751 0.01167236
1.05856875 1.13044784 0.01188786
1.05984005 1.12973255 0.01212440
1.06111136 1.12902896 0.01238072
1.06238266 1.12832933 0.01265350
1.06365397 1.12762812 0.01294047
1.06492527 1.12692205 0.01323968
1.06619658 1.12620703 0.01354897
1.06746788 1.12547879 0.01386594
1.06875397 1.12473206 0.01418752
1.07002528 1.12396152 0.01451036
1.07129658 1.12316190 0.01483146
1.07256789 1.12232876 0.01514846
1.07383919 1.12145829 0.01546007
1.07511050 1.12054832 0.01576633
1.07638181 1.11960285 0.01606897
1.07766789 1.11863236 0.01637273
1.07893920 1.11765221 0.01668314
1.08021050 1.11667537 0.01700398
1.08148181 1.11570356 0.01733591
1.08275312 1.11473050 0.01767648
1.08402442 1.11374929 0.01802291
1.08529573 1.11275451 0.01837282
1.08656703 1.11174097 0.01872369
1.08783834 1.11070410 0.01907341
1.08912443 1.10963953 0.01942007
1.09039573 1.10854300 0.01976167
1.09166704 1.10741109 0.02009658
1.09293834 1.10624085 0.02042331
1.09420965 1.10502971 0.02074070
1.09548095 1.10377550 0.02104768
1.09675226 1.10247669 0.02134365
1.09802356 1.10113228 0.02162834
1.09930965 1.09974252 0.02190139
1.10058096 1.09830889 0.02216355
1.10185226 1.09683318 0.02241554
1.10312357 1.09531772 0.02265814
1.10439487 1.09376535 0.02289270
1.10566618 1.09217916 0.02312060
1.10693748 1.09056281 0.02334359
1.10820879 1.08892069 0.02356359
1.10948010 1.08725800 0.02378273
1.11075140 1.08558068 0.02400336
1.11203749 1.08389516 0.02422786
1.11330879 1.08220812 0.02445871
1.11458010 1.08052619 0.02469814
1.11585141 1.07885554 0.02494830
1.11712271 1.07720060 0.02521073
1.11839402 1.07556340 0.02548682
1.11966532 1.07393987 0.02577871
1.12093663 1.07231795 0.02608859
1.12220793 1.07068349 0.02642070
1.12347924 1.06902499 0.02677983
1.12475054 1.06733804 0.02716863
1.12603663 1.06562630 0.02758801
1.12730794 1.06389774 0.02803763
1.12857924 1.06216153 0.02851702
1.12985055 1.06042696 0.02902524
1.13112185 1.05870503 0.02956039
1.13239316 1.05700712 0.03011987
1.13366446 1.05534411 0.03070029
1.13493577 1.05372542 0.03129756
1.13620707 1.05215866 0.03190734
1.13747838 1.05064715 0.03252183
1.13874969 1.04918786 0.03313590
1.14002099 1.04776669 0.03375169
1.14130708 1.04636519 0.03438077
1.14257838 1.04496986 0.03503321
1.14384969 1.04356783 0.03571299
1.14512100 1.04215315 0.03642261
1.14639230 1.04073611 0.03716576
1.14766361 1.03933597 0.03793534
1.14893491 1.03796059 0.03872555
1.15020622 1.03659924 0.03952967
1.15147752 1.03523388 0.04033749
1.15274883 1.03385526 0.04114955
1.15402013 1.03244924 0.04196039
1.15529144 1.03179993 0.04234324
1.15656274 1.03044727 0.04310530
1.15783405 1.02911015 0.04385861
1.15912014 1.02778853 0.04460117
1.16039144 1.02648234 0.04533100
1.16166275 1.02519148 0.04604617
1.16293405 1.02391578 0.04674477
1.16420536 1.02265506 0.04742493
1.16547667 1.02140908 0.04808480
1.16674797 1.02017757 0.04872257
1.16801928 1.01896023 0.04933650
1.16929058 1.01775672 0.04992484
1.17056189 1.01656664 0.05048592
1.17183319 1.01538959 0.05101809
1.17310450 1.01422512 0.05151976
1.17437580 1.01307276 0.05198937
1.17564711 1.01193198 0.05242541
1.17691841 1.01080226 0.05282643
1.17818972 1.00968302 0.05319101
1.17946103 1.00857367 0.05351782
1.18074711 1.00747358 0.05380553
1.18201842 1.00638213 0.05405291
1.18328972 1.00529863 0.05425877
1.18456103 1.00422240 0.05442198
1.18583234 1.00315274 0.05454147
1.18710364 1.00208893 0.05461625
1.18837495 1.00103022 0.05464537
1.18964625 0.99997587 0.05462796
1.19091756 0.99892512 0.05456324
1.19218886 0.99787718 0.05445047
1.19346017 0.99683128 0.05428901
1.19473147 0.99578663 0.05407830
1.19600278 0.99474243 0.05381783
1.19727408 0.99369791 0.05350720
1.19854539 0.99265226 0.05314610
1.19981670 0.99160468 0.05273429
1.20108800 0.99055440 0.05227163
1.20235931 0.98950064 0.05175808
1.20363061 0.98844260 0.05119367
1.20490192 0.98737955 0.05057855
1.20617322 0.98631071 0.04991298
1.20744453 0.98523536 0.04919730
1.20873062 0.98415277 0.04843197
1.21000192 0.98306224 0.04761755
1.21127323 0.98196309 0.04675473
1.21254453 0.98085466 0.04584429
1.21381584 0.97973632 0.04488714
1.21508714 0.97860745 0.04388430
1.21635845 0.97746749 0.04283693
1.21762975 0.97631588 0.04174630
1.21890106 0.97515212 0.04061381
1.22017237 0.97397572 0.03944099
1.22144367 0.97278624 0.03822950
1.22271498 0.97158329 0.03698114
1.22398628 0.97036652 0.03569785
1.22525759 0.96913560 0.03438171
1.22652889 0.96789028 0.03303495
1.22780020 0.96663034 0.03165996
1.22907150 0.96535562 0.03025925
1.23034281 0.96406601 0.02883553
1.23161411 0.96276147 0.02739166
1.23288542 0.96144201 0.02593068
1.23415673 0.96010770 0.02445581
1.23542803 0.95875868 0.02297046
1.23669934 0.95739517 0.02147825
1.23797064 0.95601744 0.01998306
1.23924195 0.95462587 0.01848898
1.24051325 0.95322087 0.01700044
1.24178456 0.95180298 0.01552220
1.24305586 0.95037281 0.01405946
1.24432717 0.94893105 0.01261798
1.24559847 0.94747850 0.01120430
1.24686978 0.94601605 0.00982611
1.24814109 0.94454470 0.00849280
1.24941239 0.94306554 0.00721668
1.25068370 0.94157981 0.00601508
1.25195500 0.94008882 0.00491464
1.25322631 0.93859405 0.00395952
1.25449761 0.93709708 0.00322365
1.25576892 0.93559963 0.00281012
1.25704022 0.93410356 0.00278583
1.25831153 0.93261088 0.00308642
1.25958283 0.93112374 0.00356582
1.26085414 0.92964447 0.00410375
1.26212545 0.92817555 0.00462771
1.26339675 0.92671962 0.00509553
1.26466806 0.92527953 0.00548066
1.26593936 0.92385830 0.00576432
1.26721067 0.92245912 0.00593176
1.26848197 0.92108543 0.00597034
1.26975328 0.91974083 0.00586857
1.27102458 0.91842918 0.00561566
1.27229589 0.91715454 0.00520133
1.27356719 0.91592122 0.00461595
1.27483850 0.91473376 0.00385143
1.27610981 0.91359698 0.00290477
1.27738111 0.91251596 0.00179826
1.27865242 0.91149606 0.00083358
1.27992372 0.91054293 0.00164530
1.28119503 0.90966256 0.00341010
-0.96316762 0.91235719 0.00215735
-0.96189631 0.91560348 0.00237577
-0.96062353 0.91697916 0.00245095
-0.95934927 0.91807082 0.00256840
-0.95807353 0.91921209 0.00275920
-0.95679779 0.92101255 0.00305473
-0.95551909 0.92449888 0.00409728
-0.95423744 0.93155507 0.00809292
-0.95295431 0.95044065 0.01713726
-0.95167118 0.97476651 0.02414780
-0.95038804 0.97398860 0.02317776
-0.94910048 0.94645257 0.01962535
-0.94781143 0.91953983 0.01704688
-0.94651943 0.90213826 0.01522536
-0.94522743 0.88992740 0.01398637
-0.94393247 0.88047789 0.01294182
-0.94263604 0.87195281 0.01211302
-0.94133960 0.86387466 0.01137915
-0.94004021 0.85605817 0.01072642
-0.93873934 0.84865455 0.01015628
-0.93743699 0.84172615 0.00966025
-0.93613316 0.83524387 0.00922199
-0.93482786 0.82914474 0.00882435
-0.93351959 0.82337884 0.00846952
-0.93221133 0.81790493 0.00813947
-0.93090011 0.81267724 0.00784281
-0.92958890 0.80767583 0.00756680
-0.92827472 0.80286810 0.00731494
-0.92695907 0.79823117 0.00707201
-0.92564341 0.79374543 0.00685351
-0.92432480 0.78940420 0.00664323
-0.92300472 0.78518477 0.00644943
-0.92168315 0.78107733 0.00626423
-0.92036010 0.77707849 0.00608658
-0.91903410 0.77317849 0.00591796
-0.91770810 0.76938682 0.00574899
-0.91638062 0.76570017 0.00559578
-0.91505167 0.76211849 0.00545049
-0.91371975 0.75863207 0.00530844
-0.91238784 0.75520556 0.00517529
-0.91105297 0.75182924 0.00504955
-0.90971810 0.74848377 0.00492804
-0.90838027 0.74518515 0.00481120
-0.90704096 0.74192046 0.00469808
-0.90570166 0.73869285 0.00459283
-0.90435940 0.73549907 0.00448346
-0.90301565 0.73233904 0.00438241
-0.90167044 0.72920951 0.00428551
-0.90032374 0.72610398 0.00419233
-0.89897556 0.72302562 0.00410375
-0.89762591 0.71997440 0.00401055
-0.89627478 0.71694380 0.00392937
-0.89492217 0.71394024 0.00384818
-0.89356808 0.71095076 0.00376741
-0.89221251 0.70798500 0.00369035
-0.89085547 0.70503970 0.00361282
-0.88949695 0.70211157 0.00353986
-0.88813547 0.69919732 0.00347062
-0.88677399 0.69629691 0.00340178
-0.88541103 0.69341680 0.00333247
-0.88404659 0.69054718 0.00326730
-0.88267920 0.68768802 0.00320167
-0.88131181 0.68484578 0.00314060
-0.87994294 0.68201064 0.00307950
-0.87857259 0.67919234 0.00302170
-0.87719928 0.67638104 0.00296847
-0.87582598 0.67358325 0.00291100
-0.87445120 0.67079237 0.00285349
-0.87307345 0.66800833 0.00280392
-0.87169571 0.66523440 0.00275051
-0.87031650 0.66246722 0.00269705
-0.86893580 0.65971003 0.00265115
-0.86755215 0.65695952 0.00260180
-0.86616849 0.65421562 0.00255581
-0.86478336 0.65147829 0.00250634
-0.86339675 0.64874417 0.00246065
-0.86200866 0.64601983 0.00241450
-0.86061762 0.64329858 0.00237678
-0.85922657 0.64058371 0.00233092
-0.85783405 0.63786850 0.00228925
-0.85644005 0.63515955 0.00225099
-0.85504457 0.63245681 0.00220920
-0.85364761 0.62975689 0.00217123
-0.85224918 0.62705973 0.00213709
-0.85084926 0.62436193 0.00209901
-0.84944787 0.62167013 0.00206088
-0.84804648 0.61898090 0.00202659
-0.84664213 0.61629083 0.00199655
-0.84523630 0.61359984 0.00196253
-0.84382899 0.61091124 0.00193240
-0.84242169 0.60822496 0.00189791
-0.84101143 0.60552738 0.00186769
-0.83960116 0.60283535 0.00183742
-0.83818795 0.60014201 0.00181141
-0.83677473 0.59743708 0.00178505
-0.83536003 0.59473406 0.00175897
-0.83394238 0.59203289 0.00173686
-0.83252472 0.58931980 0.00171070
-0.83110559 0.58660494 0.00168885
-0.82968498 0.58388134 0.00166634
-0.82826289 0.58115578 0.00164442
-0.82684081 0.57843160 0.00162652
-0.82541576 0.57570528 0.00160452
-0.82398924 0.57297673 0.00158688
-0.82256272 0.57025627 0.00156888
-0.82113324 0.56754736 0.00155116
-0.81970376 0.56483256 0.00153342
-0.81827280 0.56213970 0.00151973
-0.81684036 0.55945485 0.00150191
-0.81540645 0.55678501 0.00148404
-0.81397106 0.55414076 0.00146611
-0.81253418 0.55151516 0.00144403
-0.81109584 0.54891532 0.00142557
-0.80965749 0.54634844 0.00140743
-0.80821618 0.54380403 0.00138469
-0.80677488 0.54129286 0.00136595
-0.80533209 0.53881509 0.00134757
-0.80388783 0.53637089 0.00132451
-0.80244209 0.53394968 0.00130549
-0.80099487 0.53155876 0.00128222
-0.79954765 0.52919467 0.00126254
-0.79809748 0.52685033 0.00123860
-0.79664730 0.52452580 0.00121920
-0.79519565 0.52221395 0.00119508
-0.79374252 0.51991843 0.00117085
-0.79228791 0.51762837 0.00115543
-0.79083182 0.51534743 0.00113066
-0.78937573 0.51306095 0.00111086
-0.78791669 0.51077987 0.00109496
-0.78645764 0.50848946 0.00107938
-0.78499712 0.50619327 0.00106377
-0.78353512 0.50389123 0.00104813
-0.78207164 0.50156838 0.00103689
-0.78060816 0.49923568 0.00102588
-0.77914320 0.49688180 0.00101933
-0.77767528 0.49451400 0.00100833
-0.77620885 0.49211709 0.00099732
-0.77473946 0.48970958 0.00099082
-0.77326859 0.48728755 0.00098465
-0.77179771 0.48485836 0.00098286
-0.77032537 0.48241810 0.00098127
-0.76885154 0.47997804 0.00097495
-0.76737623 0.47754192 0.00096861
-0.76590093 0.47510971 0.00096726
-0.76442266 0.47269293 0.00096089
-0.76294440 0.47028393 0.00095933
-0.76146466 0.46789435 0.00095318
-0.75998492 0.46553206 0.00094702
-0.75850222 0.46318558 0.00094087
-0.75701953 0.46088234 0.00093429
-0.75553535 0.45860704 0.00092348
-0.75405118 0.45637166 0.00091677
-0.75256405 0.45417653 0.00090588
-0.75107691 0.45201803 0.00089396
-0.74958830 0.44990042 0.00088194
-0.74809822 0.44782005 0.00087029
-0.74660813 0.44578121 0.00085857
-0.74511656 0.44377224 0.00084109
-0.74362352 0.44179738 0.00082864
-0.74212899 0.43984079 0.00081611
-0.74063447 0.43791472 0.00080349
-0.73913847 0.43599917 0.00079034
-0.73764099 0.43409826 0.00077758
-0.73614351 0.43220801 0.00076437
-0.73464307 0.43031624 0.00075632
-0.73314412 0.42841880 0.00074827
-0.73164220 0.42651562 0.00074023
-0.73014029 0.42459837 0.00073736
-0.72863542 0.42266275 0.00073452
-0.72713202 0.42070442 0.00072655
-0.72562567 0.41871479 0.00072393
-0.72411933 0.41669768 0.00072658
-0.72261150 0.41466957 0.00071381
-0.72110367 0.41266390 0.00070625
-0.71959436 0.41069773 0.00070365
-0.71808358 0.40877145 0.00069564
-0.71657132 0.40687266 0.00069259
-0.71505906 0.40499738 0.00068445
-0.71354532 0.40314151 0.00067626
-0.71203158 0.40130522 0.00066799
-0.71051488 0.39948868 0.00065966
-0.70899966 0.39767911 0.00065128
-0.70748148 0.39588520 0.00064795
-0.70596331 0.39410275 0.00063946
-0.70444366 0.39233183 0.00063058
-0.70292400 0.39056380 0.00062197
-0.70140287 0.38881181 0.00061852
-0.69988026 0.38706279 0.00061534
-0.69835765 0.38532117 0.00060631
-0.69683356 0.38359143 0.00060279
-0.69530800 0.38186477 0.00058862
-0.69378243 0.38015012 0.00058501
-0.69225538 0.37842966 0.00058142
-0.69072834 0.37672578 0.00057800
-0.68919982 0.37502962 0.00056873
-0.68766982 0.37333217 0.00056507
-0.68613981 0.37163794 0.00056154
-0.68460833 0.36995605 0.00055782
-0.68307685 0.36827747 0.00055424
-0.68154390 0.36661137 0.00055047
-0.68001094 0.36493947 0.00054670
-0.67847650 0.36328015 0.00053731
-0.67694059 0.36162425 0.00053348
-0.67540467 0.35997178 0.00052972
-0.67386728 0.35833210 0.00052583
-0.67232841 0.35669126 0.00052771
-0.67078954 0.35506334 0.00052388
-0.66925067 0.35343431 0.00051994
-0.66771032 0.35182306 0.00051605
-0.66616849 0.35021077 0.00051204
-0.66462666 0.34860693 0.00051402
-0.66308484 0.34701162 0.00050995
-0.66154005 0.34542493 0.00050586
-0.65999675 0.34384209 0.00050185
-0.65845049 0.34227764 0.00050367
-0.65690570 0.34072207 0.00049361
-0.65535796 0.33917543 0.00049540
-0.65381022 0.33764271 0.00049129
-0.65226248 0.33611914 0.00048717
-0.65071326 0.33461465 0.00047687
-0.64916404 0.33312941 0.00047241
-0.64761335 0.33166364 0.00046814
-0.64606265 0.33021751 0.00046343
-0.64451047 0.32880122 0.00045899
-0.64295830 0.32740003 0.00045438
-0.64140464 0.32599898 0.00045596
-0.63985099 0.32459808 0.00044515
-0.63829586 0.32318717 0.00044673
-0.63674073 0.32177120 0.00044834
-0.63518412 0.32034504 0.00044374
-0.63362751 0.31892901 0.00043913
-0.63207090 0.31750780 0.00044068
-0.63051133 0.31609166 0.00044237
-0.62895324 0.31467547 0.00043126
-0.62739368 0.31326957 0.00043924
-0.62583411 0.31186367 0.00042810
-0.62427306 0.31046820 0.00042969
-0.62271202 0.30908327 0.00043129
-0.62114950 0.30769844 0.00042643
-0.61958697 0.30631899 0.00042803
-0.61802445 0.30496092 0.00042313
-0.61646045 0.30360311 0.00042471
-0.61489497 0.30225625 0.00042630
-0.61333097 0.30091510 0.00042788
-0.61176401 0.29959050 0.00041626
-0.61019853 0.29827718 0.00041780
-0.60863157 0.29696440 0.00041937
-0.60706461 0.29566853 0.00042091
-0.60549618 0.29438428 0.00041574
-0.60392774 0.29310625 0.00041056
-0.60235783 0.29185105 0.00041206
-0.60078939 0.29059125 0.00041358
-0.59921800 0.28934902 0.00040833
-0.59764808 0.28811338 0.00040983
-0.59607669 0.28690118 0.00040440
-0.59450530 0.28568460 0.00039898
-0.59293243 0.28448611 0.00040042
-0.59135956 0.28328894 0.00039495
-0.58978669 0.28211580 0.00039636
-0.58821234 0.28094416 0.00039086
-0.58663799 0.27978544 0.00039218
-0.58506364 0.27863981 0.00038656
-0.58348781 0.27749585 0.00038086
-0.58191198 0.27635937 0.00037516
-0.58033616 0.27523042 0.00037649
-0.57875885 0.27411491 0.00037781
-0.57718302 0.27300714 0.00037197
-0.57560424 0.27190718 0.00036612
-0.57402693 0.27081510 0.00036740
-0.57244815 0.26972507 0.00036870
-0.57086937 0.26863713 0.00036283
-0.56929058 0.26755722 0.00035675
-0.56771032 0.26648541 0.00035800
-0.56613006 0.26541581 0.00035947
-0.56454980 0.26434243 0.00035326
-0.56296805 0.26327726 0.00035452
-0.56138779 0.26222042 0.00034850
-0.55980605 0.26115373 0.00035705
-0.55822283 0.26008931 0.00035101
-0.55664109 0.25902715 0.00035228
-0.55505787 0.25795499 0.00036127
-0.55347466 0.25688506 0.00036259
-0.55189144 0.25580500 0.00036362
-0.55030822 0.25470847 0.00036500
-0.54872352 0.25362022 0.00036627
-0.54713882 0.25251531 0.00036769
-0.54555413 0.25141238 0.00036145
-0.54396943 0.25034926 0.00035508
-0.54238325 0.24930108 0.00035650
-0.54079708 0.24829341 0.00035779
-0.53921090 0.24730121 0.00035907
-0.53762473 0.24631824 0.00035244
-0.53603855 0.24535101 0.00035390
-0.53445090 0.24440611 0.00035512
-0.53286472 0.24346440 0.00035612
-0.53127707 0.24253239 0.00035735
-0.52968942 0.24160367 0.00035070
-0.52810029 0.24069786 0.00034380
-0.52651263 0.23978896 0.00034521
-0.52492498 0.23889011 0.00034613
-0.52333585 0.23798822 0.00033933
-0.52174671 0.23710309 0.00034035
-0.52015758 0.23622161 0.00034161
-0.51856845 0.23533717 0.00033452
-0.51697932 0.23445640 0.00033565
-0.51538871 0.23359275 0.00033677
-0.51379958 0.23272621 0.00033790
-0.51220897 0.23185674 0.00033905
-0.51061836 0.23099788 0.00033187
-0.50902775 0.23014290 0.00033298
-0.50743714 0.22928503 0.00033411
-0.50584653 0.22843793 0.00033536
-0.50425592 0.22759484 0.00033649
-0.50266383 0.22674891 0.00033763
-0.50107322 0.22591393 0.00033020
-0.49948261 0.22507612 0.00033978
-0.49789052 0.22424940 0.00033242
-0.49629843 0.22341987 0.00034220
-0.49470782 0.22259456 0.00033468
-0.49311573 0.22177346 0.00033580
-0.49152364 0.22096369 0.00033721
-0.48993156 0.22015828 0.00033833
-0.48833947 0.21935727 0.00033918
-0.48674738 0.21856070 0.00034059
-0.48515529 0.21777577 0.00033323
-0.48356320 0.21698824 0.00033389
-0.48196964 0.21621246 0.00033499
-0.48037755 0.21544856 0.00033653
-0.47878546 0.21469667 0.00032911
-0.47719337 0.21394234 0.00032955
-0.47559980 0.21321471 0.00033121
-0.47400772 0.21248480 0.00032297
-0.47241563 0.21178191 0.00032395
-0.47082206 0.21108422 0.00031633
-0.46922997 0.21041392 0.00030786
-0.46763788 0.20974904 0.00030876
-0.46604432 0.20910446 0.00030964
-0.46445223 0.20845805 0.00031052
-0.46286014 0.20781724 0.00031088
-0.46126658 0.20715964 0.00031232
-0.45967449 0.20650012 0.00030375
-0.45808240 0.20584616 0.00030464
-0.45649031 0.20519027 0.00030554
-0.45489822 0.20452488 0.00029697
-0.45330613 0.20386507 0.00029786
-0.45171257 0.20320327 0.00029876
-0.45012048 0.20254710 0.00030923
-0.44852839 0.20189664 0.00030055
-0.44693778 0.20124422 0.00030202
-0.44534569 0.20059754 0.00030293
-0.44375360 0.19994892 0.00030384
-0.44216151 0.19929834 0.00030476
-0.44057090 0.19866135 0.00029581
-0.43897882 0.19803025 0.00029669
-0.43738821 0.19739728 0.00029758
-0.43579612 0.19676241 0.00029847
-0.43420551 0.19614925 0.00029934
-0.43261490 0.19552640 0.00030104
-0.43102429 0.19490961 0.00030192
-0.42943368 0.19430690 0.00029264
-0.42784307 0.19368650 0.00029351
-0.42625394 0.19308821 0.00029436
-0.42466333 0.19248817 0.00029522
-0.42307419 0.19191050 0.00029605
-0.42148358 0.19131509 0.00028757
-0.41989445 0.19073409 0.00028839
-0.41830532 0.19015144 0.00028922
-0.41671619 0.18959149 0.00029001
-0.41512853 0.18900554 0.00029086
-0.41353940 0.18845059 0.00028234
-0.41195175 0.18788590 0.00028314
-0.41036262 0.18734426 0.00028390
-0.40877496 0.18679291 0.00029408
-0.40718731 0.18624005 0.00028430
-0.40560114 0.18571048 0.00028624
-0.40401348 0.18516289 0.00028704
-0.40242731 0.18463876 0.00028780
-0.40084113 0.18411323 0.00028857
-0.39925496 0.18359467 0.00027997
-0.39766878 0.18307473 0.00027923
-0.39608261 0.18256181 0.00028146
-0.39449791 0.18205597 0.00028220
-0.39291321 0.18155728 0.00027365
-0.39132851 0.18105730 0.00027254
-0.38974382 0.18056451 0.00027507
-0.38816060 0.18007047 0.00026448
-0.38657738 0.17958368 0.00026516
-0.38499416 0.17910422 0.00026418
-0.38341094 0.17863214 0.00026649
-0.38182920 0.17815890 0.00025581
-0.38024598 0.17769309 0.00025645
-0.37866424 0.17722613 0.00025708
-0.37708398 0.17675800 0.00025773
-0.37550224 0.17631480 0.00025834
-0.37392198 0.17585312 0.00024940
-0.37234172 0.17540776 0.00025000
-0.37076145 0.17496133 0.00025060
-0.36918267 0.17452261 0.00024936
-0.36760388 0.17408286 0.00024014
-0.36602510 0.17364202 0.00025240
-0.36444780 0.17320900 0.00024129
-0.36286901 0.17275720 0.00024188
-0.36129171 0.17233095 0.00024245
-0.35971588 0.17189481 0.00023132
-0.35814005 0.17145760 0.00023392
-0.35656422 0.17102828 0.00023448
-0.35498840 0.17059794 0.00023504
-0.35341405 0.17016657 0.00023560
-0.35183970 0.16974319 0.00023410
-0.35026535 0.16931881 0.00022469
-0.34869248 0.16890245 0.00023521
-0.34711961 0.16847606 0.00022576
-0.34554674 0.16806684 0.00022628
-0.34397534 0.16765667 0.00022680
-0.34240395 0.16724555 0.00022733
-0.34083256 0.16683346 0.00022787
-0.33926264 0.16643880 0.00021624
-0.33769273 0.16602481 0.00021675
-0.33612429 0.16563754 0.00021723
-0.33455586 0.16524016 0.00020561
-0.33298742 0.16484185 0.00020814
-0.33142046 0.16446123 0.00020653
-0.32985350 0.16407044 0.00020700
-0.32828655 0.16368811 0.00019712
-0.32672107 0.16329557 0.00019757
-0.32515559 0.16293025 0.00019799
-0.32359159 0.16254536 0.00019667
-0.32202758 0.16217844 0.00019709
-0.32046358 0.16181072 0.00019752
-0.31890106 0.16145168 0.00018724
-0.31734002 0.16108238 0.00018765
-0.31577749 0.16073129 0.00017565
-0.31421793 0.16036993 0.00017501
-0.31265688 0.16001733 0.00017640
-0.31109731 0.15967356 0.00016391
-0.30953923 0.15932908 0.00016425
-0.30798114 0.15899348 0.00015297
-0.30642305 0.15866681 0.00016490
-0.30486644 0.15833952 0.00015358
-0.30330983 0.15801156 0.00015387
-0.30175470 0.15767328 0.00015420
-0.30019957 0.15732461 0.00015453
-0.29864591 0.15699464 0.00014345
-0.29709226 0.15662505 0.00015519
-0.29554008 0.15626439 0.00014409
-0.29398791 0.15589314 0.00015588
-0.29243721 0.15553086 0.00014474
-0.29088651 0.15514812 0.00014509
-0.28933730 0.15476447 0.00014543
-0.28778808 0.15437990 0.00014578
-0.28623886 0.15398454 0.00013499
-0.28469112 0.15357825 0.00014651
-0.28314485 0.15319084 0.00014686
-0.28159859 0.15279252 0.00013600
-0.28005381 0.15240319 0.00013633
-0.27850902 0.15199286 0.00014797
-0.27696572 0.15159153 0.00013703
-0.27542241 0.15118917 0.00013588
-0.27388059 0.15077568 0.00013774
-0.27234024 0.15038134 0.00013809
-0.27079989 0.14995557 0.00013847
-0.26925954 0.14955916 0.00013882
-0.26772067 0.14914135 0.00012582
-0.26618327 0.14873261 0.00013956
-0.26464588 0.14831256 0.00012650
-0.26310997 0.14790163 0.00014031
-0.26157405 0.14747931 0.00012718
-0.26003962 0.14706614 0.00014108
-0.25850518 0.14664150 0.00012788
-0.25697222 0.14622606 0.00014186
-0.25544074 0.14579907 0.00012859
-0.25390926 0.14537087 0.00013149
-0.25237926 0.14494143 0.00014307
-0.25084926 0.14451079 0.00012970
-0.24932074 0.14406836 0.00013008
-0.24779369 0.14362460 0.00013047
-0.24626665 0.14317953 0.00013086
-0.24474108 0.14273312 0.00013125
-0.24321552 0.14227467 0.00014565
-0.24169143 0.14181480 0.00014451
-0.24016882 0.14136424 0.00014496
-0.23864621 0.14087995 0.00014544
-0.23712508 0.14039405 0.00014592
-0.23560542 0.13993910 0.00011985
-0.23408577 0.13951534 0.00012020
-0.23256759 0.13911217 0.00010803
-0.23104942 0.13874067 0.00012282
-0.22953272 0.13839017 0.00010858
-0.22801750 0.13804978 0.00012342
-0.22650376 0.13771961 0.00012370
-0.22499002 0.13738867 0.00012399
-0.22347628 0.13706804 0.00010959
-0.22196550 0.13674667 0.00011316
-0.22045471 0.13641345 0.00011343
-0.21894541 0.13609060 0.00009845
-0.21743610 0.13577816 0.00011394
-0.21592827 0.13544264 0.00011422
-0.21442193 0.13511755 0.00009914
-0.21291705 0.13478043 0.00009938
-0.21141218 0.13445378 0.00010461
-0.20990879 0.13411505 0.00010486
-0.20840540 0.13377549 0.00010512
-0.20690496 0.13342374 0.00010036
-0.20540453 0.13307110 0.00008971
-0.20390557 0.13271752 0.00010593
-0.20240661 0.13236306 0.00009718
-0.20090913 0.13200766 0.00009041
-0.19941313 0.13163982 0.00009769
-0.19791861 0.13127098 0.00010706
-0.19642408 0.13090115 0.00009115
-0.19493104 0.13051869 0.00009141
-0.19343947 0.13013513 0.00009167
-0.19194791 0.12975048 0.00009193
-0.19045930 0.12936472 0.00009220
-0.18897069 0.12896610 0.00008304
-0.18748355 0.12857806 0.00008329
-0.18599642 0.12818888 0.00008353
-0.18451077 0.12779854 0.00008378
-0.18302659 0.12740705 0.00008403
-0.18154390 0.12701438 0.00008428
-0.18006268 0.12664442 0.00010143
-0.17858146 0.12626145 0.00008477
-0.17710172 0.12586532 0.00008503
-0.17562346 0.12549209 0.00007815
-0.17414667 0.12510567 0.00008553
-0.17266989 0.12473023 0.00007862
-0.17119606 0.12434152 0.00008604
-0.16972223 0.12396383 0.00007909
-0.16824841 0.12357277 0.00008657
-0.16677754 0.12319279 0.00007957
-0.16530667 0.12279935 0.00008710
-0.16383875 0.12241703 0.00008006
-0.16237084 0.12204593 0.00008030
-0.16090440 0.12163645 0.00008056
-0.15943796 0.12126303 0.00008080
-0.15797449 0.12087599 0.00007709
-0.15651101 0.12047518 0.00008132
-0.15504900 0.12009824 0.00008157
-0.15358848 0.11970753 0.00007782
-0.15212944 0.11931557 0.00006458
-0.15067039 0.11890964 0.00007833
-0.14921430 0.11851511 0.00006501
-0.14775822 0.11813208 0.00006521
-0.14630375 0.11772217 0.00007910
-0.14485062 0.11732375 0.00006565
-0.14339867 0.11691108 0.00007964
-0.14194791 0.11650995 0.00006610
-0.14049847 0.11609446 0.00008019
-0.13905022 0.11567752 0.00006394
-0.13760344 0.11527219 0.00008074
-0.13615770 0.11485234 0.00006439
-0.13471344 0.11441779 0.00006463
-0.13327021 0.11399485 0.00008161
-0.13182846 0.11357038 0.00008192
-0.13038804 0.11314436 0.00006534
-0.12894881 0.11270338 0.00006559
-0.12751090 0.11226070 0.00006584
-0.12607433 0.11181631 0.00006610
-0.12463893 0.11137019 0.00006636
-0.12320502 0.11089510 0.00008384
-0.12177229 0.11043169 0.00006691
-0.12034104 0.10998007 0.00006718
-0.11891096 0.10948532 0.00006748
-0.11748222 0.10902988 0.00006775
-0.11605496 0.10853089 0.00006806
-0.11462888 0.10802964 0.00006837
-0.11320413 0.10754014 0.00005244
-0.11178086 0.10703436 0.00005269
-0.11035892 0.10652622 0.00005293
-0.10893816 0.10600147 0.00006965
-0.10751888 0.10550275 0.00005343
-0.10610108 0.10498735 0.00005369
-0.10468446 0.10448387 0.00007351
-0.10326932 0.10396352 0.00007387
-0.10185551 0.10345517 0.00007133
-0.10044304 0.10294436 0.00005474
-0.09903203 0.10241634 0.00005501
-0.09762236 0.10188564 0.00005529
-0.09621417 0.10135221 0.00005558
-0.09480731 0.10081601 0.00005587
-0.09340178 0.10027699 0.00005616
-0.09199772 0.09973511 0.00005646
-0.09059500 0.09917515 0.00006437
-0.08919376 0.09861206 0.00007780
-0.08779384 0.09804582 0.00005742
-0.08639541 0.09747633 0.00006547
-0.08499845 0.09690354 0.00007915
-0.08360282 0.09632742 0.00005843
-0.08220867 0.09573216 0.00008010
-0.08081600 0.09513326 0.00006706
-0.07942466 0.09453063 0.00005952
-0.07803480 0.09394019 0.00006790
-0.07664641 0.09332997 0.00006027
-0.07525951 0.09271581 0.00004586
-0.07387393 0.09209759 0.00006923
-0.07248984 0.09147527 0.00006147
-0.07110722 0.09086529 0.00007016
-0.06972608 0.09023461 0.00006231
-0.06834642 0.08961631 0.00007112
-0.06696823 0.08901066 0.00007160
-0.06559138 0.08841792 0.00006357
-0.06421615 0.08787252 0.00008715
-0.06284240 0.08734099 0.00006434
-0.06146998 0.08682354 0.00006472
-0.06009919 0.08630303 0.00006510
-0.05872988 0.08577940 0.00006550
-0.05736204 0.08525259 0.00006589
-0.05599568 0.08468708 0.00009038
-0.05463080 0.08413571 0.00006676
-0.05326740 0.08356274 0.00009158
-0.05190548 0.08298589 0.00008862
-0.05054518 0.08238683 0.00008925
-0.04918636 0.08172837 0.00008996
-0.04782902 0.08102756 0.00011415
-0.04647316 0.08015245 0.00009543
-0.04511893 0.07892637 0.00009312
-0.04376617 0.07735218 0.00011955
-0.04241504 0.07570607 0.00012212
-0.04106524 0.07404395 0.00014879
-0.03971706 0.07242696 0.00012760
-0.03837051 0.07079451 0.00013052
-0.03702529 0.06912388 0.00013364
-0.03568185 0.06741221 0.00013701
-0.03433973 0.06565632 0.00014065
-0.03299939 0.06380560 0.00015219
-0.03166038 0.06185165 0.00014924
-0.03032315 0.05965898 0.00016271
-0.02898739 0.05706932 0.00019632
-0.02765326 0.05369243 0.00028448
-0.02632105 0.04933766 0.00036707
-0.02499002 0.04442739 0.00039037
-0.02366047 0.03936279 0.00040661
-0.02233255 0.03433612 0.00044508
-0.02100625 0.02936640 0.00047397
-0.01968143 0.02460925 0.00048055
-0.01835824 0.01984113 0.00049109
-0.01703653 0.01505059 0.00051016
-0.01571644 0.01020425 0.00055314
-0.01439801 0.00471917 0.00126451
-0.01308110 nan nan
-0.01176578 nan nan
-0.01045207 nan nan
-0.00913993 0.00640016 0.00089995
-0.00782941 0.01104882 0.00050999
-0.00652048 0.01544622 0.00036313
-0.00521317 0.02014215 0.00037970
-0.00390746 0.02460925 0.00048055
-0.00260335 0.02997043 0.00046433
-0.00130087 0.03502212 0.00063937
-0.00000000 0.04340793 0.00017573
