# s/c    M_iso_mean    M_iso_std
0.00000000 0.03465073 0.00004269
0.00130087 0.03927839 0.00005482
0.00260174 0.04380304 0.00006703
0.00390261 0.04822736 0.00007900
0.00520348 0.05255405 0.00009057
0.00650435 0.05678577 0.00010170
0.00780522 0.06092521 0.00011233
0.00910609 0.06497503 0.00012245
0.01040697 0.06893789 0.00013206
0.01170784 0.07281645 0.00014115
0.01300871 0.07661336 0.00014973
0.01430958 0.08033124 0.00015780
0.01561045 0.08397271 0.00016536
0.01691132 0.08754038 0.00017243
0.01821219 0.09103683 0.00017901
0.01951306 0.09446465 0.00018511
0.02081393 0.09782637 0.00019075
0.02211480 0.10112455 0.00019594
0.02341567 0.10436169 0.00020069
0.02470176 0.10754028 0.00020501
0.02600263 0.11066280 0.00020892
0.02730350 0.11373169 0.00021243
0.02860437 0.11674938 0.00021556
0.02990524 0.11971825 0.00021832
0.03120611 0.12264068 0.00022072
0.03250698 0.12551901 0.00022280
0.03380786 0.12835555 0.00022455
0.03510873 0.13115258 0.00022600
0.03640960 0.13391236 0.00022717
0.03771047 0.13663709 0.00022808
0.03901134 0.13932896 0.00022873
0.04029743 0.14199014 0.00022915
0.04159830 0.14462274 0.00022936
0.04289917 0.14722883 0.00022938
0.04420004 0.14981048 0.00022923
0.04550091 0.15236969 0.00022891
0.04680178 0.15490844 0.00022846
0.04810265 0.15742866 0.00022789
0.04940352 0.15993225 0.00022722
0.05068961 0.16242107 0.00022646
0.05199048 0.16489695 0.00022564
0.05329135 0.16736165 0.00022478
0.05459222 0.16981693 0.00022388
0.05589309 0.17226447 0.00022298
0.05719396 0.17470594 0.00022207
0.05849483 0.17714296 0.00022120
0.05978092 0.17957708 0.00022035
0.06108179 0.18200985 0.00021957
0.06238266 0.18444274 0.00021885
0.06368353 0.18687721 0.00021821
0.06498440 0.18931465 0.00021766
0.06628528 0.19175642 0.00021723
0.06757136 0.19420382 0.00021691
0.06887223 0.19665813 0.00021673
0.07017310 0.19912057 0.00021669
0.07147398 0.20159231 0.00021679
0.07277485 0.20407449 0.00021706
0.07407572 0.20656820 0.00021749
0.07536180 0.20907447 0.00021810
0.07666268 0.21159431 0.00021888
0.07796355 0.21412868 0.00021985
0.07926442 0.21667847 0.00022101
0.08056529 0.21924455 0.00022236
0.08185138 0.22182773 0.00022390
0.08315225 0.22442881 0.00022564
0.08445312 0.22704849 0.00022758
0.08575399 0.22968747 0.00022973
0.08704008 0.23234638 0.00023207
0.08834095 0.23502582 0.00023461
0.08964182 0.23772635 0.00023736
0.09094269 0.24044847 0.00024031
0.09224356 0.24319265 0.00024347
0.09352965 0.24595931 0.00024682
0.09483052 0.24874882 0.00025038
0.09613139 0.25156154 0.00025414
0.09743226 0.25439775 0.00025810
0.09871835 0.25725771 0.00026225
0.10001922 0.26014163 0.00026660
0.10132009 0.26304970 0.00027115
0.10260618 0.26598203 0.00027589
0.10390705 0.26893873 0.00028082
0.10520792 0.27191985 0.00028594
0.10650879 0.27492542 0.00029125
0.10779488 0.27795540 0.00029674
0.10909575 0.28100976 0.00030242
0.11039662 0.28408839 0.00030826
0.11169749 0.28719117 0.00031429
0.11298358 0.29031793 0.00032048
0.11428445 0.29346849 0.00032683
0.11558532 0.29664262 0.00033335
0.11687141 0.29984005 0.00034002
0.11817228 0.30306049 0.00034684
0.11947315 0.30630362 0.00035379
0.12075924 0.30956910 0.00036089
0.12206011 0.31285654 0.00036811
0.12336098 0.31616554 0.00037545
0.12466185 0.31949565 0.00038290
0.12594794 0.32284644 0.00039045
0.12724881 0.32621741 0.00039810
0.12854968 0.32960805 0.00040583
0.12983577 0.33300664 0.00041362
0.13113664 0.33664540 0.00042893
0.13243751 0.34031790 0.00043944
0.13372359 0.34398359 0.00044912
0.13502447 0.34765559 0.00045741
0.13632534 0.35132946 0.00046513
0.13761142 0.35500421 0.00047180
0.13891229 0.35868006 0.00047846
0.14019838 0.36237639 0.00048542
0.14149925 0.36612138 0.00049544
0.14280012 0.36992939 0.00050679
0.14408621 0.37376938 0.00052053
0.14538708 0.37757846 0.00053773
0.14668795 0.38131768 0.00055289
0.14797404 0.38498277 0.00056229
0.14927491 0.38858835 0.00056722
0.15056100 0.39216706 0.00056958
0.15186187 0.39574073 0.00057098
0.15316274 0.39929750 0.00057259
0.15444883 0.40281469 0.00057468
0.15574970 0.40629638 0.00057549
0.15703579 0.40976921 0.00057483
0.15833666 0.41322984 0.00057308
0.15963753 0.41665704 0.00056997
0.16092362 0.42004477 0.00056557
0.16222449 0.42345134 0.00055996
0.16351058 0.42696513 0.00055772
0.16481145 0.43057822 0.00056198
0.16611232 0.43422859 0.00057546
0.16739841 0.43786294 0.00059661
0.16869928 0.44144702 0.00061522
0.16998537 0.44497347 0.00062807
0.17128624 0.44844281 0.00063674
0.17257232 0.45185892 0.00064118
0.17387319 0.45522994 0.00064263
0.17517407 0.45856677 0.00064167
0.17646015 0.46188329 0.00063865
0.17776102 0.46519320 0.00063406
0.17904711 0.46850625 0.00062813
0.18034798 0.47182914 0.00062125
0.18163407 0.47516560 0.00061383
0.18293494 0.47852247 0.00060690
0.18422103 0.48191492 0.00060271
0.18552190 0.48535143 0.00060152
0.18680799 0.48882246 0.00060252
0.18810886 0.49229196 0.00060414
0.18939495 0.49572555 0.00060023
0.19069582 0.49912488 0.00058916
0.19199669 0.50255043 0.00057624
0.19328278 0.50609420 0.00056875
0.19458365 0.50975554 0.00056950
0.19586974 0.51347896 0.00058034
0.19717061 0.51723319 0.00059838
0.19845669 0.52100270 0.00061528
0.19975757 0.52480024 0.00062941
0.20104365 0.52862704 0.00064144
0.20234452 0.53245412 0.00064773
0.20363061 0.53625749 0.00064479
0.20493148 0.54002094 0.00063251
0.20621757 0.54379065 0.00061756
0.20750366 0.54766185 0.00060805
0.20880453 0.55165351 0.00060749
0.21009062 0.55572521 0.00061652
0.21139149 0.55982894 0.00063299
0.21267758 0.56393837 0.00064881
0.21397845 0.56807158 0.00066049
0.21526454 0.57225670 0.00067049
0.21656541 0.57650644 0.00068140
0.21785149 0.58082173 0.00069536
0.21915236 0.58519440 0.00071249
0.22043845 0.58961108 0.00073179
0.22173932 0.59405570 0.00075105
0.22302541 0.59851608 0.00076879
0.22432628 0.60298774 0.00078488
0.22561237 0.60748453 0.00080093
0.22689846 0.61203329 0.00082000
0.22819933 0.61663907 0.00084356
0.22948542 0.62128519 0.00087274
0.23078629 0.62594974 0.00090632
0.23207238 0.63061984 0.00094068
0.23337325 0.63528992 0.00097298
0.23465933 0.63994911 0.00100057
0.23594542 0.64457736 0.00102357
0.23724629 0.64915373 0.00104334
0.23853238 0.65367422 0.00106065
0.23983325 0.65815520 0.00107587
0.24111934 0.66262437 0.00108964
0.24240543 0.66710418 0.00110382
0.24370630 0.67159709 0.00111942
0.24499239 0.67608369 0.00113688
0.24629326 0.68053890 0.00115646
0.24757935 0.68494604 0.00117655
0.24886543 0.68929697 0.00119422
0.25016630 0.69359484 0.00120852
0.25145239 0.69784719 0.00121977
0.25275326 0.70205606 0.00122959
0.25403935 0.70621809 0.00124072
0.25532544 0.71032787 0.00125390
0.25662631 0.71438284 0.00126841
0.25791240 0.71837887 0.00128306
0.25919849 0.72230652 0.00129665
0.26049936 0.72615897 0.00130684
0.26178545 0.72993635 0.00131183
0.26307153 0.73364772 0.00131233
0.26437240 0.73730056 0.00131133
0.26565849 0.74090957 0.00131181
0.26695936 0.74450843 0.00131637
0.26824545 0.74811506 0.00132424
0.26953154 0.75172560 0.00133530
0.27083241 0.75530651 0.00134971
0.27211850 0.75879337 0.00136079
0.27340459 0.76215268 0.00136577
0.27470546 0.76539243 0.00136627
0.27599154 0.76855141 0.00136428
0.27727763 0.77167336 0.00136544
0.27857850 0.77476296 0.00137042
0.27986459 0.77781082 0.00137688
0.28115068 0.78080581 0.00138460
0.28243677 0.78373901 0.00138675
0.28373764 0.78659284 0.00138057
0.28502373 0.78932434 0.00137802
0.28630981 0.79193586 0.00138404
0.28761068 0.79446310 0.00138973
0.28889677 0.79695872 0.00139157
0.29018286 0.79942394 0.00139222
0.29148373 0.80178011 0.00139020
0.29276982 0.80398464 0.00138379
0.29405591 0.80603893 0.00137171
0.29534200 0.80797430 0.00135437
0.29664287 0.80983590 0.00133555
0.29792895 0.81164911 0.00131802
0.29921504 0.81340470 0.00130342
0.30051591 0.81507030 0.00129114
0.30180200 0.81660674 0.00127707
0.30308809 0.81799565 0.00125908
0.30437418 0.81924797 0.00123797
0.30567505 0.82039796 0.00121475
0.30696114 0.82149499 0.00119223
0.30824722 0.82257354 0.00117346
0.30953331 0.82364040 0.00115981
0.31083418 0.82467454 0.00115031
0.31212027 0.82563447 0.00114280
0.31340636 0.82648710 0.00113364
0.31469245 0.82722906 0.00111625
0.31599332 0.82787531 0.00108686
0.31727941 0.82843022 0.00104700
0.31856549 0.82888641 0.00099951
0.31985158 0.82925778 0.00094819
0.32115245 0.82957809 0.00089693
0.32243854 0.82988562 0.00085112
0.32372463 0.83021895 0.00081821
0.32501072 0.83059362 0.00080124
0.32629681 0.83100308 0.00079854
0.32759768 0.83143180 0.00080706
0.32888376 0.83185698 0.00082004
0.33016985 0.83225581 0.00082774
0.33145594 0.83261777 0.00082682
0.33275681 0.83294215 0.00081864
0.33404290 0.83323912 0.00080740
0.33532899 0.83352534 0.00080038
0.33661508 0.83380670 0.00080140
0.33790116 0.83407691 0.00080866
0.33918725 0.83432881 0.00081655
0.34048812 0.83456744 0.00082187
0.34177421 0.83480627 0.00082385
0.34306030 0.83506268 0.00082434
0.34434639 0.83535514 0.00082663
0.34563247 0.83569624 0.00083483
0.34693335 0.83609018 0.00085468
0.34821943 0.83652115 0.00088604
0.34950552 0.83695664 0.00092396
0.35079161 0.83737113 0.00096310
0.35207770 0.83774872 0.00099620
0.35336379 0.83808283 0.00101838
0.35466466 0.83838459 0.00103131
0.35595074 0.83868365 0.00104136
0.35723683 0.83901494 0.00105552
0.35852292 0.83939863 0.00107798
0.35980901 0.83982883 0.00110883
0.36109510 0.84028731 0.00114466
0.36238118 0.84076838 0.00118409
0.36368206 0.84126809 0.00122559
0.36496814 0.84176968 0.00126412
0.36625423 0.84225142 0.00129573
0.36754032 0.84269923 0.00131998
0.36882641 0.84311937 0.00134077
0.37011250 0.84354030 0.00136592
0.37139858 0.84399519 0.00140328
0.37269945 0.84448796 0.00145290
0.37398554 0.84499439 0.00150772
0.37527163 0.84549532 0.00156272
0.37655772 0.84598305 0.00161382
0.37784381 0.84645774 0.00165660
0.37912989 0.84693729 0.00169050
0.38041598 0.84744286 0.00171746
0.38170207 0.84797397 0.00173874
0.38298816 0.84850755 0.00175555
0.38428903 0.84902140 0.00177081
0.38557512 0.84951597 0.00178959
0.38686121 0.85000258 0.00181561
0.38814729 0.85049075 0.00184926
0.38943338 0.85099179 0.00188941
0.39071947 0.85151698 0.00193531
0.39200556 0.85207071 0.00198504
0.39329165 0.85264908 0.00203617
0.39457773 0.85324820 0.00208723
0.39586382 0.85387212 0.00213826
0.39714991 0.85452778 0.00218896
0.39843600 0.85521780 0.00223970
0.39973687 0.85592144 0.00228856
0.40102296 0.85659168 0.00233045
0.40230905 0.85717964 0.00236077
0.40359513 0.85767990 0.00238254
0.40488122 0.85814157 0.00240984
0.40616731 0.85861091 0.00244937
0.40745340 0.85910679 0.00249706
0.40873949 0.85962351 0.00254644
0.41002557 0.86013005 0.00259013
0.41131166 0.86059949 0.00262477
0.41259775 0.86103986 0.00265388
0.41388384 0.86148616 0.00268540
0.41516993 0.86196112 0.00272077
0.41645601 0.86246898 0.00276015
0.41774210 0.86304567 0.00281108
0.41902819 0.86374283 0.00287782
0.42031428 0.86459207 0.00296019
0.42160037 0.86554800 0.00304719
0.42288645 0.86649671 0.00312037
0.42417254 0.86738827 0.00317432
0.42545863 0.86823224 0.00321645
0.42674472 0.86904786 0.00325633
0.42803081 0.86985294 0.00329611
0.42931690 0.87065486 0.00333519
0.43060298 0.87146721 0.00337705
0.43188907 0.87230608 0.00342529
0.43317516 0.87317897 0.00348095
0.43446125 0.87408386 0.00354184
0.43574734 0.87501660 0.00360592
0.43703342 0.87597322 0.00367162
0.43831951 0.87694952 0.00373693
0.43960560 0.87794206 0.00380044
0.44089169 0.87894785 0.00386181
0.44217778 0.87996060 0.00392094
0.44346386 0.88096496 0.00397572
0.44474995 0.88194829 0.00402489
0.44603604 0.88291560 0.00407068
0.44732213 0.88390499 0.00412398
0.44860822 0.88497434 0.00419762
0.44989430 0.88615898 0.00429396
0.45118039 0.88742025 0.00440078
0.45246648 0.88864673 0.00449108
0.45375257 0.88979055 0.00455613
0.45503866 0.89086414 0.00460515
0.45632474 0.89186743 0.00464243
0.45761083 0.89279834 0.00466826
0.45889692 0.89363411 0.00467550
0.46018301 0.89437514 0.00466702
0.46146910 0.89507374 0.00466108
0.46275519 0.89579211 0.00467249
0.46404127 0.89659600 0.00471096
0.46532736 0.89748480 0.00476929
0.46661345 0.89837125 0.00482326
0.46789954 0.89920651 0.00486354
0.46917084 0.89999745 0.00489514
0.47045693 0.90077977 0.00493253
0.47174302 0.90159165 0.00498580
0.47302911 0.90243485 0.00505009
0.47431520 0.90328744 0.00511664
0.47560128 0.90412316 0.00517613
0.47688737 0.90492118 0.00522366
0.47817346 0.90567672 0.00526043
0.47945955 0.90639963 0.00529114
0.48074564 0.90711047 0.00532242
0.48203172 0.90783275 0.00535978
0.48331781 0.90858713 0.00540742
0.48460390 0.90937409 0.00546456
0.48587521 0.91016691 0.00552237
0.48716129 0.91094168 0.00557439
0.48844738 0.91168709 0.00561836
0.48973347 0.91240264 0.00565519
0.49101956 0.91309633 0.00568878
0.49230565 0.91377731 0.00572276
0.49359173 0.91445444 0.00575936
0.49487782 0.91513510 0.00579959
0.49616391 0.91582529 0.00584434
0.49743522 0.91652708 0.00589296
0.49872130 0.91723824 0.00594420
0.50000739 0.91795276 0.00599611
0.50129348 0.91866108 0.00604580
0.50257957 0.91935323 0.00609133
0.50386566 0.92002146 0.00613088
0.50515174 0.92066047 0.00616351
0.50643783 0.92127257 0.00619113
0.50770914 0.92187075 0.00621815
0.50899523 0.92246669 0.00624809
0.51028131 0.92306499 0.00628183
0.51156740 0.92366016 0.00631671
0.51285349 0.92423696 0.00634745
0.51413958 0.92478384 0.00637157
0.51542567 0.92529593 0.00638875
0.51669697 0.92577437 0.00639987
0.51798306 0.92623150 0.00640933
0.51926915 0.92668840 0.00642383
0.52055524 0.92716874 0.00644823
0.52184132 0.92768495 0.00648344
0.52312741 0.92823676 0.00652756
0.52439872 0.92880139 0.00657267
0.52568480 0.92932987 0.00660585
0.52697089 0.92979067 0.00661755
0.52825698 0.93017792 0.00660813
0.52954307 0.93051016 0.00658859
0.53082916 0.93083835 0.00657397
0.53210046 0.93120338 0.00657495
0.53338655 0.93161864 0.00659165
0.53467264 0.93205995 0.00661253
0.53595873 0.93247844 0.00662450
0.53724481 0.93285348 0.00662182
0.53853090 0.93319348 0.00660751
0.53980221 0.93353152 0.00659541
0.54108830 0.93391348 0.00659888
0.54237438 0.93435454 0.00661817
0.54366047 0.93483569 0.00664489
0.54494656 0.93532602 0.00666942
0.54621787 0.93579914 0.00668404
0.54750395 0.93623633 0.00668405
0.54879004 0.93664126 0.00667385
0.55007613 0.93704589 0.00666403
0.55134744 0.93747460 0.00666085
0.55263352 0.93794016 0.00666618
0.55391961 0.93843936 0.00667636
0.55520570 0.93894581 0.00668239
0.55649179 0.93943502 0.00667821
0.55776309 0.93990118 0.00666363
0.55904918 0.94035748 0.00664391
0.56033527 0.94083129 0.00662912
0.56162136 0.94134126 0.00662410
0.56289266 0.94188765 0.00662712
0.56417875 0.94245851 0.00663407
0.56546484 0.94303058 0.00663817
0.56675093 0.94358544 0.00663461
0.56803702 0.94411059 0.00662117
0.56930832 0.94459600 0.00659569
0.57059441 0.94503767 0.00655836
0.57188050 0.94544238 0.00651405
0.57316659 0.94582826 0.00646885
0.57443789 0.94621556 0.00642834
0.57572398 0.94662332 0.00639536
0.57701007 0.94706965 0.00637140
0.57829616 0.94756381 0.00635565
0.57956746 0.94810565 0.00634696
0.58085355 0.94868050 0.00634245
0.58213964 0.94925420 0.00633186
0.58341094 0.94979888 0.00630918
0.58469703 0.95030196 0.00627225
0.58598312 0.95076000 0.00622149
0.58726921 0.95118225 0.00616282
0.58854051 0.95158707 0.00610266
0.58982660 0.95198796 0.00604486
0.59111269 0.95239249 0.00599102
0.59239878 0.95279546 0.00593760
0.59367008 0.95317966 0.00587857
0.59495617 0.95353466 0.00581118
0.59624226 0.95386711 0.00573925
0.59751356 0.95419810 0.00567234
0.59879965 0.95454525 0.00561508
0.60008574 0.95492230 0.00556997
0.60137183 0.95533723 0.00553753
0.60264313 0.95578768 0.00551578
0.60392922 0.95625957 0.00549983
0.60521531 0.95672583 0.00548013
0.60648661 0.95715949 0.00544933
0.60777270 0.95753908 0.00540032
0.60905879 0.95785938 0.00533235
0.61033010 0.95813977 0.00525481
0.61161618 0.95840787 0.00517760
0.61290227 0.95868668 0.00510713
0.61417358 0.95898770 0.00504496
0.61545967 0.95931014 0.00498977
0.61674575 0.95964763 0.00494012
0.61801706 0.95999283 0.00489382
0.61930315 0.96034224 0.00485091
0.62058924 0.96069221 0.00481083
0.62187532 0.96104070 0.00477217
0.62314663 0.96139298 0.00473661
0.62443272 0.96175883 0.00470636
0.62571880 0.96214574 0.00468228
0.62699011 0.96255218 0.00466240
0.62827620 0.96296092 0.00464025
0.62954750 0.96334275 0.00460642
0.63083359 0.96367799 0.00455523
0.63211968 0.96396138 0.00448692
0.63339099 0.96419255 0.00440310
0.63467707 0.96437732 0.00430718
0.63596316 0.96453111 0.00420623
0.63723447 0.96467022 0.00410625
0.63852056 0.96481179 0.00401226
0.63980664 0.96497586 0.00393007
0.64107795 0.96517697 0.00386287
0.64236404 0.96542039 0.00381096
0.64365012 0.96570206 0.00377241
0.64492143 0.96601285 0.00374291
0.64620752 0.96634590 0.00372023
0.64749361 0.96669581 0.00370329
0.64876491 0.96705670 0.00369015
0.65005100 0.96742248 0.00367892
0.65132231 0.96778666 0.00366760
0.65260839 0.96814204 0.00365362
0.65389448 0.96848133 0.00363450
0.65516579 0.96879756 0.00360762
0.65645188 0.96908356 0.00357008
0.65772318 0.96933779 0.00352242
0.65900927 0.96956229 0.00346622
0.66029536 0.96976033 0.00340394
0.66156666 0.96993158 0.00333656
0.66285275 0.97006930 0.00326160
0.66413884 0.97016738 0.00317731
0.66541014 0.97022760 0.00308541
0.66669623 0.97026569 0.00299367
0.66796754 0.97029979 0.00291036
0.66925363 0.97034332 0.00284009
0.67053971 0.97040537 0.00278474
0.67181102 0.97048902 0.00274255
0.67309711 0.97059258 0.00271133
0.67436841 0.97070365 0.00268522
0.67565450 0.97079710 0.00265333
0.67692581 0.97085172 0.00260928
0.67821189 0.97086142 0.00255185
0.67949798 0.97082602 0.00248124
0.68076929 0.97074415 0.00239723
0.68205538 0.97061527 0.00229973
0.68332668 0.97044165 0.00218947
0.68461277 0.97023774 0.00207292
0.68589886 0.97003073 0.00196214
0.68717016 0.96984322 0.00186615
0.68845625 0.96968037 0.00178690
0.68972756 0.96953198 0.00171971
0.69101364 0.96938679 0.00165912
0.69228495 0.96923966 0.00160298
0.69357104 0.96908660 0.00154946
0.69484234 0.96892558 0.00149703
0.69612843 0.96876010 0.00144660
0.69741452 0.96859704 0.00140016
0.69868582 0.96844611 0.00136019
0.69997191 0.96831225 0.00132670
0.70124322 0.96819250 0.00129777
0.70252931 0.96807694 0.00126973
0.70380061 0.96795570 0.00123941
0.70508670 0.96782869 0.00120868
0.70635801 0.96769703 0.00117931
0.70764409 0.96755830 0.00115118
0.70893018 0.96740697 0.00112255
0.71020149 0.96723857 0.00109186
0.71148758 0.96704901 0.00105796
0.71275888 0.96683641 0.00102065
0.71404497 0.96661006 0.00098350
0.71531627 0.96638530 0.00095127
0.71660236 0.96617954 0.00092796
0.71787367 0.96600117 0.00091464
0.71915976 0.96584326 0.00090817
0.72043106 0.96569559 0.00090445
0.72171715 0.96555276 0.00090148
0.72298845 0.96541312 0.00089900
0.72427454 0.96527793 0.00089743
0.72554585 0.96514828 0.00089721
0.72683194 0.96502138 0.00089810
0.72810324 0.96488939 0.00089875
0.72938933 0.96474243 0.00089767
0.73066064 0.96457530 0.00089432
0.73194672 0.96439113 0.00088952
0.73321803 0.96420017 0.00088446
0.73450412 0.96401181 0.00088080
0.73577542 0.96383111 0.00087942
0.73706151 0.96365925 0.00088018
0.73833282 0.96349505 0.00088276
0.73961890 0.96333746 0.00088671
0.74089021 0.96318518 0.00089167
0.74217630 0.96303692 0.00089738
0.74344760 0.96289130 0.00090370
0.74473369 0.96274639 0.00091029
0.74600500 0.96260145 0.00091736
0.74729108 0.96245713 0.00092510
0.74856239 0.96231538 0.00093378
0.74984848 0.96217926 0.00094361
0.75111978 0.96205151 0.00095470
0.75240587 0.96193410 0.00096710
0.75367718 0.96182833 0.00098053
0.75496327 0.96173466 0.00099501
0.75623457 0.96165291 0.00101043
0.75752066 0.96158255 0.00102662
0.75879196 0.96152282 0.00104359
0.76007805 0.96147280 0.00106133
0.76134936 0.96143163 0.00107985
0.76263545 0.96139879 0.00109916
0.76390675 0.96137442 0.00111941
0.76517806 0.96135943 0.00114072
0.76646414 0.96135588 0.00116334
0.76773545 0.96136717 0.00118764
0.76902154 0.96139674 0.00121416
0.77029284 0.96144545 0.00124340
0.77157893 0.96150949 0.00127566
0.77285024 0.96158135 0.00131054
0.77413633 0.96165317 0.00134644
0.77540763 0.96171895 0.00138182
0.77669372 0.96177378 0.00141541
0.77796502 0.96181335 0.00144606
0.77923633 0.96183433 0.00147298
0.78052242 0.96183558 0.00149579
0.78179372 0.96181780 0.00151474
0.78307981 0.96178362 0.00153030
0.78435112 0.96173831 0.00154342
0.78563720 0.96168677 0.00155506
0.78690851 0.96163212 0.00156592
0.78817982 0.96157618 0.00157657
0.78946590 0.96152021 0.00158734
0.79073721 0.96146552 0.00159850
0.79202330 0.96141317 0.00161028
0.79329460 0.96136365 0.00162276
0.79458069 0.96131653 0.00163594
0.79585200 0.96127044 0.00164964
0.79712330 0.96122253 0.00166321
0.79840939 0.96116939 0.00167618
0.79968070 0.96110791 0.00168794
0.80096678 0.96103457 0.00169783
0.80223809 0.96094712 0.00170570
0.80350939 0.96084503 0.00171148
0.80479548 0.96073021 0.00171545
0.80606679 0.96060795 0.00171832
0.80735288 0.96048170 0.00172046
0.80862418 0.96035291 0.00172215
0.80989549 0.96022306 0.00172379
0.81118157 0.96009290 0.00172567
0.81245288 0.95996448 0.00172811
0.81373897 0.95984075 0.00173155
0.81501027 0.95972295 0.00173612
0.81628158 0.95960949 0.00174194
0.81756767 0.95949689 0.00174883
0.81883897 0.95938136 0.00175591
0.82012506 0.95926010 0.00176253
0.82139637 0.95912938 0.00176796
0.82266767 0.95898383 0.00177146
0.82395376 0.95881978 0.00177277
0.82522507 0.95863858 0.00177191
0.82651115 0.95844716 0.00176975
0.82778246 0.95825371 0.00176752
0.82905376 0.95806375 0.00176570
0.83033985 0.95787850 0.00176480
0.83161116 0.95769731 0.00176484
0.83288246 0.95751886 0.00176547
0.83416855 0.95734101 0.00176645
0.83543986 0.95716123 0.00176736
0.83672594 0.95697642 0.00176784
0.83799725 0.95678340 0.00176739
0.83926856 0.95657918 0.00176554
0.84055464 0.95636089 0.00176171
0.84182595 0.95612586 0.00175553
0.84309725 0.95587171 0.00174662
0.84438334 0.95559689 0.00173498
0.84565465 0.95530173 0.00172110
0.84692595 0.95498930 0.00170543
0.84821204 0.95466588 0.00168932
0.84948335 0.95434143 0.00167388
0.85076944 0.95402520 0.00165988
0.85204074 0.95372202 0.00164772
0.85331205 0.95342964 0.00163711
0.85459813 0.95313968 0.00162806
0.85586944 0.95284607 0.00161968
0.85714075 0.95254433 0.00161128
0.85842683 0.95223011 0.00160258
0.85969814 0.95190029 0.00159347
0.86096944 0.95155332 0.00158400
0.86225553 0.95118987 0.00157449
0.86352684 0.95081461 0.00156539
0.86479814 0.95043870 0.00155595
0.86608423 0.95007416 0.00154537
0.86735554 0.94972946 0.00153302
0.86862684 0.94940790 0.00151905
0.86991293 0.94910715 0.00150506
0.87118424 0.94882220 0.00149245
0.87245554 0.94854673 0.00148201
0.87374163 0.94827260 0.00147400
0.87501293 0.94799109 0.00146777
0.87628424 0.94769420 0.00146255
0.87757033 0.94737454 0.00145770
0.87884163 0.94702653 0.00145302
0.88011294 0.94664713 0.00144878
0.88138424 0.94623597 0.00144571
0.88267033 0.94579496 0.00144509
0.88394164 0.94532763 0.00144823
0.88521294 0.94483851 0.00145617
0.88649903 0.94433275 0.00146939
0.88777034 0.94381645 0.00148728
0.88904164 0.94329611 0.00150809
0.89032773 0.94277682 0.00153028
0.89159904 0.94226164 0.00155336
0.89287034 0.94175356 0.00157700
0.89415643 0.94125635 0.00160039
0.89542774 0.94077300 0.00162281
0.89669904 0.94030408 0.00164417
0.89797035 0.93984832 0.00166463
0.89925643 0.93940354 0.00168470
0.90052774 0.93896629 0.00170519
0.90179905 0.93853363 0.00172630
0.90308513 0.93810277 0.00174866
0.90435644 0.93767039 0.00177314
0.90562774 0.93723315 0.00180067
0.90691383 0.93678796 0.00183220
0.90818514 0.93633208 0.00186872
0.90945644 0.93586425 0.00191061
0.91072775 0.93538475 0.00195774
0.91201384 0.93489600 0.00200908
0.91328514 0.93440410 0.00206160
0.91455645 0.93391487 0.00211311
0.91582775 0.93343417 0.00216135
0.91711384 0.93296817 0.00220390
0.91838515 0.93252252 0.00223876
0.91965645 0.93210117 0.00226457
0.92094254 0.93170645 0.00228057
0.92221385 0.93133744 0.00228715
0.92348515 0.93098630 0.00228808
0.92475646 0.93064376 0.00228749
0.92604254 0.93030166 0.00228887
0.92731385 0.92995483 0.00229422
0.92858516 0.92960193 0.00230346
0.92985646 0.92924282 0.00231605
0.93114255 0.92887766 0.00233132
0.93241385 0.92850626 0.00234895
0.93368516 0.92812980 0.00236766
0.93495647 0.92775061 0.00238572
0.93624255 0.92737173 0.00240098
0.93751386 0.92699776 0.00241097
0.93878516 0.92663433 0.00241418
0.94005647 0.92628935 0.00240762
0.94134256 0.92596694 0.00239047
0.94261386 0.92566232 0.00236653
0.94388517 0.92536704 0.00234054
0.94515647 0.92507353 0.00231624
0.94644256 0.92477724 0.00229542
0.94771387 0.92447429 0.00227958
0.94898517 0.92416062 0.00227036
0.95025648 0.92383312 0.00226897
0.95154257 0.92348839 0.00227697
0.95281387 0.92312421 0.00229546
0.95408518 0.92273899 0.00232548
0.95535648 0.92233511 0.00236578
0.95664257 0.92192314 0.00241016
0.95791388 0.92151751 0.00245089
0.95918518 0.92113198 0.00248091
0.96045649 0.92077270 0.00249749
0.96174258 0.92043681 0.00250303
0.96301388 0.92011789 0.00250141
0.96428519 0.91980940 0.00249578
0.96555649 0.91950637 0.00248875
0.96682780 0.91920342 0.00248334
0.96811389 0.91889475 0.00248261
0.96938519 0.91857581 0.00248903
0.97065650 0.91824369 0.00250396
0.97192780 0.91789708 0.00252794
0.97321389 0.91753636 0.00256059
0.97448520 0.91716273 0.00260120
0.97575650 0.91677845 0.00264856
0.97702781 0.91638842 0.00269999
0.97829911 0.91599769 0.00275289
0.97958520 0.91561152 0.00280457
0.98085651 0.91523408 0.00285305
0.98212781 0.91486713 0.00289762
0.98339912 0.91451071 0.00293835
0.98468520 0.91416269 0.00297654
0.98595651 0.91382094 0.00301326
0.98722781 0.91348312 0.00304962
0.98849912 0.91314639 0.00308706
0.98977043 0.91280800 0.00312690
0.99105651 0.91246555 0.00317033
0.99232782 0.91211761 0.00321790
0.99359912 0.91176355 0.00326970
0.99487043 0.91140297 0.00332571
0.99614174 0.91103478 0.00338643
0.99742782 0.91065709 0.00345301
0.99869913 0.91026826 0.00352650
0.99997043 0.90986819 0.00360703
1.00124174 0.90945909 0.00369326
1.00251305 0.90904390 0.00378346
1.00378435 0.90862552 0.00387601
1.00507044 0.90820609 0.00396974
1.00634174 0.90778654 0.00406428
1.00761305 0.90736728 0.00415947
1.00888436 0.90694865 0.00425518
1.01015566 0.90653095 0.00435124
1.01144175 0.90611461 0.00444739
1.01271305 0.90570031 0.00454316
1.01398436 0.90528880 0.00463805
1.01525567 0.90488092 0.00473150
1.01652697 0.90447778 0.00482276
1.01779828 0.90408063 0.00491099
1.01908436 0.90369052 0.00499545
1.02035567 0.90330757 0.00507609
1.02162698 0.90292999 0.00515406
1.02289828 0.90255417 0.00523179
1.02416959 0.90217583 0.00531207
1.02545567 0.90179133 0.00539727
1.02672698 0.90139914 0.00548835
1.02799829 0.90100023 0.00558457
1.02926959 0.90059657 0.00568461
1.03054090 0.90019035 0.00578698
1.03181220 0.89978374 0.00589024
1.03309829 0.89937912 0.00599281
1.03436960 0.89897927 0.00609287
1.03564090 0.89858692 0.00618862
1.03691221 0.89820367 0.00627900
1.03818351 0.89782956 0.00636399
1.03945482 0.89746430 0.00644378
1.04072612 0.89710733 0.00651868
1.04201221 0.89675811 0.00658902
1.04328352 0.89641627 0.00665500
1.04455482 0.89608118 0.00671700
1.04582613 0.89575161 0.00677585
1.04709743 0.89542550 0.00683296
1.04836874 0.89510069 0.00688988
1.04965483 0.89477549 0.00694790
1.05092613 0.89444898 0.00700793
1.05219744 0.89412124 0.00707040
1.05346874 0.89379387 0.00713501
1.05474005 0.89346996 0.00720090
1.05601135 0.89315314 0.00726688
1.05728266 0.89284764 0.00733072
1.05856875 0.89255723 0.00738958
1.05984005 0.89228487 0.00743993
1.06111136 0.89203124 0.00747898
1.06238266 0.89179334 0.00750646
1.06365397 0.89156823 0.00752239
1.06492527 0.89135360 0.00752700
1.06619658 0.89114746 0.00752080
1.06746788 0.89094758 0.00750477
1.06875397 0.89075044 0.00748099
1.07002528 0.89055194 0.00745204
1.07129658 0.89034792 0.00742064
1.07256789 0.89013498 0.00738906
1.07383919 0.88991034 0.00735928
1.07511050 0.88967220 0.00733268
1.07638181 0.88941986 0.00731000
1.07766789 0.88915560 0.00729005
1.07893920 0.88888652 0.00726847
1.08021050 0.88862215 0.00723949
1.08148181 0.88836961 0.00719918
1.08275312 0.88813037 0.00714770
1.08402442 0.88790201 0.00708804
1.08529573 0.88768146 0.00702359
1.08656703 0.88746759 0.00695647
1.08783834 0.88726000 0.00688841
1.08912443 0.88705804 0.00682127
1.09039573 0.88686123 0.00675684
1.09166704 0.88666919 0.00669683
1.09293834 0.88648179 0.00664272
1.09420965 0.88629911 0.00659579
1.09548095 0.88612143 0.00655717
1.09675226 0.88594852 0.00652795
1.09802356 0.88577981 0.00650904
1.09930965 0.88561474 0.00650090
1.10058096 0.88545260 0.00650369
1.10185226 0.88529279 0.00651723
1.10312357 0.88513506 0.00654078
1.10439487 0.88497887 0.00657363
1.10566618 0.88482354 0.00661501
1.10693748 0.88466853 0.00666398
1.10820879 0.88451329 0.00671950
1.10948010 0.88435754 0.00678033
1.11075140 0.88420129 0.00684499
1.11203749 0.88404476 0.00691188
1.11330879 0.88388840 0.00697921
1.11458010 0.88373268 0.00704509
1.11585141 0.88357779 0.00710793
1.11712271 0.88342431 0.00716582
1.11839402 0.88327212 0.00721717
1.11966532 0.88311903 0.00726174
1.12093663 0.88296062 0.00730050
1.12220793 0.88278823 0.00733676
1.12347924 0.88259090 0.00737518
1.12475054 0.88236102 0.00741914
1.12603663 0.88210034 0.00746950
1.12730794 0.88181907 0.00752526
1.12857924 0.88153177 0.00758563
1.12985055 0.88125384 0.00765053
1.13112185 0.88100114 0.00772051
1.13239316 0.88079220 0.00779635
1.13366446 0.88064228 0.00787782
1.13493577 0.88055856 0.00796265
1.13620707 0.88054315 0.00804601
1.13747838 0.88058101 0.00811748
1.13874969 0.88065001 0.00816850
1.14002099 0.88071630 0.00819755
1.14130708 0.88075146 0.00820893
1.14257838 0.88074556 0.00820731
1.14384969 0.88068878 0.00819483
1.14512100 0.88057715 0.00817436
1.14639230 0.88041827 0.00814998
1.14766361 0.88023076 0.00812143
1.14893491 0.88002384 0.00808721
1.15020622 0.87978461 0.00804402
1.15147752 0.87949334 0.00798653
1.15274883 0.87913891 0.00791547
1.15402013 0.87871089 0.00782755
1.15529144 0.87832942 0.00769641
1.15656274 0.87790450 0.00755495
1.15783405 0.87746622 0.00740351
1.15912014 0.87701514 0.00724219
1.16039144 0.87655190 0.00707112
1.16166275 0.87607717 0.00689045
1.16293405 0.87559169 0.00670036
1.16420536 0.87509621 0.00650105
1.16547667 0.87459157 0.00629277
1.16674797 0.87407862 0.00607577
1.16801928 0.87355828 0.00585033
1.16929058 0.87303149 0.00561677
1.17056189 0.87249924 0.00537543
1.17183319 0.87196255 0.00512669
1.17310450 0.87142248 0.00487096
1.17437580 0.87088012 0.00460867
1.17564711 0.87033659 0.00434031
1.17691841 0.86979304 0.00406641
1.17818972 0.86925064 0.00378754
1.17946103 0.86871058 0.00350437
1.18074711 0.86817408 0.00321763
1.18201842 0.86764236 0.00292822
1.18328972 0.86711666 0.00263718
1.18456103 0.86659823 0.00234589
1.18583234 0.86608833 0.00205620
1.18710364 0.86558821 0.00177084
1.18837495 0.86509913 0.00149414
1.18964625 0.86462234 0.00123364
1.19091756 0.86415909 0.00100340
1.19218886 0.86371058 0.00082980
1.19346017 0.86327805 0.00075288
1.19473147 0.86286267 0.00079988
1.19600278 0.86246562 0.00095086
1.19727408 0.86208802 0.00116400
1.19854539 0.86173096 0.00140912
1.19981670 0.86139552 0.00166983
1.20108800 0.86108269 0.00193742
1.20235931 0.86079345 0.00220693
1.20363061 0.86052869 0.00247526
1.20490192 0.86028928 0.00274030
1.20617322 0.86007599 0.00300046
1.20744453 0.85988954 0.00325450
1.20873062 0.85973055 0.00350135
1.21000192 0.85959959 0.00374010
1.21127323 0.85949711 0.00396990
1.21254453 0.85942350 0.00418998
1.21381584 0.85937902 0.00439963
1.21508714 0.85936384 0.00459815
1.21635845 0.85937801 0.00478492
1.21762975 0.85942147 0.00495931
1.21890106 0.85949403 0.00512074
1.22017237 0.85959536 0.00526865
1.22144367 0.85972501 0.00540254
1.22271498 0.85988236 0.00552189
1.22398628 0.86006666 0.00562625
1.22525759 0.86027698 0.00571519
1.22652889 0.86051225 0.00578830
1.22780020 0.86077120 0.00584523
1.22907150 0.86105239 0.00588565
1.23034281 0.86135418 0.00590927
1.23161411 0.86167476 0.00591585
1.23288542 0.86201207 0.00590519
1.23415673 0.86236388 0.00587714
1.23542803 0.86272772 0.00583160
1.23669934 0.86310089 0.00576851
1.23797064 0.86348045 0.00568790
1.23924195 0.86386322 0.00558984
1.24051325 0.86424577 0.00547448
1.24178456 0.86462440 0.00534203
1.24305586 0.86499513 0.00519281
1.24432717 0.86535372 0.00502723
1.24559847 0.86569561 0.00484581
1.24686978 0.86601597 0.00464922
1.24814109 0.86630964 0.00443829
1.24941239 0.86657117 0.00421405
1.25068370 0.86679474 0.00397782
1.25195500 0.86697422 0.00373125
1.25322631 0.86710315 0.00347650
1.25449761 0.86717467 0.00321643
1.25576892 0.86718158 0.00295488
1.25704022 0.86711631 0.00269714
1.25831153 0.86697088 0.00245062
1.25958283 0.86673693 0.00222572
1.26085414 0.86640568 0.00203663
1.26212545 0.86596794 0.00190121
1.26339675 0.86541410 0.00183826
1.26466806 0.86473408 0.00186142
1.26593936 0.86391737 0.00197299
1.26721067 0.86295300 0.00216365
1.26848197 0.86182952 0.00241813
1.26975328 0.86053499 0.00272118
1.27102458 0.85905699 0.00306036
1.27229589 0.85738258 0.00342648
1.27356719 0.85549830 0.00381299
1.27483850 0.85339015 0.00421532
1.27610981 0.85104362 0.00463032
1.27738111 0.84844361 0.00505596
1.27865242 0.84557447 0.00549102
1.27992372 0.84241996 0.00593503
1.28119503 0.83896327 0.00638814
-0.96316762 0.84717981 0.00522412
-0.96189631 0.85052176 0.00584677
-0.96062353 0.85189030 0.00585229
-0.95934927 0.85272796 0.00585301
-0.95807353 0.85368630 0.00571629
-0.95679779 0.85543048 0.00517271
-0.95551909 0.85873402 0.00399857
-0.95423744 0.86549782 0.00436396
-0.95295431 0.88261348 0.01208414
-0.95167118 0.90456816 0.01850330
-0.95038804 0.90563123 0.01800992
-0.94910048 0.88345632 0.01505340
-0.94781143 0.86159941 0.01299158
-0.94651943 0.84768166 0.01166443
-0.94522743 0.83796710 0.01082428
-0.94393247 0.83049501 0.01013318
-0.94263604 0.82367576 0.00958396
-0.94133960 0.81714334 0.00908571
-0.94004021 0.81074443 0.00862710
-0.93873934 0.80463255 0.00822446
-0.93743699 0.79887859 0.00787046
-0.93613316 0.79347001 0.00755563
-0.93482786 0.78835420 0.00727209
-0.93351959 0.78349883 0.00701458
-0.93221133 0.77886718 0.00677829
-0.93090011 0.77443371 0.00655931
-0.92958890 0.77017187 0.00635803
-0.92827472 0.76606176 0.00617139
-0.92695907 0.76208383 0.00599984
-0.92564341 0.75823073 0.00583124
-0.92432480 0.75448815 0.00567644
-0.92300472 0.75084145 0.00553437
-0.92168315 0.74728365 0.00539212
-0.92036010 0.74381124 0.00525867
-0.91903410 0.74042073 0.00513377
-0.91770810 0.73710864 0.00500860
-0.91638062 0.73388891 0.00488811
-0.91505167 0.73075460 0.00477172
-0.91371975 0.72769879 0.00466826
-0.91238784 0.72469008 0.00456926
-0.91105297 0.72171102 0.00447031
-0.90971810 0.71876506 0.00437548
-0.90838027 0.71584868 0.00428921
-0.90704096 0.71295837 0.00420256
-0.90570166 0.71009760 0.00411590
-0.90435940 0.70726285 0.00403371
-0.90301565 0.70445059 0.00395558
-0.90167044 0.70165730 0.00387744
-0.90032374 0.69888644 0.00380832
-0.89897556 0.69613801 0.00373824
-0.89762591 0.69340143 0.00366863
-0.89627478 0.69068724 0.00359950
-0.89492217 0.68798836 0.00353336
-0.89356808 0.68530124 0.00347281
-0.89221251 0.68262586 0.00341117
-0.89085547 0.67997277 0.00335004
-0.88949695 0.67732075 0.00329293
-0.88813547 0.67468391 0.00323176
-0.88677399 0.67206222 0.00317858
-0.88541103 0.66944503 0.00312137
-0.88404659 0.66683938 0.00307337
-0.88267920 0.66424170 0.00302009
-0.88131181 0.66165195 0.00296677
-0.87994294 0.65907009 0.00291872
-0.87857259 0.65649253 0.00286999
-0.87719928 0.65392635 0.00282522
-0.87582598 0.65136440 0.00277641
-0.87445120 0.64880662 0.00273227
-0.87307345 0.64625296 0.00268739
-0.87169571 0.64371056 0.00264318
-0.87031650 0.64116863 0.00260294
-0.86893580 0.63863070 0.00256190
-0.86755215 0.63610033 0.00251761
-0.86616849 0.63356668 0.00247647
-0.86478336 0.63104049 0.00244084
-0.86339675 0.62851452 0.00240042
-0.86200866 0.62599594 0.00236871
-0.86061762 0.62347386 0.00232822
-0.85922657 0.62096272 0.00229164
-0.85783405 0.61844432 0.00225985
-0.85644005 0.61592950 0.00222407
-0.85504457 0.61341823 0.00218737
-0.85364761 0.61090680 0.00215456
-0.85224918 0.60839515 0.00212263
-0.85084926 0.60588687 0.00209555
-0.84944787 0.60337461 0.00206260
-0.84804648 0.60086562 0.00203154
-0.84664213 0.59835250 0.00200342
-0.84523630 0.59583516 0.00197526
-0.84382899 0.59332092 0.00194313
-0.84242169 0.59080232 0.00191985
-0.84101143 0.58827927 0.00189656
-0.83960116 0.58575542 0.00186826
-0.83818795 0.58322325 0.00184492
-0.83677473 0.58069011 0.00181655
-0.83536003 0.57815219 0.00179707
-0.83394238 0.57560566 0.00177366
-0.83252472 0.57305040 0.00175530
-0.83110559 0.57049381 0.00173462
-0.82968498 0.56792829 0.00171623
-0.82826289 0.56536127 0.00169548
-0.82684081 0.56278888 0.00168097
-0.82541576 0.56021103 0.00166016
-0.82398924 0.55764280 0.00164048
-0.82256272 0.55506896 0.00162353
-0.82113324 0.55249704 0.00160891
-0.81970376 0.54993462 0.00159191
-0.81827280 0.54737788 0.00157203
-0.81684036 0.54483830 0.00155493
-0.81540645 0.54230824 0.00153895
-0.81397106 0.53979928 0.00151771
-0.81253418 0.53730762 0.00150274
-0.81109584 0.53484110 0.00148019
-0.80965749 0.53239981 0.00145982
-0.80821618 0.52997997 0.00144346
-0.80677488 0.52759732 0.00142290
-0.80533209 0.52524031 0.00140109
-0.80388783 0.52291299 0.00138560
-0.80244209 0.52061159 0.00135945
-0.80099487 0.51833230 0.00134379
-0.79954765 0.51608314 0.00131860
-0.79809748 0.51385237 0.00130279
-0.79664730 0.51163613 0.00128282
-0.79519565 0.50943447 0.00126151
-0.79374252 0.50723947 0.00124686
-0.79228791 0.50505514 0.00122678
-0.79083182 0.50287350 0.00120528
-0.78937573 0.50069048 0.00119466
-0.78791669 0.49851008 0.00118002
-0.78645764 0.49632015 0.00116391
-0.78499712 0.49412868 0.00114932
-0.78353512 0.49192343 0.00113876
-0.78207164 0.48970425 0.00112264
-0.78060816 0.48746688 0.00111609
-0.77914320 0.48521525 0.00110392
-0.77767528 0.48294096 0.00109740
-0.77620885 0.48064788 0.00109089
-0.77473946 0.47833582 0.00108441
-0.77326859 0.47601282 0.00107621
-0.77179771 0.47368289 0.00106800
-0.77032537 0.47134174 0.00106553
-0.76885154 0.46900174 0.00106138
-0.76737623 0.46666286 0.00105317
-0.76590093 0.46432925 0.00104494
-0.76442266 0.46200090 0.00103924
-0.76294440 0.45968627 0.00103676
-0.76146466 0.45738968 0.00102691
-0.75998492 0.45511551 0.00101858
-0.75850222 0.45286392 0.00101171
-0.75701953 0.45064793 0.00100172
-0.75553535 0.44845925 0.00098735
-0.75405118 0.44631100 0.00097874
-0.75256405 0.44419057 0.00096563
-0.75107691 0.44211118 0.00095096
-0.74958830 0.44007317 0.00094207
-0.74809822 0.43806817 0.00093006
-0.74660813 0.43610519 0.00091649
-0.74511656 0.43416262 0.00090282
-0.74362352 0.43225823 0.00089055
-0.74212899 0.43037466 0.00087824
-0.74063447 0.42851649 0.00087033
-0.73913847 0.42667060 0.00085630
-0.73764099 0.42483706 0.00084385
-0.73614351 0.42300700 0.00083753
-0.73464307 0.42117596 0.00082512
-0.73314412 0.41934839 0.00081891
-0.73164220 0.41751076 0.00081087
-0.73014029 0.41565842 0.00080714
-0.72863542 0.41379121 0.00080536
-0.72713202 0.41189985 0.00080166
-0.72562567 0.40997494 0.00079801
-0.72411933 0.40802528 0.00079246
-0.72261150 0.40606439 0.00078251
-0.72110367 0.40412443 0.00077248
-0.71959436 0.40221947 0.00076236
-0.71808358 0.40035911 0.00075853
-0.71657132 0.39851583 0.00075009
-0.71505906 0.39670847 0.00074157
-0.71354532 0.39491388 0.00073756
-0.71203158 0.39313689 0.00072893
-0.71051488 0.39137291 0.00072483
-0.70899966 0.38962205 0.00071417
-0.70748148 0.38788441 0.00070535
-0.70596331 0.38615533 0.00069649
-0.70444366 0.38443965 0.00069220
-0.70292400 0.38273268 0.00068526
-0.70140287 0.38103448 0.00068088
-0.69988026 0.37934030 0.00067186
-0.69835765 0.37764527 0.00066741
-0.69683356 0.37596887 0.00065829
-0.69530800 0.37429169 0.00065376
-0.69378243 0.37262843 0.00065133
-0.69225538 0.37096445 0.00064212
-0.69072834 0.36931452 0.00063746
-0.68919982 0.36765896 0.00063278
-0.68766982 0.36601259 0.00062807
-0.68613981 0.36437051 0.00061865
-0.68460833 0.36274274 0.00061385
-0.68307685 0.36111434 0.00061130
-0.68154390 0.35949034 0.00060643
-0.68001094 0.35786569 0.00060389
-0.67847650 0.35625561 0.00059662
-0.67694059 0.35465002 0.00059399
-0.67540467 0.35304386 0.00058428
-0.67386728 0.35144734 0.00058636
-0.67232841 0.34985028 0.00058130
-0.67078954 0.34826296 0.00057620
-0.66925067 0.34668547 0.00057107
-0.66771032 0.34511790 0.00056589
-0.66616849 0.34355510 0.00056793
-0.66462666 0.34199191 0.00056272
-0.66308484 0.34043878 0.00055746
-0.66154005 0.33890109 0.00055458
-0.65999675 0.33736841 0.00054923
-0.65845049 0.33583545 0.00054882
-0.65690570 0.33432354 0.00054342
-0.65535796 0.33282217 0.00053798
-0.65381022 0.33132607 0.00052743
-0.65226248 0.32985685 0.00052933
-0.65071326 0.32838773 0.00052375
-0.64916404 0.32694044 0.00051301
-0.64761335 0.32550971 0.00050728
-0.64606265 0.32410119 0.00050907
-0.64451047 0.32272061 0.00049812
-0.64295830 0.32135721 0.00050246
-0.64140464 0.31998906 0.00049652
-0.63985099 0.31862165 0.00049324
-0.63829586 0.31725497 0.00049499
-0.63674073 0.31587226 0.00048898
-0.63518412 0.31448455 0.00048294
-0.63362751 0.31310301 0.00048470
-0.63207090 0.31172207 0.00047861
-0.63051133 0.31033603 0.00048319
-0.62895324 0.30896191 0.00047703
-0.62739368 0.30758269 0.00047083
-0.62583411 0.30622121 0.00046978
-0.62427306 0.30485468 0.00046632
-0.62271202 0.30350032 0.00046526
-0.62114950 0.30215827 0.00046171
-0.61958697 0.30081702 0.00046344
-0.61802445 0.29948241 0.00046238
-0.61646045 0.29816035 0.00045874
-0.61489497 0.29685099 0.00045765
-0.61333097 0.29554855 0.00045116
-0.61176401 0.29425307 0.00045284
-0.61019853 0.29295871 0.00044627
-0.60863157 0.29168933 0.00044792
-0.60706461 0.29042124 0.00044127
-0.60549618 0.28917248 0.00043730
-0.60392774 0.28792513 0.00043892
-0.60235783 0.28668528 0.00043777
-0.60078939 0.28547125 0.00043094
-0.59921800 0.28425888 0.00042679
-0.59764808 0.28304818 0.00042836
-0.59607669 0.28185763 0.00042138
-0.59450530 0.28067507 0.00042291
-0.59293243 0.27950679 0.00042443
-0.59135956 0.27834051 0.00041734
-0.58978669 0.27718871 0.00041019
-0.58821234 0.27604527 0.00041166
-0.58663799 0.27491657 0.00041313
-0.58506364 0.27379015 0.00040587
-0.58348781 0.27267868 0.00039855
-0.58191198 0.27156961 0.00039398
-0.58033616 0.27046932 0.00039835
-0.57875885 0.26938431 0.00039084
-0.57718302 0.26830190 0.00038926
-0.57560424 0.26721566 0.00038465
-0.57402693 0.26615140 0.00038599
-0.57244815 0.26508989 0.00037833
-0.57086937 0.26402464 0.00038279
-0.56929058 0.26297522 0.00037502
-0.56771032 0.26191554 0.00037635
-0.56613006 0.26087181 0.00037767
-0.56454980 0.25983101 0.00036980
-0.56296805 0.25878651 0.00037442
-0.56138779 0.25774494 0.00037244
-0.55980605 0.25670630 0.00037377
-0.55822283 0.25567065 0.00036579
-0.55664109 0.25462455 0.00036712
-0.55505787 0.25357463 0.00036846
-0.55347466 0.25252761 0.00037316
-0.55189144 0.25146994 0.00037749
-0.55030822 0.25040830 0.00037891
-0.54872352 0.24933581 0.00037738
-0.54713882 0.24825921 0.00037230
-0.54555413 0.24717843 0.00037080
-0.54396943 0.24614188 0.00037219
-0.54238325 0.24512923 0.00036400
-0.54079708 0.24412677 0.00036533
-0.53921090 0.24315562 0.00036395
-0.53762473 0.24220206 0.00035827
-0.53603855 0.24125923 0.00034985
-0.53445090 0.24032721 0.00035107
-0.53286472 0.23941324 0.00035227
-0.53127707 0.23849612 0.00035349
-0.52968942 0.23759726 0.00035469
-0.52810029 0.23670251 0.00034608
-0.52651263 0.23581190 0.00034017
-0.52492498 0.23492546 0.00034133
-0.52333585 0.23405048 0.00033970
-0.52174671 0.23317981 0.00034085
-0.52015758 0.23231348 0.00034480
-0.51856845 0.23144423 0.00033591
-0.51697932 0.23058669 0.00033704
-0.51538871 0.22974099 0.00033541
-0.51379958 0.22889247 0.00032915
-0.51220897 0.22804849 0.00033026
-0.51061836 0.22720167 0.00033138
-0.50902775 0.22635945 0.00032227
-0.50743714 0.22552184 0.00033362
-0.50584653 0.22469645 0.00032444
-0.50425592 0.22386074 0.00032554
-0.50266383 0.22304487 0.00032663
-0.50107322 0.22222628 0.00032772
-0.49948261 0.22140493 0.00032883
-0.49789052 0.22058845 0.00031950
-0.49629843 0.21978452 0.00032057
-0.49470782 0.21897790 0.00032165
-0.49311573 0.21817626 0.00033057
-0.49152364 0.21737968 0.00032381
-0.48993156 0.21658041 0.00032228
-0.48833947 0.21580963 0.00032333
-0.48674738 0.21502849 0.00032212
-0.48515529 0.21425259 0.00032320
-0.48356320 0.21348986 0.00031592
-0.48196964 0.21273251 0.00031696
-0.48037755 0.21197267 0.00031800
-0.47878546 0.21124215 0.00030832
-0.47719337 0.21050131 0.00030931
-0.47559980 0.20978207 0.00031029
-0.47400772 0.20907661 0.00030916
-0.47241563 0.20838507 0.00029946
-0.47082206 0.20769948 0.00029155
-0.46922997 0.20704419 0.00029241
-0.46763788 0.20639510 0.00029551
-0.46604432 0.20576043 0.00029636
-0.46445223 0.20513212 0.00028620
-0.46286014 0.20449382 0.00028702
-0.46126658 0.20385368 0.00028786
-0.45967449 0.20321166 0.00028870
-0.45808240 0.20256776 0.00028955
-0.45649031 0.20191368 0.00028177
-0.45489822 0.20126593 0.00028261
-0.45330613 0.20061624 0.00028346
-0.45171257 0.19998134 0.00028181
-0.45012048 0.19932776 0.00028267
-0.44852839 0.19868904 0.00027463
-0.44693778 0.19804839 0.00027310
-0.44534569 0.19741428 0.00027392
-0.44375360 0.19677826 0.00027474
-0.44216151 0.19614033 0.00027557
-0.44057090 0.19552609 0.00027638
-0.43897882 0.19490149 0.00026805
-0.43738821 0.19427501 0.00026664
-0.43579612 0.19366387 0.00026965
-0.43420551 0.19305092 0.00027969
-0.43261490 0.19243618 0.00026901
-0.43102429 0.19183697 0.00026980
-0.42943368 0.19123601 0.00027059
-0.42784307 0.19065078 0.00026965
-0.42625394 0.19005509 0.00027216
-0.42466333 0.18947525 0.00027294
-0.42307419 0.18890257 0.00026208
-0.42148358 0.18831941 0.00026284
-0.41989445 0.18774344 0.00025198
-0.41830532 0.18717467 0.00026435
-0.41671619 0.18661322 0.00026509
-0.41512853 0.18605915 0.00025412
-0.41353940 0.18550350 0.00026505
-0.41195175 0.18495531 0.00025554
-0.41036262 0.18441459 0.00025624
-0.40877496 0.18387239 0.00025695
-0.40718731 0.18333777 0.00024587
-0.40560114 0.18281986 0.00024653
-0.40401348 0.18229143 0.00025905
-0.40242731 0.18177988 0.00024785
-0.40084113 0.18125778 0.00024853
-0.39925496 0.18074348 0.00023736
-0.39766878 0.18023699 0.00024985
-0.39608261 0.17973841 0.00025050
-0.39449791 0.17924781 0.00023923
-0.39291321 0.17874664 0.00023986
-0.39132851 0.17825347 0.00022863
-0.38974382 0.17776832 0.00024110
-0.38816060 0.17729129 0.00024172
-0.38657738 0.17682246 0.00023037
-0.38499416 0.17634302 0.00023097
-0.38341094 0.17587179 0.00023272
-0.38182920 0.17540882 0.00023213
-0.38024598 0.17494471 0.00022163
-0.37866424 0.17448892 0.00022218
-0.37708398 0.17404155 0.00021055
-0.37550224 0.17360262 0.00022325
-0.37392198 0.17315308 0.00021157
-0.37234172 0.17272162 0.00021207
-0.37076145 0.17226990 0.00021392
-0.36918267 0.17184600 0.00020189
-0.36760388 0.17141143 0.00020238
-0.36602510 0.17097581 0.00020286
-0.36444780 0.17053914 0.00020336
-0.36286901 0.17011113 0.00021515
-0.36129171 0.16969188 0.00020432
-0.35971588 0.16925207 0.00020482
-0.35814005 0.16884060 0.00020530
-0.35656422 0.16840852 0.00019319
-0.35498840 0.16798522 0.00020629
-0.35341405 0.16756093 0.00019563
-0.35183970 0.16714551 0.00019610
-0.35026535 0.16673904 0.00018358
-0.34869248 0.16632167 0.00018402
-0.34711961 0.16591326 0.00019595
-0.34554674 0.16551391 0.00018487
-0.34397534 0.16509359 0.00018532
-0.34240395 0.16470238 0.00018574
-0.34083256 0.16430023 0.00017495
-0.33926264 0.16390723 0.00017535
-0.33769273 0.16351332 0.00017575
-0.33612429 0.16311850 0.00017616
-0.33455586 0.16272278 0.00017657
-0.33298742 0.16234650 0.00016608
-0.33142046 0.16195918 0.00017736
-0.32985350 0.16158121 0.00016683
-0.32828655 0.16121264 0.00016720
-0.32672107 0.16083299 0.00016502
-0.32515559 0.16045250 0.00015412
-0.32359159 0.16009176 0.00015787
-0.32202758 0.15971992 0.00015822
-0.32046358 0.15936797 0.00015512
-0.31890106 0.15900489 0.00015890
-0.31734002 0.15864103 0.00014499
-0.31577749 0.15829722 0.00014529
-0.31421793 0.15795269 0.00014560
-0.31265688 0.15759698 0.00013579
-0.31109731 0.15726148 0.00014163
-0.30953923 0.15693582 0.00013633
-0.30798114 0.15659897 0.00014220
-0.30642305 0.15626144 0.00012762
-0.30486644 0.15594435 0.00012787
-0.30330983 0.15562665 0.00012812
-0.30175470 0.15529770 0.00014334
-0.30019957 0.15496810 0.00013551
-0.29864591 0.15461648 0.00013580
-0.29709226 0.15426410 0.00013610
-0.29554008 0.15391095 0.00013640
-0.29398791 0.15354628 0.00012978
-0.29243721 0.15317002 0.00013703
-0.29088651 0.15280366 0.00013038
-0.28933730 0.15242563 0.00013767
-0.28778808 0.15204673 0.00012266
-0.28623886 0.15165604 0.00012297
-0.28469112 0.15127526 0.00013165
-0.28314485 0.15088265 0.00013198
-0.28159859 0.15048906 0.00013231
-0.28005381 0.15009448 0.00013264
-0.27850902 0.14970992 0.00011749
-0.27696572 0.14931336 0.00011779
-0.27542241 0.14891579 0.00011809
-0.27388059 0.14851720 0.00011840
-0.27234024 0.14811758 0.00011871
-0.27079989 0.14771692 0.00011902
-0.26925954 0.14731521 0.00011933
-0.26772067 0.14691245 0.00011964
-0.26618327 0.14650863 0.00011996
-0.26464588 0.14610373 0.00012028
-0.26310997 0.14566386 0.00012063
-0.26157405 0.14525670 0.00012095
-0.26003962 0.14484843 0.00012128
-0.25850518 0.14443906 0.00012161
-0.25697222 0.14402856 0.00012195
-0.25544074 0.14361694 0.00012228
-0.25390926 0.14319270 0.00011370
-0.25237926 0.14275571 0.00012299
-0.25084926 0.14234054 0.00012334
-0.24932074 0.14191263 0.00011469
-0.24779369 0.14148344 0.00013146
-0.24626665 0.14104138 0.00011537
-0.24474108 0.14060963 0.00013225
-0.24321552 0.14015317 0.00013267
-0.24169143 0.13969527 0.00013309
-0.24016882 0.13924773 0.00011681
-0.23864621 0.13878695 0.00011718
-0.23712508 0.13832469 0.00011756
-0.23560542 0.13786093 0.00011794
-0.23408577 0.13744346 0.00010139
-0.23256759 0.13704872 0.00010167
-0.23104942 0.13667689 0.00009459
-0.22953272 0.13634019 0.00011167
-0.22801750 0.13599064 0.00009505
-0.22650376 0.13566441 0.00009527
-0.22499002 0.13534953 0.00010710
-0.22347628 0.13502179 0.00010735
-0.22196550 0.13470548 0.00009116
-0.22045471 0.13438843 0.00009615
-0.21894541 0.13407065 0.00010808
-0.21743610 0.13375216 0.00009179
-0.21592827 0.13342063 0.00009201
-0.21442193 0.13310061 0.00010601
-0.21291705 0.13277986 0.00010910
-0.21141218 0.13244597 0.00010937
-0.20990879 0.13211127 0.00010964
-0.20840540 0.13177574 0.00010991
-0.20690496 0.13142691 0.00010731
-0.20540453 0.13108969 0.00010758
-0.20390557 0.13075162 0.00010785
-0.20240661 0.13040015 0.00009407
-0.20090913 0.13003513 0.00010843
-0.19941313 0.12968177 0.00009458
-0.19791861 0.12931478 0.00010901
-0.19642408 0.12894681 0.00009338
-0.19493104 0.12857780 0.00009537
-0.19343947 0.12819498 0.00009564
-0.19194791 0.12782385 0.00011025
-0.19045930 0.12743883 0.00011057
-0.18897069 0.12705268 0.00011090
-0.18748355 0.12667833 0.00009500
-0.18599642 0.12628993 0.00009528
-0.18451077 0.12590035 0.00009557
-0.18302659 0.12550961 0.00009586
-0.18154390 0.12514384 0.00009788
-0.18006268 0.12476392 0.00009641
-0.17858146 0.12436970 0.00009671
-0.17710172 0.12400067 0.00009876
-0.17562346 0.12361732 0.00009728
-0.17414667 0.12324610 0.00009934
-0.17266989 0.12287380 0.00008208
-0.17119606 0.12248701 0.00009994
-0.16972223 0.12211246 0.00008258
-0.16824841 0.12172332 0.00010055
-0.16677754 0.12135994 0.00010085
-0.16530667 0.12098199 0.00008333
-0.16383875 0.12058930 0.00010147
-0.16237084 0.12022258 0.00010177
-0.16090440 0.11984114 0.00008410
-0.15943796 0.11945849 0.00008868
-0.15797449 0.11907464 0.00010273
-0.15651101 0.11870336 0.00010304
-0.15504900 0.11830333 0.00008953
-0.15358848 0.11792969 0.00008980
-0.15212944 0.11754097 0.00010404
-0.15067039 0.11713707 0.00009040
-0.14921430 0.11675978 0.00009068
-0.14775822 0.11638131 0.00009097
-0.14630375 0.11595937 0.00009129
-0.14485062 0.11557833 0.00009158
-0.14339867 0.11518188 0.00010026
-0.14194791 0.11476988 0.00009221
-0.14049847 0.11437069 0.00010095
-0.13905022 0.11395582 0.00009286
-0.13760344 0.11355384 0.00010166
-0.13615770 0.11313604 0.00009351
-0.13471344 0.11273121 0.00010238
-0.13327021 0.11229588 0.00010277
-0.13182846 0.11187349 0.00009454
-0.13038804 0.11144955 0.00008283
-0.12894881 0.11102399 0.00010392
-0.12751090 0.11058209 0.00010433
-0.12607433 0.11013846 0.00010474
-0.12463893 0.10969308 0.00010515
-0.12320502 0.10924591 0.00010557
-0.12177229 0.10879695 0.00010600
-0.12034104 0.10833113 0.00008516
-0.11891096 0.10787845 0.00008551
-0.11748222 0.10739350 0.00010735
-0.11605496 0.10692170 0.00008626
-0.11462888 0.10643248 0.00010830
-0.11320413 0.10592568 0.00010881
-0.11178086 0.10544745 0.00008744
-0.11035892 0.10493599 0.00008786
-0.10893816 0.10442207 0.00008828
-0.10751888 0.10392133 0.00011087
-0.10610108 0.10341824 0.00010210
-0.10468446 0.10291274 0.00008955
-0.10326932 0.10242068 0.00010308
-0.10185551 0.10191033 0.00009041
-0.10044304 0.10141350 0.00010408
-0.09903203 0.10088199 0.00010462
-0.09762236 0.10036396 0.00009178
-0.09621417 0.09984328 0.00008316
-0.09480731 0.09931990 0.00010623
-0.09340178 0.09877733 0.00010681
-0.09199772 0.09823182 0.00010739
-0.09059500 0.09768331 0.00010798
-0.08919376 0.09713176 0.00010858
-0.08779384 0.09657711 0.00010920
-0.08639541 0.09601931 0.00010982
-0.08499845 0.09544129 0.00008693
-0.08360282 0.09487692 0.00008744
-0.08220867 0.09429197 0.00009758
-0.08081600 0.09370342 0.00011249
-0.07942466 0.09311125 0.00008907
-0.07803480 0.09253291 0.00008962
-0.07664641 0.09193328 0.00010005
-0.07525951 0.09131199 0.00009079
-0.07387393 0.09072235 0.00009138
-0.07248984 0.09011086 0.00010204
-0.07110722 0.08947711 0.00009263
-0.06972608 0.08887548 0.00009325
-0.06834642 0.08826980 0.00009388
-0.06696823 0.08766001 0.00009452
-0.06559138 0.08708331 0.00011503
-0.06421615 0.08654043 0.00009573
-0.06284240 0.08601302 0.00011644
-0.06146998 0.08552045 0.00009685
-0.06009919 0.08498679 0.00011783
-0.05872988 0.08446906 0.00011854
-0.05736204 0.08394818 0.00011927
-0.05599568 0.08340465 0.00009541
-0.05463080 0.08283793 0.00012084
-0.05326740 0.08226739 0.00012171
-0.05190548 0.08169287 0.00014608
-0.05054518 0.08109435 0.00014714
-0.04918636 0.08045112 0.00012438
-0.04782902 0.07974167 0.00012552
-0.04647316 0.07886143 0.00012686
-0.04511893 0.07763760 0.00012889
-0.04376617 0.07613901 0.00015661
-0.04241504 0.07448012 0.00016306
-0.04106524 0.07285058 0.00019156
-0.03971706 0.07127529 0.00017033
-0.03837051 0.06961810 0.00017435
-0.03702529 0.06799241 0.00017849
-0.03568185 0.06632722 0.00018294
-0.03433973 0.06459447 0.00016268
-0.03299939 0.06276263 0.00016740
-0.03166038 0.06079624 0.00017279
-0.03032315 0.05862650 0.00020682
-0.02898739 0.05608582 0.00026808
-0.02765326 0.05272389 0.00031350
-0.02632105 0.04840354 0.00040495
-0.02499002 0.04354874 0.00045021
-0.02366047 0.03858804 0.00050839
-0.02233255 0.03366727 0.00051506
-0.02100625 0.02880450 0.00055901
-0.01968143 0.02403299 0.00067189
-0.01835824 0.01934211 0.00066460
-0.01703653 0.01468662 0.00079244
-0.01571644 0.01012148 0.00093263
-0.01439801 0.00414952 0.00293415
-0.01308110 nan nan
-0.01176578 nan nan
-0.01045207 nan nan
-0.00913993 0.00610638 0.00120574
-0.00782941 0.01120385 0.00062360
-0.00652048 0.01544567 0.00059954
-0.00521317 0.02008518 0.00045849
-0.00390746 0.02436806 0.00061979
-0.00260335 0.02974358 0.00050650
-0.00130087 0.03470329 0.00072979
-0.00000000 0.04295209 0.00026677
