# s/c   M_is_mean    M_is_std
0.00000000 0.02011134 0.00154137
0.00130087 0.02991959 0.00086776
0.00260174 0.03752657 0.00057170
0.00390261 0.04407562 0.00039788
0.00520348 0.04996789 0.00028408
0.00650435 0.05539843 0.00020587
0.00780522 0.06047880 0.00015138
0.00910609 0.06527956 0.00011416
0.01040697 0.06984857 0.00009045
0.01170784 0.07422011 0.00007758
0.01300871 0.07841973 0.00007289
0.01430958 0.08246718 0.00007356
0.01561045 0.08637814 0.00007726
0.01691132 0.09016541 0.00008257
0.01821219 0.09383965 0.00008873
0.01951306 0.09740994 0.00009537
0.02081393 0.10088410 0.00010233
0.02211480 0.10426902 0.00010949
0.02341567 0.10757085 0.00011679
0.02470176 0.11079510 0.00012414
0.02600263 0.11394684 0.00013148
0.02730350 0.11703070 0.00013873
0.02860437 0.12005101 0.00014583
0.02990524 0.12301181 0.00015270
0.03120611 0.12591692 0.00015927
0.03250698 0.12876995 0.00016551
0.03380786 0.13157433 0.00017135
0.03510873 0.13433337 0.00017677
0.03640960 0.13705022 0.00018171
0.03771047 0.13972794 0.00018617
0.03901134 0.14236946 0.00019012
0.04029743 0.14497763 0.00019354
0.04159830 0.14755521 0.00019644
0.04289917 0.15010488 0.00019880
0.04420004 0.15262923 0.00020064
0.04550091 0.15513080 0.00020195
0.04680178 0.15761204 0.00020276
0.04810265 0.16007535 0.00020307
0.04940352 0.16252305 0.00020290
0.05068961 0.16495741 0.00020228
0.05199048 0.16738063 0.00020123
0.05329135 0.16979484 0.00019978
0.05459222 0.17220212 0.00019795
0.05589309 0.17460448 0.00019577
0.05719396 0.17700387 0.00019328
0.05849483 0.17940218 0.00019052
0.05978092 0.18180123 0.00018751
0.06108179 0.18420279 0.00018430
0.06238266 0.18660856 0.00018092
0.06368353 0.18902017 0.00017741
0.06498440 0.19143918 0.00017382
0.06628528 0.19386711 0.00017017
0.06757136 0.19630539 0.00016652
0.06887223 0.19875541 0.00016290
0.07017310 0.20121847 0.00015935
0.07147398 0.20369581 0.00015592
0.07277485 0.20618861 0.00015263
0.07407572 0.20869799 0.00014954
0.07536180 0.21122500 0.00014667
0.07666268 0.21377062 0.00014406
0.07796355 0.21633576 0.00014173
0.07926442 0.21892128 0.00013972
0.08056529 0.22152797 0.00013805
0.08185138 0.22415657 0.00013672
0.08315225 0.22680773 0.00013577
0.08445312 0.22948206 0.00013518
0.08575399 0.23218010 0.00013498
0.08704008 0.23490234 0.00013514
0.08834095 0.23764922 0.00013567
0.08964182 0.24042109 0.00013656
0.09094269 0.24321827 0.00013779
0.09224356 0.24604103 0.00013934
0.09352965 0.24888957 0.00014121
0.09483052 0.25176406 0.00014337
0.09613139 0.25466459 0.00014580
0.09743226 0.25759123 0.00014850
0.09871835 0.26054399 0.00015144
0.10001922 0.26352283 0.00015460
0.10132009 0.26652770 0.00015799
0.10260618 0.26955845 0.00016157
0.10390705 0.27261495 0.00016536
0.10520792 0.27569699 0.00016932
0.10650879 0.27880435 0.00017347
0.10779488 0.28193675 0.00017778
0.10909575 0.28509389 0.00018227
0.11039662 0.28827545 0.00018691
0.11169749 0.29148106 0.00019171
0.11298358 0.29471033 0.00019666
0.11428445 0.29796285 0.00020177
0.11558532 0.30123818 0.00020701
0.11687141 0.30453584 0.00021240
0.11817228 0.30785535 0.00021793
0.11947315 0.31119620 0.00022359
0.12075924 0.31455788 0.00022938
0.12206011 0.31793982 0.00023528
0.12336098 0.32134147 0.00024131
0.12466185 0.32476226 0.00024743
0.12594794 0.32820160 0.00025366
0.12724881 0.33165888 0.00025998
0.12854968 0.33513350 0.00026638
0.12983577 0.34049476 0.00028667
0.13113664 0.34418674 0.00030063
0.13243751 0.34785939 0.00031151
0.13372359 0.35152597 0.00031942
0.13502447 0.35519424 0.00032544
0.13632534 0.35886034 0.00033022
0.13761142 0.36251954 0.00033358
0.13891229 0.36617631 0.00033611
0.14019838 0.36986149 0.00034001
0.14149925 0.37362300 0.00034769
0.14280012 0.37748124 0.00035823
0.14408621 0.38138903 0.00037239
0.14538708 0.38525255 0.00039196
0.14668795 0.38901618 0.00040774
0.14797404 0.39267790 0.00041449
0.14927491 0.39626485 0.00041550
0.15056100 0.39982801 0.00041299
0.15186187 0.40340031 0.00040898
0.15316274 0.40696401 0.00040577
0.15444883 0.41048545 0.00040385
0.15574970 0.41397032 0.00040039
0.15703579 0.41745480 0.00039466
0.15833666 0.42093078 0.00038740
0.15963753 0.42436354 0.00037875
0.16092362 0.42774289 0.00036921
0.16222449 0.43115118 0.00035772
0.16351058 0.43470924 0.00034795
0.16481145 0.43840553 0.00034663
0.16611232 0.44215455 0.00036014
0.16739841 0.44588484 0.00038522
0.16869928 0.44955552 0.00040667
0.16998537 0.45316316 0.00042019
0.17128624 0.45671443 0.00042799
0.17257232 0.46021843 0.00043081
0.17387319 0.46368561 0.00043029
0.17517407 0.46712655 0.00042712
0.17646015 0.47055133 0.00042200
0.17776102 0.47396751 0.00041521
0.17904711 0.47737866 0.00040715
0.18034798 0.48078884 0.00039803
0.18163407 0.48420220 0.00038829
0.18293494 0.48763165 0.00037905
0.18422103 0.49110326 0.00037199
0.18552190 0.49463335 0.00036648
0.18680799 0.49821089 0.00036293
0.18810886 0.50178540 0.00036137
0.18939495 0.50530543 0.00035594
0.19069582 0.50876960 0.00034502
0.19199669 0.51225950 0.00033244
0.19328278 0.51589378 0.00031946
0.19458365 0.51967133 0.00031217
0.19586974 0.52352098 0.00031937
0.19717061 0.52740213 0.00033816
0.19845669 0.53129535 0.00035647
0.19975757 0.53521617 0.00037150
0.20104365 0.53916508 0.00038395
0.20234452 0.54310569 0.00038966
0.20363061 0.54700758 0.00038515
0.20493148 0.55085094 0.00037249
0.20621757 0.55469330 0.00035944
0.20750366 0.55865221 0.00034976
0.20880453 0.56275428 0.00034504
0.21009062 0.56695490 0.00034940
0.21139149 0.57119976 0.00036361
0.21267758 0.57545544 0.00037912
0.21397845 0.57973350 0.00039128
0.21526454 0.58405619 0.00040215
0.21656541 0.58843598 0.00041359
0.21785149 0.59288001 0.00042691
0.21915236 0.59738299 0.00044265
0.22043845 0.60193038 0.00046054
0.22173932 0.60650477 0.00047848
0.22302541 0.61109219 0.00049498
0.22432628 0.61568824 0.00051002
0.22561237 0.62030893 0.00052493
0.22689846 0.62498418 0.00054187
0.22819933 0.62972186 0.00056271
0.22948542 0.63450931 0.00058892
0.23078629 0.63932892 0.00061948
0.23207238 0.64416105 0.00065141
0.23337325 0.64898579 0.00068185
0.23465933 0.65378198 0.00070804
0.23594542 0.65853176 0.00072966
0.23724629 0.66322940 0.00074730
0.23853238 0.66788531 0.00076152
0.23983325 0.67251982 0.00077345
0.24111934 0.67715121 0.00078467
0.24240543 0.68178617 0.00079659
0.24370630 0.68641650 0.00081017
0.24499239 0.69102663 0.00082531
0.24629326 0.69560650 0.00084113
0.24757935 0.70014836 0.00085683
0.24886543 0.70464219 0.00087041
0.25016630 0.70908260 0.00088122
0.25145239 0.71346625 0.00088998
0.25275326 0.71779263 0.00089785
0.25403935 0.72207010 0.00090584
0.25532544 0.72630621 0.00091410
0.25662631 0.73050248 0.00092268
0.25791240 0.73465408 0.00093120
0.25919849 0.73874832 0.00093946
0.26049936 0.74277195 0.00094580
0.26178545 0.74671429 0.00094816
0.26307153 0.75057418 0.00094708
0.26437240 0.75435889 0.00094507
0.26565849 0.75809960 0.00094312
0.26695936 0.76184894 0.00094192
0.26824545 0.76562368 0.00094141
0.26953154 0.76939814 0.00094454
0.27083241 0.77311790 0.00095336
0.27211850 0.77671762 0.00096079
0.27340459 0.78017241 0.00096321
0.27470546 0.78349876 0.00096150
0.27599154 0.78674617 0.00095589
0.27727763 0.78996906 0.00095067
0.27857850 0.79318345 0.00094669
0.27986459 0.79637969 0.00094410
0.28115068 0.79953256 0.00094445
0.28243677 0.80258484 0.00094196
0.28373764 0.80548091 0.00093883
0.28502373 0.80823815 0.00093795
0.28630981 0.81091014 0.00093495
0.28761068 0.81355617 0.00092717
0.28889677 0.81619174 0.00091812
0.29018286 0.81875252 0.00091385
0.29148373 0.82117186 0.00090903
0.29276982 0.82343102 0.00089777
0.29405591 0.82554462 0.00087985
0.29534200 0.82754745 0.00085658
0.29664287 0.82948326 0.00083143
0.29792895 0.83136904 0.00080725
0.29921504 0.83318720 0.00078571
0.30051591 0.83490096 0.00076654
0.30180200 0.83647436 0.00074584
0.30308809 0.83789982 0.00072082
0.30437418 0.83920525 0.00069164
0.30567505 0.84043790 0.00066064
0.30696114 0.84164652 0.00063238
0.30824722 0.84284696 0.00061021
0.30953331 0.84402067 0.00059509
0.31083418 0.84513124 0.00058586
0.31212027 0.84614958 0.00057920
0.31340636 0.84707017 0.00056988
0.31469245 0.84789572 0.00055134
0.31599332 0.84861884 0.00052062
0.31727941 0.84922586 0.00047846
0.31856549 0.84972195 0.00042694
0.31985158 0.85013737 0.00037199
0.32115245 0.85050927 0.00032053
0.32243854 0.85087741 0.00028127
0.32372463 0.85128302 0.00026700
0.32501072 0.85174319 0.00028199
0.32629681 0.85224847 0.00031949
0.32759768 0.85277879 0.00036884
0.32888376 0.85330603 0.00041660
0.33016985 0.85380184 0.00045376
0.33145594 0.85425240 0.00047866
0.33275681 0.85465651 0.00049480
0.33404290 0.85502476 0.00050959
0.33532899 0.85537661 0.00053068
0.33661508 0.85572494 0.00056140
0.33790116 0.85607154 0.00059863
0.33918725 0.85641596 0.00063651
0.34048812 0.85676400 0.00067215
0.34177421 0.85712457 0.00070452
0.34306030 0.85750823 0.00073498
0.34434639 0.85792480 0.00076576
0.34563247 0.85837818 0.00079976
0.34693335 0.85886499 0.00084017
0.34821943 0.85936721 0.00088537
0.34950552 0.85986965 0.00093473
0.35079161 0.86036572 0.00098737
0.35207770 0.86083716 0.00103537
0.35336379 0.86127622 0.00107507
0.35466466 0.86169793 0.00110873
0.35595074 0.86212992 0.00114050
0.35723683 0.86259795 0.00117526
0.35852292 0.86310799 0.00121414
0.35980901 0.86365412 0.00125685
0.36109510 0.86423493 0.00130349
0.36238118 0.86484955 0.00135297
0.36368206 0.86548335 0.00140262
0.36496814 0.86611086 0.00144948
0.36625423 0.86670555 0.00149046
0.36754032 0.86726108 0.00152655
0.36882641 0.86779674 0.00156198
0.37011250 0.86834691 0.00160211
0.37139858 0.86894022 0.00165308
0.37269945 0.86956862 0.00171290
0.37398554 0.87021107 0.00177667
0.37527163 0.87085918 0.00184143
0.37655772 0.87151196 0.00190252
0.37784381 0.87217739 0.00195604
0.37912989 0.87286967 0.00200094
0.38041598 0.87358414 0.00203820
0.38170207 0.87428742 0.00206825
0.38298816 0.87494991 0.00209343
0.38428903 0.87557205 0.00211970
0.38557512 0.87617480 0.00215216
0.38686121 0.87677989 0.00219276
0.38814729 0.87740639 0.00224148
0.38943338 0.87806898 0.00229645
0.39071947 0.87877270 0.00235537
0.39200556 0.87951273 0.00241601
0.39329165 0.88028405 0.00247679
0.39457773 0.88109016 0.00253784
0.39586382 0.88193794 0.00259855
0.39714991 0.88282952 0.00265926
0.39843600 0.88374224 0.00271920
0.39973687 0.88462172 0.00277343
0.40102296 0.88541111 0.00281682
0.40230905 0.88609859 0.00285106
0.40359513 0.88673316 0.00288980
0.40488122 0.88737212 0.00294003
0.40616731 0.88804573 0.00299943
0.40745340 0.88875560 0.00306443
0.40873949 0.88946602 0.00312625
0.41002557 0.89013944 0.00317942
0.41131166 0.89077989 0.00322705
0.41259775 0.89142062 0.00327535
0.41388384 0.89208109 0.00332563
0.41516993 0.89275922 0.00337570
0.41645601 0.89349258 0.00343028
0.41774210 0.89435658 0.00349926
0.41902819 0.89540913 0.00358596
0.42031428 0.89660371 0.00367902
0.42160037 0.89781011 0.00376078
0.42288645 0.89896874 0.00382519
0.42417254 0.90008670 0.00388069
0.42545863 0.90118656 0.00393864
0.42674472 0.90228698 0.00400027
0.42803081 0.90338734 0.00406152
0.42931690 0.90449105 0.00412232
0.43060298 0.90561297 0.00418595
0.43188907 0.90677136 0.00425624
0.43317516 0.90797724 0.00433463
0.43446125 0.90922961 0.00441929
0.43574734 0.91052511 0.00450810
0.43703342 0.91186234 0.00460057
0.43831951 0.91323527 0.00469410
0.43960560 0.91463821 0.00478796
0.44089169 0.91605652 0.00488053
0.44217778 0.91746253 0.00496750
0.44346386 0.91883628 0.00504663
0.44474995 0.92018499 0.00512059
0.44603604 0.92156479 0.00520509
0.44732213 0.92304838 0.00531350
0.44860822 0.92467803 0.00544706
0.44989430 0.92641094 0.00559364
0.45118039 0.92812180 0.00572679
0.45246648 0.92975358 0.00583703
0.45375257 0.93131912 0.00593483
0.45503866 0.93282473 0.00602853
0.45632474 0.93426436 0.00611554
0.45761083 0.93560317 0.00618464
0.45889692 0.93682412 0.00623308
0.46018301 0.93797114 0.00627626
0.46146910 0.93912040 0.00633335
0.46275519 0.94035749 0.00641677
0.46404127 0.94168889 0.00652034
0.46532736 0.94301863 0.00662064
0.46661345 0.94429009 0.00670817
0.46789954 0.94551045 0.00678853
0.46917084 0.94672082 0.00687684
0.47045693 0.94796942 0.00698432
0.47174302 0.94926685 0.00710792
0.47302911 0.95059445 0.00724095
0.47431520 0.95192312 0.00737428
0.47560128 0.95322047 0.00749842
0.47688737 0.95446984 0.00761156
0.47817346 0.95567522 0.00771719
0.47945955 0.95685681 0.00782143
0.48074564 0.95804212 0.00793089
0.48203172 0.95925570 0.00805028
0.48331781 0.96049872 0.00817912
0.48460390 0.96174156 0.00830875
0.48587521 0.96295735 0.00843284
0.48716129 0.96413425 0.00854964
0.48844738 0.96527285 0.00866054
0.48973347 0.96638336 0.00876997
0.49101956 0.96747770 0.00888219
0.49230565 0.96856665 0.00899915
0.49359173 0.96965925 0.00912174
0.49487782 0.97076295 0.00925081
0.49616391 0.97188038 0.00938551
0.49743522 0.97300869 0.00952444
0.49872130 0.97414036 0.00966541
0.50000739 0.97526394 0.00980550
0.50129348 0.97636690 0.00994274
0.50257957 0.97743905 0.01007503
0.50386566 0.97847351 0.01020126
0.50515174 0.97947254 0.01032352
0.50643783 0.98044984 0.01044600
0.50770914 0.98141865 0.01057209
0.50899523 0.98238394 0.01070245
0.51028131 0.98333804 0.01083397
0.51156740 0.98426076 0.01096054
0.51285349 0.98513471 0.01107875
0.51413958 0.98595127 0.01118736
0.51542567 0.98671331 0.01128786
0.51669697 0.98744069 0.01138697
0.51798306 0.98816078 0.01149171
0.51926915 0.98890291 0.01160644
0.52055524 0.98968311 0.01173160
0.52184132 0.99050143 0.01186510
0.52312741 0.99133061 0.01199876
0.52439872 0.99211281 0.01211949
0.52568480 0.99281022 0.01221769
0.52697089 0.99341193 0.01229299
0.52825698 0.99393596 0.01235652
0.52954307 0.99443987 0.01242311
0.53082916 0.99497149 0.01250295
0.53210046 0.99554686 0.01259595
0.53338655 0.99613673 0.01268985
0.53467264 0.99668328 0.01277190
0.53595873 0.99716150 0.01283643
0.53724481 0.99758228 0.01288672
0.53853090 0.99798727 0.01293854
0.53980221 0.99843366 0.01300498
0.54108830 0.99894311 0.01308493
0.54237438 0.99949667 0.01317001
0.54366047 1.00006198 0.01325138
0.54494656 1.00060992 0.01332126
0.54621787 1.00111946 0.01337526
0.54750395 1.00159669 0.01341940
0.54879004 1.00207883 0.01346387
0.55007613 1.00259440 0.01351401
0.55134744 1.00315921 0.01357139
0.55263352 1.00376793 0.01363168
0.55391961 1.00438810 0.01368631
0.55520570 1.00498787 0.01372910
0.55649179 1.00555652 0.01375953
0.55776309 1.00610795 0.01378293
0.55904918 1.00667531 0.01380967
0.56033527 1.00728445 0.01384479
0.56162136 1.00793931 0.01388714
0.56289266 1.00862752 0.01393322
0.56417875 1.00932125 0.01397576
0.56546484 1.00999856 0.01401049
0.56675093 1.01064483 0.01403609
0.56803702 1.01124729 0.01405036
0.56930832 1.01180098 0.01405372
0.57059441 1.01231431 0.01405194
0.57188050 1.01280875 0.01405117
0.57316659 1.01330902 0.01405631
0.57443789 1.01383900 0.01406948
0.57572398 1.01442089 0.01409102
0.57701007 1.01506669 0.01411949
0.57829616 1.01577565 0.01415343
0.57956746 1.01652830 0.01418992
0.58085355 1.01728234 0.01421904
0.58213964 1.01800165 0.01423501
0.58341094 1.01866902 0.01423516
0.58469703 1.01927935 0.01422039
0.58598312 1.01984318 0.01419806
0.58726921 1.02038334 0.01417365
0.58854051 1.02091724 0.01415134
0.58982660 1.02145343 0.01413251
0.59111269 1.02198471 0.01411285
0.59239878 1.02248550 0.01408495
0.59367008 1.02293451 0.01404370
0.59495617 1.02333604 0.01399234
0.59624226 1.02371831 0.01394028
0.59751356 1.02411366 0.01389547
0.59879965 1.02454869 0.01386172
0.60008574 1.02503861 0.01383897
0.60137183 1.02558307 0.01382521
0.60264313 1.02616670 0.01381589
0.60392922 1.02675662 0.01380183
0.60521531 1.02731857 0.01377685
0.60648661 1.02782589 0.01373543
0.60777270 1.02826437 0.01367351
0.60905879 1.02865246 0.01360028
0.61033010 1.02902181 0.01352525
0.61161618 1.02939990 0.01345299
0.61290227 1.02980254 0.01338519
0.61417358 1.03022922 0.01331963
0.61545967 1.03067242 0.01325443
0.61674575 1.03112669 0.01318917
0.61801706 1.03159528 0.01312538
0.61930315 1.03207884 0.01306339
0.62058924 1.03258035 0.01300406
0.62187532 1.03310964 0.01294904
0.62314663 1.03368132 0.01290099
0.62443272 1.03430517 0.01286017
0.62571880 1.03497706 0.01282373
0.62699011 1.03567347 0.01278622
0.62827620 1.03635045 0.01273570
0.62954750 1.03697877 0.01266700
0.63083359 1.03755053 0.01258218
0.63211968 1.03806322 0.01248301
0.63339099 1.03852352 0.01237421
0.63467707 1.03894978 0.01226181
0.63596316 1.03936121 0.01215085
0.63723447 1.03977827 0.01204515
0.63852056 1.04022612 0.01194832
0.63980664 1.04072598 0.01186318
0.64107795 1.04128950 0.01178974
0.64236404 1.04191559 0.01172585
0.64365012 1.04259840 0.01166921
0.64492143 1.04333324 0.01161822
0.64620752 1.04411475 0.01157219
0.64749361 1.04493713 0.01152982
0.64876491 1.04579363 0.01148992
0.65005100 1.04667583 0.01145139
0.65132231 1.04757487 0.01141265
0.65260839 1.04848027 0.01137206
0.65389448 1.04938168 0.01132767
0.65516579 1.05026862 0.01127742
0.65645188 1.05113217 0.01122047
0.65772318 1.05197000 0.01115797
0.65900927 1.05278262 0.01109183
0.66029536 1.05356548 0.01102236
0.66156666 1.05430692 0.01094693
0.66285275 1.05499754 0.01086276
0.66413884 1.05563915 0.01077090
0.66541014 1.05624955 0.01067824
0.66669623 1.05685659 0.01059331
0.66796754 1.05748770 0.01052273
0.66925363 1.05816222 0.01047009
0.67053971 1.05888774 0.01043454
0.67181102 1.05966067 0.01041419
0.67309711 1.06046121 0.01040294
0.67436841 1.06125389 0.01038918
0.67565450 1.06200743 0.01036637
0.67692581 1.06271002 0.01033367
0.67821189 1.06335933 0.01029225
0.67949798 1.06395313 0.01024331
0.68076929 1.06448924 0.01018672
0.68205538 1.06496574 0.01012206
0.68332668 1.06538888 0.01005103
0.68461277 1.06578260 0.00998216
0.68589886 1.06617889 0.00992604
0.68717016 1.06659493 0.00988653
0.68845625 1.06702716 0.00986067
0.68972756 1.06746552 0.00984386
0.69101364 1.06790466 0.00983431
0.69228495 1.06834102 0.00983067
0.69357104 1.06877202 0.00983181
0.69484234 1.06920090 0.00983893
0.69612843 1.06963474 0.00985378
0.69741452 1.07008448 0.00987956
0.69868582 1.07055633 0.00991719
0.69997191 1.07104425 0.00996376
0.70124322 1.07152922 0.01001257
0.70252931 1.07198661 0.01005528
0.70380061 1.07240786 0.01009069
0.70508670 1.07279802 0.01012187
0.70635801 1.07316203 0.01015006
0.70764409 1.07350015 0.01017403
0.70893018 1.07381087 0.01019264
0.71020149 1.07409077 0.01020393
0.71148758 1.07433824 0.01020719
0.71275888 1.07456514 0.01020816
0.71404497 1.07479084 0.01021435
0.71531627 1.07503635 0.01023246
0.71660236 1.07531110 0.01026314
0.71787367 1.07560511 0.01029989
0.71915976 1.07590423 0.01033616
0.72043106 1.07619844 0.01036842
0.72171715 1.07648148 0.01039542
0.72298845 1.07675039 0.01041708
0.72427454 1.07700306 0.01043348
0.72554585 1.07723547 0.01044410
0.72683194 1.07743996 0.01044600
0.72810324 1.07760782 0.01043524
0.72938933 1.07773635 0.01041019
0.73066064 1.07783250 0.01037432
0.73194672 1.07791031 0.01033432
0.73321803 1.07798380 0.01029468
0.73450412 1.07806096 0.01025749
0.73577542 1.07814336 0.01022204
0.73706151 1.07822924 0.01018604
0.73833282 1.07831650 0.01014797
0.73961890 1.07840300 0.01010645
0.74089021 1.07848660 0.01006046
0.74217630 1.07856504 0.01000908
0.74344760 1.07863483 0.00995092
0.74473369 1.07869308 0.00988515
0.74600500 1.07873839 0.00981168
0.74729108 1.07877139 0.00973124
0.74856239 1.07879577 0.00964583
0.74984848 1.07881714 0.00955789
0.75111978 1.07884137 0.00946954
0.75240587 1.07887331 0.00938222
0.75367718 1.07891670 0.00929671
0.75496327 1.07897417 0.00921337
0.75623457 1.07904749 0.00913220
0.75752066 1.07913783 0.00905306
0.75879196 1.07924602 0.00897574
0.76007805 1.07937268 0.00889998
0.76134936 1.07951859 0.00882562
0.76263545 1.07968558 0.00875283
0.76390675 1.07987622 0.00868197
0.76517806 1.08009462 0.00861384
0.76646414 1.08034754 0.00855021
0.76773545 1.08064294 0.00849322
0.76902154 1.08098546 0.00844388
0.77029284 1.08137205 0.00840077
0.77157893 1.08179184 0.00836004
0.77285024 1.08223042 0.00831721
0.77413633 1.08267647 0.00827009
0.77540763 1.08312176 0.00821775
0.77669372 1.08355861 0.00815923
0.77796502 1.08398073 0.00809403
0.77923633 1.08438420 0.00802234
0.78052242 1.08476883 0.00794557
0.78179372 1.08513904 0.00786619
0.78307981 1.08550351 0.00778791
0.78435112 1.08587056 0.00771385
0.78563720 1.08624528 0.00764488
0.78690851 1.08663088 0.00758086
0.78817982 1.08702971 0.00752157
0.78946590 1.08744365 0.00746657
0.79073721 1.08787422 0.00741521
0.79202330 1.08832186 0.00736667
0.79329460 1.08878591 0.00731993
0.79458069 1.08926338 0.00727344
0.79585200 1.08974827 0.00722533
0.79712330 1.09023413 0.00717406
0.79840939 1.09071475 0.00711860
0.79968070 1.09118445 0.00705837
0.80096678 1.09163937 0.00699339
0.80223809 1.09207761 0.00692399
0.80350939 1.09250086 0.00685163
0.80479548 1.09291493 0.00677842
0.80606679 1.09332980 0.00670780
0.80735288 1.09375635 0.00664370
0.80862418 1.09419969 0.00658608
0.80989549 1.09466204 0.00653434
0.81118157 1.09514670 0.00648869
0.81245288 1.09565708 0.00644895
0.81373897 1.09619487 0.00641487
0.81501027 1.09675719 0.00638464
0.81628158 1.09733809 0.00635616
0.81756767 1.09793150 0.00632750
0.81883897 1.09853216 0.00629760
0.82012506 1.09913462 0.00626526
0.82139637 1.09973006 0.00622750
0.82266767 1.10030853 0.00618193
0.82395376 1.10086225 0.00612665
0.82522507 1.10139196 0.00606330
0.82651115 1.10191133 0.00599852
0.82778246 1.10243764 0.00593853
0.82905376 1.10298236 0.00588638
0.83033985 1.10355068 0.00584269
0.83161116 1.10414386 0.00580710
0.83288246 1.10476026 0.00577845
0.83416855 1.10539645 0.00575553
0.83543986 1.10604752 0.00573696
0.83672594 1.10670717 0.00572100
0.83799725 1.10736849 0.00570588
0.83926856 1.10802462 0.00568999
0.84055464 1.10866897 0.00567176
0.84182595 1.10929534 0.00564978
0.84309725 1.10989897 0.00562309
0.84438334 1.11047769 0.00559114
0.84565465 1.11103326 0.00555493
0.84692595 1.11157332 0.00551692
0.84821204 1.11211115 0.00548098
0.84948335 1.11266103 0.00545094
0.85076944 1.11323039 0.00542803
0.85204074 1.11381625 0.00541041
0.85331205 1.11440918 0.00539442
0.85459813 1.11499925 0.00537748
0.85586944 1.11557880 0.00535796
0.85714075 1.11614195 0.00533443
0.85842683 1.11668366 0.00530563
0.85969814 1.11720242 0.00527140
0.86096944 1.11769957 0.00523238
0.86225553 1.11818267 0.00519080
0.86352684 1.11866956 0.00515329
0.86479814 1.11918045 0.00512600
0.86608423 1.11973620 0.00511364
0.86735554 1.12035047 0.00511993
0.86862684 1.12102609 0.00514492
0.86991293 1.12175465 0.00518454
0.87118424 1.12251917 0.00523253
0.87245554 1.12330022 0.00528269
0.87374163 1.12407579 0.00532880
0.87501293 1.12482797 0.00536635
0.87628424 1.12554101 0.00539112
0.87757033 1.12620241 0.00539985
0.87884163 1.12680461 0.00539116
0.88011294 1.12734338 0.00536498
0.88138424 1.12781940 0.00532320
0.88267033 1.12823647 0.00526870
0.88394164 1.12860038 0.00520521
0.88521294 1.12891797 0.00513636
0.88649903 1.12919760 0.00506542
0.88777034 1.12945220 0.00499773
0.88904164 1.12969719 0.00493945
0.89032773 1.12994323 0.00489336
0.89159904 1.13019540 0.00485896
0.89287034 1.13045686 0.00483458
0.89415643 1.13072969 0.00481857
0.89542774 1.13101403 0.00480909
0.89669904 1.13130714 0.00480406
0.89797035 1.13160525 0.00480172
0.89925643 1.13190437 0.00480088
0.90052774 1.13219937 0.00480000
0.90179905 1.13248581 0.00479789
0.90308513 1.13275867 0.00479373
0.90435644 1.13301224 0.00478590
0.90562774 1.13324149 0.00477297
0.90691383 1.13344164 0.00475386
0.90818514 1.13361022 0.00472804
0.90945644 1.13374702 0.00469606
0.91072775 1.13385558 0.00465984
0.91201384 1.13394491 0.00462274
0.91328514 1.13402430 0.00458767
0.91455645 1.13410361 0.00455697
0.91582775 1.13419412 0.00453280
0.91711384 1.13430608 0.00451661
0.91838515 1.13444844 0.00450927
0.91965645 1.13462639 0.00451078
0.92094254 1.13483935 0.00452010
0.92221385 1.13507907 0.00453388
0.92348515 1.13533059 0.00454716
0.92475646 1.13558097 0.00455629
0.92604254 1.13582308 0.00455970
0.92731385 1.13605378 0.00455735
0.92858516 1.13627287 0.00455027
0.92985646 1.13648058 0.00453946
0.93114255 1.13667767 0.00452593
0.93241385 1.13686527 0.00451086
0.93368516 1.13704661 0.00449609
0.93495647 1.13723136 0.00448585
0.93624255 1.13743270 0.00448480
0.93751386 1.13766495 0.00449678
0.93878516 1.13794153 0.00452392
0.94005647 1.13826706 0.00456449
0.94134256 1.13863230 0.00461310
0.94261386 1.13902200 0.00466408
0.94388517 1.13942392 0.00471417
0.94515647 1.13982791 0.00476110
0.94644256 1.14022552 0.00480311
0.94771387 1.14060884 0.00483892
0.94898517 1.14097059 0.00486687
0.95025648 1.14130506 0.00488596
0.95154257 1.14160655 0.00489498
0.95281387 1.14187084 0.00489250
0.95408518 1.14209866 0.00487938
0.95535648 1.14230058 0.00485970
0.95664257 1.14250007 0.00484259
0.95791388 1.14272525 0.00483782
0.95918518 1.14299391 0.00484954
0.96045649 1.14330602 0.00487563
0.96174258 1.14365288 0.00491238
0.96301388 1.14402630 0.00495754
0.96428519 1.14441734 0.00500878
0.96555649 1.14481701 0.00506392
0.96682780 1.14521484 0.00511992
0.96811389 1.14559945 0.00517330
0.96938519 1.14596231 0.00522152
0.97065650 1.14629826 0.00526345
0.97192780 1.14660465 0.00529902
0.97321389 1.14688155 0.00532845
0.97448520 1.14713246 0.00535358
0.97575650 1.14736347 0.00537677
0.97702781 1.14758331 0.00540084
0.97829911 1.14780214 0.00542887
0.97958520 1.14802822 0.00546280
0.98085651 1.14826631 0.00550337
0.98212781 1.14851705 0.00555011
0.98339912 1.14877874 0.00560219
0.98468520 1.14904832 0.00565905
0.98595651 1.14932094 0.00571924
0.98722781 1.14959149 0.00578151
0.98849912 1.14985424 0.00584505
0.98977043 1.15010369 0.00590860
0.99105651 1.15033548 0.00597148
0.99232782 1.15054612 0.00603355
0.99359912 1.15073260 0.00609474
0.99487043 1.15089226 0.00615514
0.99614174 1.15102198 0.00621428
0.99742782 1.15111833 0.00627103
0.99869913 1.15118056 0.00632520
0.99997043 1.15121063 0.00637760
1.00124174 1.15121238 0.00642961
1.00251305 1.15119045 0.00648273
1.00378435 1.15114799 0.00653757
1.00507044 1.15108639 0.00659396
1.00634174 1.15100593 0.00665140
1.00761305 1.15090662 0.00670946
1.00888436 1.15078868 0.00676796
1.01015566 1.15065257 0.00682692
1.01144175 1.15049906 0.00688658
1.01271305 1.15032916 0.00694730
1.01398436 1.15014421 0.00700961
1.01525567 1.14994587 0.00707420
1.01652697 1.14973593 0.00714185
1.01779828 1.14951602 0.00721326
1.01908436 1.14928697 0.00728890
1.02035567 1.14904790 0.00736841
1.02162698 1.14879425 0.00744948
1.02289828 1.14851884 0.00752862
1.02416959 1.14821470 0.00760249
1.02545567 1.14787822 0.00766945
1.02672698 1.14750998 0.00772989
1.02799829 1.14711297 0.00778513
1.02926959 1.14669127 0.00783710
1.03054090 1.14624855 0.00788732
1.03181220 1.14578917 0.00793753
1.03309829 1.14531845 0.00799005
1.03436960 1.14484145 0.00804707
1.03564090 1.14436107 0.00810989
1.03691221 1.14387747 0.00817871
1.03818351 1.14338926 0.00825336
1.03945482 1.14289375 0.00833301
1.04072612 1.14238856 0.00841723
1.04201221 1.14187123 0.00850590
1.04328352 1.14133909 0.00859857
1.04455482 1.14078984 0.00869495
1.04582613 1.14022097 0.00879458
1.04709743 1.13963034 0.00889705
1.04836874 1.13901633 0.00900207
1.04965483 1.13837924 0.00910999
1.05092613 1.13772206 0.00922286
1.05219744 1.13704862 0.00934275
1.05346874 1.13636337 0.00947180
1.05474005 1.13567205 0.00961298
1.05601135 1.13498163 0.00976968
1.05728266 1.13430055 0.00994612
1.05856875 1.13363526 0.01014531
1.05984005 1.13298805 0.01036880
1.06111136 1.13235598 0.01061549
1.06238266 1.13173050 0.01088175
1.06365397 1.13110540 0.01116559
1.06492527 1.13047703 0.01146542
1.06619658 1.12984080 0.01177911
1.06746788 1.12919176 0.01210432
1.06875397 1.12852342 0.01243803
1.07002528 1.12782912 0.01277691
1.07129658 1.12710266 0.01311749
1.07256789 1.12633942 0.01345645
1.07383919 1.12553606 0.01379135
1.07511050 1.12469108 0.01412136
1.07638181 1.12380973 0.01444821
1.07766789 1.12290417 0.01477734
1.07893920 1.12199154 0.01511553
1.08021050 1.12108600 0.01546759
1.08148181 1.12018901 0.01583418
1.08275312 1.11929312 0.01621260
1.08402442 1.11839032 0.01659987
1.08529573 1.11747402 0.01699342
1.08656703 1.11653819 0.01739074
1.08783834 1.11557730 0.01778953
1.08912443 1.11458593 0.01818756
1.09039573 1.11355904 0.01858252
1.09166704 1.11249239 0.01897237
1.09293834 1.11138245 0.01935520
1.09420965 1.11022600 0.01972940
1.09548095 1.10902034 0.02009335
1.09675226 1.10776348 0.02044598
1.09802356 1.10645404 0.02078645
1.09930965 1.10509192 0.02111387
1.10058096 1.10367846 0.02142857
1.10185226 1.10221529 0.02173075
1.10312357 1.10070467 0.02202063
1.10439487 1.09914943 0.02229909
1.10566618 1.09755272 0.02256702
1.10693748 1.09591834 0.02282572
1.10820879 1.09425093 0.02307679
1.10948010 1.09255610 0.02332215
1.11075140 1.09084031 0.02356402
1.11203749 1.08911062 0.02380482
1.11330879 1.08737440 0.02404715
1.11458010 1.08563901 0.02429344
1.11585141 1.08391141 0.02454620
1.11712271 1.08219654 0.02480714
1.11839402 1.08049668 0.02507787
1.11966532 1.07880743 0.02536063
1.12093663 1.07711498 0.02565689
1.12220793 1.07540338 0.02597052
1.12347924 1.07365992 0.02630640
1.12475054 1.07187989 0.02666749
1.12603663 1.07006781 0.02705557
1.12730794 1.06823286 0.02747143
1.12857924 1.06638551 0.02791581
1.12985055 1.06453617 0.02838871
1.13112185 1.06269728 0.02888941
1.13239316 1.06088174 0.02941634
1.13366446 1.05910184 0.02996679
1.13493577 1.05736850 0.03053728
1.13620707 1.05569068 0.03112372
1.13747838 1.05407242 0.03171709
1.13874969 1.05251035 0.03231167
1.14002099 1.05098804 0.03291016
1.14130708 1.04948435 0.03352664
1.14257838 1.04798440 0.03417288
1.14384969 1.04647401 0.03485307
1.14512100 1.04494673 0.03557016
1.14639230 1.04341343 0.03632747
1.14766361 1.04189517 0.03711799
1.14893491 1.04040128 0.03793623
1.15020622 1.03892103 0.03877519
1.15147752 1.03743629 0.03962414
1.15274883 1.03593767 0.04048340
1.15402013 1.03441113 0.04134688
1.15529144 1.03371078 0.04175614
1.15656274 1.03225715 0.04257375
1.15783405 1.03082051 0.04338612
1.15912014 1.02940096 0.04419104
1.16039144 1.02799853 0.04498635
1.16166275 1.02661322 0.04576989
1.16293405 1.02524498 0.04653954
1.16420536 1.02389372 0.04729321
1.16547667 1.02255928 0.04802882
1.16674797 1.02124149 0.04874435
1.16801928 1.01994012 0.04943779
1.16929058 1.01865489 0.05010717
1.17056189 1.01738549 0.05075059
1.17183319 1.01613157 0.05136613
1.17310450 1.01489273 0.05195198
1.17437580 1.01366855 0.05250632
1.17564711 1.01245855 0.05302740
1.17691841 1.01126222 0.05351351
1.17818972 1.01007904 0.05396301
1.17946103 1.00890842 0.05437427
1.18074711 1.00774976 0.05474576
1.18201842 1.00660243 0.05507599
1.18328972 1.00546577 0.05536351
1.18456103 1.00433909 0.05560695
1.18583234 1.00322167 0.05580501
1.18710364 1.00211278 0.05595644
1.18837495 1.00101167 0.05606007
1.18964625 0.99991754 0.05611480
1.19091756 0.99882962 0.05611961
1.19218886 0.99774708 0.05607355
1.19346017 0.99666910 0.05597574
1.19473147 0.99559485 0.05582542
1.19600278 0.99452348 0.05562189
1.19727408 0.99345414 0.05536453
1.19854539 0.99238597 0.05505284
1.19981670 0.99131811 0.05468640
1.20108800 0.99024969 0.05426490
1.20235931 0.98917986 0.05378812
1.20363061 0.98810775 0.05325595
1.20490192 0.98703251 0.05266840
1.20617322 0.98595329 0.05202558
1.20744453 0.98486926 0.05132771
1.20873062 0.98377960 0.05057515
1.21000192 0.98268349 0.04976836
1.21127323 0.98158014 0.04890793
1.21254453 0.98046877 0.04799459
1.21381584 0.97934862 0.04702919
1.21508714 0.97821897 0.04601271
1.21635845 0.97707911 0.04494627
1.21762975 0.97592835 0.04383115
1.21890106 0.97476605 0.04266874
1.22017237 0.97359158 0.04146060
1.22144367 0.97240436 0.04020844
1.22271498 0.97120384 0.03891410
1.22398628 0.96998951 0.03757962
1.22525759 0.96876090 0.03620715
1.22652889 0.96751757 0.03479905
1.22780020 0.96625916 0.03335781
1.22907150 0.96498533 0.03188613
1.23034281 0.96369578 0.03038687
1.23161411 0.96239031 0.02886306
1.23288542 0.96106873 0.02731796
1.23415673 0.95973092 0.02575499
1.23542803 0.95837685 0.02417782
1.23669934 0.95700651 0.02259032
1.23797064 0.95562000 0.02099660
1.23924195 0.95421747 0.01940106
1.24051325 0.95279915 0.01780838
1.24178456 0.95136535 0.01622362
1.24305586 0.94991646 0.01465222
1.24432717 0.94845295 0.01310024
1.24559847 0.94697541 0.01157442
1.24686978 0.94548449 0.01008267
1.24814109 0.94398097 0.00863458
1.24941239 0.94246571 0.00724277
1.25068370 0.94093970 0.00592543
1.25195500 0.93940405 0.00471209
1.25322631 0.93785997 0.00365672
1.25449761 0.93630880 0.00286324
1.25576892 0.93475204 0.00249417
1.25704022 0.93319131 0.00263376
1.25831153 0.93162838 0.00313195
1.25958283 0.93006516 0.00377848
1.26085414 0.92850374 0.00444577
1.26212545 0.92694637 0.00506911
1.26339675 0.92539548 0.00561302
1.26466806 0.92385367 0.00605479
1.26593936 0.92232373 0.00637760
1.26721067 0.92080867 0.00656744
1.26848197 0.91931169 0.00661168
1.26975328 0.91783620 0.00649834
1.27102458 0.91638585 0.00621576
1.27229589 0.91496453 0.00575234
1.27356719 0.91357635 0.00509654
1.27483850 0.91222570 0.00423707
1.27610981 0.91091724 0.00316384
1.27738111 0.90965589 0.00187419
1.27865242 0.90844690 0.00051784
1.27992372 0.90729581 0.00160990
1.28119503 0.90620849 0.00365800
-0.96316762 0.90962150 0.00241471
-0.96189631 0.91297688 0.00263899
-0.96062353 0.91440705 0.00272030
-0.95934927 0.91552598 0.00285022
-0.95807353 0.91671056 0.00307174
-0.95679779 0.91856957 0.00340738
-0.95551909 0.92212625 0.00440897
-0.95423744 0.92939078 0.00831502
-0.95295431 0.94904678 0.01769654
-0.95167118 0.97499067 0.02506803
-0.95038804 0.97496127 0.02404375
-0.94910048 0.94650356 0.02026640
-0.94781143 0.91867662 0.01756745
-0.94651943 0.90089812 0.01567799
-0.94522743 0.88858217 0.01440669
-0.94393247 0.87914135 0.01333445
-0.94263604 0.87064386 0.01248710
-0.94133960 0.86258354 0.01173808
-0.94004021 0.85477297 0.01106963
-0.93873934 0.84736664 0.01049024
-0.93743699 0.84044012 0.00998752
-0.93613316 0.83396913 0.00954079
-0.93482786 0.82788239 0.00913953
-0.93351959 0.82213320 0.00877910
-0.93221133 0.81666944 0.00845108
-0.93090011 0.81146460 0.00814800
-0.92958890 0.80647952 0.00786963
-0.92827472 0.80168482 0.00761145
-0.92695907 0.79706725 0.00737364
-0.92564341 0.79260080 0.00715230
-0.92432480 0.78827238 0.00694329
-0.92300472 0.78406891 0.00674680
-0.92168315 0.77998059 0.00656197
-0.92036010 0.77599762 0.00638172
-0.91903410 0.77211344 0.00621357
-0.91770810 0.76833115 0.00604938
-0.91638062 0.76466028 0.00588912
-0.91505167 0.76109433 0.00574468
-0.91371975 0.75762685 0.00560794
-0.91238784 0.75421604 0.00547132
-0.91105297 0.75085220 0.00534691
-0.90971810 0.74752561 0.00522258
-0.90838027 0.74423944 0.00510597
-0.90704096 0.74099039 0.00499366
-0.90570166 0.73777842 0.00488138
-0.90435940 0.73459704 0.00478105
-0.90301565 0.73144941 0.00467671
-0.90167044 0.72833226 0.00458431
-0.90032374 0.72523911 0.00448790
-0.89897556 0.72217313 0.00439569
-0.89762591 0.71913427 0.00430718
-0.89627478 0.71611603 0.00422271
-0.89492217 0.71312160 0.00413838
-0.89356808 0.71015095 0.00405792
-0.89221251 0.70719107 0.00398149
-0.89085547 0.70425488 0.00390893
-0.88949695 0.70133586 0.00383636
-0.88813547 0.69843396 0.00376376
-0.88677399 0.69554591 0.00369127
-0.88541103 0.69267491 0.00362253
-0.88404659 0.68981440 0.00355782
-0.88267920 0.68696760 0.00349319
-0.88131181 0.68413120 0.00342841
-0.87994294 0.68130843 0.00337170
-0.87857259 0.67849924 0.00331089
-0.87719928 0.67569706 0.00325005
-0.87582598 0.67290511 0.00319322
-0.87445120 0.67012334 0.00313626
-0.87307345 0.66735171 0.00308331
-0.87169571 0.66458690 0.00303033
-0.87031650 0.66182886 0.00297730
-0.86893580 0.65908082 0.00292829
-0.86755215 0.65633945 0.00287923
-0.86616849 0.65360140 0.00283415
-0.86478336 0.65087323 0.00278499
-0.86339675 0.64814827 0.00273982
-0.86200866 0.64543310 0.00269056
-0.86061762 0.64271441 0.00264937
-0.85922657 0.64000872 0.00260405
-0.85783405 0.63730271 0.00256277
-0.85644005 0.63460297 0.00252143
-0.85504457 0.63190945 0.00248004
-0.85364761 0.62921543 0.00243859
-0.85224918 0.62652751 0.00240119
-0.85084926 0.62383897 0.00236375
-0.84944787 0.62115308 0.00232625
-0.84804648 0.61846641 0.00228871
-0.84664213 0.61578564 0.00225111
-0.84523630 0.61310395 0.00221758
-0.84382899 0.61042466 0.00218816
-0.84242169 0.60774096 0.00215043
-0.84101143 0.60505950 0.00212088
-0.83960116 0.60237006 0.00208717
-0.83818795 0.59967931 0.00205753
-0.83677473 0.59698717 0.00202792
-0.83536003 0.59429357 0.00200241
-0.83394238 0.59159499 0.00197687
-0.83252472 0.58889135 0.00195131
-0.83110559 0.58617909 0.00192561
-0.82968498 0.58346154 0.00190424
-0.82826289 0.58074547 0.00188274
-0.82684081 0.57802391 0.00186121
-0.82541576 0.57530021 0.00183536
-0.82398924 0.57258120 0.00181794
-0.82256272 0.56986338 0.00179630
-0.82113324 0.56715362 0.00177882
-0.81970376 0.56445191 0.00175698
-0.81827280 0.56175471 0.00173951
-0.81684036 0.55907251 0.00171757
-0.81540645 0.55640884 0.00169984
-0.81397106 0.55376726 0.00167778
-0.81253418 0.55114786 0.00165998
-0.81109584 0.54854718 0.00163778
-0.80965749 0.54597945 0.00161984
-0.80821618 0.54344485 0.00159747
-0.80677488 0.54093285 0.00157499
-0.80533209 0.53846139 0.00155239
-0.80388783 0.53601637 0.00152969
-0.80244209 0.53360153 0.00150249
-0.80099487 0.53121698 0.00148396
-0.79954765 0.52885932 0.00145651
-0.79809748 0.52652141 0.00143336
-0.79664730 0.52420337 0.00141012
-0.79519565 0.52189438 0.00139123
-0.79374252 0.51960539 0.00136341
-0.79228791 0.51731823 0.00134437
-0.79083182 0.51504385 0.00132084
-0.78937573 0.51276763 0.00130167
-0.78791669 0.51048951 0.00128258
-0.78645764 0.50820573 0.00126775
-0.78499712 0.50591621 0.00124861
-0.78353512 0.50362087 0.00122946
-0.78207164 0.50130845 0.00121451
-0.78060816 0.49897877 0.00120446
-0.77914320 0.49663167 0.00118947
-0.77767528 0.49426317 0.00117918
-0.77620885 0.49187681 0.00116889
-0.77473946 0.48947237 0.00116276
-0.77326859 0.48704964 0.00115247
-0.77179771 0.48462353 0.00114664
-0.77032537 0.48218637 0.00114053
-0.76885154 0.47974939 0.00113922
-0.76737623 0.47731639 0.00112859
-0.76590093 0.47488731 0.00112730
-0.76442266 0.47246599 0.00112120
-0.76294440 0.47006014 0.00111509
-0.76146466 0.46766985 0.00110898
-0.75998492 0.46530684 0.00110283
-0.75850222 0.46296744 0.00109196
-0.75701953 0.46066352 0.00108090
-0.75553535 0.45838753 0.00106980
-0.75405118 0.45615146 0.00106353
-0.75256405 0.45395565 0.00105230
-0.75107691 0.45180043 0.00103617
-0.74958830 0.44968216 0.00101991
-0.74809822 0.44760511 0.00100837
-0.74660813 0.44556563 0.00099674
-0.74511656 0.44356403 0.00098010
-0.74362352 0.44158855 0.00096824
-0.74212899 0.43963940 0.00095138
-0.74063447 0.43771679 0.00093438
-0.73913847 0.43580875 0.00092226
-0.73764099 0.43391134 0.00091016
-0.73614351 0.43202462 0.00089301
-0.73464307 0.43013639 0.00088074
-0.73314412 0.42824661 0.00087335
-0.73164220 0.42634701 0.00086635
-0.73014029 0.42443749 0.00085920
-0.72863542 0.42250550 0.00085179
-0.72713202 0.42055081 0.00084960
-0.72562567 0.41856482 0.00085210
-0.72411933 0.41654722 0.00084450
-0.72261150 0.41451860 0.00083189
-0.72110367 0.41251241 0.00082424
-0.71959436 0.41054152 0.00081670
-0.71808358 0.40861473 0.00080364
-0.71657132 0.40671542 0.00080118
-0.71505906 0.40484814 0.00079325
-0.71354532 0.40299605 0.00078552
-0.71203158 0.40116359 0.00077227
-0.71051488 0.39934658 0.00076426
-0.70899966 0.39754085 0.00076142
-0.70748148 0.39574650 0.00074808
-0.70596331 0.39396794 0.00074005
-0.70444366 0.39219657 0.00073707
-0.70292400 0.39043685 0.00072353
-0.70140287 0.38868004 0.00072046
-0.69988026 0.38693940 0.00071207
-0.69835765 0.38520621 0.00070362
-0.69683356 0.38347165 0.00069533
-0.69530800 0.38174904 0.00068657
-0.69378243 0.38003399 0.00068352
-0.69225538 0.37831762 0.00067488
-0.69072834 0.37661786 0.00067178
-0.68919982 0.37491682 0.00066304
-0.68766982 0.37322351 0.00065424
-0.68613981 0.37153799 0.00064537
-0.68460833 0.36985576 0.00064217
-0.68307685 0.36817683 0.00063866
-0.68154390 0.36651038 0.00063541
-0.68001094 0.36484274 0.00062637
-0.67847650 0.36318769 0.00062276
-0.67694059 0.36153146 0.00061944
-0.67540467 0.35988332 0.00060995
-0.67386728 0.35824333 0.00060654
-0.67232841 0.35660686 0.00060283
-0.67078954 0.35497393 0.00060498
-0.66925067 0.35334930 0.00059560
-0.66771032 0.35173775 0.00059181
-0.66616849 0.35012515 0.00058826
-0.66462666 0.34852579 0.00057871
-0.66308484 0.34693497 0.00058080
-0.66154005 0.34534319 0.00057690
-0.65999675 0.34376970 0.00056719
-0.65845049 0.34220499 0.00056924
-0.65690570 0.34063944 0.00056526
-0.65535796 0.33909738 0.00056124
-0.65381022 0.33756927 0.00055738
-0.65226248 0.33605035 0.00054719
-0.65071326 0.33454559 0.00054917
-0.64916404 0.33306507 0.00053902
-0.64761335 0.33159411 0.00052879
-0.64606265 0.33015272 0.00052449
-0.64451047 0.32873621 0.00051424
-0.64295830 0.32733479 0.00051000
-0.64140464 0.32594358 0.00050575
-0.63985099 0.32453743 0.00050753
-0.63829586 0.32313643 0.00050330
-0.63674073 0.32171521 0.00049909
-0.63518412 0.32029905 0.00049445
-0.63362751 0.31887773 0.00048982
-0.63207090 0.31746148 0.00049161
-0.63051133 0.31604517 0.00048695
-0.62895324 0.31462880 0.00048258
-0.62739368 0.31322793 0.00048436
-0.62583411 0.31182709 0.00047962
-0.62427306 0.31042625 0.00047517
-0.62271202 0.30903591 0.00047664
-0.62114950 0.30765618 0.00047210
-0.61958697 0.30628188 0.00046724
-0.61802445 0.30491303 0.00046900
-0.61646045 0.30356571 0.00046435
-0.61489497 0.30221336 0.00046583
-0.61333097 0.30088281 0.00046089
-0.61176401 0.29955268 0.00045609
-0.61019853 0.29823922 0.00045778
-0.60863157 0.29692632 0.00045275
-0.60706461 0.29563576 0.00045442
-0.60549618 0.29435139 0.00044948
-0.60392774 0.29307324 0.00044432
-0.60235783 0.29181792 0.00044594
-0.60078939 0.29056354 0.00044074
-0.59921800 0.28932121 0.00043552
-0.59764808 0.28808546 0.00043711
-0.59607669 0.28687317 0.00043186
-0.59450530 0.28566209 0.00043342
-0.59293243 0.28446353 0.00042118
-0.59135956 0.28327193 0.00042269
-0.58978669 0.28209306 0.00041724
-0.58821234 0.28092704 0.00041177
-0.58663799 0.27976254 0.00041325
-0.58506364 0.27861683 0.00040766
-0.58348781 0.27747279 0.00040208
-0.58191198 0.27634200 0.00040349
-0.58033616 0.27522460 0.00039779
-0.57875885 0.27410325 0.00039209
-0.57718302 0.27299544 0.00039346
-0.57560424 0.27189545 0.00038050
-0.57402693 0.27080332 0.00038183
-0.57244815 0.26971326 0.00037592
-0.57086937 0.26863119 0.00037724
-0.56929058 0.26755720 0.00037131
-0.56771032 0.26648539 0.00037261
-0.56613006 0.26540980 0.00037393
-0.56454980 0.26434241 0.00036798
-0.56296805 0.26328328 0.00036181
-0.56138779 0.26222040 0.00036331
-0.55980605 0.26115979 0.00036439
-0.55822283 0.26009539 0.00035832
-0.55664109 0.25903326 0.00035962
-0.55505787 0.25796727 0.00036093
-0.55347466 0.25689121 0.00036994
-0.55189144 0.25581735 0.00037131
-0.55030822 0.25472709 0.00036498
-0.54872352 0.25363267 0.00037392
-0.54713882 0.25251531 0.00036769
-0.54555413 0.25141865 0.00036921
-0.54396943 0.25034925 0.00036302
-0.54238325 0.24930740 0.00036437
-0.54079708 0.24829341 0.00035779
-0.53921090 0.24729484 0.00035940
-0.53762473 0.24631823 0.00036067
-0.53603855 0.24535741 0.00036193
-0.53445090 0.24440611 0.00035512
-0.53286472 0.24346441 0.00034864
-0.53127707 0.24253239 0.00034984
-0.52968942 0.24161668 0.00035103
-0.52810029 0.24070438 0.00034451
-0.52651263 0.23979552 0.00033740
-0.52492498 0.23889669 0.00033817
-0.52333585 0.23800141 0.00033968
-0.52174671 0.23710971 0.00034083
-0.52015758 0.23622826 0.00033363
-0.51856845 0.23535049 0.00033475
-0.51697932 0.23447646 0.00032793
-0.51538871 0.23360616 0.00033701
-0.51379958 0.23273295 0.00032975
-0.51220897 0.23187700 0.00033125
-0.51061836 0.23101821 0.00032384
-0.50902775 0.23016330 0.00032493
-0.50743714 0.22930550 0.00032603
-0.50584653 0.22845848 0.00031858
-0.50425592 0.22760859 0.00032009
-0.50266383 0.22676959 0.00032073
-0.50107322 0.22593468 0.00032224
-0.49948261 0.22510388 0.00032332
-0.49789052 0.22427028 0.00032441
-0.49629843 0.22344085 0.00031732
-0.49470782 0.22262260 0.00031838
-0.49311573 0.22180160 0.00031945
-0.49152364 0.22099898 0.00032051
-0.48993156 0.22019369 0.00032158
-0.48833947 0.21938569 0.00032266
-0.48674738 0.21858211 0.00031549
-0.48515529 0.21779723 0.00032574
-0.48356320 0.21701694 0.00031757
-0.48196964 0.21624126 0.00031861
-0.48037755 0.21547025 0.00031140
-0.47878546 0.21471117 0.00031241
-0.47719337 0.21397142 0.00031340
-0.47559980 0.21323660 0.00030617
-0.47400772 0.21251407 0.00030713
-0.47241563 0.21179660 0.00029994
-0.47082206 0.21110632 0.00029117
-0.46922997 0.21042868 0.00030174
-0.46763788 0.20977865 0.00029287
-0.46604432 0.20913416 0.00029370
-0.46445223 0.20849527 0.00029323
-0.46286014 0.20785458 0.00028561
-0.46126658 0.20718961 0.00028529
-0.45967449 0.20653767 0.00028612
-0.45808240 0.20587629 0.00028814
-0.45649031 0.20521296 0.00027918
-0.45489822 0.20455519 0.00028001
-0.45330613 0.20389547 0.00028085
-0.45171257 0.20324139 0.00027310
-0.45012048 0.20258535 0.00027266
-0.44852839 0.20193499 0.00027474
-0.44693778 0.20128270 0.00026553
-0.44534569 0.20063613 0.00026633
-0.44375360 0.19998763 0.00026713
-0.44216151 0.19934491 0.00027805
-0.44057090 0.19870806 0.00026872
-0.43897882 0.19806930 0.00027109
-0.43738821 0.19743644 0.00027190
-0.43579612 0.19680954 0.00027113
-0.43420551 0.19618864 0.00027351
-0.43261490 0.19556592 0.00026391
-0.43102429 0.19494926 0.00026469
-0.42943368 0.19434664 0.00026733
-0.42784307 0.19373433 0.00026623
-0.42625394 0.19313617 0.00026700
-0.42466333 0.19254430 0.00025900
-0.42307419 0.19194268 0.00025975
-0.42148358 0.19136347 0.00026049
-0.41989445 0.19078261 0.00026123
-0.41830532 0.19020009 0.00026198
-0.41671619 0.18962404 0.00025403
-0.41512853 0.18906263 0.00025474
-0.41353940 0.18849965 0.00025545
-0.41195175 0.18793510 0.00025617
-0.41036262 0.18737718 0.00024833
-0.40877496 0.18683416 0.00024900
-0.40718731 0.18628967 0.00024969
-0.40560114 0.18574367 0.00025037
-0.40401348 0.18522108 0.00025104
-0.40242731 0.18468880 0.00024045
-0.40084113 0.18416340 0.00024110
-0.39925496 0.18363659 0.00024175
-0.39766878 0.18312515 0.00024526
-0.39608261 0.18261238 0.00023441
-0.39449791 0.18210667 0.00023502
-0.39291321 0.18159965 0.00023564
-0.39132851 0.18109975 0.00024784
-0.38974382 0.18060709 0.00023686
-0.38816060 0.18012167 0.00023746
-0.38657738 0.17963501 0.00023807
-0.38499416 0.17915570 0.00023021
-0.38341094 0.17867516 0.00022758
-0.38182920 0.17820200 0.00023137
-0.38024598 0.17773630 0.00023194
-0.37866424 0.17726945 0.00023251
-0.37708398 0.17681880 0.00022115
-0.37550224 0.17635836 0.00021335
-0.37392198 0.17590548 0.00022224
-0.37234172 0.17546025 0.00022277
-0.37076145 0.17502272 0.00021489
-0.36918267 0.17457536 0.00021541
-0.36760388 0.17413572 0.00021232
-0.36602510 0.17369503 0.00020424
-0.36444780 0.17325327 0.00021696
-0.36286901 0.17281932 0.00020521
-0.36129171 0.17236656 0.00020572
-0.35971588 0.17193939 0.00020621
-0.35814005 0.17151122 0.00020670
-0.35656422 0.17107310 0.00019485
-0.35498840 0.17064287 0.00019532
-0.35341405 0.17022061 0.00018733
-0.35183970 0.16979733 0.00020033
-0.35026535 0.16937307 0.00019670
-0.34869248 0.16894781 0.00018867
-0.34711961 0.16853967 0.00018910
-0.34554674 0.16813060 0.00018954
-0.34397534 0.16771147 0.00017731
-0.34240395 0.16730048 0.00017772
-0.34083256 0.16688852 0.00017814
-0.33926264 0.16648477 0.00019131
-0.33769273 0.16608011 0.00018363
-0.33612429 0.16568374 0.00017111
-0.33455586 0.16528644 0.00017978
-0.33298742 0.16489752 0.00018018
-0.33142046 0.16451702 0.00017226
-0.32985350 0.16412636 0.00017265
-0.32828655 0.16373481 0.00017305
-0.32672107 0.16336109 0.00016033
-0.32515559 0.16296780 0.00016070
-0.32359159 0.16260178 0.00016104
-0.32202758 0.16222558 0.00014824
-0.32046358 0.16185796 0.00014856
-0.31890106 0.16148955 0.00014888
-0.31734002 0.16112982 0.00014116
-0.31577749 0.16077880 0.00014951
-0.31421793 0.16041755 0.00014176
-0.31265688 0.16006507 0.00012863
-0.31109731 0.15972139 0.00012889
-0.30953923 0.15938657 0.00012409
-0.30798114 0.15904149 0.00012434
-0.30642305 0.15871493 0.00011127
-0.30486644 0.15838772 0.00011637
-0.30330983 0.15805985 0.00012508
-0.30175470 0.15773136 0.00011194
-0.30019957 0.15740220 0.00009881
-0.29864591 0.15705295 0.00009902
-0.29709226 0.15669323 0.00010924
-0.29554008 0.15633271 0.00011289
-0.29398791 0.15596163 0.00010973
-0.29243721 0.15558970 0.00009991
-0.29088651 0.15520710 0.00010015
-0.28933730 0.15482358 0.00010039
-0.28778808 0.15443916 0.00010063
-0.28623886 0.15405382 0.00010087
-0.28469112 0.15365765 0.00008757
-0.28314485 0.15326048 0.00009841
-0.28159859 0.15286233 0.00010162
-0.28005381 0.15246319 0.00008823
-0.27850902 0.15207305 0.00008845
-0.27696572 0.15165183 0.00008868
-0.27542241 0.15125969 0.00008890
-0.27388059 0.15084639 0.00008683
-0.27234024 0.15044211 0.00008936
-0.27079989 0.15003680 0.00007592
-0.26925954 0.14962025 0.00008984
-0.26772067 0.14921279 0.00007632
-0.26618327 0.14880425 0.00008797
-0.26464588 0.14838439 0.00007673
-0.26310997 0.14798395 0.00007693
-0.26157405 0.14755153 0.00007715
-0.26003962 0.14714891 0.00007735
-0.25850518 0.14671412 0.00007757
-0.25697222 0.14629888 0.00008942
-0.25544074 0.14587209 0.00007800
-0.25390926 0.14544409 0.00009231
-0.25237926 0.14502537 0.00007844
-0.25084926 0.14458444 0.00007867
-0.24932074 0.14415276 0.00009311
-0.24779369 0.14370926 0.00009338
-0.24626665 0.14326444 0.00009366
-0.24474108 0.14281828 0.00009394
-0.24321552 0.14234942 0.00010882
-0.24169143 0.14188980 0.00009454
-0.24016882 0.14141798 0.00010951
-0.23864621 0.14094465 0.00009990
-0.23712508 0.14045897 0.00010023
-0.23560542 0.13999336 0.00008538
-0.23408577 0.13955889 0.00007049
-0.23256759 0.13916674 0.00007068
-0.23104942 0.13879540 0.00007731
-0.22953272 0.13844502 0.00007104
-0.22801750 0.13810478 0.00005603
-0.22650376 0.13777473 0.00005616
-0.22499002 0.13744392 0.00005629
-0.22347628 0.13712340 0.00007170
-0.22196550 0.13681326 0.00005654
-0.22045471 0.13648019 0.00005667
-0.21894541 0.13614634 0.00005680
-0.21743610 0.13583404 0.00004178
-0.21592827 0.13550984 0.00005706
-0.21442193 0.13517367 0.00005720
-0.21291705 0.13484794 0.00005509
-0.21141218 0.13452146 0.00004217
-0.20990879 0.13418289 0.00004228
-0.20840540 0.13384350 0.00004238
-0.20690496 0.13350328 0.00004248
-0.20540453 0.13313945 0.00004260
-0.20390557 0.13278606 0.00004271
-0.20240661 0.13244321 0.00004281
-0.20090913 0.13207655 0.00004293
-0.19941313 0.13170890 0.00002818
-0.19791861 0.13134025 0.00004316
-0.19642408 0.13097060 0.00004328
-0.19493104 0.13059993 0.00002841
-0.19343947 0.13021661 0.00002849
-0.19194791 0.12983219 0.00002858
-0.19045930 0.12944667 0.00002866
-0.18897069 0.12904829 0.00004391
-0.18748355 0.12863695 0.00002883
-0.18599642 0.12824794 0.00002892
-0.18451077 0.12786962 0.00003349
-0.18302659 0.12749022 0.00001679
-0.18154390 0.12709780 0.00001684
-0.18006268 0.12671615 0.00002926
-0.17858146 0.12632139 0.00002935
-0.17710172 0.12594947 0.00001699
-0.17562346 0.12555238 0.00001704
-0.17414667 0.12519033 0.00001709
-0.17266989 0.12479089 0.00001715
-0.17119606 0.12442668 0.00001719
-0.16972223 0.12402485 0.00001725
-0.16824841 0.12365845 0.00001730
-0.16677754 0.12325418 0.00001735
-0.16530667 0.12288554 0.00001740
-0.16383875 0.12249114 0.00000000
-0.16237084 0.12210788 0.00001751
-0.16090440 0.12172345 0.00001756
-0.15943796 0.12133783 0.00000000
-0.15797449 0.12095102 0.00001767
-0.15651101 0.12056299 0.00001773
-0.15504900 0.12017375 0.00000000
-0.15358848 0.11978327 0.00001784
-0.15212944 0.11939155 0.00001790
-0.15067039 0.11898588 0.00001796
-0.14921430 0.11860433 0.00001802
-0.14775822 0.11820880 0.00001807
-0.14630375 0.11779916 0.00001814
-0.14485062 0.11740099 0.00001819
-0.14339867 0.11698859 0.00001826
-0.14194791 0.11660067 0.00001832
-0.14049847 0.11617250 0.00001838
-0.13905022 0.11576886 0.00003689
-0.13760344 0.11535077 0.00001851
-0.13615770 0.11493119 0.00003217
-0.13471344 0.11451011 0.00003729
-0.13327021 0.11408752 0.00001871
-0.13182846 0.11365011 0.00001878
-0.13038804 0.11322438 0.00003265
-0.12894881 0.11279708 0.00003784
-0.12751090 0.11235476 0.00003799
-0.12607433 0.11191073 0.00003814
-0.12463893 0.11145145 0.00003316
-0.12320502 0.11097670 0.00003845
-0.12177229 0.11052727 0.00003860
-0.12034104 0.11007604 0.00003876
-0.11891096 0.10958171 0.00003893
-0.11748222 0.10912665 0.00003909
-0.11605496 0.10862810 0.00003926
-0.11462888 0.10812730 0.00003944
-0.11320413 0.10762422 0.00003962
-0.11178086 0.10711882 0.00003980
-0.11035892 0.10661108 0.00003999
-0.10893816 0.10610096 0.00004018
-0.10751888 0.10558842 0.00004037
-0.10610108 0.10507343 0.00004056
-0.10468446 0.10457036 0.00005391
-0.10326932 0.10406491 0.00006143
-0.10185551 0.10355705 0.00004115
-0.10044304 0.10303211 0.00004135
-0.09903203 0.10251922 0.00005497
-0.09762236 0.10198904 0.00005525
-0.09621417 0.10145614 0.00005554
-0.09480731 0.10092049 0.00005582
-0.09340178 0.10038202 0.00005612
-0.09199772 0.09984071 0.00005642
-0.09059500 0.09926617 0.00006434
-0.08919376 0.09870360 0.00005706
-0.08779384 0.09815320 0.00005737
-0.08639541 0.09756890 0.00006544
-0.08499845 0.09699666 0.00005804
-0.08360282 0.09642107 0.00007957
-0.08220867 0.09582641 0.00005874
-0.08081600 0.09524386 0.00008054
-0.07942466 0.09464192 0.00005946
-0.07803480 0.09402019 0.00005985
-0.07664641 0.09344267 0.00006021
-0.07525951 0.09281304 0.00006062
-0.07387393 0.09217917 0.00006103
-0.07248984 0.09159022 0.00006141
-0.07110722 0.09094796 0.00006184
-0.06972608 0.09033446 0.00008485
-0.06834642 0.08970011 0.00006269
-0.06696823 0.08907814 0.00008603
-0.06559138 0.08851979 0.00008656
-0.06421615 0.08795795 0.00008711
-0.06284240 0.08744410 0.00008761
-0.06146998 0.08692725 0.00008813
-0.06009919 0.08640735 0.00008865
-0.05872988 0.08588435 0.00008918
-0.05736204 0.08534057 0.00011408
-0.05599568 0.08479337 0.00010917
-0.05463080 0.08422483 0.00011557
-0.05326740 0.08368837 0.00011630
-0.05190548 0.08309432 0.00011712
-0.05054518 0.08249604 0.00011796
-0.04918636 0.08187507 0.00014442
-0.04782902 0.08115705 0.00014568
-0.04647316 0.08030201 0.00013988
-0.04511893 0.07907820 0.00014947
-0.04376617 0.07754575 0.00017091
-0.04241504 0.07586424 0.00018345
-0.04106524 0.07420562 0.00020619
-0.03971706 0.07257156 0.00018252
-0.03837051 0.07094241 0.00018668
-0.03702529 0.06927530 0.00019114
-0.03568185 0.06756744 0.00019593
-0.03433973 0.06581564 0.00020111
-0.03299939 0.06399280 0.00023885
-0.03166038 0.06202065 0.00021334
-0.03032315 0.05985901 0.00025527
-0.02898739 0.05730433 0.00030270
-0.02765326 0.05391420 0.00038710
-0.02632105 0.04957857 0.00047635
-0.02499002 0.04466044 0.00055991
-0.02366047 0.03958770 0.00057952
-0.02233255 0.03463577 0.00066296
-0.02100625 0.02971716 0.00063458
-0.01968143 0.02490427 0.00074176
-0.01835824 0.02020311 0.00081854
-0.01703653 0.01561324 0.00095561
-0.01571644 0.01099726 0.00118192
-0.01439801 0.00604802 0.00227896
-0.01308110 nan nan
-0.01176578 nan nan
-0.01045207 nan nan
-0.00913993 0.00732388 0.00174695
-0.00782941 0.01166443 0.00109436
-0.00652048 0.01599917 0.00080640
-0.00521317 0.02043019 0.00063024
-0.00390746 0.02478349 0.00076240
-0.00260335 0.03021449 0.00067643
-0.00130087 0.03527312 0.00082903
-0.00000000 0.04371572 0.00033880
