# s/c   M_is_mean    M_is_std
0.00000000 0.01933977 0.00127657
0.00130087 0.02913984 0.00068102
0.00260174 0.03667575 0.00043195
0.00390261 0.04313804 0.00028978
0.00520348 0.04893776 0.00019984
0.00650435 0.05427349 0.00014154
0.00780522 0.05925840 0.00010532
0.00910609 0.06396388 0.00008584
0.01040697 0.06843832 0.00007860
0.01170784 0.07271632 0.00007887
0.01300871 0.07682362 0.00008293
0.01430958 0.08078013 0.00008866
0.01561045 0.08460162 0.00009517
0.01691132 0.08830095 0.00010211
0.01821219 0.09188884 0.00010942
0.01951306 0.09537435 0.00011706
0.02081393 0.09876534 0.00012501
0.02211480 0.10206870 0.00013323
0.02341567 0.10529053 0.00014164
0.02470176 0.10843636 0.00015017
0.02600263 0.11151120 0.00015872
0.02730350 0.11451967 0.00016722
0.02860437 0.11746605 0.00017556
0.02990524 0.12035434 0.00018367
0.03120611 0.12318832 0.00019150
0.03250698 0.12597153 0.00019896
0.03380786 0.12870739 0.00020603
0.03510873 0.13139912 0.00021264
0.03640960 0.13404983 0.00021879
0.03771047 0.13666252 0.00022443
0.03901134 0.13924006 0.00022955
0.04029743 0.14178524 0.00023415
0.04159830 0.14430076 0.00023823
0.04289917 0.14678924 0.00024177
0.04420004 0.14925322 0.00024480
0.04550091 0.15169515 0.00024732
0.04680178 0.15411745 0.00024935
0.04810265 0.15652243 0.00025091
0.04940352 0.15891236 0.00025201
0.05068961 0.16128944 0.00025270
0.05199048 0.16365580 0.00025298
0.05329135 0.16601353 0.00025291
0.05459222 0.16836463 0.00025249
0.05589309 0.17071106 0.00025178
0.05719396 0.17305470 0.00025080
0.05849483 0.17539738 0.00024959
0.05978092 0.17774088 0.00024819
0.06108179 0.18008689 0.00024663
0.06238266 0.18243705 0.00024496
0.06368353 0.18479295 0.00024320
0.06498440 0.18715610 0.00024140
0.06628528 0.18952796 0.00023959
0.06757136 0.19190991 0.00023780
0.06887223 0.19430328 0.00023607
0.07017310 0.19670934 0.00023444
0.07147398 0.19912927 0.00023293
0.07277485 0.20156422 0.00023157
0.07407572 0.20401525 0.00023038
0.07536180 0.20648338 0.00022939
0.07666268 0.20896955 0.00022863
0.07796355 0.21147463 0.00022810
0.07926442 0.21399946 0.00022782
0.08056529 0.21654478 0.00022781
0.08185138 0.21911129 0.00022807
0.08315225 0.22169963 0.00022861
0.08445312 0.22431038 0.00022944
0.08575399 0.22694406 0.00023056
0.08704008 0.22960113 0.00023196
0.08834095 0.23228199 0.00023365
0.08964182 0.23498700 0.00023563
0.09094269 0.23771646 0.00023788
0.09224356 0.24047060 0.00024041
0.09352965 0.24324963 0.00024320
0.09483052 0.24605369 0.00024627
0.09613139 0.24888287 0.00024959
0.09743226 0.25173723 0.00025316
0.09871835 0.25461677 0.00025698
0.10001922 0.25752145 0.00026105
0.10132009 0.26045120 0.00026535
0.10260618 0.26340590 0.00026989
0.10390705 0.26638538 0.00027466
0.10520792 0.26938945 0.00027965
0.10650879 0.27241788 0.00028487
0.10779488 0.27547041 0.00029030
0.10909575 0.27854674 0.00029594
0.11039662 0.28164654 0.00030180
0.11169749 0.28476946 0.00030786
0.11298358 0.28791511 0.00031412
0.11428445 0.29108308 0.00032058
0.11558532 0.29427295 0.00032723
0.11687141 0.29748425 0.00033407
0.11817228 0.30071651 0.00034108
0.11947315 0.30396923 0.00034828
0.12075924 0.30724190 0.00035563
0.12206011 0.31053398 0.00036315
0.12336098 0.31384493 0.00037082
0.12466185 0.31717418 0.00037862
0.12594794 0.32052116 0.00038656
0.12724881 0.32388528 0.00039462
0.12854968 0.32726595 0.00040278
0.12983577 0.33247369 0.00042466
0.13113664 0.33606340 0.00043965
0.13243751 0.33963565 0.00045186
0.13372359 0.34320237 0.00046140
0.13502447 0.34677088 0.00046937
0.13632534 0.35033749 0.00047625
0.13761142 0.35389756 0.00048197
0.13891229 0.35745534 0.00048683
0.14019838 0.36103901 0.00049302
0.14149925 0.36469243 0.00050330
0.14280012 0.36843473 0.00051664
0.14408621 0.37222241 0.00053321
0.14538708 0.37596886 0.00055395
0.14668795 0.37962269 0.00057053
0.14797404 0.38318178 0.00057853
0.14927491 0.38667060 0.00058110
0.15056100 0.39013604 0.00058068
0.15186187 0.39360850 0.00057950
0.15316274 0.39707193 0.00057921
0.15444883 0.40049562 0.00057957
0.15574970 0.40388449 0.00057838
0.15703579 0.40727214 0.00057550
0.15833666 0.41065130 0.00057145
0.15963753 0.41399062 0.00056564
0.16092362 0.41728039 0.00055809
0.16222449 0.42059584 0.00054956
0.16351058 0.42404736 0.00054632
0.16481145 0.42762358 0.00055244
0.16611232 0.43124686 0.00057002
0.16739841 0.43485222 0.00059620
0.16869928 0.43840209 0.00061786
0.16998537 0.44189355 0.00063179
0.17128624 0.44533274 0.00064020
0.17257232 0.44872792 0.00064367
0.17387319 0.45208886 0.00064393
0.17517407 0.45542544 0.00064168
0.17646015 0.45874706 0.00063764
0.17776102 0.46206108 0.00063207
0.17904711 0.46537085 0.00062529
0.18034798 0.46868026 0.00061755
0.18163407 0.47199291 0.00060918
0.18293494 0.47532054 0.00060169
0.18422103 0.47868663 0.00059766
0.18552190 0.48210602 0.00059706
0.18680799 0.48556914 0.00059913
0.18810886 0.48903102 0.00060132
0.18939495 0.49244497 0.00059670
0.19069582 0.49580944 0.00058410
0.19199669 0.49919826 0.00056991
0.19328278 0.50271851 0.00056241
0.19458365 0.50636855 0.00056515
0.19586974 0.51008462 0.00057934
0.19717061 0.51383022 0.00060088
0.19845669 0.51758754 0.00062011
0.19975757 0.52137109 0.00063612
0.20104365 0.52518178 0.00064965
0.20234452 0.52898595 0.00065646
0.20363061 0.53275709 0.00065261
0.20493148 0.53647720 0.00063836
0.20621757 0.54019749 0.00062173
0.20750366 0.54402372 0.00061212
0.20880453 0.54797853 0.00061296
0.21009062 0.55202186 0.00062407
0.21139149 0.55610581 0.00064224
0.21267758 0.56020012 0.00065890
0.21397845 0.56431527 0.00067141
0.21526454 0.56847139 0.00068281
0.21656541 0.57267918 0.00069560
0.21785149 0.57694462 0.00071119
0.21915236 0.58126266 0.00072982
0.22043845 0.58562052 0.00075041
0.22173932 0.59000198 0.00077055
0.22302541 0.59439476 0.00078885
0.22432628 0.59879455 0.00080528
0.22561237 0.60321477 0.00082157
0.22689846 0.60768209 0.00084116
0.22819933 0.61220255 0.00086586
0.22948542 0.61676469 0.00089612
0.23078629 0.62135309 0.00093013
0.23207238 0.62595026 0.00096466
0.23337325 0.63053899 0.00099713
0.23465933 0.63509972 0.00102508
0.23594542 0.63961579 0.00104836
0.23724629 0.64408173 0.00106763
0.23853238 0.64850688 0.00108348
0.23983325 0.65290945 0.00109717
0.24111934 0.65730572 0.00111037
0.24240543 0.66170204 0.00112466
0.24370630 0.66609014 0.00114092
0.24499239 0.67045501 0.00115912
0.24629326 0.67478788 0.00117838
0.24757935 0.67908226 0.00119748
0.24886543 0.68332870 0.00121401
0.25016630 0.68752319 0.00122727
0.25145239 0.69166231 0.00123808
0.25275326 0.69574429 0.00124811
0.25403935 0.69977633 0.00125906
0.25532544 0.70376430 0.00127143
0.25662631 0.70770939 0.00128504
0.25791240 0.71160802 0.00129905
0.25919849 0.71545008 0.00131234
0.26049936 0.71922430 0.00132258
0.26178545 0.72292172 0.00132780
0.26307153 0.72654134 0.00132883
0.26437240 0.73008838 0.00132865
0.26565849 0.73358955 0.00132966
0.26695936 0.73709044 0.00133413
0.26824545 0.74060607 0.00134179
0.26953154 0.74411500 0.00135363
0.27083241 0.74756971 0.00136941
0.27211850 0.75091238 0.00138110
0.27340459 0.75412147 0.00138572
0.27470546 0.75721087 0.00138533
0.27599154 0.76022279 0.00138228
0.27727763 0.76320355 0.00138248
0.27857850 0.76616710 0.00138643
0.27986459 0.76910725 0.00139235
0.28115068 0.77200420 0.00139910
0.28243677 0.77480798 0.00140059
0.28373764 0.77746683 0.00139984
0.28502373 0.77999362 0.00140125
0.28630981 0.78243584 0.00140279
0.28761068 0.78484610 0.00140188
0.28889677 0.78723949 0.00140080
0.29018286 0.78956023 0.00140339
0.29148373 0.79174919 0.00140371
0.29276982 0.79379110 0.00139681
0.29405591 0.79569929 0.00138295
0.29534200 0.79750310 0.00136408
0.29664287 0.79924084 0.00134457
0.29792895 0.80092516 0.00132752
0.29921504 0.80254026 0.00131385
0.30051591 0.80405537 0.00130221
0.30180200 0.80543873 0.00128819
0.30308809 0.80668429 0.00126965
0.30437418 0.80781708 0.00124727
0.30567505 0.80887899 0.00122353
0.30696114 0.80991228 0.00120255
0.30824722 0.81093157 0.00118667
0.30953331 0.81192167 0.00117614
0.31083418 0.81284982 0.00116958
0.31212027 0.81369101 0.00116421
0.31340636 0.81444279 0.00115558
0.31469245 0.81510905 0.00113834
0.31599332 0.81568506 0.00111075
0.31727941 0.81615963 0.00107392
0.31856549 0.81653696 0.00102928
0.31985158 0.81684344 0.00098081
0.32115245 0.81710958 0.00093315
0.32243854 0.81736770 0.00089181
0.32372463 0.81765190 0.00086346
0.32501072 0.81797562 0.00085079
0.32629681 0.81833152 0.00085189
0.32759768 0.81870405 0.00086331
0.32888376 0.81907096 0.00087822
0.33016985 0.81940985 0.00088758
0.33145594 0.81971037 0.00088841
0.33275681 0.81997106 0.00088192
0.33404290 0.82020031 0.00087219
0.33532899 0.82041432 0.00086643
0.33661508 0.82062181 0.00086790
0.33790116 0.82082498 0.00087503
0.33918725 0.82102606 0.00088372
0.34048812 0.82123188 0.00089065
0.34177421 0.82145148 0.00089459
0.34306030 0.82169495 0.00089710
0.34434639 0.82196919 0.00090078
0.34563247 0.82227481 0.00090901
0.34693335 0.82260698 0.00092692
0.34821943 0.82294638 0.00095327
0.34950552 0.82327885 0.00098539
0.35079161 0.82360075 0.00102094
0.35207770 0.82390040 0.00105203
0.35336379 0.82417360 0.00107343
0.35466466 0.82443487 0.00108649
0.35595074 0.82470879 0.00109660
0.35723683 0.82501551 0.00110995
0.35852292 0.82535709 0.00112949
0.35980901 0.82572590 0.00115605
0.36109510 0.82611976 0.00118829
0.36238118 0.82653858 0.00122497
0.36368206 0.82697141 0.00126362
0.36496814 0.82739598 0.00129872
0.36625423 0.82779110 0.00132677
0.36754032 0.82815180 0.00134795
0.36882641 0.82849385 0.00136680
0.37011250 0.82884604 0.00139100
0.37139858 0.82922809 0.00142592
0.37269945 0.82963244 0.00147099
0.37398554 0.83004282 0.00152119
0.37527163 0.83045335 0.00157228
0.37655772 0.83086669 0.00162043
0.37784381 0.83129337 0.00166101
0.37912989 0.83174856 0.00169350
0.38041598 0.83222937 0.00171873
0.38170207 0.83270575 0.00173613
0.38298816 0.83314976 0.00174780
0.38428903 0.83355852 0.00175862
0.38557512 0.83394646 0.00177394
0.38686121 0.83433102 0.00179738
0.38814729 0.83472730 0.00182886
0.38943338 0.83514779 0.00186717
0.39071947 0.83559781 0.00191050
0.39200556 0.83607363 0.00195626
0.39329165 0.83657166 0.00200270
0.39457773 0.83709597 0.00204984
0.39586382 0.83765380 0.00209725
0.39714991 0.83824797 0.00214540
0.39843600 0.83885909 0.00219298
0.39973687 0.83943931 0.00223414
0.40102296 0.83993829 0.00226378
0.40230905 0.84034560 0.00228278
0.40359513 0.84070464 0.00230306
0.40488122 0.84106568 0.00233369
0.40616731 0.84145525 0.00237396
0.40745340 0.84187535 0.00242040
0.40873949 0.84229547 0.00246494
0.41002557 0.84268300 0.00250079
0.41131166 0.84304207 0.00253017
0.41259775 0.84340223 0.00255919
0.41388384 0.84378027 0.00258965
0.41516993 0.84417174 0.00261946
0.41645601 0.84460620 0.00265358
0.41774210 0.84514698 0.00270345
0.41902819 0.84584261 0.00277336
0.42031428 0.84665152 0.00285184
0.42160037 0.84745947 0.00291950
0.42288645 0.84821545 0.00296908
0.42417254 0.84892686 0.00300718
0.42545863 0.84961486 0.00304372
0.42674472 0.85029728 0.00308146
0.42803081 0.85097446 0.00311752
0.42931690 0.85164895 0.00315175
0.43060298 0.85233228 0.00318737
0.43188907 0.85303870 0.00322854
0.43317516 0.85377527 0.00327627
0.43446125 0.85454081 0.00332871
0.43574734 0.85533311 0.00338414
0.43703342 0.85615163 0.00344204
0.43831951 0.85699221 0.00349977
0.43960560 0.85785138 0.00355671
0.44089169 0.85871748 0.00361109
0.44217778 0.85956646 0.00365791
0.44346386 0.86038014 0.00369465
0.44474995 0.86116321 0.00372377
0.44603604 0.86196230 0.00375978
0.44732213 0.86284065 0.00381715
0.44860822 0.86383644 0.00389873
0.44989430 0.86491287 0.00399228
0.45118039 0.86596216 0.00407192
0.45246648 0.86693679 0.00412828
0.45375257 0.86785003 0.00417049
0.45503866 0.86870944 0.00420618
0.45632474 0.86951244 0.00423433
0.45761083 0.87023072 0.00424488
0.45889692 0.87085063 0.00423482
0.46018301 0.87141165 0.00421886
0.46146910 0.87197792 0.00421540
0.46275519 0.87262150 0.00423779
0.46404127 0.87334623 0.00428068
0.46532736 0.87406673 0.00431984
0.46661345 0.87473380 0.00434494
0.46789954 0.87535247 0.00436042
0.46917084 0.87595687 0.00437941
0.47045693 0.87658914 0.00441358
0.47174302 0.87725874 0.00446119
0.47302911 0.87795083 0.00451607
0.47431520 0.87864232 0.00456973
0.47560128 0.87930747 0.00461341
0.47688737 0.87993446 0.00464551
0.47817346 0.88052789 0.00466895
0.47945955 0.88110619 0.00469016
0.48074564 0.88169285 0.00471576
0.48203172 0.88230885 0.00475053
0.48331781 0.88295532 0.00479426
0.48460390 0.88360598 0.00483830
0.48587521 0.88423774 0.00487632
0.48716129 0.88483983 0.00490604
0.48844738 0.88541212 0.00492853
0.48973347 0.88596310 0.00494782
0.49101956 0.88650207 0.00496756
0.49230565 0.88703815 0.00499022
0.49359173 0.88757903 0.00501684
0.49487782 0.88813092 0.00504832
0.49616391 0.88869601 0.00508411
0.49743522 0.88927251 0.00512293
0.49872130 0.88985476 0.00516293
0.50000739 0.89043330 0.00520112
0.50129348 0.89099857 0.00523549
0.50257957 0.89154325 0.00526424
0.50386566 0.89206198 0.00528637
0.50515174 0.89255709 0.00530378
0.50643783 0.89304196 0.00532102
0.50770914 0.89352793 0.00534163
0.50899523 0.89401983 0.00536662
0.51028131 0.89451231 0.00539347
0.51156740 0.89498843 0.00541625
0.51285349 0.89543390 0.00543130
0.51413958 0.89584142 0.00543742
0.51542567 0.89621285 0.00543621
0.51669697 0.89656281 0.00543331
0.51798306 0.89691395 0.00543605
0.51926915 0.89729076 0.00544969
0.52055524 0.89770612 0.00547549
0.52184132 0.89816082 0.00551171
0.52312741 0.89863258 0.00555014
0.52439872 0.89907477 0.00557839
0.52568480 0.89945794 0.00558696
0.52697089 0.89977339 0.00557477
0.52825698 0.90003665 0.00555169
0.52954307 0.90029644 0.00553241
0.53082916 0.90059187 0.00552816
0.53210046 0.90093571 0.00553938
0.53338655 0.90130319 0.00555410
0.53467264 0.90164635 0.00555960
0.53595873 0.90194428 0.00554983
0.53724481 0.90220444 0.00552764
0.53853090 0.90245873 0.00550716
0.53980221 0.90275141 0.00550161
0.54108830 0.90309888 0.00551231
0.54237438 0.90348370 0.00553136
0.54366047 0.90387691 0.00554904
0.54494656 0.90425482 0.00555818
0.54621787 0.90459981 0.00555394
0.54750395 0.90491584 0.00554038
0.54879004 0.90523431 0.00552842
0.55007613 0.90557831 0.00552411
0.55134744 0.90596055 0.00552939
0.55263352 0.90637740 0.00554044
0.55391961 0.90680215 0.00554769
0.55520570 0.90721082 0.00554516
0.55649179 0.90759552 0.00553172
0.55776309 0.90796623 0.00551157
0.55904918 0.90834924 0.00549495
0.56033527 0.90876388 0.00548787
0.56162136 0.90921200 0.00548935
0.56289266 0.90968264 0.00549516
0.56417875 0.91015396 0.00549905
0.56546484 0.91060864 0.00549608
0.56675093 0.91103450 0.00548362
0.56803702 0.91142223 0.00545961
0.56930832 0.91176800 0.00542414
0.57059441 0.91207808 0.00538191
0.57188050 0.91237038 0.00533902
0.57316659 0.91266432 0.00530118
0.57443789 0.91297781 0.00527129
0.57572398 0.91332809 0.00525093
0.57701007 0.91372368 0.00523936
0.57829616 0.91416451 0.00523550
0.57956746 0.91463630 0.00523625
0.58085355 0.91510642 0.00523151
0.58213964 0.91554849 0.00521509
0.58341094 0.91595036 0.00518477
0.58469703 0.91630900 0.00514097
0.58598312 0.91663344 0.00508918
0.58726921 0.91694211 0.00503677
0.58854051 0.91724898 0.00498794
0.58982660 0.91756145 0.00494409
0.59111269 0.91787492 0.00490237
0.59239878 0.91816908 0.00485450
0.59367008 0.91842929 0.00479610
0.59495617 0.91865745 0.00472927
0.59624226 0.91887162 0.00466235
0.59751356 0.91909516 0.00460421
0.59879965 0.91934466 0.00455878
0.60008574 0.91962899 0.00452682
0.60137183 0.91994799 0.00450714
0.60264313 0.92029020 0.00449574
0.60392922 0.92063062 0.00448310
0.60521531 0.92094505 0.00446239
0.60648661 0.92121575 0.00442819
0.60777270 0.92143402 0.00437666
0.60905879 0.92161340 0.00431472
0.61033010 0.92177813 0.00425154
0.61161618 0.92194845 0.00419286
0.61290227 0.92213434 0.00414068
0.61417358 0.92233342 0.00409310
0.61545967 0.92253808 0.00404792
0.61674575 0.92274309 0.00400417
0.61801706 0.92294785 0.00396296
0.61930315 0.92315139 0.00392454
0.62058924 0.92335463 0.00388885
0.62187532 0.92356518 0.00385863
0.62314663 0.92379362 0.00383658
0.62443272 0.92404725 0.00382363
0.62571880 0.92432414 0.00381746
0.62699011 0.92460678 0.00381079
0.62827620 0.92486604 0.00379376
0.62954750 0.92508195 0.00375977
0.63083359 0.92524955 0.00370885
0.63211968 0.92536865 0.00364293
0.63339099 0.92544462 0.00356505
0.63467707 0.92549138 0.00348191
0.63596316 0.92552263 0.00339853
0.63723447 0.92555227 0.00331887
0.63852056 0.92559690 0.00324776
0.63980664 0.92566952 0.00318842
0.64107795 0.92577610 0.00314177
0.64236404 0.92591410 0.00310630
0.64365012 0.92607715 0.00307927
0.64492143 0.92626059 0.00305894
0.64620752 0.92646047 0.00304435
0.64749361 0.92667222 0.00303401
0.64876491 0.92689125 0.00302646
0.65005100 0.92711223 0.00302000
0.65132231 0.92732978 0.00301286
0.65260839 0.92753770 0.00300284
0.65389448 0.92773009 0.00298777
0.65516579 0.92790132 0.00296566
0.65645188 0.92804724 0.00293491
0.65772318 0.92816808 0.00289629
0.65900927 0.92826592 0.00285170
0.66029536 0.92833920 0.00280134
0.66156666 0.92837955 0.00274215
0.66285275 0.92838048 0.00267223
0.66413884 0.92834231 0.00259269
0.66541014 0.92827641 0.00250915
0.66669623 0.92820308 0.00243118
0.66796754 0.92813910 0.00236518
0.66925363 0.92809709 0.00231488
0.67053971 0.92808293 0.00228012
0.67181102 0.92809455 0.00225839
0.67309711 0.92811949 0.00224367
0.67436841 0.92813264 0.00222463
0.67565450 0.92811382 0.00219510
0.67692581 0.92805713 0.00215364
0.67821189 0.92796288 0.00210107
0.67949798 0.92783204 0.00203872
0.68076929 0.92766480 0.00196592
0.68205538 0.92746149 0.00188291
0.68332668 0.92722820 0.00179143
0.68461277 0.92698228 0.00169867
0.68589886 0.92674500 0.00161407
0.68717016 0.92652580 0.00154159
0.68845625 0.92631980 0.00147968
0.68972756 0.92611855 0.00142419
0.69101364 0.92591785 0.00137315
0.69228495 0.92571516 0.00132551
0.69357104 0.92550900 0.00127984
0.69484234 0.92530300 0.00123728
0.69612843 0.92510285 0.00119916
0.69741452 0.92491781 0.00116820
0.69868582 0.92475465 0.00114583
0.69997191 0.92460973 0.00112902
0.70124322 0.92447152 0.00111295
0.70252931 0.92432493 0.00109151
0.70380061 0.92416436 0.00106372
0.70508670 0.92399171 0.00103241
0.70635801 0.92380855 0.00099946
0.70764409 0.92361395 0.00096523
0.70893018 0.92340512 0.00092897
0.71020149 0.92317887 0.00088944
0.71148758 0.92293413 0.00084649
0.71275888 0.92268004 0.00080428
0.71404497 0.92243145 0.00076826
0.71531627 0.92220470 0.00074347
0.71660236 0.92200652 0.00073057
0.71787367 0.92182981 0.00072519
0.71915976 0.92166562 0.00072287
0.72043106 0.92150714 0.00072028
0.72171715 0.92135162 0.00071659
0.72298845 0.92119847 0.00071182
0.72427454 0.92104697 0.00070616
0.72554585 0.92089425 0.00069965
0.72683194 0.92073311 0.00069061
0.72810324 0.92055626 0.00067738
0.72938933 0.92036028 0.00065966
0.73066064 0.92014894 0.00063941
0.73194672 0.91993252 0.00062005
0.73321803 0.91972059 0.00060441
0.73450412 0.91951848 0.00059375
0.73577542 0.91932724 0.00058766
0.73706151 0.91914542 0.00058505
0.73833282 0.91897148 0.00058483
0.73961890 0.91880409 0.00058617
0.74089021 0.91864173 0.00058824
0.74217630 0.91848298 0.00059045
0.74344760 0.91832632 0.00059230
0.74473369 0.91816967 0.00059301
0.74600500 0.91801223 0.00059264
0.74729108 0.91785455 0.00059166
0.74856239 0.91769823 0.00059069
0.74984848 0.91754599 0.00059062
0.75111978 0.91740034 0.00059212
0.75240587 0.91726310 0.00059556
0.75367718 0.91713535 0.00060084
0.75496327 0.91701757 0.00060804
0.75623457 0.91690963 0.00061695
0.75752066 0.91681111 0.00062730
0.75879196 0.91672145 0.00063898
0.76007805 0.91663999 0.00065183
0.76134936 0.91656619 0.00066578
0.76263545 0.91649997 0.00068082
0.76390675 0.91644189 0.00069709
0.76517806 0.91639338 0.00071488
0.76646414 0.91635737 0.00073481
0.76773545 0.91633785 0.00075764
0.76902154 0.91633734 0.00078396
0.77029284 0.91635379 0.00081390
0.77157893 0.91637988 0.00084648
0.77285024 0.91640748 0.00087964
0.77413633 0.91643057 0.00091148
0.77540763 0.91644444 0.00094048
0.77669372 0.91644520 0.00096539
0.77796502 0.91642957 0.00098553
0.77923633 0.91639579 0.00100060
0.78052242 0.91634384 0.00101083
0.78179372 0.91627664 0.00101747
0.78307981 0.91620018 0.00102219
0.78435112 0.91611938 0.00102628
0.78563720 0.91603741 0.00103066
0.78690851 0.91595626 0.00103584
0.78817982 0.91587712 0.00104204
0.78946590 0.91580123 0.00104941
0.79073721 0.91572938 0.00105801
0.79202330 0.91566211 0.00106786
0.79329460 0.91559878 0.00107870
0.79458069 0.91553801 0.00109014
0.79585200 0.91547734 0.00110157
0.79712330 0.91541211 0.00111200
0.79840939 0.91533899 0.00112063
0.79968070 0.91525556 0.00112697
0.80096678 0.91515938 0.00113066
0.80223809 0.91504982 0.00113179
0.80350939 0.91492736 0.00113085
0.80479548 0.91479493 0.00112865
0.80606679 0.91465806 0.00112625
0.80735288 0.91452057 0.00112437
0.80862418 0.91438478 0.00112352
0.80989549 0.91425227 0.00112400
0.81118157 0.91412447 0.00112599
0.81245288 0.91400359 0.00112982
0.81373897 0.91389048 0.00113553
0.81501027 0.91378360 0.00114295
0.81628158 0.91367951 0.00115180
0.81756767 0.91357494 0.00116110
0.81883897 0.91346734 0.00117020
0.82012506 0.91335436 0.00117846
0.82139637 0.91323243 0.00118484
0.82266767 0.91309666 0.00118849
0.82395376 0.91294361 0.00118896
0.82522507 0.91277461 0.00118661
0.82651115 0.91259639 0.00118288
0.82778246 0.91241686 0.00117944
0.82905376 0.91224123 0.00117707
0.83033985 0.91207072 0.00117622
0.83161116 0.91190470 0.00117682
0.83288246 0.91174194 0.00117844
0.83416855 0.91158045 0.00118075
0.83543986 0.91141782 0.00118330
0.83672594 0.91125116 0.00118562
0.83799725 0.91107749 0.00118716
0.83926856 0.91089401 0.00118737
0.84055464 0.91069806 0.00118573
0.84182595 0.91048739 0.00118181
0.84309725 0.91026021 0.00117544
0.84438334 0.91001624 0.00116691
0.84565465 0.90975796 0.00115672
0.84692595 0.90949008 0.00114596
0.84821204 0.90922093 0.00113579
0.84948335 0.90895852 0.00112695
0.85076944 0.90870697 0.00111975
0.85204074 0.90846439 0.00111396
0.85331205 0.90822313 0.00110934
0.85459813 0.90797813 0.00110509
0.85586944 0.90772551 0.00110063
0.85714075 0.90746144 0.00109574
0.85842683 0.90718313 0.00109031
0.85969814 0.90688941 0.00108460
0.86096944 0.90658069 0.00107908
0.86225553 0.90626033 0.00107427
0.86352684 0.90593808 0.00106992
0.86479814 0.90562390 0.00106550
0.86608423 0.90532651 0.00106016
0.86735554 0.90505254 0.00105296
0.86862684 0.90480338 0.00104429
0.86991293 0.90457543 0.00103572
0.87118424 0.90436090 0.00102898
0.87245554 0.90414995 0.00102501
0.87374163 0.90393322 0.00102314
0.87501293 0.90370258 0.00102229
0.87628424 0.90345100 0.00102140
0.87757033 0.90317319 0.00101948
0.87884163 0.90286625 0.00101652
0.88011294 0.90252964 0.00101320
0.88138424 0.90216498 0.00101086
0.88267033 0.90177544 0.00101112
0.88394164 0.90136534 0.00101547
0.88521294 0.90093841 0.00102510
0.88649903 0.90049882 0.00104039
0.88777034 0.90005331 0.00106024
0.88904164 0.89960887 0.00108213
0.89032773 0.89917115 0.00110379
0.89159904 0.89874339 0.00112426
0.89287034 0.89832739 0.00114309
0.89415643 0.89792451 0.00116000
0.89542774 0.89753440 0.00117510
0.89669904 0.89715537 0.00118887
0.89797035 0.89678495 0.00120203
0.89925643 0.89642017 0.00121532
0.90052774 0.89605856 0.00122902
0.90179905 0.89569771 0.00124373
0.90308513 0.89533483 0.00126018
0.90435644 0.89496702 0.00127925
0.90562774 0.89459163 0.00130182
0.90691383 0.89420624 0.00132879
0.90818514 0.89380978 0.00136056
0.90945644 0.89340249 0.00139705
0.91072775 0.89298656 0.00143736
0.91201384 0.89256743 0.00147884
0.91328514 0.89215018 0.00151945
0.91455645 0.89174001 0.00155720
0.91582775 0.89134231 0.00158993
0.91711384 0.89096204 0.00161579
0.91838515 0.89060264 0.00163359
0.91965645 0.89026623 0.00164259
0.92094254 0.88995214 0.00164312
0.92221385 0.88965332 0.00163861
0.92348515 0.88936178 0.00163271
0.92475646 0.88907039 0.00162857
0.92604254 0.88877446 0.00162802
0.92731385 0.88847271 0.00163112
0.92858516 0.88816475 0.00163755
0.92985646 0.88785073 0.00164676
0.93114255 0.88753044 0.00165854
0.93241385 0.88720384 0.00167250
0.93368516 0.88687220 0.00168773
0.93495647 0.88653922 0.00170177
0.93624255 0.88621192 0.00171035
0.93751386 0.88589829 0.00171010
0.93878516 0.88560538 0.00169830
0.94005647 0.88533523 0.00167525
0.94134256 0.88508223 0.00164526
0.94261386 0.88483786 0.00161323
0.94388517 0.88459509 0.00158264
0.94515647 0.88434963 0.00155522
0.94644256 0.88409812 0.00153222
0.94771387 0.88383694 0.00151505
0.94898517 0.88356350 0.00150459
0.95025648 0.88327556 0.00150166
0.95154257 0.88297110 0.00150711
0.95281387 0.88264834 0.00152210
0.95408518 0.88230722 0.00154695
0.95535648 0.88195444 0.00157811
0.95664257 0.88160236 0.00160919
0.95791388 0.88126520 0.00163258
0.95918518 0.88095129 0.00164405
0.96045649 0.88065892 0.00164522
0.96174258 0.88038241 0.00163945
0.96301388 0.88011631 0.00162930
0.96428519 0.87985668 0.00161671
0.96555649 0.87959934 0.00160389
0.96682780 0.87933909 0.00159352
0.96811389 0.87907072 0.00158850
0.96938519 0.87879068 0.00159059
0.97065650 0.87849728 0.00160055
0.97192780 0.87819061 0.00161820
0.97321389 0.87787158 0.00164297
0.97448520 0.87754209 0.00167392
0.97575650 0.87720659 0.00170866
0.97702781 0.87686960 0.00174495
0.97829911 0.87653581 0.00178042
0.97958520 0.87620907 0.00181330
0.98085651 0.87589096 0.00184298
0.98212781 0.87558154 0.00186947
0.98339912 0.87527903 0.00189386
0.98468520 0.87498156 0.00191704
0.98595651 0.87468708 0.00193997
0.98722781 0.87439311 0.00196386
0.98849912 0.87409723 0.00198984
0.98977043 0.87379720 0.00201898
0.99105651 0.87349157 0.00205189
0.99232782 0.87317960 0.00208876
0.99359912 0.87286098 0.00212952
0.99487043 0.87253553 0.00217406
0.99614174 0.87220285 0.00222249
0.99742782 0.87186172 0.00227560
0.99869913 0.87151140 0.00233392
0.99997043 0.87115350 0.00239654
1.00124174 0.87079026 0.00246220
1.00251305 0.87042396 0.00252970
1.00378435 0.87005640 0.00259812
1.00507044 0.86968819 0.00266728
1.00634174 0.86931957 0.00273717
1.00761305 0.86895075 0.00280772
1.00888436 0.86858201 0.00287882
1.01015566 0.86821363 0.00295028
1.01144175 0.86784625 0.00302172
1.01271305 0.86748059 0.00309266
1.01398436 0.86711744 0.00316261
1.01525567 0.86675779 0.00323091
1.01652697 0.86640279 0.00329683
1.01779828 0.86605358 0.00335959
1.01908436 0.86571099 0.00341864
1.02035567 0.86537454 0.00347427
1.02162698 0.86504157 0.00352820
1.02289828 0.86470761 0.00358335
1.02416959 0.86436855 0.00364239
1.02545567 0.86402243 0.00370656
1.02672698 0.86366973 0.00377548
1.02799829 0.86331206 0.00384807
1.02926959 0.86295116 0.00392320
1.03054090 0.86258887 0.00399965
1.03181220 0.86222739 0.00407602
1.03309829 0.86186915 0.00415076
1.03436960 0.86151668 0.00422225
1.03564090 0.86117157 0.00428946
1.03691221 0.86083380 0.00435245
1.03818351 0.86050306 0.00441140
1.03945482 0.86017904 0.00446650
1.04072612 0.85986124 0.00451803
1.04201221 0.85954932 0.00456618
1.04328352 0.85924304 0.00461107
1.04455482 0.85894202 0.00465289
1.04582613 0.85864538 0.00469224
1.04709743 0.85835147 0.00473021
1.04836874 0.85805876 0.00476782
1.04965483 0.85776618 0.00480582
1.05092613 0.85747339 0.00484450
1.05219744 0.85718112 0.00488336
1.05346874 0.85689009 0.00492204
1.05474005 0.85660223 0.00495928
1.05601135 0.85632112 0.00499272
1.05728266 0.85605039 0.00502000
1.05856875 0.85579367 0.00503877
1.05984005 0.85555257 0.00504799
1.06111136 0.85532508 0.00504906
1.06238266 0.85510941 0.00504322
1.06365397 0.85490465 0.00503104
1.06492527 0.85470996 0.00501312
1.06619658 0.85452459 0.00498995
1.06746788 0.85434650 0.00496290
1.06875397 0.85417240 0.00493417
1.07002528 0.85399838 0.00490637
1.07129658 0.85382072 0.00488196
1.07256789 0.85363635 0.00486293
1.07383919 0.85344307 0.00485071
1.07511050 0.85323983 0.00484593
1.07638181 0.85302835 0.00484729
1.07766789 0.85281450 0.00485081
1.07893920 0.85260665 0.00485080
1.08021050 0.85241108 0.00484319
1.08148181 0.85222852 0.00482774
1.08275312 0.85205617 0.00480670
1.08402442 0.85189072 0.00478265
1.08529573 0.85173075 0.00475704
1.08656703 0.85157557 0.00473093
1.08783834 0.85142430 0.00470557
1.08912443 0.85127614 0.00468191
1.09039573 0.85113007 0.00466056
1.09166704 0.85098521 0.00464152
1.09293834 0.85084060 0.00462435
1.09420965 0.85069522 0.00460841
1.09548095 0.85054824 0.00459292
1.09675226 0.85039883 0.00457727
1.09802356 0.85024633 0.00456103
1.09930965 0.85009024 0.00454394
1.10058096 0.84993021 0.00452584
1.10185226 0.84976640 0.00450642
1.10312357 0.84959874 0.00448569
1.10439487 0.84942713 0.00446376
1.10566618 0.84925161 0.00444073
1.10693748 0.84907228 0.00441670
1.10820879 0.84888950 0.00439164
1.10948010 0.84870390 0.00436537
1.11075140 0.84851637 0.00433751
1.11203749 0.84832792 0.00430762
1.11330879 0.84813971 0.00427506
1.11458010 0.84795280 0.00423938
1.11585141 0.84776816 0.00419990
1.11712271 0.84758648 0.00415608
1.11839402 0.84740665 0.00410860
1.11966532 0.84722547 0.00405935
1.12093663 0.84703633 0.00401229
1.12220793 0.84682989 0.00397276
1.12347924 0.84659820 0.00394498
1.12475054 0.84633848 0.00393026
1.12603663 0.84605553 0.00392726
1.12730794 0.84575957 0.00393399
1.12857924 0.84546351 0.00394898
1.12985055 0.84518141 0.00397153
1.13112185 0.84492773 0.00400147
1.13239316 0.84471918 0.00403822
1.13366446 0.84457106 0.00408094
1.13493577 0.84449087 0.00412778
1.13620707 0.84448229 0.00417573
1.13747838 0.84453419 0.00421850
1.13874969 0.84462759 0.00425162
1.14002099 0.84473076 0.00427623
1.14130708 0.84481418 0.00429828
1.14257838 0.84486494 0.00432456
1.14384969 0.84487209 0.00435855
1.14512100 0.84483262 0.00440246
1.14639230 0.84475602 0.00445755
1.14766361 0.84466182 0.00452144
1.14893491 0.84455846 0.00459201
1.15020622 0.84443328 0.00466674
1.15147752 0.84426721 0.00474139
1.15274883 0.84404967 0.00481757
1.15402013 0.84376963 0.00489134
1.15529144 0.84368040 0.00491263
1.15656274 0.84342118 0.00495545
1.15783405 0.84315531 0.00499798
1.15912014 0.84288314 0.00503999
1.16039144 0.84260504 0.00508128
1.16166275 0.84232142 0.00512163
1.16293405 0.84203271 0.00516081
1.16420536 0.84173938 0.00519860
1.16547667 0.84144192 0.00523475
1.16674797 0.84114084 0.00526902
1.16801928 0.84083668 0.00530119
1.16929058 0.84053002 0.00533100
1.17056189 0.84022144 0.00535821
1.17183319 0.83991155 0.00538256
1.17310450 0.83960097 0.00540382
1.17437580 0.83929035 0.00542173
1.17564711 0.83898035 0.00543604
1.17691841 0.83867166 0.00544652
1.17818972 0.83836495 0.00545290
1.17946103 0.83806094 0.00545496
1.18074711 0.83776032 0.00545245
1.18201842 0.83746381 0.00544513
1.18328972 0.83717214 0.00543278
1.18456103 0.83688602 0.00541517
1.18583234 0.83660619 0.00539208
1.18710364 0.83633335 0.00536330
1.18837495 0.83606823 0.00532864
1.18964625 0.83581154 0.00528789
1.19091756 0.83556398 0.00524087
1.19218886 0.83532623 0.00518742
1.19346017 0.83509898 0.00512737
1.19473147 0.83488286 0.00506058
1.19600278 0.83467853 0.00498691
1.19727408 0.83448658 0.00490625
1.19854539 0.83430761 0.00481849
1.19981670 0.83414217 0.00472356
1.20108800 0.83399078 0.00462140
1.20235931 0.83385393 0.00451195
1.20363061 0.83373206 0.00439521
1.20490192 0.83362557 0.00427117
1.20617322 0.83353484 0.00413986
1.20744453 0.83346015 0.00400134
1.20873062 0.83340176 0.00385570
1.21000192 0.83335988 0.00370305
1.21127323 0.83333462 0.00354356
1.21254453 0.83332607 0.00337741
1.21381584 0.83333422 0.00320484
1.21508714 0.83335900 0.00302616
1.21635845 0.83340026 0.00284171
1.21762975 0.83345775 0.00265193
1.21890106 0.83353118 0.00245733
1.22017237 0.83362012 0.00225857
1.22144367 0.83372407 0.00205648
1.22271498 0.83384243 0.00185213
1.22398628 0.83397450 0.00164699
1.22525759 0.83411944 0.00144317
1.22652889 0.83427635 0.00124387
1.22780020 0.83444415 0.00105432
1.22907150 0.83462170 0.00088346
1.23034281 0.83480767 0.00074666
1.23161411 0.83500065 0.00066703
1.23288542 0.83519906 0.00066623
1.23415673 0.83540117 0.00074423
1.23542803 0.83560513 0.00087923
1.23669934 0.83580892 0.00104776
1.23797064 0.83601034 0.00123404
1.23924195 0.83620706 0.00142869
1.24051325 0.83639655 0.00162599
1.24178456 0.83657612 0.00182216
1.24305586 0.83674289 0.00201446
1.24432717 0.83689378 0.00220069
1.24559847 0.83702554 0.00237900
1.24686978 0.83713470 0.00254770
1.24814109 0.83721759 0.00270525
1.24941239 0.83727031 0.00285016
1.25068370 0.83728878 0.00298103
1.25195500 0.83726866 0.00309654
1.25322631 0.83720538 0.00319543
1.25449761 0.83709415 0.00327659
1.25576892 0.83692994 0.00333906
1.25704022 0.83670743 0.00338215
1.25831153 0.83642110 0.00340548
1.25958283 0.83606511 0.00340919
1.26085414 0.83563341 0.00339413
1.26212545 0.83511962 0.00336212
1.26339675 0.83451711 0.00331640
1.26466806 0.83381896 0.00326213
1.26593936 0.83301794 0.00320712
1.26721067 0.83210653 0.00316249
1.26848197 0.83107689 0.00314328
1.26975328 0.82992089 0.00316824
1.27102458 0.82863006 0.00325843
1.27229589 0.82719559 0.00343431
1.27356719 0.82560834 0.00371222
1.27483850 0.82385884 0.00410227
1.27610981 0.82193723 0.00460850
1.27738111 0.81983333 0.00523083
1.27865242 0.81753653 0.00596741
1.27992372 0.81503588 0.00681625
1.28119503 0.81231999 0.00777609
-0.96316762 0.81867436 0.00540945
-0.96189631 0.82189001 0.00601590
-0.96062353 0.82313233 0.00597822
-0.95934927 0.82392908 0.00597424
-0.95807353 0.82485297 0.00582360
-0.95679779 0.82653901 0.00523618
-0.95551909 0.82970966 0.00395473
-0.95423744 0.83616081 0.00388265
-0.95295431 0.85226021 0.01125645
-0.95167118 0.87280725 0.01732349
-0.95038804 0.87400106 0.01683588
-0.94910048 0.85367310 0.01398137
-0.94781143 0.83364878 0.01202370
-0.94651943 0.82100257 0.01079013
-0.94522743 0.81221531 0.01002535
-0.94393247 0.80548244 0.00940432
-0.94263604 0.79931451 0.00891127
-0.94133960 0.79338089 0.00846254
-0.94004021 0.78754253 0.00804680
-0.93873934 0.78194970 0.00768148
-0.93743699 0.77667470 0.00736069
-0.93613316 0.77170903 0.00707533
-0.93482786 0.76700508 0.00681822
-0.93351959 0.76253419 0.00658450
-0.93221133 0.75826383 0.00637020
-0.93090011 0.75417003 0.00617303
-0.92958890 0.75023031 0.00599036
-0.92827472 0.74642749 0.00582041
-0.92695907 0.74274587 0.00566097
-0.92564341 0.73917115 0.00551247
-0.92432480 0.73569441 0.00537421
-0.92300472 0.73230779 0.00523589
-0.92168315 0.72899483 0.00510674
-0.92036010 0.72576307 0.00499171
-0.91903410 0.72260108 0.00487246
-0.91770810 0.71951248 0.00475698
-0.91638062 0.71650811 0.00464639
-0.91505167 0.71357723 0.00454454
-0.91371975 0.71072713 0.00444723
-0.91238784 0.70790746 0.00435872
-0.91105297 0.70512543 0.00426606
-0.90971810 0.70236661 0.00418123
-0.90838027 0.69963098 0.00409687
-0.90704096 0.69692215 0.00401717
-0.90570166 0.69423287 0.00394107
-0.90435940 0.69156675 0.00386548
-0.90301565 0.68892378 0.00379400
-0.90167044 0.68628946 0.00372251
-0.90032374 0.68368552 0.00365098
-0.89897556 0.68109018 0.00358827
-0.89762591 0.67851431 0.00352553
-0.89627478 0.67594700 0.00346278
-0.89492217 0.67339913 0.00340344
-0.89356808 0.67085977 0.00334061
-0.89221251 0.66833254 0.00328185
-0.89085547 0.66581740 0.00323261
-0.88949695 0.66330705 0.00317380
-0.88813547 0.66080874 0.00311901
-0.88677399 0.65832246 0.00307380
-0.88541103 0.65584087 0.00301893
-0.88404659 0.65336393 0.00296885
-0.88267920 0.65089526 0.00291873
-0.88131181 0.64843485 0.00287749
-0.87994294 0.64598268 0.00282729
-0.87857259 0.64353133 0.00278112
-0.87719928 0.64108445 0.00273978
-0.87582598 0.63864201 0.00269437
-0.87445120 0.63620768 0.00265211
-0.87307345 0.63377400 0.00261067
-0.87169571 0.63134465 0.00257412
-0.87031650 0.62891589 0.00253263
-0.86893580 0.62649509 0.00249110
-0.86755215 0.62407478 0.00245355
-0.86616849 0.62165119 0.00241597
-0.86478336 0.61923546 0.00237834
-0.86339675 0.61682381 0.00234565
-0.86200866 0.61440500 0.00230894
-0.86061762 0.61199392 0.00227519
-0.85922657 0.60958306 0.00224241
-0.85783405 0.60716859 0.00220961
-0.85644005 0.60476176 0.00217678
-0.85504457 0.60234744 0.00214284
-0.85364761 0.59993312 0.00210994
-0.85224918 0.59752251 0.00208209
-0.85084926 0.59511560 0.00205310
-0.84944787 0.59269334 0.00202410
-0.84804648 0.59028224 0.00199619
-0.84664213 0.58786326 0.00196711
-0.84523630 0.58544773 0.00194313
-0.84382899 0.58302035 0.00191398
-0.84242169 0.58059630 0.00188996
-0.84101143 0.57816787 0.00186593
-0.83960116 0.57573114 0.00184061
-0.83818795 0.57329372 0.00181652
-0.83677473 0.57084394 0.00179638
-0.83536003 0.56839718 0.00177224
-0.83394238 0.56593787 0.00175204
-0.83252472 0.56347365 0.00173182
-0.83110559 0.56099666 0.00171294
-0.82968498 0.55851844 0.00169130
-0.82826289 0.55603112 0.00167495
-0.82684081 0.55354633 0.00165461
-0.82541576 0.55105224 0.00163959
-0.82398924 0.54856053 0.00162316
-0.82256272 0.54607117 0.00160529
-0.82113324 0.54358015 0.00158878
-0.81970376 0.54109531 0.00157223
-0.81827280 0.53861664 0.00155563
-0.81684036 0.53615208 0.00153760
-0.81540645 0.53369768 0.00152089
-0.81397106 0.53126145 0.00150411
-0.81253418 0.52884345 0.00148726
-0.81109584 0.52645180 0.00146897
-0.80965749 0.52407857 0.00144785
-0.80821618 0.52173593 0.00143622
-0.80677488 0.51942004 0.00141353
-0.80533209 0.51712697 0.00139211
-0.80388783 0.51486495 0.00137057
-0.80244209 0.51262601 0.00135308
-0.80099487 0.51041436 0.00133133
-0.79954765 0.50823014 0.00131506
-0.79809748 0.50605710 0.00129313
-0.79664730 0.50390349 0.00127822
-0.79519565 0.50176529 0.00126178
-0.79374252 0.49963018 0.00124121
-0.79228791 0.49750640 0.00122470
-0.79083182 0.49538987 0.00120814
-0.78937573 0.49326392 0.00118751
-0.78791669 0.49114097 0.00117496
-0.78645764 0.48901263 0.00116006
-0.78499712 0.48687461 0.00115326
-0.78353512 0.48473102 0.00113662
-0.78207164 0.48256488 0.00112583
-0.78060816 0.48038867 0.00111318
-0.77914320 0.47819376 0.00110831
-0.77767528 0.47597570 0.00110157
-0.77620885 0.47373426 0.00109291
-0.77473946 0.47148629 0.00108424
-0.77326859 0.46922310 0.00107751
-0.77179771 0.46694450 0.00107481
-0.77032537 0.46465895 0.00106420
-0.76885154 0.46236632 0.00106152
-0.76737623 0.46008388 0.00105281
-0.76590093 0.45780295 0.00105012
-0.76442266 0.45552787 0.00103948
-0.76294440 0.45326742 0.00103491
-0.76146466 0.45102169 0.00102610
-0.75998492 0.44879960 0.00102151
-0.75850222 0.44659247 0.00101262
-0.75701953 0.44442707 0.00100189
-0.75553535 0.44228592 0.00099286
-0.75405118 0.44017815 0.00098375
-0.75256405 0.43811301 0.00097009
-0.75107691 0.43607286 0.00096079
-0.74958830 0.43408046 0.00095139
-0.74809822 0.43211813 0.00093740
-0.74660813 0.43019518 0.00092501
-0.74511656 0.42830282 0.00091080
-0.74362352 0.42643674 0.00089828
-0.74212899 0.42460172 0.00088386
-0.74063447 0.42277961 0.00087123
-0.73913847 0.42097052 0.00086302
-0.73764099 0.41917915 0.00085034
-0.73614351 0.41738708 0.00084206
-0.73464307 0.41560359 0.00083375
-0.73314412 0.41381473 0.00082542
-0.73164220 0.41201106 0.00081924
-0.73014029 0.41020181 0.00081526
-0.72863542 0.40837277 0.00080918
-0.72713202 0.40651899 0.00081180
-0.72562567 0.40463549 0.00080790
-0.72411933 0.40272667 0.00080179
-0.72261150 0.40079226 0.00079130
-0.72110367 0.39889420 0.00078072
-0.71959436 0.39702804 0.00077671
-0.71808358 0.39519891 0.00076380
-0.71657132 0.39339744 0.00076179
-0.71505906 0.39161907 0.00075087
-0.71354532 0.38985911 0.00074661
-0.71203158 0.38811773 0.00073770
-0.71051488 0.38638528 0.00072874
-0.70899966 0.38467659 0.00071973
-0.70748148 0.38296717 0.00071526
-0.70596331 0.38127682 0.00070615
-0.70444366 0.37958583 0.00070159
-0.70292400 0.37791411 0.00069238
-0.70140287 0.37624182 0.00068774
-0.69988026 0.37458398 0.00068542
-0.69835765 0.37292563 0.00067612
-0.69683356 0.37128188 0.00067135
-0.69530800 0.36963767 0.00065950
-0.69378243 0.36800313 0.00065711
-0.69225538 0.36637323 0.00065222
-0.69072834 0.36474288 0.00064983
-0.68919982 0.36312236 0.00063772
-0.68766982 0.36151170 0.00063528
-0.68613981 0.35989549 0.00063491
-0.68460833 0.35829443 0.00062519
-0.68307685 0.35669301 0.00062009
-0.68154390 0.35509645 0.00061028
-0.68001094 0.35351000 0.00061242
-0.67847650 0.35192324 0.00060722
-0.67694059 0.35034143 0.00059729
-0.67540467 0.34876989 0.00059940
-0.67386728 0.34719809 0.00059410
-0.67232841 0.34563668 0.00058875
-0.67078954 0.34407504 0.00058613
-0.66925067 0.34252388 0.00058547
-0.66771032 0.34097793 0.00058004
-0.66616849 0.33944264 0.00057457
-0.66462666 0.33790722 0.00057181
-0.66308484 0.33637711 0.00056626
-0.66154005 0.33486331 0.00056556
-0.65999675 0.33335499 0.00055995
-0.65845049 0.33185218 0.00056199
-0.65690570 0.33036049 0.00055134
-0.65535796 0.32888555 0.00054558
-0.65381022 0.32741637 0.00054756
-0.65226248 0.32596423 0.00054173
-0.65071326 0.32452365 0.00053585
-0.64916404 0.32309475 0.00052992
-0.64761335 0.32168897 0.00051883
-0.64606265 0.32030651 0.00051562
-0.64451047 0.31894764 0.00050945
-0.64295830 0.31760685 0.00050621
-0.64140464 0.31626713 0.00050798
-0.63985099 0.31492848 0.00050169
-0.63829586 0.31357356 0.00049848
-0.63674073 0.31221379 0.00049717
-0.63518412 0.31084910 0.00049394
-0.63362751 0.30948525 0.00049574
-0.63207090 0.30812226 0.00048935
-0.63051133 0.30676599 0.00049115
-0.62895324 0.30541062 0.00048469
-0.62739368 0.30406205 0.00048648
-0.62583411 0.30271441 0.00047996
-0.62427306 0.30137365 0.00048175
-0.62271202 0.30003387 0.00047516
-0.62114950 0.29870709 0.00046850
-0.61958697 0.29738739 0.00047026
-0.61802445 0.29608091 0.00047201
-0.61646045 0.29477563 0.00046526
-0.61489497 0.29348376 0.00045844
-0.61333097 0.29219930 0.00046016
-0.61176401 0.29092233 0.00045874
-0.61019853 0.28965911 0.00045495
-0.60863157 0.28839736 0.00045664
-0.60706461 0.28715578 0.00044963
-0.60549618 0.28591583 0.00044816
-0.60392774 0.28469633 0.00044981
-0.60235783 0.28347863 0.00044270
-0.60078939 0.28226905 0.00044433
-0.59921800 0.28108034 0.00043712
-0.59764808 0.27989365 0.00043296
-0.59607669 0.27871536 0.00044031
-0.59450530 0.27755199 0.00043299
-0.59293243 0.27639082 0.00042872
-0.59135956 0.27525120 0.00043026
-0.58978669 0.27411398 0.00042277
-0.58821234 0.27299213 0.00041522
-0.58663799 0.27187930 0.00041669
-0.58506364 0.27076905 0.00040906
-0.58348781 0.26966795 0.00041052
-0.58191198 0.26857610 0.00040602
-0.58033616 0.26749360 0.00039822
-0.57875885 0.26642052 0.00039962
-0.57718302 0.26535032 0.00039174
-0.57560424 0.26428968 0.00039311
-0.57402693 0.26323873 0.00038852
-0.57244815 0.26218407 0.00038650
-0.57086937 0.26113917 0.00039126
-0.56929058 0.26009738 0.00038674
-0.56771032 0.25906551 0.00037856
-0.56613006 0.25803682 0.00037631
-0.56454980 0.25700450 0.00037163
-0.56296805 0.25597538 0.00037295
-0.56138779 0.25495637 0.00038394
-0.55980605 0.25392685 0.00037561
-0.55822283 0.25290750 0.00037695
-0.55664109 0.25187753 0.00037470
-0.55505787 0.25083681 0.00037972
-0.55347466 0.24980628 0.00038111
-0.55189144 0.24876492 0.00037886
-0.55030822 0.24771257 0.00038670
-0.54872352 0.24665625 0.00037829
-0.54713882 0.24558873 0.00037976
-0.54555413 0.24453138 0.00037797
-0.54396943 0.24349148 0.00037269
-0.54238325 0.24249087 0.00037084
-0.54079708 0.24151550 0.00037218
-0.53921090 0.24055112 0.00036668
-0.53762473 0.23960512 0.00036477
-0.53603855 0.23867772 0.00035911
-0.53445090 0.23776172 0.00036732
-0.53286472 0.23684993 0.00036160
-0.53127707 0.23595713 0.00035965
-0.52968942 0.23506129 0.00035380
-0.52810029 0.23418468 0.00035185
-0.52651263 0.23330510 0.00034587
-0.52492498 0.23243000 0.00034705
-0.52333585 0.23157446 0.00034821
-0.52174671 0.23071606 0.00034938
-0.52015758 0.22985475 0.00035057
-0.51856845 0.22899812 0.00034126
-0.51697932 0.22815380 0.00034240
-0.51538871 0.22731429 0.00033300
-0.51379958 0.22647960 0.00034470
-0.51220897 0.22564213 0.00033860
-0.51061836 0.22480954 0.00033974
-0.50902775 0.22398963 0.00033749
-0.50743714 0.22315922 0.00032793
-0.50584653 0.22234157 0.00032903
-0.50425592 0.22152116 0.00033014
-0.50266383 0.22069798 0.00033126
-0.50107322 0.21989562 0.00033237
-0.49948261 0.21909057 0.00033349
-0.49789052 0.21828281 0.00033461
-0.49629843 0.21748823 0.00033269
-0.49470782 0.21669099 0.00032588
-0.49311573 0.21589906 0.00032698
-0.49152364 0.21512053 0.00032508
-0.48993156 0.21433134 0.00032917
-0.48833947 0.21356377 0.00031915
-0.48674738 0.21279364 0.00032835
-0.48515529 0.21202095 0.00031837
-0.48356320 0.21126201 0.00031942
-0.48196964 0.21052514 0.00032045
-0.48037755 0.20977768 0.00031895
-0.47878546 0.20904425 0.00032254
-0.47719337 0.20831672 0.00032101
-0.47559980 0.20761178 0.00031333
-0.47400772 0.20691294 0.00031431
-0.47241563 0.20622029 0.00030399
-0.47082206 0.20555063 0.00029362
-0.46922997 0.20489575 0.00029449
-0.46763788 0.20426423 0.00029533
-0.46604432 0.20363935 0.00029883
-0.46445223 0.20301270 0.00028817
-0.46286014 0.20239274 0.00030054
-0.46126658 0.20176251 0.00028983
-0.45967449 0.20112188 0.00029068
-0.45808240 0.20047935 0.00029155
-0.45649031 0.19983490 0.00029242
-0.45489822 0.19920580 0.00028451
-0.45330613 0.19856616 0.00029416
-0.45171257 0.19792462 0.00028330
-0.45012048 0.19729855 0.00028414
-0.44852839 0.19665315 0.00028795
-0.44693778 0.19603208 0.00027685
-0.44534569 0.19540037 0.00027768
-0.44375360 0.19477554 0.00028757
-0.44216151 0.19414888 0.00027652
-0.44057090 0.19353803 0.00027734
-0.43897882 0.19292539 0.00027816
-0.43738821 0.19231092 0.00027899
-0.43579612 0.19169461 0.00027983
-0.43420551 0.19108543 0.00026863
-0.43261490 0.19049242 0.00026941
-0.43102429 0.18989767 0.00027020
-0.42943368 0.18930117 0.00027100
-0.42784307 0.18871201 0.00025968
-0.42625394 0.18813019 0.00027258
-0.42466333 0.18755582 0.00027336
-0.42307419 0.18697980 0.00027415
-0.42148358 0.18641131 0.00026269
-0.41989445 0.18585037 0.00027571
-0.41830532 0.18527863 0.00026420
-0.41671619 0.18472374 0.00026494
-0.41512853 0.18417658 0.00025337
-0.41353940 0.18363718 0.00026641
-0.41195175 0.18308697 0.00025479
-0.41036262 0.18255391 0.00025549
-0.40877496 0.18201939 0.00025619
-0.40718731 0.18149282 0.00024450
-0.40560114 0.18097422 0.00025759
-0.40401348 0.18045424 0.00025653
-0.40242731 0.17993285 0.00024650
-0.40084113 0.17942904 0.00025791
-0.39925496 0.17893347 0.00024779
-0.39766878 0.17841745 0.00024847
-0.39608261 0.17792880 0.00024911
-0.39449791 0.17743888 0.00024976
-0.39291321 0.17695735 0.00023782
-0.39132851 0.17646488 0.00023845
-0.38974382 0.17599052 0.00022820
-0.38816060 0.17550520 0.00023968
-0.38657738 0.17503811 0.00024028
-0.38499416 0.17457962 0.00022826
-0.38341094 0.17411019 0.00022884
-0.38182920 0.17364937 0.00023111
-0.38024598 0.17319723 0.00022998
-0.37866424 0.17275384 0.00023054
-0.37708398 0.17229949 0.00021985
-0.37550224 0.17185391 0.00022039
-0.37392198 0.17142711 0.00021954
-0.37234172 0.17098933 0.00022144
-0.37076145 0.17056049 0.00021092
-0.36918267 0.17013061 0.00020950
-0.36760388 0.16970973 0.00020999
-0.36602510 0.16927779 0.00022356
-0.36444780 0.16884483 0.00021295
-0.36286901 0.16842090 0.00021346
-0.36129171 0.16800611 0.00020058
-0.35971588 0.16758017 0.00020107
-0.35814005 0.16715320 0.00020155
-0.35656422 0.16672519 0.00020205
-0.35498840 0.16632681 0.00020251
-0.35341405 0.16589678 0.00020300
-0.35183970 0.16549651 0.00020347
-0.35026535 0.16507473 0.00019051
-0.34869248 0.16467256 0.00019095
-0.34711961 0.16426946 0.00019140
-0.34554674 0.16386541 0.00019184
-0.34397534 0.16346041 0.00019230
-0.34240395 0.16307530 0.00018112
-0.34083256 0.16266843 0.00018155
-0.33926264 0.16229199 0.00018195
-0.33769273 0.16188324 0.00018239
-0.33612429 0.16150506 0.00018279
-0.33455586 0.16112603 0.00018320
-0.33298742 0.16073560 0.00017234
-0.33142046 0.16035484 0.00017273
-0.32985350 0.15997322 0.00017313
-0.32828655 0.15961199 0.00017086
-0.32672107 0.15923933 0.00017389
-0.32515559 0.15886584 0.00015992
-0.32359159 0.15851292 0.00016026
-0.32202758 0.15815924 0.00016061
-0.32046358 0.15779406 0.00014980
-0.31890106 0.15743884 0.00015012
-0.31734002 0.15708285 0.00015045
-0.31577749 0.15672609 0.00015078
-0.31421793 0.15639025 0.00014060
-0.31265688 0.15604284 0.00015141
-0.31109731 0.15570559 0.00014119
-0.30953923 0.15537855 0.00014148
-0.30798114 0.15505084 0.00014176
-0.30642305 0.15474440 0.00013241
-0.30486644 0.15441540 0.00013268
-0.30330983 0.15408574 0.00013295
-0.30175470 0.15377743 0.00014873
-0.30019957 0.15345751 0.00013347
-0.29864591 0.15310373 0.00014091
-0.29709226 0.15276027 0.00013406
-0.29554008 0.15240494 0.00014153
-0.29398791 0.15204884 0.00012608
-0.29243721 0.15168075 0.00012638
-0.29088651 0.15131181 0.00012667
-0.28933730 0.15094200 0.00012697
-0.28778808 0.15057132 0.00012727
-0.28623886 0.15019976 0.00012757
-0.28469112 0.14979342 0.00012791
-0.28314485 0.14942000 0.00012821
-0.28159859 0.14903434 0.00012129
-0.28005381 0.14863632 0.00012886
-0.27850902 0.14824870 0.00012191
-0.27696572 0.14787154 0.00012221
-0.27542241 0.14747050 0.00012984
-0.27388059 0.14707993 0.00012284
-0.27234024 0.14666529 0.00012318
-0.27079989 0.14628420 0.00012349
-0.26925954 0.14586739 0.00012383
-0.26772067 0.14548429 0.00012414
-0.26618327 0.14507693 0.00010811
-0.26464588 0.14468013 0.00012480
-0.26310997 0.14427059 0.00010869
-0.26157405 0.14387164 0.00012548
-0.26003962 0.14345988 0.00010928
-0.25850518 0.14304695 0.00011699
-0.25697222 0.14263287 0.00012653
-0.25544074 0.14222952 0.00011763
-0.25390926 0.14181314 0.00012723
-0.25237926 0.14138364 0.00012761
-0.25084926 0.14097685 0.00011864
-0.24932074 0.14054489 0.00011899
-0.24779369 0.14011164 0.00011935
-0.24626665 0.13967709 0.00011971
-0.24474108 0.13924124 0.00012007
-0.24321552 0.13880406 0.00012044
-0.24169143 0.13835336 0.00011317
-0.24016882 0.13790121 0.00013072
-0.23864621 0.13743538 0.00011390
-0.23712508 0.13696800 0.00012200
-0.23560542 0.13652379 0.00012238
-0.23408577 0.13609060 0.00010521
-0.23256759 0.13571821 0.00010549
-0.23104942 0.13534484 0.00010578
-0.22953272 0.13500794 0.00010603
-0.22801750 0.13467024 0.00010629
-0.22650376 0.13435682 0.00009885
-0.22499002 0.13401752 0.00009909
-0.22347628 0.13371523 0.00009931
-0.22196550 0.13341227 0.00009953
-0.22045471 0.13309598 0.00009480
-0.21894541 0.13276626 0.00010000
-0.21743610 0.13246121 0.00010022
-0.21592827 0.13214271 0.00009546
-0.21442193 0.13181068 0.00010070
-0.21291705 0.13149067 0.00009592
-0.21141218 0.13118274 0.00009614
-0.20990879 0.13083547 0.00009638
-0.20840540 0.13051312 0.00011403
-0.20690496 0.13017708 0.00009686
-0.20540453 0.12982721 0.00009711
-0.20390557 0.12947642 0.00009737
-0.20240661 0.12915080 0.00009583
-0.20090913 0.12879823 0.00009609
-0.19941313 0.12844471 0.00009634
-0.19791861 0.12806396 0.00009841
-0.19642408 0.12770847 0.00009867
-0.19493104 0.12735202 0.00009894
-0.19343947 0.12696810 0.00008174
-0.19194791 0.12659632 0.00009952
-0.19045930 0.12622349 0.00009799
-0.18897069 0.12582284 0.00009829
-0.18748355 0.12544779 0.00008270
-0.18599642 0.12505817 0.00009888
-0.18451077 0.12469436 0.00009916
-0.18302659 0.12431600 0.00008343
-0.18154390 0.12393651 0.00008367
-0.18006268 0.12355587 0.00010004
-0.17858146 0.12318775 0.00010033
-0.17710172 0.12281856 0.00010063
-0.17562346 0.12244828 0.00010092
-0.17414667 0.12206315 0.00008493
-0.17266989 0.12169064 0.00008518
-0.17119606 0.12130316 0.00008543
-0.16972223 0.12092837 0.00008569
-0.16824841 0.12056637 0.00010432
-0.16677754 0.12018935 0.00010464
-0.16530667 0.11983923 0.00008645
-0.16383875 0.11945997 0.00008672
-0.16237084 0.11907953 0.00008699
-0.16090440 0.11869790 0.00008726
-0.15943796 0.11831508 0.00008753
-0.15797449 0.11793104 0.00008781
-0.15651101 0.11756008 0.00007285
-0.15504900 0.11718795 0.00009288
-0.15358848 0.11680030 0.00009318
-0.15212944 0.11641139 0.00009348
-0.15067039 0.11602121 0.00009379
-0.14921430 0.11562974 0.00009410
-0.14775822 0.11525155 0.00008980
-0.14630375 0.11487215 0.00007452
-0.14485062 0.11447685 0.00007477
-0.14339867 0.11408021 0.00007502
-0.14194791 0.11368221 0.00007528
-0.14049847 0.11328286 0.00007554
-0.13905022 0.11286725 0.00008409
-0.13760344 0.11246506 0.00008439
-0.13615770 0.11206147 0.00008468
-0.13471344 0.11165645 0.00008499
-0.13327021 0.11123490 0.00009772
-0.13182846 0.11082692 0.00009808
-0.13038804 0.11038710 0.00008594
-0.12894881 0.10997605 0.00008625
-0.12751090 0.10951756 0.00008661
-0.12607433 0.10910330 0.00008693
-0.12463893 0.10864121 0.00008729
-0.12320502 0.10822367 0.00008762
-0.12177229 0.10775789 0.00008799
-0.12034104 0.10729012 0.00008837
-0.11891096 0.10682035 0.00008875
-0.11748222 0.10639582 0.00008909
-0.11605496 0.10592216 0.00008948
-0.11462888 0.10539873 0.00008992
-0.11320413 0.10492066 0.00009032
-0.11178086 0.10444045 0.00009073
-0.11035892 0.10392584 0.00008218
-0.10893816 0.10342489 0.00009160
-0.10751888 0.10293784 0.00009202
-0.10610108 0.10244852 0.00009245
-0.10468446 0.10195689 0.00009289
-0.10326932 0.10142992 0.00008417
-0.10185551 0.10093342 0.00008457
-0.10044304 0.10043451 0.00008499
-0.09903203 0.09993316 0.00008540
-0.09762236 0.09941248 0.00009522
-0.09621417 0.09888914 0.00007180
-0.09480731 0.09836303 0.00008674
-0.09340178 0.09785125 0.00008719
-0.09199772 0.09728525 0.00008769
-0.09059500 0.09676787 0.00008815
-0.08919376 0.09619560 0.00008866
-0.08779384 0.09567243 0.00008914
-0.08639541 0.09509368 0.00008967
-0.08499845 0.09452914 0.00007505
-0.08360282 0.09397904 0.00009072
-0.08220867 0.09338997 0.00009128
-0.08081600 0.09279721 0.00009185
-0.07942466 0.09223698 0.00006781
-0.07803480 0.09165510 0.00009298
-0.07664641 0.09105122 0.00009359
-0.07525951 0.09044337 0.00009421
-0.07387393 0.08983147 0.00009484
-0.07248984 0.08923418 0.00007943
-0.07110722 0.08863291 0.00007053
-0.06972608 0.08802757 0.00009675
-0.06834642 0.08739900 0.00009744
-0.06696823 0.08682368 0.00009808
-0.06559138 0.08624457 0.00009873
-0.06421615 0.08568110 0.00009550
-0.06284240 0.08519239 0.00009993
-0.06146998 0.08468119 0.00009661
-0.06009919 0.08418676 0.00010111
-0.05872988 0.08366949 0.00009776
-0.05736204 0.08312897 0.00009839
-0.05599568 0.08258494 0.00009903
-0.05463080 0.08203736 0.00009968
-0.05326740 0.08146562 0.00012632
-0.05190548 0.08091055 0.00012718
-0.05054518 0.08028936 0.00012815
-0.04918636 0.07966339 0.00012915
-0.04782902 0.07896915 0.00013027
-0.04647316 0.07814082 0.00013164
-0.04511893 0.07691432 0.00013372
-0.04376617 0.07542532 0.00014337
-0.04241504 0.07377111 0.00016921
-0.04106524 0.07214870 0.00018207
-0.03971706 0.07058387 0.00017678
-0.03837051 0.06898391 0.00015665
-0.03702529 0.06734614 0.00019496
-0.03568185 0.06566799 0.00018992
-0.03433973 0.06394621 0.00016891
-0.03299939 0.06212347 0.00017383
-0.03166038 0.06021825 0.00021791
-0.03032315 0.05805087 0.00024362
-0.02898739 0.05553083 0.00027831
-0.02765326 0.05219478 0.00036141
-0.02632105 0.04794302 0.00042027
-0.02499002 0.04316182 0.00049208
-0.02366047 0.03817708 0.00049461
-0.02233255 0.03329530 0.00056777
-0.02100625 0.02851261 0.00058067
-0.01968143 0.02374411 0.00069939
-0.01835824 0.01909463 0.00069240
-0.01703653 0.01455064 0.00082291
-0.01571644 0.00991433 0.00112376
-0.01439801 0.00392514 0.00279687
-0.01308110 nan nan
-0.01176578 nan nan
-0.01045207 nan nan
-0.00913993 0.00641537 0.00140825
-0.00782941 0.01105344 0.00078054
-0.00652048 0.01544189 0.00070623
-0.00521317 0.01994954 0.00054364
-0.00390746 0.02429865 0.00063907
-0.00260335 0.02954266 0.00056017
-0.00130087 0.03446815 0.00075548
-0.00000000 0.04273810 0.00027559
