# s/c    P_stat_mean   P_stat_std
0.00000000 0.99991698 0.00003727
0.00130087 0.99953991 0.00003253
0.00260174 0.99915296 0.00002845
0.00390261 0.99875705 0.00002499
0.00520348 0.99835304 0.00002210
0.00650435 0.99794173 0.00001973
0.00780522 0.99752384 0.00001788
0.00910609 0.99710005 0.00001651
0.01040697 0.99667097 0.00001562
0.01170784 0.99623718 0.00001520
0.01300871 0.99579917 0.00001522
0.01430958 0.99535742 0.00001564
0.01561045 0.99491233 0.00001642
0.01691132 0.99446426 0.00001749
0.01821219 0.99401353 0.00001880
0.01951306 0.99356042 0.00002030
0.02081393 0.99310515 0.00002195
0.02211480 0.99264792 0.00002371
0.02341567 0.99218887 0.00002555
0.02470176 0.99172812 0.00002746
0.02600263 0.99126574 0.00002940
0.02730350 0.99080177 0.00003135
0.02860437 0.99033624 0.00003331
0.02990524 0.98986910 0.00003524
0.03120611 0.98940031 0.00003716
0.03250698 0.98892979 0.00003903
0.03380786 0.98845742 0.00004085
0.03510873 0.98798308 0.00004261
0.03640960 0.98750659 0.00004431
0.03771047 0.98702779 0.00004593
0.03901134 0.98654646 0.00004748
0.04029743 0.98606238 0.00004894
0.04159830 0.98557530 0.00005032
0.04289917 0.98508496 0.00005161
0.04420004 0.98459108 0.00005282
0.04550091 0.98409336 0.00005393
0.04680178 0.98359150 0.00005496
0.04810265 0.98308517 0.00005589
0.04940352 0.98257404 0.00005675
0.05068961 0.98205775 0.00005752
0.05199048 0.98153595 0.00005821
0.05329135 0.98100828 0.00005882
0.05459222 0.98047436 0.00005937
0.05589309 0.97993381 0.00005986
0.05719396 0.97938624 0.00006028
0.05849483 0.97883127 0.00006065
0.05978092 0.97826849 0.00006098
0.06108179 0.97769750 0.00006127
0.06238266 0.97711792 0.00006153
0.06368353 0.97652933 0.00006177
0.06498440 0.97593133 0.00006200
0.06628528 0.97532352 0.00006222
0.06757136 0.97470550 0.00006244
0.06887223 0.97407687 0.00006268
0.07017310 0.97343723 0.00006294
0.07147398 0.97278619 0.00006322
0.07277485 0.97212336 0.00006355
0.07407572 0.97144835 0.00006392
0.07536180 0.97076080 0.00006435
0.07666268 0.97006032 0.00006483
0.07796355 0.96934655 0.00006539
0.07926442 0.96861913 0.00006602
0.08056529 0.96787771 0.00006673
0.08185138 0.96712195 0.00006753
0.08315225 0.96635152 0.00006842
0.08445312 0.96556609 0.00006940
0.08575399 0.96476536 0.00007049
0.08704008 0.96394901 0.00007168
0.08834095 0.96311675 0.00007297
0.08964182 0.96226832 0.00007438
0.09094269 0.96140342 0.00007589
0.09224356 0.96052182 0.00007751
0.09352965 0.95962326 0.00007925
0.09483052 0.95870752 0.00008111
0.09613139 0.95777436 0.00008307
0.09743226 0.95682360 0.00008516
0.09871835 0.95585504 0.00008736
0.10001922 0.95486849 0.00008968
0.10132009 0.95386379 0.00009212
0.10260618 0.95284080 0.00009468
0.10390705 0.95179938 0.00009735
0.10520792 0.95073940 0.00010015
0.10650879 0.94966076 0.00010306
0.10779488 0.94856336 0.00010609
0.10909575 0.94744714 0.00010924
0.11039662 0.94631201 0.00011251
0.11169749 0.94515795 0.00011590
0.11298358 0.94398490 0.00011941
0.11428445 0.94279286 0.00012303
0.11558532 0.94158182 0.00012677
0.11687141 0.94035178 0.00013062
0.11817228 0.93910278 0.00013459
0.11947315 0.93783484 0.00013867
0.12075924 0.93654803 0.00014286
0.12206011 0.93524241 0.00014716
0.12336098 0.93391806 0.00015156
0.12466185 0.93257507 0.00015607
0.12594794 0.93121355 0.00016067
0.12724881 0.92983362 0.00016537
0.12854968 0.92843542 0.00017016
0.12983577 0.92698789 0.00017503
0.13113664 0.92548067 0.00018321
0.13243751 0.92396411 0.00019025
0.13372359 0.92243703 0.00019633
0.13502447 0.92089605 0.00020171
0.13632534 0.91934287 0.00020669
0.13761142 0.91777938 0.00021120
0.13891229 0.91620394 0.00021548
0.14019838 0.91460424 0.00022031
0.14149925 0.91296131 0.00022674
0.14280012 0.91126562 0.00023437
0.14408621 0.90953555 0.00024353
0.14538708 0.90780992 0.00025503
0.14668795 0.90611237 0.00026522
0.14797404 0.90444529 0.00027182
0.14927491 0.90279887 0.00027581
0.15056100 0.90115235 0.00027823
0.15186187 0.89949200 0.00028007
0.15316274 0.89782526 0.00028216
0.15444883 0.89616682 0.00028458
0.15574970 0.89451512 0.00028624
0.15703579 0.89285472 0.00028702
0.15833666 0.89118917 0.00028714
0.15963753 0.88953350 0.00028639
0.16092362 0.88789270 0.00028487
0.16222449 0.88623077 0.00028274
0.16351058 0.88449246 0.00028296
0.16481145 0.88268204 0.00028752
0.16611232 0.88083700 0.00029791
0.16739841 0.87898884 0.00031303
0.16869928 0.87715700 0.00032630
0.16998537 0.87534384 0.00033595
0.17128624 0.87354756 0.00034284
0.17257232 0.87176537 0.00034715
0.17387319 0.86999357 0.00034966
0.17517407 0.86822820 0.00035075
0.17646015 0.86646495 0.00035071
0.17776102 0.86469981 0.00034971
0.17904711 0.86293007 0.00034791
0.18034798 0.86115260 0.00034548
0.18163407 0.85936460 0.00034265
0.18293494 0.85755954 0.00034012
0.18422103 0.85572537 0.00033939
0.18552190 0.85385499 0.00034049
0.18680799 0.85195441 0.00034308
0.18810886 0.85004792 0.00034583
0.18939495 0.84815966 0.00034484
0.19069582 0.84628957 0.00033918
0.19199669 0.84439839 0.00033244
0.19328278 0.84242760 0.00032957
0.19458365 0.84037741 0.00033248
0.19586974 0.83828237 0.00034170
0.19717061 0.83616207 0.00035505
0.19845669 0.83402649 0.00036723
0.19975757 0.83186776 0.00037770
0.20104365 0.82968542 0.00038673
0.20234452 0.82749804 0.00039190
0.20363061 0.82532071 0.00039086
0.20493148 0.82316345 0.00038348
0.20621757 0.82099708 0.00037440
0.20750366 0.81876089 0.00036954
0.20880453 0.81644126 0.00037095
0.21009062 0.81406146 0.00037853
0.21139149 0.81165101 0.00039031
0.21267758 0.80922901 0.00040124
0.21397845 0.80678854 0.00040965
0.21526454 0.80431502 0.00041721
0.21656541 0.80180015 0.00042545
0.21785149 0.79924084 0.00043557
0.21915236 0.79664069 0.00044772
0.22043845 0.79400743 0.00046116
0.22173932 0.79135073 0.00047436
0.22302541 0.78867797 0.00048648
0.22432628 0.78599211 0.00049741
0.22561237 0.78328476 0.00050837
0.22689846 0.78053893 0.00052150
0.22819933 0.77775018 0.00053790
0.22948542 0.77492715 0.00055795
0.23078629 0.77208313 0.00058069
0.23207238 0.76922946 0.00060387
0.23337325 0.76637318 0.00062564
0.23465933 0.76352133 0.00064430
0.23594542 0.76068251 0.00065980
0.23724629 0.75786480 0.00067278
0.23853238 0.75506919 0.00068392
0.23983325 0.75228905 0.00069385
0.24111934 0.74951329 0.00070327
0.24240543 0.74673243 0.00071320
0.24370630 0.74394519 0.00072422
0.24499239 0.74115964 0.00073634
0.24629326 0.73838693 0.00074956
0.24757935 0.73563653 0.00076300
0.24886543 0.73291602 0.00077475
0.25016630 0.73022626 0.00078435
0.25145239 0.72756421 0.00079204
0.25275326 0.72492717 0.00079887
0.25403935 0.72231341 0.00080651
0.25532544 0.71972425 0.00081560
0.25662631 0.71716178 0.00082578
0.25791240 0.71463025 0.00083635
0.25919849 0.71213787 0.00084626
0.26049936 0.70969195 0.00085384
0.26178545 0.70729519 0.00085776
0.26307153 0.70494284 0.00085859
0.26437240 0.70262904 0.00085829
0.26565849 0.70034245 0.00085902
0.26695936 0.69806241 0.00086280
0.26824545 0.69578108 0.00086929
0.26953154 0.69350404 0.00087821
0.27083241 0.69125204 0.00088900
0.27211850 0.68906164 0.00089675
0.27340459 0.68695044 0.00089975
0.27470546 0.68491215 0.00089944
0.27599154 0.68292234 0.00089775
0.27727763 0.68095431 0.00089881
0.27857850 0.67900633 0.00090297
0.27986459 0.67708710 0.00090852
0.28115068 0.67520757 0.00091460
0.28243677 0.67337644 0.00091671
0.28373764 0.67160087 0.00091348
0.28502373 0.66989691 0.00091148
0.28630981 0.66825967 0.00091395
0.28761068 0.66667151 0.00091715
0.28889677 0.66510831 0.00091941
0.29018286 0.66357236 0.00092146
0.29148373 0.66210634 0.00092108
0.29276982 0.66073247 0.00091693
0.29405591 0.65944949 0.00090872
0.29534200 0.65823994 0.00089734
0.29664287 0.65707771 0.00088570
0.29792895 0.65594843 0.00087552
0.29921504 0.65485718 0.00086757
0.30051591 0.65382186 0.00086112
0.30180200 0.65286481 0.00085311
0.30308809 0.65199592 0.00084239
0.30437418 0.65120849 0.00082969
0.30567505 0.65048361 0.00081609
0.30696114 0.64979432 0.00080357
0.30824722 0.64912203 0.00079376
0.30953331 0.64846285 0.00078728
0.31083418 0.64782798 0.00078329
0.31212027 0.64723999 0.00078029
0.31340636 0.64671743 0.00077585
0.31469245 0.64626334 0.00076598
0.31599332 0.64586996 0.00074851
0.31727941 0.64553437 0.00072432
0.31856549 0.64525984 0.00069525
0.31985158 0.64503758 0.00066390
0.32115245 0.64484794 0.00063297
0.32243854 0.64466830 0.00060593
0.32372463 0.64447563 0.00058742
0.32501072 0.64426081 0.00057915
0.32629681 0.64402762 0.00057968
0.32759768 0.64378508 0.00058676
0.32888376 0.64354653 0.00059596
0.33016985 0.64332535 0.00060148
0.33145594 0.64312742 0.00060150
0.33275681 0.64295282 0.00059683
0.33404290 0.64279530 0.00059028
0.33532899 0.64264433 0.00058649
0.33661508 0.64249636 0.00058759
0.33790116 0.64235511 0.00059235
0.33918725 0.64222475 0.00059753
0.34048812 0.64210255 0.00060098
0.34177421 0.64198063 0.00060220
0.34306030 0.64184855 0.00060234
0.34434639 0.64169531 0.00060334
0.34563247 0.64151332 0.00060776
0.34693335 0.64129973 0.00061920
0.34821943 0.64106396 0.00063765
0.34950552 0.64082520 0.00066021
0.35079161 0.64059850 0.00068371
0.35207770 0.64039333 0.00070359
0.35336379 0.64021374 0.00071679
0.35466466 0.64005304 0.00072424
0.35595074 0.63989365 0.00072971
0.35723683 0.63971476 0.00073751
0.35852292 0.63950437 0.00075040
0.35980901 0.63926629 0.00076845
0.36109510 0.63901155 0.00078957
0.36238118 0.63874346 0.00081298
0.36368206 0.63846429 0.00083774
0.36496814 0.63818415 0.00086064
0.36625423 0.63791591 0.00087938
0.36754032 0.63766807 0.00089354
0.36882641 0.63743719 0.00090549
0.37011250 0.63720641 0.00092012
0.37139858 0.63695628 0.00094204
0.37269945 0.63668451 0.00097144
0.37398554 0.63640557 0.00100413
0.37527163 0.63613092 0.00103692
0.37655772 0.63586477 0.00106745
0.37784381 0.63560643 0.00109288
0.37912989 0.63534438 0.00111303
0.38041598 0.63506519 0.00112909
0.38170207 0.63476899 0.00114165
0.38298816 0.63447041 0.00115150
0.38428903 0.63418404 0.00116028
0.38557512 0.63391048 0.00117102
0.38686121 0.63364314 0.00118607
0.38814729 0.63337647 0.00120562
0.38943338 0.63310352 0.00122906
0.39071947 0.63281698 0.00125600
0.39200556 0.63251400 0.00128531
0.39329165 0.63219680 0.00131551
0.39457773 0.63186759 0.00134567
0.39586382 0.63152365 0.00137581
0.39714991 0.63116040 0.00140579
0.39843600 0.63077604 0.00143589
0.39973687 0.63038332 0.00146494
0.40102296 0.63001160 0.00148958
0.40230905 0.62969166 0.00150693
0.40359513 0.62942710 0.00151884
0.40488122 0.62918732 0.00153397
0.40616731 0.62894362 0.00155657
0.40745340 0.62868403 0.00158422
0.40873949 0.62841153 0.00161308
0.41002557 0.62814525 0.00163846
0.41131166 0.62790188 0.00165817
0.41259775 0.62767636 0.00167436
0.41388384 0.62744691 0.00169194
0.41516993 0.62719984 0.00171183
0.41645601 0.62693356 0.00173396
0.41774210 0.62662657 0.00176306
0.41902819 0.62624719 0.00180195
0.42031428 0.62577538 0.00185070
0.42160037 0.62523900 0.00190243
0.42288645 0.62470897 0.00194544
0.42417254 0.62421611 0.00197623
0.42545863 0.62375407 0.00199943
0.42674472 0.62331046 0.00202104
0.42803081 0.62287377 0.00204253
0.42931690 0.62243953 0.00206346
0.43060298 0.62199984 0.00208595
0.43188907 0.62154526 0.00211223
0.43317516 0.62107170 0.00214284
0.43446125 0.62058040 0.00217646
0.43574734 0.62007365 0.00221191
0.43703342 0.61955367 0.00224825
0.43831951 0.61902259 0.00228428
0.43960560 0.61848216 0.00231914
0.44089169 0.61793383 0.00235272
0.44217778 0.61738148 0.00238485
0.44346386 0.61683511 0.00241410
0.44474995 0.61630316 0.00243958
0.44603604 0.61578327 0.00246246
0.44732213 0.61525189 0.00248964
0.44860822 0.61467261 0.00252943
0.44989430 0.61402303 0.00258345
0.45118039 0.61332689 0.00264404
0.45246648 0.61265310 0.00269429
0.45375257 0.61203097 0.00272874
0.45503866 0.61145221 0.00275318
0.45632474 0.61091598 0.00277048
0.45761083 0.61042289 0.00278092
0.45889692 0.60998680 0.00277997
0.46018301 0.60960771 0.00276918
0.46146910 0.60925375 0.00275980
0.46275519 0.60888714 0.00276098
0.46404127 0.60846760 0.00277901
0.46532736 0.60799576 0.00280943
0.46661345 0.60752620 0.00283690
0.46789954 0.60708933 0.00285546
0.46917084 0.60668096 0.00286815
0.47045693 0.60627922 0.00288407
0.47174302 0.60586012 0.00290965
0.47302911 0.60542215 0.00294206
0.47431520 0.60497829 0.00297593
0.47560128 0.60454390 0.00300554
0.47688737 0.60413142 0.00302795
0.47817346 0.60374359 0.00304380
0.47945955 0.60337437 0.00305583
0.48074564 0.60301119 0.00306825
0.48203172 0.60263978 0.00308447
0.48331781 0.60224761 0.00310712
0.48460390 0.60183448 0.00313576
0.48587521 0.60141728 0.00316473
0.48716129 0.60101084 0.00319000
0.48844738 0.60062228 0.00321007
0.48973347 0.60025206 0.00322553
0.49101956 0.59989520 0.00323881
0.49230565 0.59954609 0.00325219
0.49359173 0.59919921 0.00326717
0.49487782 0.59884994 0.00328440
0.49616391 0.59849449 0.00330447
0.49743522 0.59813156 0.00332706
0.49872130 0.59776235 0.00335138
0.50000739 0.59739043 0.00337628
0.50129348 0.59702169 0.00339989
0.50257957 0.59666211 0.00342099
0.50386566 0.59631628 0.00343844
0.50515174 0.59598743 0.00345166
0.50643783 0.59567409 0.00346183
0.50770914 0.59536799 0.00347176
0.50899523 0.59506196 0.00348367
0.51028131 0.59475307 0.00349815
0.51156740 0.59444456 0.00351361
0.51285349 0.59414601 0.00352660
0.51413958 0.59386471 0.00353552
0.51542567 0.59360385 0.00354013
0.51669697 0.59336308 0.00354081
0.51798306 0.59313512 0.00354040
0.51926915 0.59290682 0.00354323
0.52055524 0.59266360 0.00355241
0.52184132 0.59239777 0.00356871
0.52312741 0.59210936 0.00359096
0.52439872 0.59181213 0.00361411
0.52568480 0.59153570 0.00363011
0.52697089 0.59129931 0.00363284
0.52825698 0.59110638 0.00362239
0.52954307 0.59094557 0.00360565
0.53082916 0.59078570 0.00359203
0.53210046 0.59060197 0.00358846
0.53338655 0.59038657 0.00359505
0.53467264 0.59015458 0.00360442
0.53595873 0.58993616 0.00360831
0.53724481 0.58974409 0.00360302
0.53853090 0.58957365 0.00359033
0.53980221 0.58940511 0.00357894
0.54108830 0.58921058 0.00357743
0.54237438 0.58898106 0.00358602
0.54366047 0.58872837 0.00359961
0.54494656 0.58847135 0.00361203
0.54621787 0.58822571 0.00361840
0.54750395 0.58800268 0.00361578
0.54879004 0.58779991 0.00360670
0.55007613 0.58759753 0.00359812
0.55134744 0.58738080 0.00359397
0.55263352 0.58714165 0.00359552
0.55391961 0.58688199 0.00360064
0.55520570 0.58661807 0.00360337
0.55649179 0.58636439 0.00360001
0.55776309 0.58612466 0.00359034
0.55904918 0.58589129 0.00357748
0.56033527 0.58564773 0.00356786
0.56162136 0.58538301 0.00356457
0.56289266 0.58509720 0.00356654
0.56417875 0.58479752 0.00357110
0.56546484 0.58449796 0.00357417
0.56675093 0.58420948 0.00357265
0.56803702 0.58393967 0.00356499
0.56930832 0.58369438 0.00354987
0.57059441 0.58347595 0.00352739
0.57188050 0.58328036 0.00350049
0.57316659 0.58309643 0.00347301
0.57443789 0.58291195 0.00344855
0.57572398 0.58271568 0.00342899
0.57701007 0.58249683 0.00341540
0.57829616 0.58225004 0.00340736
0.57956746 0.58197536 0.00340419
0.58085355 0.58168158 0.00340398
0.58213964 0.58138912 0.00340029
0.58341094 0.58111438 0.00338926
0.58469703 0.58086481 0.00336962
0.58598312 0.58064244 0.00334148
0.58726921 0.58044167 0.00330836
0.58854051 0.58025140 0.00327453
0.58982660 0.58006364 0.00324222
0.59111269 0.57987381 0.00321257
0.59239878 0.57968488 0.00318349
0.59367008 0.57950745 0.00315092
0.59495617 0.57934785 0.00311328
0.59624226 0.57920244 0.00307279
0.59751356 0.57905918 0.00303514
0.59879965 0.57890792 0.00300334
0.60008574 0.57874059 0.00297905
0.60137183 0.57855254 0.00296263
0.60264313 0.57834505 0.00295293
0.60392922 0.57812607 0.00294704
0.60521531 0.57791158 0.00293898
0.60648661 0.57771716 0.00292419
0.60777270 0.57755502 0.00289849
0.60905879 0.57742796 0.00286129
0.61033010 0.57732467 0.00281824
0.61161618 0.57722878 0.00277550
0.61290227 0.57712691 0.00273699
0.61417358 0.57701262 0.00270373
0.61545967 0.57688663 0.00267486
0.61674575 0.57675298 0.00264931
0.61801706 0.57661610 0.00262578
0.61930315 0.57647803 0.00260430
0.62058924 0.57634088 0.00258444
0.62187532 0.57620582 0.00256533
0.62314663 0.57606938 0.00254817
0.62443272 0.57592567 0.00253429
0.62571880 0.57577019 0.00252435
0.62699011 0.57560358 0.00251720
0.62827620 0.57543590 0.00250880
0.62954750 0.57528385 0.00249371
0.63083359 0.57515874 0.00246839
0.63211968 0.57506363 0.00243298
0.63339099 0.57499855 0.00238844
0.63467707 0.57496004 0.00233672
0.63596316 0.57493904 0.00228215
0.63723447 0.57492615 0.00222822
0.63852056 0.57491156 0.00217786
0.63980664 0.57488395 0.00213449
0.64107795 0.57483527 0.00209991
0.64236404 0.57476258 0.00207434
0.64365012 0.57466851 0.00205641
0.64492143 0.57455855 0.00204354
0.64620752 0.57443649 0.00203450
0.64749361 0.57430530 0.00202858
0.64876491 0.57416825 0.00202466
0.65005100 0.57402867 0.00202169
0.65132231 0.57389008 0.00201851
0.65260839 0.57375640 0.00201372
0.65389448 0.57363164 0.00200587
0.65516579 0.57351962 0.00199352
0.65645188 0.57342425 0.00197507
0.65772318 0.57334620 0.00195080
0.65900927 0.57328417 0.00192175
0.66029536 0.57323608 0.00188942
0.66156666 0.57320200 0.00185433
0.66285275 0.57318609 0.00181496
0.66413884 0.57319199 0.00177021
0.66541014 0.57321879 0.00172101
0.66669623 0.57325752 0.00167186
0.66796754 0.57329769 0.00162761
0.66925363 0.57333153 0.00159094
0.67053971 0.57335371 0.00156292
0.67181102 0.57336247 0.00154248
0.67309711 0.57335867 0.00152840
0.67436841 0.57334933 0.00151734
0.67565450 0.57334907 0.00150280
0.67692581 0.57336997 0.00148113
0.67821189 0.57341532 0.00145176
0.67949798 0.57348510 0.00141490
0.68076929 0.57358005 0.00137049
0.68205538 0.57370035 0.00131844
0.68332668 0.57384471 0.00125909
0.68461277 0.57400488 0.00119613
0.68589886 0.57416537 0.00113660
0.68717016 0.57431328 0.00108584
0.68845625 0.57444594 0.00104465
0.68972756 0.57456962 0.00101002
0.69101364 0.57469072 0.00097884
0.69228495 0.57481222 0.00094983
0.69357104 0.57493649 0.00092189
0.69484234 0.57506466 0.00089417
0.69612843 0.57519474 0.00086718
0.69741452 0.57532274 0.00084220
0.69868582 0.57544311 0.00082075
0.69997191 0.57555304 0.00080289
0.70124322 0.57565423 0.00078736
0.70252931 0.57575248 0.00077172
0.70380061 0.57585337 0.00075408
0.70508670 0.57595693 0.00073575
0.70635801 0.57606256 0.00071790
0.70764409 0.57617174 0.00070035
0.70893018 0.57628767 0.00068194
0.71020149 0.57641295 0.00066170
0.71148758 0.57654989 0.00063874
0.71275888 0.57669951 0.00061276
0.71404497 0.57685651 0.00058629
0.71531627 0.57701196 0.00056279
0.71660236 0.57715586 0.00054549
0.71787367 0.57728362 0.00053513
0.71915976 0.57739942 0.00052890
0.72043106 0.57750932 0.00052357
0.72171715 0.57761639 0.00051771
0.72298845 0.57772155 0.00051122
0.72427454 0.57782410 0.00050464
0.72554585 0.57792320 0.00049873
0.72683194 0.57802045 0.00049355
0.72810324 0.57812029 0.00048782
0.72938933 0.57822839 0.00047982
0.73066064 0.57834767 0.00046880
0.73194672 0.57847627 0.00045577
0.73321803 0.57860832 0.00044301
0.73450412 0.57873833 0.00043243
0.73577542 0.57886349 0.00042483
0.73706151 0.57898326 0.00041993
0.73833282 0.57909845 0.00041695
0.73961890 0.57920976 0.00041523
0.74089021 0.57931807 0.00041409
0.74217630 0.57942416 0.00041305
0.74344760 0.57952890 0.00041169
0.74473369 0.57963353 0.00040936
0.74600500 0.57973847 0.00040604
0.74729108 0.57984337 0.00040203
0.74856239 0.57994710 0.00039790
0.74984848 0.58004794 0.00039437
0.75111978 0.58014429 0.00039208
0.75240587 0.58023497 0.00039143
0.75367718 0.58031928 0.00039249
0.75496327 0.58039693 0.00039532
0.75623457 0.58046803 0.00039979
0.75752066 0.58053286 0.00040569
0.75879196 0.58059189 0.00041287
0.76007805 0.58064560 0.00042114
0.76134936 0.58069449 0.00043037
0.76263545 0.58073884 0.00044046
0.76390675 0.58077863 0.00045142
0.76517806 0.58081327 0.00046340
0.76646414 0.58084160 0.00047673
0.76773545 0.58086165 0.00049193
0.76902154 0.58087146 0.00050952
0.77029284 0.58087057 0.00052968
0.77157893 0.58086110 0.00055194
0.77285024 0.58084741 0.00057510
0.77413633 0.58083382 0.00059775
0.77540763 0.58082352 0.00061877
0.77669372 0.58081924 0.00063728
0.77796502 0.58082322 0.00065272
0.77923633 0.58083725 0.00066469
0.78052242 0.58086180 0.00067320
0.78179372 0.58089626 0.00067887
0.78307981 0.58093922 0.00068234
0.78435112 0.58098743 0.00068475
0.78563720 0.58103813 0.00068701
0.78690851 0.58108971 0.00068964
0.78817982 0.58114118 0.00069292
0.78946590 0.58119196 0.00069688
0.79073721 0.58124142 0.00070159
0.79202330 0.58128912 0.00070703
0.79329460 0.58133487 0.00071313
0.79458069 0.58137904 0.00071964
0.79585200 0.58142245 0.00072627
0.79712330 0.58146663 0.00073259
0.79840939 0.58151361 0.00073801
0.79968070 0.58156499 0.00074217
0.80096678 0.58162252 0.00074471
0.80223809 0.58168742 0.00074549
0.80350939 0.58175990 0.00074467
0.80479548 0.58183869 0.00074276
0.80606679 0.58192071 0.00074069
0.80735288 0.58200384 0.00073906
0.80862418 0.58208715 0.00073814
0.80989549 0.58217012 0.00073812
0.81118157 0.58225235 0.00073905
0.81245288 0.58233277 0.00074107
0.81373897 0.58240993 0.00074445
0.81501027 0.58248321 0.00074919
0.81628158 0.58255362 0.00075507
0.81756767 0.58262330 0.00076162
0.81883897 0.58269435 0.00076807
0.82012506 0.58276841 0.00077381
0.82139637 0.58284774 0.00077810
0.82266767 0.58293545 0.00078007
0.82395376 0.58303374 0.00077927
0.82522507 0.58314178 0.00077601
0.82651115 0.58325535 0.00077157
0.82778246 0.58336947 0.00076747
0.82905376 0.58348083 0.00076454
0.83033985 0.58358863 0.00076316
0.83161116 0.58369322 0.00076329
0.83288246 0.58379531 0.00076463
0.83416855 0.58389614 0.00076688
0.83543986 0.58399717 0.00076964
0.83672594 0.58410018 0.00077250
0.83799725 0.58420700 0.00077495
0.83926856 0.58431939 0.00077652
0.84055464 0.58443899 0.00077671
0.84182595 0.58456738 0.00077512
0.84309725 0.58470595 0.00077137
0.84438334 0.58485563 0.00076534
0.84565465 0.58501640 0.00075727
0.84692595 0.58518655 0.00074760
0.84821204 0.58536259 0.00073737
0.84948335 0.58553901 0.00072775
0.85076944 0.58571067 0.00071950
0.85204074 0.58587486 0.00071303
0.85331205 0.58603284 0.00070802
0.85459813 0.58618945 0.00070397
0.85586944 0.58634791 0.00070015
0.85714075 0.58651065 0.00069604
0.85842683 0.58668008 0.00069133
0.85969814 0.58685789 0.00068587
0.86096944 0.58704492 0.00067973
0.86225553 0.58724077 0.00067321
0.86352684 0.58744270 0.00066684
0.86479814 0.58764431 0.00066093
0.86608423 0.58783881 0.00065547
0.86735554 0.58802134 0.00065034
0.86862684 0.58819021 0.00064571
0.86991293 0.58834707 0.00064227
0.87118424 0.58849505 0.00064049
0.87245554 0.58863796 0.00064034
0.87374163 0.58878061 0.00064144
0.87501293 0.58892777 0.00064284
0.87628424 0.58908389 0.00064359
0.87757033 0.58925315 0.00064284
0.87884163 0.58943852 0.00064013
0.88011294 0.58964165 0.00063555
0.88138424 0.58986268 0.00062971
0.88267033 0.59010035 0.00062374
0.88394164 0.59035258 0.00061896
0.88521294 0.59061668 0.00061656
0.88649903 0.59088970 0.00061739
0.88777034 0.59116802 0.00062152
0.88904164 0.59144788 0.00062814
0.89032773 0.59172649 0.00063632
0.89159904 0.59200231 0.00064562
0.89287034 0.59227399 0.00065570
0.89415643 0.59253963 0.00066593
0.89542774 0.59279778 0.00067582
0.89669904 0.59304820 0.00068518
0.89797035 0.59329168 0.00069406
0.89925643 0.59352957 0.00070274
0.90052774 0.59376365 0.00071153
0.90179905 0.59399548 0.00072060
0.90308513 0.59422664 0.00073029
0.90435644 0.59445892 0.00074105
0.90562774 0.59469415 0.00075343
0.90691383 0.59493402 0.00076797
0.90818514 0.59518007 0.00078525
0.90945644 0.59543298 0.00080554
0.91072775 0.59569260 0.00082880
0.91201384 0.59595752 0.00085449
0.91328514 0.59622432 0.00088097
0.91455645 0.59648980 0.00090694
0.91582775 0.59675068 0.00093114
0.91711384 0.59700355 0.00095218
0.91838515 0.59724532 0.00096888
0.91965645 0.59747383 0.00098047
0.92094254 0.59768776 0.00098648
0.92221385 0.59788760 0.00098713
0.92348515 0.59807784 0.00098460
0.92475646 0.59826357 0.00098125
0.92604254 0.59844935 0.00097906
0.92731385 0.59863808 0.00097918
0.92858516 0.59883042 0.00098151
0.92985646 0.59902636 0.00098573
0.93114255 0.59922572 0.00099141
0.93241385 0.59942853 0.00099838
0.93368516 0.59963404 0.00100587
0.93495647 0.59984074 0.00101286
0.93624255 0.60004683 0.00101809
0.93751386 0.60024971 0.00102015
0.93878516 0.60044633 0.00101828
0.94005647 0.60063245 0.00101087
0.94134256 0.60080587 0.00099745
0.94261386 0.60096944 0.00098028
0.94388517 0.60112810 0.00096216
0.94515647 0.60128610 0.00094511
0.94644256 0.60144595 0.00093010
0.94771387 0.60160985 0.00091798
0.94898517 0.60178006 0.00090959
0.95025648 0.60195833 0.00090558
0.95154257 0.60214665 0.00090682
0.95281387 0.60234629 0.00091391
0.95408518 0.60255825 0.00092751
0.95535648 0.60278118 0.00094696
0.95664257 0.60300886 0.00096871
0.95791388 0.60323292 0.00098832
0.95918518 0.60344540 0.00100175
0.96045649 0.60364281 0.00100743
0.96174258 0.60382687 0.00100678
0.96301388 0.60400132 0.00100203
0.96428519 0.60416987 0.00099495
0.96555649 0.60433538 0.00098700
0.96682780 0.60450100 0.00097993
0.96811389 0.60467011 0.00097548
0.96938519 0.60484537 0.00097504
0.97065650 0.60502845 0.00097935
0.97192780 0.60522010 0.00098871
0.97321389 0.60542009 0.00100287
0.97448520 0.60562774 0.00102147
0.97575650 0.60584177 0.00104386
0.97702781 0.60605932 0.00106851
0.97829911 0.60627753 0.00109399
0.97958520 0.60649338 0.00111878
0.98085651 0.60670448 0.00114176
0.98212781 0.60690983 0.00116251
0.98339912 0.60710943 0.00118108
0.98468520 0.60730444 0.00119818
0.98595651 0.60749606 0.00121439
0.98722781 0.60768562 0.00123032
0.98849912 0.60787467 0.00124675
0.98977043 0.60806480 0.00126443
0.99105651 0.60825734 0.00128399
0.99232782 0.60845305 0.00130572
0.99359912 0.60865229 0.00132964
0.99487043 0.60885521 0.00135570
0.99614174 0.60906247 0.00138419
0.99742782 0.60927516 0.00141579
0.99869913 0.60949433 0.00145116
0.99997043 0.60972011 0.00149042
1.00124174 0.60995118 0.00153279
1.00251305 0.61018588 0.00157731
1.00378435 0.61042258 0.00162307
1.00507044 0.61066002 0.00166943
1.00634174 0.61089770 0.00171617
1.00761305 0.61113539 0.00176323
1.00888436 0.61137290 0.00181054
1.01015566 0.61161004 0.00185800
1.01144175 0.61184658 0.00190547
1.01271305 0.61208207 0.00195266
1.01398436 0.61231609 0.00199930
1.01525567 0.61254812 0.00204504
1.01652697 0.61277751 0.00208946
1.01779828 0.61300348 0.00213204
1.01908436 0.61322537 0.00217236
1.02035567 0.61344314 0.00221037
1.02162698 0.61365785 0.00224677
1.02289828 0.61387166 0.00228301
1.02416959 0.61408714 0.00232077
1.02545567 0.61430646 0.00236143
1.02672698 0.61453055 0.00240555
1.02799829 0.61475886 0.00245276
1.02926959 0.61499021 0.00250224
1.03054090 0.61522329 0.00255312
1.03181220 0.61545682 0.00260458
1.03309829 0.61568937 0.00265568
1.03436960 0.61591930 0.00270536
1.03564090 0.61614499 0.00275258
1.03691221 0.61636540 0.00279668
1.03818351 0.61658056 0.00283768
1.03945482 0.61679063 0.00287568
1.04072612 0.61699585 0.00291082
1.04201221 0.61719654 0.00294329
1.04328352 0.61739289 0.00297318
1.04455482 0.61758526 0.00300070
1.04582613 0.61777439 0.00302632
1.04709743 0.61796152 0.00305089
1.04836874 0.61814802 0.00307531
1.04965483 0.61833496 0.00310032
1.05092613 0.61852305 0.00312639
1.05219744 0.61871242 0.00315365
1.05346874 0.61890233 0.00318163
1.05474005 0.61909134 0.00320937
1.05601135 0.61927765 0.00323569
1.05728266 0.61945886 0.00325900
1.05856875 0.61963262 0.00327778
1.05984005 0.61979666 0.00329054
1.06111136 0.61994988 0.00329658
1.06238266 0.62009333 0.00329665
1.06365397 0.62022811 0.00329148
1.06492527 0.62035520 0.00328172
1.06619658 0.62047551 0.00326799
1.06746788 0.62059020 0.00325106
1.06875397 0.62070130 0.00323228
1.07002528 0.62081123 0.00321328
1.07129658 0.62092249 0.00319573
1.07256789 0.62103713 0.00318098
1.07383919 0.62115690 0.00317018
1.07511050 0.62128296 0.00316405
1.07638181 0.62141583 0.00316289
1.07766789 0.62155431 0.00316584
1.07893920 0.62169433 0.00317007
1.08021050 0.62183037 0.00317181
1.08148181 0.62195841 0.00316839
1.08275312 0.62207787 0.00315951
1.08402442 0.62219056 0.00314650
1.08529573 0.62229861 0.00313083
1.08656703 0.62240304 0.00311325
1.08783834 0.62250445 0.00309419
1.08912443 0.62260359 0.00307422
1.09039573 0.62270105 0.00305387
1.09166704 0.62279740 0.00303366
1.09293834 0.62289292 0.00301404
1.09420965 0.62298778 0.00299543
1.09548095 0.62308201 0.00297824
1.09675226 0.62317580 0.00296294
1.09802356 0.62326951 0.00295000
1.09930965 0.62336352 0.00293971
1.10058096 0.62345826 0.00293211
1.10185226 0.62355425 0.00292691
1.10312357 0.62365183 0.00292345
1.10439487 0.62375152 0.00292107
1.10566618 0.62385384 0.00291922
1.10693748 0.62395913 0.00291737
1.10820879 0.62406760 0.00291513
1.10948010 0.62417925 0.00291207
1.11075140 0.62429381 0.00290775
1.11203749 0.62441083 0.00290167
1.11330879 0.62452972 0.00289332
1.11458010 0.62464983 0.00288214
1.11585141 0.62477059 0.00286777
1.11712271 0.62489125 0.00284973
1.11839402 0.62501157 0.00282749
1.11966532 0.62513236 0.00280159
1.12093663 0.62525581 0.00277332
1.12220793 0.62538664 0.00274534
1.12347924 0.62553095 0.00272127
1.12475054 0.62569295 0.00270370
1.12603663 0.62587169 0.00269304
1.12730794 0.62606134 0.00268795
1.12857924 0.62625377 0.00268697
1.12985055 0.62644011 0.00268900
1.13112185 0.62661126 0.00269342
1.13239316 0.62675705 0.00269955
1.13366446 0.62686802 0.00270649
1.13493577 0.62693948 0.00271322
1.13620707 0.62696884 0.00271826
1.13747838 0.62696210 0.00271897
1.13874969 0.62693020 0.00271375
1.14002099 0.62689222 0.00270467
1.14130708 0.62686541 0.00269565
1.14257838 0.62685602 0.00268973
1.14384969 0.62686994 0.00268886
1.14512100 0.62690950 0.00269492
1.14639230 0.62697049 0.00270988
1.14766361 0.62704173 0.00273293
1.14893491 0.62711797 0.00276237
1.15020622 0.62720697 0.00279673
1.15147752 0.62732054 0.00283360
1.15274883 0.62746512 0.00287440
1.15402013 0.62764771 0.00291626
1.15529144 0.62782838 0.00295157
1.15656274 0.62799132 0.00298799
1.15783405 0.62815743 0.00302547
1.15912014 0.62832652 0.00306386
1.16039144 0.62849832 0.00310303
1.16166275 0.62867260 0.00314280
1.16293405 0.62884909 0.00318302
1.16420536 0.62902750 0.00322351
1.16547667 0.62920754 0.00326409
1.16674797 0.62938890 0.00330459
1.16801928 0.62957126 0.00334480
1.16929058 0.62975427 0.00338454
1.17056189 0.62993761 0.00342361
1.17183319 0.63012090 0.00346181
1.17310450 0.63030380 0.00349892
1.17437580 0.63048591 0.00353473
1.17564711 0.63066687 0.00356904
1.17691841 0.63084628 0.00360163
1.17818972 0.63102375 0.00363227
1.17946103 0.63119888 0.00366075
1.18074711 0.63137128 0.00368686
1.18201842 0.63154053 0.00371037
1.18328972 0.63170625 0.00373106
1.18456103 0.63186802 0.00374871
1.18583234 0.63202544 0.00376312
1.18710364 0.63217813 0.00377406
1.18837495 0.63232568 0.00378133
1.18964625 0.63246770 0.00378472
1.19091756 0.63260383 0.00378403
1.19218886 0.63273369 0.00377906
1.19346017 0.63285692 0.00376963
1.19473147 0.63297318 0.00375555
1.19600278 0.63308213 0.00373664
1.19727408 0.63318346 0.00371275
1.19854539 0.63327687 0.00368371
1.19981670 0.63336209 0.00364938
1.20108800 0.63343884 0.00360962
1.20235931 0.63350691 0.00356431
1.20363061 0.63356608 0.00351335
1.20490192 0.63361617 0.00345663
1.20617322 0.63365702 0.00339408
1.20744453 0.63368852 0.00332563
1.20873062 0.63371058 0.00325124
1.21000192 0.63372314 0.00317088
1.21127323 0.63372619 0.00308453
1.21254453 0.63371976 0.00299222
1.21381584 0.63370390 0.00289398
1.21508714 0.63367874 0.00278986
1.21635845 0.63364444 0.00267995
1.21762975 0.63360119 0.00256436
1.21890106 0.63354927 0.00244323
1.22017237 0.63348899 0.00231672
1.22144367 0.63342072 0.00218504
1.22271498 0.63334488 0.00204844
1.22398628 0.63326199 0.00190719
1.22525759 0.63317258 0.00176163
1.22652889 0.63307730 0.00161215
1.22780020 0.63297683 0.00145923
1.22907150 0.63287195 0.00130345
1.23034281 0.63276350 0.00114556
1.23161411 0.63265240 0.00098655
1.23288542 0.63253967 0.00082795
1.23415673 0.63242640 0.00067226
1.23542803 0.63231377 0.00052436
1.23669934 0.63220304 0.00039527
1.23797064 0.63209558 0.00031091
1.23924195 0.63199286 0.00031026
1.24051325 0.63189644 0.00039260
1.24178456 0.63180798 0.00051810
1.24305586 0.63172926 0.00066049
1.24432717 0.63166217 0.00080850
1.24559847 0.63160870 0.00095694
1.24686978 0.63157096 0.00110293
1.24814109 0.63155120 0.00124452
1.24941239 0.63155178 0.00138022
1.25068370 0.63157518 0.00150874
1.25195500 0.63162403 0.00162893
1.25322631 0.63170107 0.00173971
1.25449761 0.63180921 0.00184009
1.25576892 0.63195148 0.00192917
1.25704022 0.63213106 0.00200617
1.25831153 0.63235129 0.00207047
1.25958283 0.63261565 0.00212165
1.26085414 0.63292779 0.00215966
1.26212545 0.63329152 0.00218487
1.26339675 0.63371080 0.00219830
1.26466806 0.63418979 0.00220187
1.26593936 0.63473279 0.00219871
1.26721067 0.63534430 0.00219355
1.26848197 0.63602901 0.00219319
1.26975328 0.63679176 0.00220680
1.27102458 0.63763763 0.00224591
1.27229589 0.63857185 0.00232376
1.27356719 0.63959988 0.00245387
1.27483850 0.64072737 0.00264819
1.27610981 0.64196018 0.00291553
1.27738111 0.64330439 0.00326123
1.27865242 0.64476628 0.00368783
1.27992372 0.64635238 0.00419617
1.28119503 0.64806941 0.00478649
-0.96316762 0.64376887 0.00353236
-0.96189631 0.64170825 0.00392097
-0.96062353 0.64093984 0.00388241
-0.95934927 0.64043322 0.00387397
-0.95807353 0.63983995 0.00376677
-0.95679779 0.63875099 0.00336423
-0.95551909 0.63668084 0.00249472
-0.95423744 0.63248432 0.00251319
-0.95295431 0.62202927 0.00728485
-0.95167118 0.60883879 0.01112773
-0.95038804 0.60811057 0.01084396
-0.94910048 0.62107131 0.00905449
-0.94781143 0.63390871 0.00781192
-0.94651943 0.64207294 0.00702303
-0.94522743 0.64778281 0.00653134
-0.94393247 0.65217398 0.00613059
-0.94263604 0.65619907 0.00581175
-0.94133960 0.66006783 0.00552053
-0.94004021 0.66387108 0.00525084
-0.93873934 0.66751243 0.00501317
-0.93743699 0.67094774 0.00480335
-0.93613316 0.67418165 0.00461690
-0.93482786 0.67724553 0.00444869
-0.93351959 0.68015679 0.00429559
-0.93221133 0.68293705 0.00415502
-0.93090011 0.68560232 0.00402529
-0.92958890 0.68816562 0.00390497
-0.92827472 0.69063902 0.00379291
-0.92695907 0.69303206 0.00368679
-0.92564341 0.69535610 0.00358983
-0.92432480 0.69761533 0.00349618
-0.92300472 0.69981672 0.00340915
-0.92168315 0.70196051 0.00332435
-0.92036010 0.70405807 0.00324222
-0.91903410 0.70610685 0.00316267
-0.91770810 0.70810453 0.00308901
-0.91638062 0.71005343 0.00301536
-0.91505167 0.71194657 0.00294741
-0.91371975 0.71379094 0.00288264
-0.91238784 0.71561208 0.00282065
-0.91105297 0.71740999 0.00276142
-0.90971810 0.71919164 0.00270493
-0.90838027 0.72095470 0.00265143
-0.90704096 0.72270151 0.00259498
-0.90570166 0.72442741 0.00254423
-0.90435940 0.72614634 0.00249351
-0.90301565 0.72784204 0.00244549
-0.90167044 0.72952846 0.00239780
-0.90032374 0.73120325 0.00235548
-0.89897556 0.73286411 0.00230751
-0.89762591 0.73451800 0.00226523
-0.89627478 0.73615796 0.00222296
-0.89492217 0.73778630 0.00218371
-0.89356808 0.73940767 0.00214112
-0.89221251 0.74101974 0.00210455
-0.89085547 0.74262485 0.00206800
-0.88949695 0.74421835 0.00202883
-0.88813547 0.74580720 0.00199494
-0.88677399 0.74738908 0.00196106
-0.88541103 0.74896167 0.00192416
-0.88404659 0.75053194 0.00189333
-0.88267920 0.75209292 0.00185948
-0.88131181 0.75364925 0.00182867
-0.87994294 0.75520325 0.00179485
-0.87857259 0.75674564 0.00176408
-0.87719928 0.75828804 0.00173545
-0.87582598 0.75982346 0.00170471
-0.87445120 0.76135656 0.00167656
-0.87307345 0.76288269 0.00164842
-0.87169571 0.76440883 0.00162029
-0.87031650 0.76592799 0.00159217
-0.86893580 0.76744251 0.00156713
-0.86755215 0.76895238 0.00154159
-0.86616849 0.77046225 0.00151605
-0.86478336 0.77196980 0.00149105
-0.86339675 0.77347038 0.00146608
-0.86200866 0.77497096 0.00144309
-0.86061762 0.77646458 0.00141814
-0.85922657 0.77796283 0.00139573
-0.85783405 0.77945180 0.00137584
-0.85644005 0.78093844 0.00135094
-0.85504457 0.78242741 0.00133106
-0.85364761 0.78391173 0.00130869
-0.85224918 0.78539373 0.00128882
-0.85084926 0.78687108 0.00126647
-0.84944787 0.78835075 0.00124724
-0.84804648 0.78982578 0.00122739
-0.84664213 0.79130546 0.00120820
-0.84523630 0.79277816 0.00119082
-0.84382899 0.79425087 0.00117166
-0.84242169 0.79572590 0.00115183
-0.84101143 0.79719628 0.00113514
-0.83960116 0.79867131 0.00112090
-0.83818795 0.80014402 0.00110180
-0.83677473 0.80161905 0.00108756
-0.83536003 0.80309408 0.00107332
-0.83394238 0.80456911 0.00105909
-0.83252472 0.80604646 0.00104245
-0.83110559 0.80752381 0.00103136
-0.82968498 0.80900348 0.00101400
-0.82826289 0.81048316 0.00100217
-0.82684081 0.81196051 0.00099109
-0.82541576 0.81343786 0.00097611
-0.82398924 0.81491057 0.00096428
-0.82256272 0.81638328 0.00095245
-0.82113324 0.81784901 0.00094063
-0.81970376 0.81930778 0.00092880
-0.81827280 0.82075958 0.00091697
-0.81684036 0.82219744 0.00090514
-0.81540645 0.82362834 0.00089332
-0.81397106 0.82504762 0.00088076
-0.81253418 0.82644832 0.00086580
-0.81109584 0.82783508 0.00085470
-0.80965749 0.82920557 0.00084216
-0.80821618 0.83055517 0.00082792
-0.80677488 0.83188850 0.00081610
-0.80533209 0.83320325 0.00080185
-0.80388783 0.83449710 0.00078762
-0.80244209 0.83577468 0.00077579
-0.80099487 0.83703368 0.00076156
-0.79954765 0.83827642 0.00074807
-0.79809748 0.83950987 0.00073699
-0.79664730 0.84072706 0.00072278
-0.79519565 0.84193728 0.00071251
-0.79374252 0.84313589 0.00070147
-0.79228791 0.84432985 0.00068811
-0.79083182 0.84552149 0.00067710
-0.78937573 0.84670383 0.00066698
-0.78791669 0.84788850 0.00065602
-0.78645764 0.84907317 0.00064507
-0.78499712 0.85026016 0.00063732
-0.78353512 0.85144715 0.00062961
-0.78207164 0.85264111 0.00062192
-0.78060816 0.85383972 0.00061648
-0.77914320 0.85504297 0.00060784
-0.77767528 0.85625784 0.00060019
-0.77620885 0.85747735 0.00059600
-0.77473946 0.85870383 0.00059057
-0.77326859 0.85993264 0.00058416
-0.77179771 0.86116376 0.00058095
-0.77032537 0.86239257 0.00057455
-0.76885154 0.86362137 0.00056814
-0.76737623 0.86484553 0.00056494
-0.76590093 0.86606272 0.00055761
-0.76442266 0.86727294 0.00055441
-0.76294440 0.86847154 0.00055031
-0.76146466 0.86965854 0.00054394
-0.75998492 0.87082927 0.00053439
-0.75850222 0.87198606 0.00053035
-0.75701953 0.87312195 0.00052083
-0.75553535 0.87423693 0.00051684
-0.75405118 0.87533333 0.00051052
-0.75256405 0.87640418 0.00050184
-0.75107691 0.87745645 0.00049236
-0.74958830 0.87848548 0.00048368
-0.74809822 0.87949129 0.00047581
-0.74660813 0.88047851 0.00046714
-0.74511656 0.88144715 0.00046163
-0.74362352 0.88239721 0.00045380
-0.74212899 0.88333101 0.00044428
-0.74063447 0.88425319 0.00043647
-0.73913847 0.88516841 0.00042868
-0.73764099 0.88607201 0.00042413
-0.73614351 0.88697096 0.00041867
-0.73464307 0.88786527 0.00041099
-0.73314412 0.88875958 0.00040876
-0.73164220 0.88965854 0.00040334
-0.73014029 0.89055517 0.00040013
-0.72863542 0.89146109 0.00039895
-0.72713202 0.89237398 0.00039471
-0.72562567 0.89329849 0.00039150
-0.72411933 0.89423461 0.00038508
-0.72261150 0.89517305 0.00038187
-0.72110367 0.89609524 0.00037546
-0.71959436 0.89699652 0.00036905
-0.71808358 0.89788153 0.00036362
-0.71657132 0.89874797 0.00035721
-0.71505906 0.89960279 0.00035401
-0.71354532 0.90044135 0.00034761
-0.71203158 0.90127294 0.00034537
-0.71051488 0.90209292 0.00034217
-0.70899966 0.90290592 0.00033353
-0.70748148 0.90370964 0.00033130
-0.70596331 0.90450639 0.00032489
-0.70444366 0.90529617 0.00032267
-0.70292400 0.90607898 0.00031625
-0.70140287 0.90685482 0.00031404
-0.69988026 0.90762834 0.00030864
-0.69835765 0.90839257 0.00030542
-0.69683356 0.90915215 0.00030002
-0.69530800 0.90990941 0.00029680
-0.69378243 0.91065738 0.00029463
-0.69225538 0.91140302 0.00028925
-0.69072834 0.91213937 0.00028603
-0.68919982 0.91287573 0.00028280
-0.68766982 0.91360511 0.00027958
-0.68613981 0.91433217 0.00027743
-0.68460833 0.91504994 0.00027206
-0.68307685 0.91576539 0.00026883
-0.68154390 0.91647619 0.00026883
-0.68001094 0.91718235 0.00026237
-0.67847650 0.91788386 0.00025914
-0.67694059 0.91858304 0.00025701
-0.67540467 0.91927062 0.00025378
-0.67386728 0.91995819 0.00025055
-0.67232841 0.92064111 0.00025055
-0.67078954 0.92131707 0.00024519
-0.66925067 0.92199071 0.00024196
-0.66771032 0.92265970 0.00024196
-0.66616849 0.92331940 0.00023873
-0.66462666 0.92397445 0.00023873
-0.66308484 0.92462718 0.00023549
-0.66154005 0.92527294 0.00023226
-0.65999675 0.92591173 0.00022904
-0.65845049 0.92654355 0.00022581
-0.65690570 0.92716841 0.00022258
-0.65535796 0.92779094 0.00022044
-0.65381022 0.92840186 0.00021721
-0.65226248 0.92900581 0.00021398
-0.65071326 0.92960279 0.00021076
-0.64916404 0.93019280 0.00020753
-0.64761335 0.93077120 0.00020216
-0.64606265 0.93133798 0.00020004
-0.64451047 0.93189547 0.00020004
-0.64295830 0.93244367 0.00019680
-0.64140464 0.93298722 0.00019680
-0.63985099 0.93353078 0.00019147
-0.63829586 0.93407433 0.00019147
-0.63674073 0.93462253 0.00018822
-0.63518412 0.93516609 0.00018822
-0.63362751 0.93571196 0.00018615
-0.63207090 0.93625319 0.00018290
-0.63051133 0.93678978 0.00018290
-0.62895324 0.93732404 0.00017966
-0.62739368 0.93785366 0.00017966
-0.62583411 0.93838328 0.00017966
-0.62427306 0.93890360 0.00017642
-0.62271202 0.93942393 0.00017318
-0.62114950 0.93993961 0.00017318
-0.61958697 0.94044599 0.00016994
-0.61802445 0.94095006 0.00016882
-0.61646045 0.94144715 0.00016670
-0.61489497 0.94194193 0.00016670
-0.61333097 0.94243206 0.00016559
-0.61176401 0.94291289 0.00016559
-0.61019853 0.94339141 0.00016237
-0.60863157 0.94386295 0.00015915
-0.60706461 0.94432985 0.00015915
-0.60549618 0.94478746 0.00015593
-0.60392774 0.94524274 0.00015377
-0.60235783 0.94569570 0.00015377
-0.60078939 0.94613937 0.00015054
-0.59921800 0.94657840 0.00015054
-0.59764808 0.94701278 0.00014950
-0.59607669 0.94744019 0.00014732
-0.59450530 0.94786295 0.00014409
-0.59293243 0.94828107 0.00014409
-0.59135956 0.94869686 0.00014087
-0.58978669 0.94910105 0.00014087
-0.58821234 0.94950755 0.00013871
-0.58663799 0.94990708 0.00013766
-0.58506364 0.95029965 0.00013549
-0.58348781 0.95068990 0.00013549
-0.58191198 0.95107782 0.00013226
-0.58033616 0.95145877 0.00012904
-0.57875885 0.95183508 0.00012904
-0.57718302 0.95220674 0.00012689
-0.57560424 0.95257607 0.00012689
-0.57402693 0.95294309 0.00012366
-0.57244815 0.95330546 0.00012366
-0.57086937 0.95366783 0.00012366
-0.56929058 0.95402555 0.00012155
-0.56771032 0.95437863 0.00011831
-0.56613006 0.95473403 0.00011831
-0.56454980 0.95508246 0.00011831
-0.56296805 0.95542857 0.00011507
-0.56138779 0.95577700 0.00011507
-0.55980605 0.95611847 0.00011507
-0.55822283 0.95646690 0.00011507
-0.55664109 0.95680836 0.00011507
-0.55505787 0.95714983 0.00011507
-0.55347466 0.95749361 0.00011399
-0.55189144 0.95783740 0.00011184
-0.55030822 0.95818351 0.00011399
-0.54872352 0.95853194 0.00011399
-0.54713882 0.95887805 0.00011077
-0.54555413 0.95922184 0.00010979
-0.54396943 0.95955633 0.00010979
-0.54238325 0.95987921 0.00010890
-0.54079708 0.96019512 0.00010660
-0.53921090 0.96050174 0.00010660
-0.53762473 0.96080372 0.00010574
-0.53603855 0.96109872 0.00010341
-0.53445090 0.96139141 0.00010341
-0.53286472 0.96167712 0.00010341
-0.53127707 0.96196051 0.00010023
-0.52968942 0.96223926 0.00010023
-0.52810029 0.96251568 0.00009706
-0.52651263 0.96278746 0.00009706
-0.52492498 0.96305923 0.00009706
-0.52333585 0.96332869 0.00009390
-0.52174671 0.96359350 0.00009390
-0.52015758 0.96385830 0.00009390
-0.51856845 0.96411614 0.00009390
-0.51697932 0.96437631 0.00009157
-0.51538871 0.96463415 0.00009157
-0.51379958 0.96488734 0.00009074
-0.51220897 0.96514053 0.00008839
-0.51061836 0.96539141 0.00008839
-0.50902775 0.96563995 0.00009074
-0.50743714 0.96588618 0.00008839
-0.50584653 0.96613008 0.00008839
-0.50425592 0.96637398 0.00008839
-0.50266383 0.96661556 0.00008522
-0.50107322 0.96685482 0.00008446
-0.49948261 0.96709175 0.00008446
-0.49789052 0.96732869 0.00008446
-0.49629843 0.96756098 0.00008206
-0.49470782 0.96779326 0.00008133
-0.49311573 0.96802323 0.00008133
-0.49152364 0.96824855 0.00008446
-0.48993156 0.96847619 0.00008133
-0.48833947 0.96869919 0.00008133
-0.48674738 0.96891754 0.00008073
-0.48515529 0.96913589 0.00007822
-0.48356320 0.96935192 0.00007822
-0.48196964 0.96956330 0.00007767
-0.48037755 0.96977236 0.00007767
-0.47878546 0.96998142 0.00007767
-0.47719337 0.97018351 0.00007767
-0.47559980 0.97038328 0.00007462
-0.47400772 0.97057840 0.00007462
-0.47241563 0.97076887 0.00007205
-0.47082206 0.97095470 0.00006899
-0.46922997 0.97113589 0.00006899
-0.46763788 0.97131010 0.00006899
-0.46604432 0.97148432 0.00006899
-0.46445223 0.97165621 0.00006953
-0.46286014 0.97182811 0.00006644
-0.46126658 0.97200000 0.00006899
-0.45967449 0.97217422 0.00006899
-0.45808240 0.97234611 0.00006595
-0.45649031 0.97251800 0.00006644
-0.45489822 0.97269222 0.00006644
-0.45330613 0.97286411 0.00006336
-0.45171257 0.97303600 0.00006595
-0.45012048 0.97320557 0.00006336
-0.44852839 0.97337282 0.00006336
-0.44693778 0.97354007 0.00006336
-0.44534569 0.97370732 0.00006336
-0.44375360 0.97387224 0.00006031
-0.44216151 0.97403949 0.00006031
-0.44057090 0.97419977 0.00006031
-0.43897882 0.97436005 0.00006031
-0.43738821 0.97452033 0.00006031
-0.43579612 0.97467828 0.00005728
-0.43420551 0.97483624 0.00005995
-0.43261490 0.97499187 0.00005728
-0.43102429 0.97514518 0.00005728
-0.42943368 0.97529617 0.00005995
-0.42784307 0.97544715 0.00005699
-0.42625394 0.97559582 0.00005428
-0.42466333 0.97574216 0.00005428
-0.42307419 0.97588850 0.00005428
-0.42148358 0.97603252 0.00005699
-0.41989445 0.97617654 0.00005408
-0.41830532 0.97631591 0.00005408
-0.41671619 0.97645528 0.00005408
-0.41512853 0.97659466 0.00005408
-0.41353940 0.97672938 0.00005131
-0.41195175 0.97686643 0.00005408
-0.41036262 0.97699884 0.00005408
-0.40877496 0.97712892 0.00005121
-0.40718731 0.97726132 0.00005121
-0.40560114 0.97738908 0.00004839
-0.40401348 0.97751916 0.00005121
-0.40242731 0.97764460 0.00005121
-0.40084113 0.97776771 0.00004839
-0.39925496 0.97789082 0.00004839
-0.39766878 0.97801161 0.00004839
-0.39608261 0.97813240 0.00004552
-0.39449791 0.97825087 0.00004552
-0.39291321 0.97836934 0.00004552
-0.39132851 0.97848780 0.00004552
-0.38974382 0.97859930 0.00004552
-0.38816060 0.97871545 0.00004271
-0.38657738 0.97882695 0.00004271
-0.38499416 0.97893844 0.00004271
-0.38341094 0.97904994 0.00004271
-0.38182920 0.97915447 0.00004271
-0.38024598 0.97926365 0.00003996
-0.37866424 0.97937050 0.00004271
-0.37708398 0.97947503 0.00004271
-0.37550224 0.97957724 0.00003996
-0.37392198 0.97967944 0.00003983
-0.37234172 0.97978165 0.00003702
-0.37076145 0.97988153 0.00003983
-0.36918267 0.97998374 0.00003702
-0.36760388 0.98008130 0.00003702
-0.36602510 0.98017886 0.00003702
-0.36444780 0.98027875 0.00003414
-0.36286901 0.98037631 0.00003414
-0.36129171 0.98047387 0.00003414
-0.35971588 0.98057143 0.00003414
-0.35814005 0.98066899 0.00003414
-0.35656422 0.98076423 0.00003134
-0.35498840 0.98085714 0.00003414
-0.35341405 0.98095238 0.00003134
-0.35183970 0.98104530 0.00003414
-0.35026535 0.98113821 0.00003134
-0.34869248 0.98122880 0.00003134
-0.34711961 0.98131940 0.00003134
-0.34554674 0.98140999 0.00003134
-0.34397534 0.98150058 0.00003134
-0.34240395 0.98158885 0.00002845
-0.34083256 0.98167944 0.00002845
-0.33926264 0.98176307 0.00002845
-0.33769273 0.98185134 0.00002864
-0.33612429 0.98193728 0.00002845
-0.33455586 0.98202323 0.00002566
-0.33298742 0.98210685 0.00002566
-0.33142046 0.98219048 0.00002566
-0.32985350 0.98227178 0.00002276
-0.32828655 0.98235308 0.00002300
-0.32672107 0.98243438 0.00002566
-0.32515559 0.98251336 0.00002300
-0.32359159 0.98259001 0.00002300
-0.32202758 0.98267131 0.00001998
-0.32046358 0.98274797 0.00001998
-0.31890106 0.98282462 0.00001998
-0.31734002 0.98289895 0.00002052
-0.31577749 0.98297561 0.00002052
-0.31421793 0.98304994 0.00001738
-0.31265688 0.98312195 0.00002052
-0.31109731 0.98319396 0.00001829
-0.30953923 0.98326365 0.00001829
-0.30798114 0.98333566 0.00001643
-0.30642305 0.98340534 0.00001643
-0.30486644 0.98347038 0.00001505
-0.30330983 0.98353775 0.00001643
-0.30175470 0.98360743 0.00001643
-0.30019957 0.98367712 0.00001643
-0.29864591 0.98374681 0.00001643
-0.29709226 0.98382114 0.00001314
-0.29554008 0.98389547 0.00001505
-0.29398791 0.98396980 0.00001643
-0.29243721 0.98404646 0.00001643
-0.29088651 0.98412544 0.00001505
-0.28933730 0.98420209 0.00001505
-0.28778808 0.98427875 0.00001505
-0.28623886 0.98435772 0.00001314
-0.28469112 0.98443670 0.00001184
-0.28314485 0.98451568 0.00001505
-0.28159859 0.98459466 0.00001314
-0.28005381 0.98467364 0.00001184
-0.27850902 0.98475261 0.00001505
-0.27696572 0.98483391 0.00001184
-0.27542241 0.98491057 0.00001184
-0.27388059 0.98499419 0.00001184
-0.27234024 0.98507085 0.00001184
-0.27079989 0.98515447 0.00001184
-0.26925954 0.98523113 0.00001184
-0.26772067 0.98531475 0.00001184
-0.26618327 0.98539141 0.00001184
-0.26464588 0.98547503 0.00001184
-0.26310997 0.98555168 0.00001184
-0.26157405 0.98563531 0.00001184
-0.26003962 0.98571429 0.00001138
-0.25850518 0.98579559 0.00001184
-0.25697222 0.98587689 0.00000869
-0.25544074 0.98595587 0.00001184
-0.25390926 0.98603949 0.00001184
-0.25237926 0.98612079 0.00000869
-0.25084926 0.98619977 0.00001184
-0.24932074 0.98628339 0.00001184
-0.24779369 0.98636702 0.00001184
-0.24626665 0.98645064 0.00001184
-0.24474108 0.98653426 0.00001184
-0.24321552 0.98662021 0.00000986
-0.24169143 0.98670383 0.00000986
-0.24016882 0.98678746 0.00000986
-0.23864621 0.98687805 0.00000986
-0.23712508 0.98696400 0.00000869
-0.23560542 0.98704762 0.00000869
-0.23408577 0.98712427 0.00000869
-0.23256759 0.98719861 0.00000569
-0.23104942 0.98726597 0.00000869
-0.22953272 0.98733101 0.00000569
-0.22801750 0.98739141 0.00000869
-0.22650376 0.98745180 0.00000657
-0.22499002 0.98750987 0.00000869
-0.22347628 0.98757027 0.00000657
-0.22196550 0.98762834 0.00000869
-0.22045471 0.98768409 0.00000869
-0.21894541 0.98774448 0.00000657
-0.21743610 0.98780023 0.00000657
-0.21592827 0.98786063 0.00000986
-0.21442193 0.98791870 0.00000657
-0.21291705 0.98797909 0.00000986
-0.21141218 0.98803717 0.00000657
-0.20990879 0.98809756 0.00000986
-0.20840540 0.98815563 0.00000657
-0.20690496 0.98821603 0.00000986
-0.20540453 0.98827875 0.00000986
-0.20390557 0.98833914 0.00000869
-0.20240661 0.98840186 0.00000869
-0.20090913 0.98846458 0.00000869
-0.19941313 0.98852729 0.00000869
-0.19791861 0.98859001 0.00000869
-0.19642408 0.98865505 0.00000986
-0.19493104 0.98872009 0.00000657
-0.19343947 0.98878513 0.00000869
-0.19194791 0.98885017 0.00000986
-0.19045930 0.98891754 0.00000869
-0.18897069 0.98898722 0.00000869
-0.18748355 0.98904994 0.00000869
-0.18599642 0.98911498 0.00001138
-0.18451077 0.98918235 0.00000869
-0.18302659 0.98924506 0.00000869
-0.18154390 0.98931010 0.00001138
-0.18006268 0.98937515 0.00000869
-0.17858146 0.98943786 0.00000869
-0.17710172 0.98950290 0.00000869
-0.17562346 0.98956562 0.00000869
-0.17414667 0.98962834 0.00000869
-0.17266989 0.98969106 0.00000869
-0.17119606 0.98975610 0.00001138
-0.16972223 0.98981882 0.00001138
-0.16824841 0.98987921 0.00001184
-0.16677754 0.98994193 0.00001184
-0.16530667 0.99000232 0.00000869
-0.16383875 0.99006504 0.00000869
-0.16237084 0.99012776 0.00000869
-0.16090440 0.99018815 0.00001138
-0.15943796 0.99025087 0.00001138
-0.15797449 0.99031127 0.00001184
-0.15651101 0.99037398 0.00001184
-0.15504900 0.99043670 0.00001184
-0.15358848 0.99049942 0.00001184
-0.15212944 0.99056214 0.00001184
-0.15067039 0.99062485 0.00001184
-0.14921430 0.99068525 0.00001432
-0.14775822 0.99074564 0.00001505
-0.14630375 0.99080604 0.00001184
-0.14485062 0.99086876 0.00001184
-0.14339867 0.99093148 0.00001184
-0.14194791 0.99099652 0.00001505
-0.14049847 0.99105923 0.00001505
-0.13905022 0.99112195 0.00001505
-0.13760344 0.99118467 0.00001505
-0.13615770 0.99124971 0.00001314
-0.13471344 0.99131243 0.00001314
-0.13327021 0.99137747 0.00001184
-0.13182846 0.99144251 0.00001505
-0.13038804 0.99150755 0.00001314
-0.12894881 0.99157259 0.00001184
-0.12751090 0.99163763 0.00001505
-0.12607433 0.99170267 0.00001314
-0.12463893 0.99177003 0.00001505
-0.12320502 0.99183508 0.00001314
-0.12177229 0.99190476 0.00001314
-0.12034104 0.99197445 0.00001314
-0.11891096 0.99204181 0.00001505
-0.11748222 0.99211150 0.00001505
-0.11605496 0.99218118 0.00001505
-0.11462888 0.99225087 0.00001505
-0.11320413 0.99232288 0.00001314
-0.11178086 0.99239257 0.00001314
-0.11035892 0.99246458 0.00001643
-0.10893816 0.99253891 0.00001314
-0.10751888 0.99260859 0.00001314
-0.10610108 0.99268060 0.00001643
-0.10468446 0.99275029 0.00001643
-0.10326932 0.99281998 0.00001643
-0.10185551 0.99288966 0.00001643
-0.10044304 0.99296167 0.00001505
-0.09903203 0.99303368 0.00001314
-0.09762236 0.99310337 0.00001314
-0.09621417 0.99317538 0.00001643
-0.09480731 0.99324739 0.00001505
-0.09340178 0.99331940 0.00001314
-0.09199772 0.99339141 0.00001643
-0.09059500 0.99346341 0.00001505
-0.08919376 0.99354007 0.00001505
-0.08779384 0.99361208 0.00001314
-0.08639541 0.99368641 0.00001505
-0.08499845 0.99376074 0.00001643
-0.08360282 0.99383275 0.00001505
-0.08220867 0.99390941 0.00001505
-0.08081600 0.99398606 0.00001505
-0.07942466 0.99405807 0.00001314
-0.07803480 0.99413240 0.00001505
-0.07664641 0.99420906 0.00001505
-0.07525951 0.99428571 0.00001505
-0.07387393 0.99436237 0.00001505
-0.07248984 0.99443902 0.00001505
-0.07110722 0.99450871 0.00001505
-0.06972608 0.99458537 0.00001505
-0.06834642 0.99466202 0.00001505
-0.06696823 0.99473171 0.00001505
-0.06559138 0.99480139 0.00001505
-0.06421615 0.99486643 0.00001829
-0.06284240 0.99492683 0.00001505
-0.06146998 0.99498722 0.00001738
-0.06009919 0.99504762 0.00001829
-0.05872988 0.99510569 0.00001738
-0.05736204 0.99516841 0.00001738
-0.05599568 0.99523113 0.00001738
-0.05463080 0.99529617 0.00002052
-0.05326740 0.99535889 0.00002052
-0.05190548 0.99542393 0.00001829
-0.05054518 0.99549129 0.00002052
-0.04918636 0.99556098 0.00002052
-0.04782902 0.99563995 0.00001829
-0.04647316 0.99573519 0.00002052
-0.04511893 0.99586760 0.00002052
-0.04376617 0.99602555 0.00002154
-0.04241504 0.99619744 0.00002369
-0.04106524 0.99635772 0.00002369
-0.03971706 0.99651800 0.00002369
-0.03837051 0.99667131 0.00002369
-0.03702529 0.99682462 0.00002369
-0.03568185 0.99698026 0.00002300
-0.03433973 0.99713821 0.00002369
-0.03299939 0.99729617 0.00002607
-0.03166038 0.99746341 0.00002607
-0.03032315 0.99763763 0.00002607
-0.02898739 0.99784204 0.00002920
-0.02765326 0.99809059 0.00003168
-0.02632105 0.99839024 0.00003553
-0.02499002 0.99869454 0.00003789
-0.02366047 0.99897329 0.00003789
-0.02233255 0.99921487 0.00003477
-0.02100625 0.99942625 0.00003430
-0.01968143 0.99959814 0.00003134
-0.01835824 0.99973519 0.00002845
-0.01703653 0.99984204 0.00002566
-0.01571644 0.99992334 0.00002276
-0.01439801 0.99997445 0.00002300
-0.01308110 1.00000232 0.00002300
-0.01176578 1.00000929 0.00002300
-0.01045207 0.99999535 0.00002300
-0.00913993 0.99996051 0.00002300
-0.00782941 0.99990012 0.00001998
-0.00652048 0.99982346 0.00002566
-0.00521317 0.99971196 0.00002566
-0.00390746 0.99957956 0.00002864
-0.00260335 0.99937979 0.00003168
-0.00130087 0.99915912 0.00004420
-0.00000000 0.99871777 0.00002276
