# s/c    P_stat_mean   P_stat_std
0.00000000 0.99992642 0.00002495
0.00130087 0.99954428 0.00002006
0.00260174 0.99915192 0.00001597
0.00390261 0.99875028 0.00001268
0.00520348 0.99834024 0.00001026
0.00650435 0.99792262 0.00000878
0.00780522 0.99749817 0.00000826
0.00910609 0.99706761 0.00000854
0.01040697 0.99663156 0.00000936
0.01170784 0.99619060 0.00001046
0.01300871 0.99574528 0.00001172
0.01430958 0.99529605 0.00001307
0.01561045 0.99484336 0.00001449
0.01691132 0.99438757 0.00001596
0.01821219 0.99392902 0.00001748
0.01951306 0.99346799 0.00001906
0.02081393 0.99300473 0.00002069
0.02211480 0.99253942 0.00002237
0.02341567 0.99207224 0.00002409
0.02470176 0.99160329 0.00002585
0.02600263 0.99113267 0.00002763
0.02730350 0.99066042 0.00002943
0.02860437 0.99018655 0.00003123
0.02990524 0.98971105 0.00003303
0.03120611 0.98923385 0.00003481
0.03250698 0.98875489 0.00003655
0.03380786 0.98827406 0.00003826
0.03510873 0.98779121 0.00003993
0.03640960 0.98730619 0.00004154
0.03771047 0.98681882 0.00004309
0.03901134 0.98632889 0.00004458
0.04029743 0.98583616 0.00004599
0.04159830 0.98534040 0.00004734
0.04289917 0.98484133 0.00004860
0.04420004 0.98433868 0.00004979
0.04550091 0.98383213 0.00005090
0.04680178 0.98332139 0.00005193
0.04810265 0.98280610 0.00005288
0.04940352 0.98228595 0.00005375
0.05068961 0.98176057 0.00005455
0.05199048 0.98122959 0.00005528
0.05329135 0.98069266 0.00005595
0.05459222 0.98014937 0.00005655
0.05589309 0.97959936 0.00005710
0.05719396 0.97904222 0.00005759
0.05849483 0.97847756 0.00005804
0.05978092 0.97790496 0.00005846
0.06108179 0.97732404 0.00005884
0.06238266 0.97673436 0.00005920
0.06368353 0.97613553 0.00005954
0.06498440 0.97552714 0.00005988
0.06628528 0.97490877 0.00006021
0.06757136 0.97428001 0.00006056
0.06887223 0.97364047 0.00006092
0.07017310 0.97298972 0.00006130
0.07147398 0.97232737 0.00006172
0.07277485 0.97165303 0.00006218
0.07407572 0.97096630 0.00006268
0.07536180 0.97026679 0.00006324
0.07666268 0.96955413 0.00006386
0.07796355 0.96882794 0.00006455
0.07926442 0.96808786 0.00006531
0.08056529 0.96733352 0.00006614
0.08185138 0.96656458 0.00006706
0.08315225 0.96578070 0.00006806
0.08445312 0.96498155 0.00006916
0.08575399 0.96416680 0.00007034
0.08704008 0.96333616 0.00007162
0.08834095 0.96248931 0.00007300
0.08964182 0.96162598 0.00007448
0.09094269 0.96074588 0.00007606
0.09224356 0.95984877 0.00007775
0.09352965 0.95893437 0.00007953
0.09483052 0.95800247 0.00008143
0.09613139 0.95705284 0.00008343
0.09743226 0.95608525 0.00008554
0.09871835 0.95509953 0.00008775
0.10001922 0.95409549 0.00009008
0.10132009 0.95307295 0.00009252
0.10260618 0.95203177 0.00009506
0.10390705 0.95097181 0.00009772
0.10520792 0.94989293 0.00010050
0.10650879 0.94879504 0.00010338
0.10779488 0.94767804 0.00010638
0.10909575 0.94654184 0.00010949
0.11039662 0.94538639 0.00011272
0.11169749 0.94421163 0.00011606
0.11298358 0.94301753 0.00011951
0.11428445 0.94180407 0.00012308
0.11558532 0.94057124 0.00012676
0.11687141 0.93931905 0.00013056
0.11817228 0.93804753 0.00013446
0.11947315 0.93675672 0.00013848
0.12075924 0.93544668 0.00014260
0.12206011 0.93411745 0.00014683
0.12336098 0.93276914 0.00015117
0.12466185 0.93140184 0.00015560
0.12594794 0.93001565 0.00016013
0.12724881 0.92861070 0.00016475
0.12854968 0.92718712 0.00016947
0.12983577 0.92571392 0.00017426
0.13113664 0.92417895 0.00018258
0.13243751 0.92263471 0.00018964
0.13372359 0.92107992 0.00019568
0.13502447 0.91951097 0.00020102
0.13632534 0.91792973 0.00020592
0.13761142 0.91633804 0.00021033
0.13891229 0.91473421 0.00021447
0.14019838 0.91310545 0.00021916
0.14149925 0.91143207 0.00022561
0.14280012 0.90970427 0.00023329
0.14408621 0.90794109 0.00024259
0.14538708 0.90618265 0.00025424
0.14668795 0.90445354 0.00026449
0.14797404 0.90275609 0.00027100
0.14927491 0.90108013 0.00027480
0.15056100 0.89940412 0.00027697
0.15186187 0.89771380 0.00027854
0.15316274 0.89601692 0.00028038
0.15444883 0.89432877 0.00028257
0.15574970 0.89264764 0.00028396
0.15703579 0.89095757 0.00028441
0.15833666 0.88926232 0.00028416
0.15963753 0.88757748 0.00028305
0.16092362 0.88590820 0.00028114
0.16222449 0.88421711 0.00027851
0.16351058 0.88244683 0.00027806
0.16481145 0.88060166 0.00028202
0.16611232 0.87872054 0.00029216
0.16739841 0.87683628 0.00030738
0.16869928 0.87496904 0.00032083
0.16998537 0.87312131 0.00033053
0.17128624 0.87129121 0.00033745
0.17257232 0.86947584 0.00034167
0.17387319 0.86767136 0.00034405
0.17517407 0.86587372 0.00034493
0.17646015 0.86407848 0.00034464
0.17776102 0.86228150 0.00034338
0.17904711 0.86048000 0.00034127
0.18034798 0.85867087 0.00033852
0.18163407 0.85685105 0.00033535
0.18293494 0.85501383 0.00033245
0.18422103 0.85314663 0.00033122
0.18552190 0.85124207 0.00033168
0.18680799 0.84930640 0.00033347
0.18810886 0.84736513 0.00033569
0.18939495 0.84544332 0.00033450
0.19069582 0.84354082 0.00032886
0.19199669 0.84161687 0.00032202
0.19328278 0.83961049 0.00031832
0.19458365 0.83752174 0.00031986
0.19586974 0.83538663 0.00032806
0.19717061 0.83322564 0.00034100
0.19845669 0.83104914 0.00035312
0.19975757 0.82884907 0.00036346
0.20104365 0.82662502 0.00037240
0.20234452 0.82439619 0.00037756
0.20363061 0.82217846 0.00037668
0.20493148 0.81998234 0.00036981
0.20621757 0.81777719 0.00036133
0.20750366 0.81549979 0.00035638
0.20880453 0.81313563 0.00035702
0.21009062 0.81070897 0.00036369
0.21139149 0.80825074 0.00037510
0.21267758 0.80578079 0.00038619
0.21397845 0.80329197 0.00039489
0.21526454 0.80076916 0.00040270
0.21656541 0.79820360 0.00041108
0.21785149 0.79559201 0.00042121
0.21915236 0.79293805 0.00043324
0.22043845 0.79024978 0.00044661
0.22173932 0.78753723 0.00045990
0.22302541 0.78480820 0.00047222
0.22432628 0.78206558 0.00048350
0.22561237 0.77930049 0.00049479
0.22689846 0.77649518 0.00050806
0.22819933 0.77364486 0.00052428
0.22948542 0.77075839 0.00054404
0.23078629 0.76784970 0.00056657
0.23207238 0.76493067 0.00058975
0.23337325 0.76200875 0.00061178
0.23465933 0.75909126 0.00063088
0.23594542 0.75618710 0.00064690
0.23724629 0.75330454 0.00066053
0.23853238 0.75044456 0.00067235
0.23983325 0.74760007 0.00068294
0.24111934 0.74475954 0.00069290
0.24240543 0.74191323 0.00070326
0.24370630 0.73905967 0.00071456
0.24499239 0.73620715 0.00072689
0.24629326 0.73336720 0.00074025
0.24757935 0.73054971 0.00075382
0.24886543 0.72776244 0.00076589
0.25016630 0.72500651 0.00077593
0.25145239 0.72227872 0.00078416
0.25275326 0.71957598 0.00079146
0.25403935 0.71689641 0.00079939
0.25532544 0.71424110 0.00080850
0.25662631 0.71161217 0.00081852
0.25791240 0.70901414 0.00082877
0.25919849 0.70645583 0.00083848
0.26049936 0.70394497 0.00084609
0.26178545 0.70148447 0.00085034
0.26307153 0.69906955 0.00085166
0.26437240 0.69669380 0.00085189
0.26565849 0.69434507 0.00085283
0.26695936 0.69200145 0.00085622
0.26824545 0.68965474 0.00086177
0.26953154 0.68731118 0.00086953
0.27083241 0.68499272 0.00087948
0.27211850 0.68273764 0.00088705
0.27340459 0.68056437 0.00089045
0.27470546 0.67846604 0.00089082
0.27599154 0.67641675 0.00088947
0.27727763 0.67438815 0.00089013
0.27857850 0.67237825 0.00089329
0.27986459 0.67039662 0.00089757
0.28115068 0.66845535 0.00090283
0.28243677 0.66656399 0.00090477
0.28373764 0.66472974 0.00090157
0.28502373 0.66296844 0.00089967
0.28630981 0.66127461 0.00090210
0.28761068 0.65962971 0.00090458
0.28889677 0.65800905 0.00090554
0.29018286 0.65641564 0.00090632
0.29148373 0.65489402 0.00090511
0.29276982 0.65346750 0.00090060
0.29405591 0.65213472 0.00089233
0.29534200 0.65087710 0.00088076
0.29664287 0.64966725 0.00086839
0.29792895 0.64848985 0.00085698
0.29921504 0.64735018 0.00084748
0.30051591 0.64626733 0.00083943
0.30180200 0.64526449 0.00083016
0.30308809 0.64435208 0.00081834
0.30437418 0.64352312 0.00080456
0.30567505 0.64275773 0.00078958
0.30696114 0.64202767 0.00077523
0.30824722 0.64131374 0.00076330
0.30953331 0.64061228 0.00075458
0.31083418 0.63993503 0.00074840
0.31212027 0.63930560 0.00074337
0.31340636 0.63874366 0.00073716
0.31469245 0.63825265 0.00072569
0.31599332 0.63782494 0.00070660
0.31727941 0.63745776 0.00068079
0.31856549 0.63715440 0.00065000
0.31985158 0.63690547 0.00061675
0.32115245 0.63668996 0.00058360
0.32243854 0.63648386 0.00055399
0.32372463 0.63626266 0.00053265
0.32501072 0.63601645 0.00052152
0.32629681 0.63574943 0.00051954
0.32759768 0.63547149 0.00052475
0.32888376 0.63519712 0.00053284
0.33016985 0.63494080 0.00053755
0.33145594 0.63470900 0.00053674
0.33275681 0.63450186 0.00053129
0.33404290 0.63431246 0.00052392
0.33532899 0.63412969 0.00051930
0.33661508 0.63394936 0.00051991
0.33790116 0.63377535 0.00052457
0.33918725 0.63361250 0.00052970
0.34048812 0.63345830 0.00053319
0.34177421 0.63330479 0.00053454
0.34306030 0.63314125 0.00053492
0.34434639 0.63295593 0.00053646
0.34563247 0.63274044 0.00054178
0.34693335 0.63249147 0.00055457
0.34821943 0.63221828 0.00057475
0.34950552 0.63194072 0.00059922
0.35079161 0.63167481 0.00062458
0.35207770 0.63143114 0.00064609
0.35336379 0.63121438 0.00066060
0.35466466 0.63101791 0.00066918
0.35595074 0.63082322 0.00067591
0.35723683 0.63060828 0.00068525
0.35852292 0.63036013 0.00069987
0.35980901 0.63008220 0.00071984
0.36109510 0.62978584 0.00074301
0.36238118 0.62947472 0.00076846
0.36368206 0.62915146 0.00079523
0.36496814 0.62882675 0.00082009
0.36625423 0.62851440 0.00084056
0.36754032 0.62822332 0.00085637
0.36882641 0.62794959 0.00087001
0.37011250 0.62767522 0.00088640
0.37139858 0.62737922 0.00091053
0.37269945 0.62705909 0.00094244
0.37398554 0.62673022 0.00097764
0.37527163 0.62640486 0.00101297
0.37655772 0.62608795 0.00104581
0.37784381 0.62577937 0.00107336
0.37912989 0.62546761 0.00109528
0.38041598 0.62513893 0.00111283
0.38170207 0.62479354 0.00112679
0.38298816 0.62444631 0.00113794
0.38428903 0.62411171 0.00114808
0.38557512 0.62378963 0.00116044
0.38686121 0.62347295 0.00117737
0.38814729 0.62315557 0.00119913
0.38943338 0.62283019 0.00122501
0.39071947 0.62248945 0.00125455
0.39200556 0.62213047 0.00128653
0.39329165 0.62175569 0.00131939
0.39457773 0.62136757 0.00135220
0.39586382 0.62096344 0.00138499
0.39714991 0.62053871 0.00141758
0.39843600 0.62009162 0.00145022
0.39973687 0.61963560 0.00148168
0.40102296 0.61920122 0.00150867
0.40230905 0.61882026 0.00152818
0.40359513 0.61849631 0.00154217
0.40488122 0.61819758 0.00155972
0.40616731 0.61789406 0.00158515
0.40745340 0.61757340 0.00161584
0.40873949 0.61723914 0.00164766
0.41002557 0.61691130 0.00167587
0.41131166 0.61660733 0.00169830
0.41259775 0.61632200 0.00171722
0.41388384 0.61603257 0.00173776
0.41516993 0.61572441 0.00176082
0.41645601 0.61539508 0.00178639
0.41774210 0.61502162 0.00181923
0.41902819 0.61457061 0.00186210
0.42031428 0.61402131 0.00191498
0.42160037 0.61340304 0.00197079
0.42288645 0.61278976 0.00201760
0.42417254 0.61221382 0.00205191
0.42545863 0.61166894 0.00207855
0.42674472 0.61114248 0.00210380
0.42803081 0.61062273 0.00212908
0.42931690 0.61010490 0.00215399
0.43060298 0.60958039 0.00218071
0.43188907 0.60903904 0.00221143
0.43317516 0.60847616 0.00224682
0.43446125 0.60789299 0.00228548
0.43574734 0.60729216 0.00232612
0.43703342 0.60667613 0.00236777
0.43831951 0.60604744 0.00240918
0.43960560 0.60540819 0.00244949
0.44089169 0.60476019 0.00248850
0.44217778 0.60410753 0.00252614
0.44346386 0.60346035 0.00256098
0.44474995 0.60282718 0.00259209
0.44603604 0.60220503 0.00262080
0.44732213 0.60156916 0.00265424
0.44860822 0.60088185 0.00270076
0.44989430 0.60012003 0.00276193
0.45118039 0.59930871 0.00282985
0.45246648 0.59852008 0.00288706
0.45375257 0.59778516 0.00292791
0.45503866 0.59709572 0.00295843
0.45632474 0.59645153 0.00298153
0.45761083 0.59585373 0.00299744
0.45889692 0.59531697 0.00300157
0.46018301 0.59484112 0.00299568
0.46146910 0.59439254 0.00299146
0.46275519 0.59393115 0.00299840
0.46404127 0.59341442 0.00302278
0.46532736 0.59284289 0.00305988
0.46661345 0.59227322 0.00309405
0.46789954 0.59173716 0.00311921
0.46917084 0.59123034 0.00313860
0.47045693 0.59072965 0.00316159
0.47174302 0.59021027 0.00319474
0.47302911 0.58967089 0.00323496
0.47431520 0.58912546 0.00327667
0.47560128 0.58859074 0.00331393
0.47688737 0.58808005 0.00334362
0.47817346 0.58759649 0.00336650
0.47945955 0.58713372 0.00338554
0.48074564 0.58667853 0.00340501
0.48203172 0.58621577 0.00342842
0.48331781 0.58573213 0.00345847
0.48460390 0.58522739 0.00349463
0.48587521 0.58471893 0.00353117
0.48716129 0.58422230 0.00356391
0.48844738 0.58374489 0.00359136
0.48973347 0.58328705 0.00361412
0.49101956 0.58284359 0.00363472
0.49230565 0.58240858 0.00365552
0.49359173 0.58197625 0.00367799
0.49487782 0.58154179 0.00370279
0.49616391 0.58110128 0.00373050
0.49743522 0.58065336 0.00376073
0.49872130 0.58019944 0.00379264
0.50000739 0.57974340 0.00382499
0.50129348 0.57929140 0.00385592
0.50257957 0.57884989 0.00388416
0.50386566 0.57842386 0.00390855
0.50515174 0.57801673 0.00392849
0.50643783 0.57762696 0.00394521
0.50770914 0.57724610 0.00396159
0.50899523 0.57686655 0.00397990
0.51028131 0.57648529 0.00400073
0.51156740 0.57610588 0.00402236
0.51285349 0.57573821 0.00404135
0.51413958 0.57538984 0.00405607
0.51542567 0.57506408 0.00406627
0.51669697 0.57476030 0.00407248
0.51798306 0.57447052 0.00407755
0.51926915 0.57418103 0.00408586
0.52055524 0.57387646 0.00410057
0.52184132 0.57354870 0.00412226
0.52312741 0.57319788 0.00414975
0.52439872 0.57283868 0.00417791
0.52568480 0.57250273 0.00419842
0.52697089 0.57221033 0.00420512
0.52825698 0.57196527 0.00419825
0.52954307 0.57175555 0.00418492
0.53082916 0.57154817 0.00417485
0.53210046 0.57131673 0.00417491
0.53338655 0.57105269 0.00418515
0.53467264 0.57077175 0.00419807
0.53595873 0.57050559 0.00420522
0.53724481 0.57026764 0.00420287
0.53853090 0.57005255 0.00419295
0.53980221 0.56983901 0.00418440
0.54108830 0.56959739 0.00418585
0.54237438 0.56931796 0.00419745
0.54366047 0.56901302 0.00421377
0.54494656 0.56870249 0.00422864
0.54621787 0.56840337 0.00423708
0.54750395 0.56812767 0.00423609
0.54879004 0.56787295 0.00422854
0.55007613 0.56761843 0.00422130
0.55134744 0.56734831 0.00421841
0.55263352 0.56705429 0.00422108
0.55391961 0.56673844 0.00422693
0.55520570 0.56641777 0.00423018
0.55649179 0.56610806 0.00422692
0.55776309 0.56581312 0.00421702
0.55904918 0.56552452 0.00420381
0.56033527 0.56522469 0.00419378
0.56162136 0.56490167 0.00419002
0.56289266 0.56455533 0.00419139
0.56417875 0.56419334 0.00419529
0.56546484 0.56383071 0.00419734
0.56675093 0.56347927 0.00419446
0.56803702 0.56314708 0.00418523
0.56930832 0.56284060 0.00416826
0.57059441 0.56256237 0.00414368
0.57188050 0.56230799 0.00411465
0.57316659 0.56206572 0.00408510
0.57443789 0.56182246 0.00405862
0.57572398 0.56156595 0.00403704
0.57701007 0.56128456 0.00402128
0.57829616 0.56097235 0.00401080
0.57956746 0.56062947 0.00400486
0.58085355 0.56026534 0.00400160
0.58213964 0.55990186 0.00399448
0.58341094 0.55955694 0.00397965
0.58469703 0.55923869 0.00395571
0.58598312 0.55894931 0.00392294
0.58726921 0.55868288 0.00388512
0.58854051 0.55842755 0.00384640
0.58982660 0.55817459 0.00380926
0.59111269 0.55791915 0.00377473
0.59239878 0.55766450 0.00374055
0.59367008 0.55742171 0.00370285
0.59495617 0.55719757 0.00365985
0.59624226 0.55698796 0.00361391
0.59751356 0.55677956 0.00357111
0.59879965 0.55656112 0.00353439
0.60008574 0.55632382 0.00350536
0.60137183 0.55606253 0.00348436
0.60264313 0.55577874 0.00347014
0.60392922 0.55548135 0.00345962
0.60521531 0.55518762 0.00344671
0.60648661 0.55491470 0.00342679
0.60777270 0.55467624 0.00339534
0.60905879 0.55447552 0.00335191
0.61033010 0.55430014 0.00330246
0.61161618 0.55413244 0.00325332
0.61290227 0.55395778 0.00320855
0.61417358 0.55376891 0.00316907
0.61545967 0.55356641 0.00313402
0.61674575 0.55335446 0.00310246
0.61801706 0.55313780 0.00307296
0.61930315 0.55291866 0.00304557
0.62058924 0.55269939 0.00301994
0.62187532 0.55248122 0.00299517
0.62314663 0.55226071 0.00297239
0.62443272 0.55203156 0.00295300
0.62571880 0.55178894 0.00293757
0.62699011 0.55153379 0.00292485
0.62827620 0.55127705 0.00291073
0.62954750 0.55103727 0.00288927
0.63083359 0.55082699 0.00285686
0.63211968 0.55064958 0.00281362
0.63339099 0.55050529 0.00276059
0.63467707 0.55039039 0.00269993
0.63596316 0.55029507 0.00263614
0.63723447 0.55020893 0.00257303
0.63852056 0.55012112 0.00251377
0.63980664 0.55001894 0.00246199
0.64107795 0.54989325 0.00241967
0.64236404 0.54974078 0.00238698
0.64365012 0.54956413 0.00236268
0.64492143 0.54936911 0.00234404
0.64620752 0.54916005 0.00232968
0.64749361 0.54894036 0.00231891
0.64876491 0.54871374 0.00231052
0.65005100 0.54848403 0.00230333
0.65132231 0.54825532 0.00229609
0.65260839 0.54803212 0.00228718
0.65389448 0.54781905 0.00227504
0.65516579 0.54762047 0.00225804
0.65645188 0.54744090 0.00223435
0.65772318 0.54728131 0.00220430
0.65900927 0.54714037 0.00216892
0.66029536 0.54701600 0.00212976
0.66156666 0.54690844 0.00208744
0.66285275 0.54682199 0.00204035
0.66413884 0.54676057 0.00198739
0.66541014 0.54672311 0.00192962
0.66669623 0.54669969 0.00187191
0.66796754 0.54667884 0.00181951
0.66925363 0.54665202 0.00177533
0.67053971 0.54661344 0.00174057
0.67181102 0.54656112 0.00171413
0.67309711 0.54649612 0.00169460
0.67436841 0.54642626 0.00167831
0.67565450 0.54636743 0.00165840
0.67692581 0.54633302 0.00163084
0.67821189 0.54632690 0.00159488
0.67949798 0.54634918 0.00155062
0.68076929 0.54640072 0.00149795
0.68205538 0.54648184 0.00143679
0.68332668 0.54659107 0.00136764
0.68461277 0.54671928 0.00129457
0.68589886 0.54684934 0.00122517
0.68717016 0.54696705 0.00116507
0.68845625 0.54706919 0.00111548
0.68972756 0.54716222 0.00107346
0.69101364 0.54725322 0.00103558
0.69228495 0.54734543 0.00100049
0.69357104 0.54744137 0.00096704
0.69484234 0.54754231 0.00093427
0.69612843 0.54764602 0.00090277
0.69741452 0.54774816 0.00087379
0.69868582 0.54784261 0.00084888
0.69997191 0.54792626 0.00082804
0.70124322 0.54800099 0.00081006
0.70252931 0.54807303 0.00079264
0.70380061 0.54814858 0.00077381
0.70508670 0.54822770 0.00075474
0.70635801 0.54830975 0.00073653
0.70764409 0.54839628 0.00071907
0.70893018 0.54849078 0.00070128
0.71020149 0.54859609 0.00068214
0.71148758 0.54871480 0.00066094
0.71275888 0.54884807 0.00063757
0.71404497 0.54899001 0.00061430
0.71531627 0.54913092 0.00059413
0.71660236 0.54925981 0.00057960
0.71787367 0.54937143 0.00057137
0.71915976 0.54947018 0.00056742
0.72043106 0.54956250 0.00056519
0.72171715 0.54965178 0.00056343
0.72298845 0.54973906 0.00056198
0.72427454 0.54982355 0.00056110
0.72554585 0.54990457 0.00056107
0.72683194 0.54998385 0.00056174
0.72810324 0.55006633 0.00056227
0.72938933 0.55015823 0.00056170
0.73066064 0.55026283 0.00055969
0.73194672 0.55037818 0.00055675
0.73321803 0.55049781 0.00055364
0.73450412 0.55061579 0.00055139
0.73577542 0.55072895 0.00055058
0.73706151 0.55083654 0.00055110
0.73833282 0.55093932 0.00055277
0.73961890 0.55103795 0.00055530
0.74089021 0.55113328 0.00055845
0.74217630 0.55122611 0.00056208
0.74344760 0.55131733 0.00056608
0.74473369 0.55140815 0.00057025
0.74600500 0.55149905 0.00057471
0.74729108 0.55158963 0.00057960
0.74856239 0.55167864 0.00058508
0.74984848 0.55176415 0.00059128
0.75111978 0.55184443 0.00059827
0.75240587 0.55191823 0.00060608
0.75367718 0.55198474 0.00061453
0.75496327 0.55204364 0.00062364
0.75623457 0.55209506 0.00063333
0.75752066 0.55213932 0.00064349
0.75879196 0.55217690 0.00065414
0.76007805 0.55220839 0.00066525
0.76134936 0.55223430 0.00067686
0.76263545 0.55225498 0.00068895
0.76390675 0.55227034 0.00070163
0.76517806 0.55227980 0.00071497
0.76646414 0.55228207 0.00072912
0.76773545 0.55227501 0.00074432
0.76902154 0.55225647 0.00076091
0.77029284 0.55222592 0.00077920
0.77157893 0.55218577 0.00079938
0.77285024 0.55214074 0.00082120
0.77413633 0.55209576 0.00084367
0.77540763 0.55205458 0.00086582
0.77669372 0.55202028 0.00088686
0.77796502 0.55199557 0.00090606
0.77923633 0.55198251 0.00092293
0.78052242 0.55198183 0.00093724
0.78179372 0.55199306 0.00094914
0.78307981 0.55201452 0.00095893
0.78435112 0.55204293 0.00096720
0.78563720 0.55207519 0.00097455
0.78690851 0.55210935 0.00098142
0.78817982 0.55214428 0.00098817
0.78946590 0.55217921 0.00099500
0.79073721 0.55221332 0.00100207
0.79202330 0.55224598 0.00100954
0.79329460 0.55227690 0.00101743
0.79458069 0.55230638 0.00102574
0.79585200 0.55233527 0.00103437
0.79712330 0.55236540 0.00104291
0.79840939 0.55239886 0.00105104
0.79968070 0.55243760 0.00105843
0.80096678 0.55248380 0.00106464
0.80223809 0.55253884 0.00106960
0.80350939 0.55260307 0.00107327
0.80479548 0.55267523 0.00107581
0.80606679 0.55275199 0.00107769
0.80735288 0.55283116 0.00107912
0.80862418 0.55291182 0.00108027
0.80989549 0.55299306 0.00108141
0.81118157 0.55307443 0.00108271
0.81245288 0.55315469 0.00108436
0.81373897 0.55323199 0.00108664
0.81501027 0.55330559 0.00108964
0.81628158 0.55337651 0.00109340
0.81756767 0.55344694 0.00109783
0.81883897 0.55351927 0.00110238
0.82012506 0.55359526 0.00110662
0.82139637 0.55367729 0.00111011
0.82266767 0.55376877 0.00111236
0.82395376 0.55387203 0.00111322
0.82522507 0.55398620 0.00111271
0.82651115 0.55410686 0.00111138
0.82778246 0.55422878 0.00111001
0.82905376 0.55434844 0.00110892
0.83033985 0.55446506 0.00110841
0.83161116 0.55457905 0.00110851
0.83288246 0.55469123 0.00110898
0.83416855 0.55480296 0.00110968
0.83543986 0.55491584 0.00111035
0.83672594 0.55503184 0.00111077
0.83799725 0.55515296 0.00111061
0.83926856 0.55528112 0.00110958
0.84055464 0.55541810 0.00110732
0.84182595 0.55556563 0.00110360
0.84309725 0.55572521 0.00109815
0.84438334 0.55589782 0.00109099
0.84565465 0.55608327 0.00108243
0.84692595 0.55627965 0.00107274
0.84821204 0.55648301 0.00106275
0.84948335 0.55668711 0.00105319
0.85076944 0.55688616 0.00104451
0.85204074 0.55707714 0.00103698
0.85331205 0.55726142 0.00103040
0.85459813 0.55744425 0.00102480
0.85586944 0.55762941 0.00101962
0.85714075 0.55781968 0.00101444
0.85842683 0.55801778 0.00100909
0.85969814 0.55822567 0.00100349
0.86096944 0.55844431 0.00099769
0.86225553 0.55867328 0.00099187
0.86352684 0.55890963 0.00098631
0.86479814 0.55914633 0.00098053
0.86608423 0.55937580 0.00097402
0.86735554 0.55959270 0.00096635
0.86862684 0.55979498 0.00095764
0.86991293 0.55998417 0.00094890
0.87118424 0.56016352 0.00094104
0.87245554 0.56033706 0.00093455
0.87374163 0.56050992 0.00092961
0.87501293 0.56068759 0.00092578
0.87628424 0.56087508 0.00092260
0.87757033 0.56107702 0.00091965
0.87884163 0.56129692 0.00091681
0.88011294 0.56153668 0.00091426
0.88138424 0.56179654 0.00091247
0.88267033 0.56207526 0.00091224
0.88394164 0.56237061 0.00091443
0.88521294 0.56267973 0.00091968
0.88649903 0.56299932 0.00092828
0.88777034 0.56332552 0.00093984
0.88904164 0.56365419 0.00095321
0.89032773 0.56398212 0.00096742
0.89159904 0.56430743 0.00098216
0.89287034 0.56462828 0.00099724
0.89415643 0.56494237 0.00101216
0.89542774 0.56524785 0.00102650
0.89669904 0.56554436 0.00104019
0.89797035 0.56583273 0.00105335
0.89925643 0.56611430 0.00106628
0.90052774 0.56639122 0.00107950
0.90179905 0.56666532 0.00109314
0.90308513 0.56693834 0.00110756
0.90435644 0.56721235 0.00112334
0.90562774 0.56748945 0.00114103
0.90691383 0.56777158 0.00116126
0.90818514 0.56806044 0.00118462
0.90945644 0.56835684 0.00121136
0.91072775 0.56866060 0.00124140
0.91201384 0.56897018 0.00127408
0.91328514 0.56928176 0.00130751
0.91455645 0.56959169 0.00134029
0.91582775 0.56989627 0.00137102
0.91711384 0.57019163 0.00139817
0.91838515 0.57047424 0.00142048
0.91965645 0.57074162 0.00143712
0.92094254 0.57099232 0.00144760
0.92221385 0.57122690 0.00145215
0.92348515 0.57145028 0.00145316
0.92475646 0.57166825 0.00145319
0.92604254 0.57188593 0.00145444
0.92731385 0.57210657 0.00145816
0.92858516 0.57233102 0.00146432
0.92985646 0.57255935 0.00147256
0.93114255 0.57279148 0.00148246
0.93241385 0.57302748 0.00149382
0.93368516 0.57326661 0.00150581
0.93495647 0.57350734 0.00151730
0.93624255 0.57374773 0.00152693
0.93751386 0.57398488 0.00153313
0.93878516 0.57421532 0.00153500
0.94005647 0.57443414 0.00153070
0.94134256 0.57463880 0.00151975
0.94261386 0.57483236 0.00150457
0.94388517 0.57502010 0.00148813
0.94515647 0.57520681 0.00147280
0.94644256 0.57539533 0.00145968
0.94771387 0.57558811 0.00144972
0.94898517 0.57578769 0.00144397
0.95025648 0.57599605 0.00144318
0.95154257 0.57621533 0.00144836
0.95281387 0.57644697 0.00146021
0.95408518 0.57669198 0.00147940
0.95535648 0.57694885 0.00150512
0.95664257 0.57721087 0.00153344
0.95791388 0.57746888 0.00155945
0.95918518 0.57771419 0.00157867
0.96045649 0.57794296 0.00158941
0.96174258 0.57815697 0.00159316
0.96301388 0.57836027 0.00159237
0.96428519 0.57855698 0.00158903
0.96555649 0.57875024 0.00158479
0.96682780 0.57894346 0.00158156
0.96811389 0.57914033 0.00158131
0.96938519 0.57934375 0.00158562
0.97065650 0.57955555 0.00159533
0.97192780 0.57977657 0.00161080
0.97321389 0.58000657 0.00163178
0.97448520 0.58024479 0.00165783
0.97575650 0.58048979 0.00168819
0.97702781 0.58073851 0.00172116
0.97829911 0.58098774 0.00175510
0.97958520 0.58123417 0.00178831
0.98085651 0.58147518 0.00181956
0.98212781 0.58170964 0.00184837
0.98339912 0.58193753 0.00187481
0.98468520 0.58216017 0.00189966
0.98595651 0.58237891 0.00192361
0.98722781 0.58259520 0.00194736
0.98849912 0.58281082 0.00197178
0.98977043 0.58302750 0.00199773
0.99105651 0.58324675 0.00202595
0.99232782 0.58346947 0.00205677
0.99359912 0.58369605 0.00209026
0.99487043 0.58392673 0.00212639
0.99614174 0.58416220 0.00216548
0.99742782 0.58440367 0.00220826
0.99869913 0.58465220 0.00225543
0.99997043 0.58490787 0.00230707
1.00124174 0.58516931 0.00236234
1.00251305 0.58543465 0.00242016
1.00378435 0.58570207 0.00247950
1.00507044 0.58597021 0.00253962
1.00634174 0.58623849 0.00260029
1.00761305 0.58650664 0.00266140
1.00888436 0.58677445 0.00272288
1.01015566 0.58704170 0.00278459
1.01144175 0.58730814 0.00284638
1.01271305 0.58757331 0.00290794
1.01398436 0.58783673 0.00296895
1.01525567 0.58809785 0.00302905
1.01652697 0.58835598 0.00308775
1.01779828 0.58861031 0.00314453
1.01908436 0.58886015 0.00319889
1.02035567 0.58910545 0.00325082
1.02162698 0.58934734 0.00330105
1.02289828 0.58958812 0.00335113
1.02416959 0.58983055 0.00340285
1.02545567 0.59007692 0.00345771
1.02672698 0.59032821 0.00351633
1.02799829 0.59058382 0.00357825
1.02926959 0.59084250 0.00364261
1.03054090 0.59110284 0.00370848
1.03181220 0.59136347 0.00377494
1.03309829 0.59162287 0.00384098
1.03436960 0.59187926 0.00390543
1.03564090 0.59213090 0.00396715
1.03691221 0.59237677 0.00402546
1.03818351 0.59261682 0.00408033
1.03945482 0.59285124 0.00413188
1.04072612 0.59308035 0.00418029
1.04201221 0.59330448 0.00422577
1.04328352 0.59352387 0.00426843
1.04455482 0.59373890 0.00430850
1.04582613 0.59395036 0.00434652
1.04709743 0.59415955 0.00438340
1.04836874 0.59436789 0.00442013
1.04965483 0.59457645 0.00445755
1.05092613 0.59478586 0.00449624
1.05219744 0.59499607 0.00453651
1.05346874 0.59520608 0.00457818
1.05474005 0.59541392 0.00462070
1.05601135 0.59561726 0.00466333
1.05728266 0.59581340 0.00470463
1.05856875 0.59599993 0.00474280
1.05984005 0.59617496 0.00477556
1.06111136 0.59633804 0.00480114
1.06238266 0.59649108 0.00481931
1.06365397 0.59663593 0.00483006
1.06492527 0.59677404 0.00483353
1.06619658 0.59690668 0.00483002
1.06746788 0.59703527 0.00482016
1.06875397 0.59716207 0.00480528
1.07002528 0.59728973 0.00478704
1.07129658 0.59742091 0.00476718
1.07256789 0.59755779 0.00474717
1.07383919 0.59770218 0.00472826
1.07511050 0.59785521 0.00471136
1.07638181 0.59801736 0.00469692
1.07766789 0.59818717 0.00468420
1.07893920 0.59836011 0.00467043
1.08021050 0.59853010 0.00465192
1.08148181 0.59869261 0.00462618
1.08275312 0.59884669 0.00459330
1.08402442 0.59899387 0.00455521
1.08529573 0.59913609 0.00451405
1.08656703 0.59927405 0.00447118
1.08783834 0.59940800 0.00442770
1.08912443 0.59953832 0.00438481
1.09039573 0.59966531 0.00434364
1.09166704 0.59978921 0.00430530
1.09293834 0.59991006 0.00427074
1.09420965 0.60002782 0.00424077
1.09548095 0.60014231 0.00421613
1.09675226 0.60025364 0.00419753
1.09802356 0.60036221 0.00418553
1.09930965 0.60046835 0.00418045
1.10058096 0.60057254 0.00418239
1.10185226 0.60067516 0.00419124
1.10312357 0.60077639 0.00420652
1.10439487 0.60087659 0.00422779
1.10566618 0.60097620 0.00425456
1.10693748 0.60107559 0.00428621
1.10820879 0.60117511 0.00432209
1.10948010 0.60127498 0.00436140
1.11075140 0.60137519 0.00440319
1.11203749 0.60147561 0.00444645
1.11330879 0.60157599 0.00449002
1.11458010 0.60167601 0.00453269
1.11585141 0.60177558 0.00457344
1.11712271 0.60187435 0.00461105
1.11839402 0.60197239 0.00464450
1.11966532 0.60207111 0.00467361
1.12093663 0.60217334 0.00469902
1.12220793 0.60228464 0.00472282
1.12347924 0.60241202 0.00474798
1.12475054 0.60256033 0.00477667
1.12603663 0.60272843 0.00480944
1.12730794 0.60290970 0.00484569
1.12857924 0.60309476 0.00488491
1.12985055 0.60327369 0.00492706
1.13112185 0.60343628 0.00497248
1.13239316 0.60357064 0.00502170
1.13366446 0.60366697 0.00507455
1.13493577 0.60372064 0.00512957
1.13620707 0.60373025 0.00518367
1.13747838 0.60370546 0.00523013
1.13874969 0.60366051 0.00526340
1.14002099 0.60361728 0.00528249
1.14130708 0.60359417 0.00529019
1.14257838 0.60359764 0.00528951
1.14384969 0.60363402 0.00528184
1.14512100 0.60370586 0.00526901
1.14639230 0.60380822 0.00525365
1.14766361 0.60392904 0.00523558
1.14893491 0.60406234 0.00521384
1.15020622 0.60421649 0.00518630
1.15147752 0.60440433 0.00514950
1.15274883 0.60463306 0.00510392
1.15402013 0.60490948 0.00504743
1.15529144 0.60519520 0.00496292
1.15656274 0.60546954 0.00487175
1.15783405 0.60575254 0.00477411
1.15912014 0.60604380 0.00467009
1.16039144 0.60634294 0.00455976
1.16166275 0.60664950 0.00444322
1.16293405 0.60696303 0.00432059
1.16420536 0.60728302 0.00419200
1.16547667 0.60760894 0.00405761
1.16674797 0.60794023 0.00391757
1.16801928 0.60827631 0.00377207
1.16929058 0.60861656 0.00362132
1.17056189 0.60896035 0.00346554
1.17183319 0.60930701 0.00330498
1.17310450 0.60965587 0.00313988
1.17437580 0.61000621 0.00297055
1.17564711 0.61035731 0.00279728
1.17691841 0.61070843 0.00262043
1.17818972 0.61105882 0.00244037
1.17946103 0.61140770 0.00225752
1.18074711 0.61175429 0.00207238
1.18201842 0.61209779 0.00188549
1.18328972 0.61243741 0.00169757
1.18456103 0.61277233 0.00150950
1.18583234 0.61310175 0.00132248
1.18710364 0.61342485 0.00113831
1.18837495 0.61374083 0.00095981
1.18964625 0.61404887 0.00079196
1.19091756 0.61434817 0.00064402
1.19218886 0.61463794 0.00053332
1.19346017 0.61491739 0.00048592
1.19473147 0.61518576 0.00051871
1.19600278 0.61544230 0.00061794
1.19727408 0.61568628 0.00075659
1.19854539 0.61591697 0.00091549
1.19981670 0.61613371 0.00108425
1.20108800 0.61633584 0.00125734
1.20235931 0.61652273 0.00143160
1.20363061 0.61669381 0.00160507
1.20490192 0.61684851 0.00177639
1.20617322 0.61698633 0.00194455
1.20744453 0.61710682 0.00210874
1.20873062 0.61720957 0.00226829
1.21000192 0.61729421 0.00242259
1.21127323 0.61736044 0.00257111
1.21254453 0.61740803 0.00271335
1.21381584 0.61743680 0.00284885
1.21508714 0.61744664 0.00297716
1.21635845 0.61743752 0.00309786
1.21762975 0.61740948 0.00321057
1.21890106 0.61736265 0.00331491
1.22017237 0.61729722 0.00341051
1.22144367 0.61721351 0.00349703
1.22271498 0.61711190 0.00357417
1.22398628 0.61699288 0.00364162
1.22525759 0.61685705 0.00369909
1.22652889 0.61670512 0.00374634
1.22780020 0.61653789 0.00378312
1.22907150 0.61635629 0.00380923
1.23034281 0.61616140 0.00382448
1.23161411 0.61595438 0.00382871
1.23288542 0.61573655 0.00382180
1.23415673 0.61550936 0.00380363
1.23542803 0.61527442 0.00377416
1.23669934 0.61503346 0.00373334
1.23797064 0.61478838 0.00368118
1.23924195 0.61454124 0.00361774
1.24051325 0.61429426 0.00354310
1.24178456 0.61404984 0.00345741
1.24305586 0.61381053 0.00336087
1.24432717 0.61357909 0.00325374
1.24559847 0.61335846 0.00313637
1.24686978 0.61315177 0.00300918
1.24814109 0.61296234 0.00287270
1.24941239 0.61279371 0.00272760
1.25068370 0.61264964 0.00257474
1.25195500 0.61253407 0.00241519
1.25322631 0.61245121 0.00225035
1.25449761 0.61240547 0.00208206
1.25576892 0.61240152 0.00191280
1.25704022 0.61244424 0.00174602
1.25831153 0.61253879 0.00158652
1.25958283 0.61269059 0.00144105
1.26085414 0.61290530 0.00131879
1.26212545 0.61318886 0.00123133
1.26339675 0.61354749 0.00119085
1.26466806 0.61398770 0.00120617
1.26593936 0.61451629 0.00127876
1.26721067 0.61514035 0.00140258
1.26848197 0.61586727 0.00156774
1.26975328 0.61670478 0.00176437
1.27102458 0.61766091 0.00198443
1.27229589 0.61874402 0.00222199
1.27356719 0.61996282 0.00247281
1.27483850 0.62132633 0.00273393
1.27610981 0.62284397 0.00300332
1.27738111 0.62452547 0.00327967
1.27865242 0.62638096 0.00356219
1.27992372 0.62842093 0.00385057
1.28119503 0.63065627 0.00414491
-0.96316762 0.62534192 0.00338888
-0.96189631 0.62317537 0.00379099
-0.96062353 0.62228836 0.00379368
-0.95934927 0.62174554 0.00379354
-0.95807353 0.62112452 0.00370411
-0.95679779 0.61999435 0.00335044
-0.95551909 0.61785469 0.00258780
-0.95423744 0.61347932 0.00282210
-0.95295431 0.60244452 0.00778171
-0.95167118 0.58836542 0.01184446
-0.95038804 0.58768316 0.01153073
-0.94910048 0.60190802 0.00969416
-0.94781143 0.61600972 0.00840463
-0.94651943 0.62502192 0.00756398
-0.94522743 0.63132475 0.00702896
-0.94393247 0.63617831 0.00658622
-0.94263604 0.64061153 0.00623362
-0.94133960 0.64486102 0.00591278
-0.94004021 0.64902576 0.00561669
-0.93873934 0.65300520 0.00535613
-0.93743699 0.65675254 0.00512652
-0.93613316 0.66027548 0.00492187
-0.93482786 0.66360791 0.00473719
-0.93351959 0.66677062 0.00456915
-0.93221133 0.66978734 0.00441467
-0.93090011 0.67267458 0.00427129
-0.92958890 0.67544949 0.00413928
-0.92827472 0.67812497 0.00401669
-0.92695907 0.68071367 0.00390382
-0.92564341 0.68322034 0.00379281
-0.92432480 0.68565424 0.00369073
-0.92300472 0.68802486 0.00359688
-0.92168315 0.69033672 0.00350289
-0.92036010 0.69259209 0.00341460
-0.91903410 0.69479322 0.00333186
-0.91770810 0.69694237 0.00324896
-0.91638062 0.69903051 0.00316910
-0.91505167 0.70106215 0.00309193
-0.91371975 0.70304181 0.00302318
-0.91238784 0.70498983 0.00295732
-0.91105297 0.70691751 0.00289150
-0.90971810 0.70882260 0.00282837
-0.90838027 0.71070734 0.00277079
-0.90704096 0.71257401 0.00271297
-0.90570166 0.71442034 0.00265518
-0.90435940 0.71624859 0.00260029
-0.90301565 0.71806102 0.00254804
-0.90167044 0.71985989 0.00249581
-0.90032374 0.72164294 0.00244940
-0.89897556 0.72341017 0.00240241
-0.89762591 0.72516836 0.00235574
-0.89627478 0.72691073 0.00230940
-0.89492217 0.72864181 0.00226502
-0.89356808 0.73036384 0.00222424
-0.89221251 0.73207684 0.00218279
-0.89085547 0.73377401 0.00214170
-0.88949695 0.73546893 0.00210320
-0.88813547 0.73715254 0.00206214
-0.88677399 0.73882486 0.00202622
-0.88541103 0.74049266 0.00198774
-0.88404659 0.74215141 0.00195516
-0.88267920 0.74380339 0.00191926
-0.88131181 0.74544859 0.00188337
-0.87994294 0.74708701 0.00185084
-0.87857259 0.74872090 0.00181791
-0.87719928 0.75034576 0.00178753
-0.87582598 0.75196610 0.00175462
-0.87445120 0.75358192 0.00172469
-0.87307345 0.75519322 0.00169432
-0.87169571 0.75679548 0.00166442
-0.87031650 0.75839548 0.00163704
-0.86893580 0.75999096 0.00160919
-0.86755215 0.76157966 0.00157933
-0.86616849 0.76316836 0.00155148
-0.86478336 0.76475028 0.00152712
-0.86339675 0.76632994 0.00149979
-0.86200866 0.76790282 0.00147793
-0.86061762 0.76947571 0.00145062
-0.85922657 0.77103955 0.00142579
-0.85783405 0.77260565 0.00140396
-0.85644005 0.77416723 0.00137968
-0.85504457 0.77572429 0.00135487
-0.85364761 0.77727910 0.00133251
-0.85224918 0.77883164 0.00131072
-0.85084926 0.78037966 0.00129195
-0.84944787 0.78192768 0.00126959
-0.84804648 0.78347119 0.00124843
-0.84664213 0.78501469 0.00122910
-0.84523630 0.78655819 0.00120978
-0.84382899 0.78809718 0.00118805
-0.84242169 0.78963616 0.00117177
-0.84101143 0.79117514 0.00115549
-0.83960116 0.79271186 0.00113620
-0.83818795 0.79425085 0.00111994
-0.83677473 0.79578757 0.00110065
-0.83536003 0.79732429 0.00108678
-0.83394238 0.79886328 0.00107055
-0.83252472 0.80040452 0.00105737
-0.83110559 0.80194350 0.00104282
-0.82968498 0.80348475 0.00102966
-0.82826289 0.80502373 0.00101511
-0.82684081 0.80656271 0.00100431
-0.82541576 0.80810169 0.00098975
-0.82398924 0.80963164 0.00097590
-0.82256272 0.81116158 0.00096370
-0.82113324 0.81268701 0.00095290
-0.81970376 0.81420339 0.00094070
-0.81827280 0.81571299 0.00092685
-0.81684036 0.81720904 0.00091467
-0.81540645 0.81869605 0.00090317
-0.81397106 0.82016723 0.00088863
-0.81253418 0.82162486 0.00087781
-0.81109584 0.82306441 0.00086261
-0.80965749 0.82448588 0.00084874
-0.80821618 0.82589153 0.00083724
-0.80677488 0.82727232 0.00082337
-0.80533209 0.82863503 0.00080884
-0.80388783 0.82997740 0.00079801
-0.80244209 0.83130169 0.00078110
-0.80099487 0.83261017 0.00077028
-0.79954765 0.83389831 0.00075406
-0.79809748 0.83517288 0.00074325
-0.79664730 0.83643616 0.00073011
-0.79519565 0.83768814 0.00071627
-0.79374252 0.83893333 0.00070624
-0.79228791 0.84016949 0.00069319
-0.79083182 0.84140113 0.00067937
-0.78937573 0.84263051 0.00067172
-0.78791669 0.84385537 0.00066183
-0.78645764 0.84508249 0.00065114
-0.78499712 0.84630734 0.00064132
-0.78353512 0.84753672 0.00063378
-0.78207164 0.84877062 0.00062315
-0.78060816 0.85001130 0.00061784
-0.77914320 0.85125650 0.00060942
-0.77767528 0.85251073 0.00060412
-0.77620885 0.85377175 0.00059882
-0.77473946 0.85503955 0.00059353
-0.77326859 0.85630960 0.00058730
-0.77179771 0.85757966 0.00058108
-0.77032537 0.85885198 0.00057797
-0.76885154 0.86011977 0.00057395
-0.76737623 0.86138305 0.00056774
-0.76590093 0.86263955 0.00056154
-0.76442266 0.86388927 0.00055671
-0.76294440 0.86512768 0.00055362
-0.76146466 0.86635254 0.00054662
-0.75998492 0.86756158 0.00054046
-0.75850222 0.86875480 0.00053510
-0.75701953 0.86992542 0.00052815
-0.75553535 0.87107797 0.00051893
-0.75405118 0.87220565 0.00051279
-0.75256405 0.87331525 0.00050434
-0.75107691 0.87440000 0.00049515
-0.74958830 0.87545989 0.00048902
-0.74809822 0.87649944 0.00048132
-0.74660813 0.87751412 0.00047287
-0.74511656 0.87851525 0.00046443
-0.74362352 0.87949379 0.00045675
-0.74212899 0.88045876 0.00044911
-0.74063447 0.88140791 0.00044376
-0.73913847 0.88234802 0.00043532
-0.73764099 0.88327910 0.00042772
-0.73614351 0.88420565 0.00042326
-0.73464307 0.88512994 0.00041573
-0.73314412 0.88604972 0.00041136
-0.73164220 0.88697175 0.00040608
-0.73014029 0.88789831 0.00040296
-0.72863542 0.88882938 0.00040080
-0.72713202 0.88976949 0.00039768
-0.72562567 0.89072316 0.00039456
-0.72411933 0.89168588 0.00039050
-0.72261150 0.89265085 0.00038427
-0.72110367 0.89360226 0.00037806
-0.71959436 0.89453333 0.00037185
-0.71808358 0.89543955 0.00036874
-0.71657132 0.89633446 0.00036343
-0.71505906 0.89720904 0.00035812
-0.71354532 0.89807458 0.00035501
-0.71203158 0.89892881 0.00034971
-0.71051488 0.89977401 0.00034660
-0.70899966 0.90061017 0.00034038
-0.70748148 0.90143729 0.00033507
-0.70596331 0.90225763 0.00032977
-0.70444366 0.90306893 0.00032666
-0.70292400 0.90387345 0.00032232
-0.70140287 0.90467119 0.00031920
-0.69988026 0.90546441 0.00031392
-0.69835765 0.90625537 0.00031080
-0.69683356 0.90703503 0.00030553
-0.69530800 0.90781243 0.00030240
-0.69378243 0.90858079 0.00030027
-0.69225538 0.90934689 0.00029502
-0.69072834 0.91010395 0.00029188
-0.68919982 0.91086102 0.00028875
-0.68766982 0.91161130 0.00028562
-0.68613981 0.91235706 0.00028037
-0.68460833 0.91309379 0.00027724
-0.68307685 0.91382825 0.00027513
-0.68154390 0.91455819 0.00027200
-0.68001094 0.91528588 0.00026990
-0.67847650 0.91600452 0.00026573
-0.67694059 0.91671864 0.00026362
-0.67540467 0.91743051 0.00025840
-0.67386728 0.91813559 0.00025840
-0.67232841 0.91883842 0.00025526
-0.67078954 0.91953446 0.00025212
-0.66925067 0.92022373 0.00024898
-0.66771032 0.92090621 0.00024584
-0.66616849 0.92158418 0.00024584
-0.66462666 0.92225989 0.00024270
-0.66308484 0.92292881 0.00023957
-0.66154005 0.92358870 0.00023747
-0.65999675 0.92424407 0.00023433
-0.65845049 0.92489718 0.00023331
-0.65690570 0.92553898 0.00023018
-0.65535796 0.92617401 0.00022705
-0.65381022 0.92680452 0.00022179
-0.65226248 0.92742147 0.00022179
-0.65071326 0.92803616 0.00021866
-0.64916404 0.92863955 0.00021341
-0.64761335 0.92923390 0.00021028
-0.64606265 0.92981695 0.00021028
-0.64451047 0.93038644 0.00020504
-0.64295830 0.93094689 0.00020611
-0.64140464 0.93150734 0.00020296
-0.63985099 0.93206554 0.00020091
-0.63829586 0.93262147 0.00020091
-0.63674073 0.93318192 0.00019776
-0.63518412 0.93374237 0.00019461
-0.63362751 0.93429831 0.00019461
-0.63207090 0.93485198 0.00019146
-0.63051133 0.93540565 0.00019258
-0.62895324 0.93595254 0.00018943
-0.62739368 0.93649944 0.00018627
-0.62583411 0.93703729 0.00018517
-0.62427306 0.93757514 0.00018312
-0.62271202 0.93810621 0.00018203
-0.62114950 0.93863051 0.00017997
-0.61958697 0.93915254 0.00017997
-0.61802445 0.93967006 0.00017889
-0.61646045 0.94018079 0.00017682
-0.61489497 0.94068475 0.00017575
-0.61333097 0.94118418 0.00017261
-0.61176401 0.94167910 0.00017261
-0.61019853 0.94217175 0.00016948
-0.60863157 0.94265311 0.00016948
-0.60706461 0.94313220 0.00016634
-0.60549618 0.94360226 0.00016424
-0.60392774 0.94407006 0.00016424
-0.60235783 0.94453333 0.00016321
-0.60078939 0.94498531 0.00016009
-0.59921800 0.94543503 0.00015797
-0.59764808 0.94588249 0.00015797
-0.59607669 0.94632090 0.00015483
-0.59450530 0.94675480 0.00015483
-0.59293243 0.94718192 0.00015483
-0.59135956 0.94760678 0.00015170
-0.58978669 0.94802486 0.00014857
-0.58821234 0.94843842 0.00014857
-0.58663799 0.94884520 0.00014857
-0.58506364 0.94924972 0.00014544
-0.58348781 0.94964746 0.00014232
-0.58191198 0.95004294 0.00014019
-0.58033616 0.95043390 0.00014124
-0.57875885 0.95081808 0.00013809
-0.57718302 0.95120000 0.00013705
-0.57560424 0.95158192 0.00013495
-0.57402693 0.95195480 0.00013495
-0.57244815 0.95232542 0.00013181
-0.57086937 0.95269605 0.00013289
-0.56929058 0.95305989 0.00012974
-0.56771032 0.95342599 0.00012974
-0.56613006 0.95378531 0.00012974
-0.56454980 0.95414237 0.00012659
-0.56296805 0.95449944 0.00012772
-0.56138779 0.95485424 0.00012659
-0.55980605 0.95520678 0.00012659
-0.55822283 0.95555706 0.00012345
-0.55664109 0.95590960 0.00012345
-0.55505787 0.95626215 0.00012345
-0.55347466 0.95661243 0.00012456
-0.55189144 0.95696497 0.00012554
-0.55030822 0.95731751 0.00012554
-0.54872352 0.95767232 0.00012456
-0.54713882 0.95802712 0.00012241
-0.54555413 0.95838192 0.00012145
-0.54396943 0.95872090 0.00012145
-0.54238325 0.95905085 0.00011834
-0.54079708 0.95937627 0.00011834
-0.53921090 0.95969040 0.00011747
-0.53762473 0.95999774 0.00011523
-0.53603855 0.96030056 0.00011213
-0.53445090 0.96059887 0.00011213
-0.53286472 0.96089040 0.00011213
-0.53127707 0.96118192 0.00011213
-0.52968942 0.96146667 0.00011213
-0.52810029 0.96174915 0.00010904
-0.52651263 0.96202938 0.00010681
-0.52492498 0.96230734 0.00010681
-0.52333585 0.96258079 0.00010595
-0.52174671 0.96285198 0.00010595
-0.52015758 0.96312090 0.00010681
-0.51856845 0.96338983 0.00010371
-0.51697932 0.96365424 0.00010371
-0.51538871 0.96391412 0.00010287
-0.51379958 0.96417401 0.00010061
-0.51220897 0.96443164 0.00010061
-0.51061836 0.96468927 0.00010061
-0.50902775 0.96494463 0.00009752
-0.50743714 0.96519774 0.00010061
-0.50584653 0.96544633 0.00009752
-0.50425592 0.96569718 0.00009752
-0.50266383 0.96594124 0.00009752
-0.50107322 0.96618531 0.00009752
-0.49948261 0.96642938 0.00009752
-0.49789052 0.96667119 0.00009443
-0.49629843 0.96690847 0.00009443
-0.49470782 0.96714576 0.00009443
-0.49311573 0.96738079 0.00009673
-0.49152364 0.96761356 0.00009443
-0.48993156 0.96784633 0.00009367
-0.48833947 0.96807006 0.00009367
-0.48674738 0.96829605 0.00009301
-0.48515529 0.96851977 0.00009301
-0.48356320 0.96873898 0.00009062
-0.48196964 0.96895593 0.00009062
-0.48037755 0.96917288 0.00009062
-0.47878546 0.96938079 0.00008758
-0.47719337 0.96959096 0.00008758
-0.47559980 0.96979435 0.00008758
-0.47400772 0.96999322 0.00008700
-0.47241563 0.97018757 0.00008401
-0.47082206 0.97037966 0.00008154
-0.46922997 0.97056271 0.00008154
-0.46763788 0.97074350 0.00008217
-0.46604432 0.97091977 0.00008217
-0.46445223 0.97109379 0.00007913
-0.46286014 0.97127006 0.00007913
-0.46126658 0.97144633 0.00007913
-0.45967449 0.97162260 0.00007913
-0.45808240 0.97179887 0.00007913
-0.45649031 0.97197740 0.00007677
-0.45489822 0.97215367 0.00007677
-0.45330613 0.97232994 0.00007677
-0.45171257 0.97250169 0.00007610
-0.45012048 0.97267797 0.00007610
-0.44852839 0.97284972 0.00007372
-0.44693778 0.97302147 0.00007309
-0.44534569 0.97319096 0.00007309
-0.44375360 0.97336045 0.00007309
-0.44216151 0.97352994 0.00007309
-0.44057090 0.97369266 0.00007309
-0.43897882 0.97385763 0.00007067
-0.43738821 0.97402260 0.00007009
-0.43579612 0.97418305 0.00007067
-0.43420551 0.97434350 0.00007309
-0.43261490 0.97450395 0.00007009
-0.43102429 0.97465989 0.00007009
-0.42943368 0.97481582 0.00007009
-0.42784307 0.97496723 0.00006965
-0.42625394 0.97512090 0.00007009
-0.42466333 0.97527006 0.00007009
-0.42307419 0.97541695 0.00006712
-0.42148358 0.97556610 0.00006712
-0.41989445 0.97571299 0.00006416
-0.41830532 0.97585763 0.00006712
-0.41671619 0.97600000 0.00006712
-0.41512853 0.97614011 0.00006416
-0.41353940 0.97628023 0.00006673
-0.41195175 0.97641808 0.00006416
-0.41036262 0.97655367 0.00006416
-0.40877496 0.97668927 0.00006416
-0.40718731 0.97682260 0.00006123
-0.40560114 0.97695141 0.00006123
-0.40401348 0.97708249 0.00006416
-0.40242731 0.97720904 0.00006123
-0.40084113 0.97733785 0.00006123
-0.39925496 0.97746441 0.00005832
-0.39766878 0.97758870 0.00006123
-0.39608261 0.97771073 0.00006123
-0.39449791 0.97783051 0.00005832
-0.39291321 0.97795254 0.00005832
-0.39132851 0.97807232 0.00005545
-0.38974382 0.97818983 0.00005832
-0.38816060 0.97830508 0.00005832
-0.38657738 0.97841808 0.00005545
-0.38499416 0.97853333 0.00005545
-0.38341094 0.97864633 0.00005572
-0.38182920 0.97875706 0.00005545
-0.38024598 0.97886780 0.00005281
-0.37866424 0.97897627 0.00005281
-0.37708398 0.97908249 0.00004992
-0.37550224 0.97918644 0.00005281
-0.37392198 0.97929266 0.00004992
-0.37234172 0.97939435 0.00004992
-0.37076145 0.97950056 0.00005023
-0.36918267 0.97960000 0.00004730
-0.36760388 0.97970169 0.00004730
-0.36602510 0.97980339 0.00004730
-0.36444780 0.97990508 0.00004730
-0.36286901 0.98000452 0.00004992
-0.36129171 0.98010169 0.00004730
-0.35971588 0.98020339 0.00004730
-0.35814005 0.98029831 0.00004730
-0.35656422 0.98039774 0.00004440
-0.35498840 0.98049492 0.00004730
-0.35341405 0.98059209 0.00004474
-0.35183970 0.98068701 0.00004474
-0.35026535 0.98077966 0.00004179
-0.34869248 0.98087458 0.00004179
-0.34711961 0.98096723 0.00004440
-0.34554674 0.98105763 0.00004179
-0.34397534 0.98115254 0.00004179
-0.34240395 0.98124068 0.00004179
-0.34083256 0.98133107 0.00003927
-0.33926264 0.98141921 0.00003927
-0.33769273 0.98150734 0.00003927
-0.33612429 0.98159548 0.00003927
-0.33455586 0.98168362 0.00003927
-0.33298742 0.98176723 0.00003686
-0.33142046 0.98185311 0.00003927
-0.32985350 0.98193672 0.00003686
-0.32828655 0.98201808 0.00003686
-0.32672107 0.98210169 0.00003630
-0.32515559 0.98218531 0.00003382
-0.32359159 0.98226441 0.00003457
-0.32202758 0.98234576 0.00003457
-0.32046358 0.98242260 0.00003382
-0.31890106 0.98250169 0.00003457
-0.31734002 0.98258079 0.00003148
-0.31577749 0.98265537 0.00003148
-0.31421793 0.98272994 0.00003148
-0.31265688 0.98280678 0.00002929
-0.31109731 0.98287910 0.00003049
-0.30953923 0.98294915 0.00002929
-0.30798114 0.98302147 0.00003049
-0.30642305 0.98309379 0.00002731
-0.30486644 0.98316158 0.00002731
-0.30330983 0.98322938 0.00002731
-0.30175470 0.98329944 0.00003049
-0.30019957 0.98336949 0.00002876
-0.29864591 0.98344407 0.00002876
-0.29709226 0.98351864 0.00002876
-0.29554008 0.98359322 0.00002876
-0.29398791 0.98367006 0.00002731
-0.29243721 0.98374915 0.00002876
-0.29088651 0.98382599 0.00002731
-0.28933730 0.98390508 0.00002876
-0.28778808 0.98398418 0.00002557
-0.28623886 0.98406554 0.00002557
-0.28469112 0.98414463 0.00002731
-0.28314485 0.98422599 0.00002731
-0.28159859 0.98430734 0.00002731
-0.28005381 0.98438870 0.00002731
-0.27850902 0.98446780 0.00002413
-0.27696572 0.98454915 0.00002413
-0.27542241 0.98463051 0.00002413
-0.27388059 0.98471186 0.00002413
-0.27234024 0.98479322 0.00002413
-0.27079989 0.98487458 0.00002413
-0.26925954 0.98495593 0.00002413
-0.26772067 0.98503729 0.00002413
-0.26618327 0.98511864 0.00002413
-0.26464588 0.98520000 0.00002413
-0.26310997 0.98528814 0.00002413
-0.26157405 0.98536949 0.00002413
-0.26003962 0.98545085 0.00002413
-0.25850518 0.98553220 0.00002413
-0.25697222 0.98561356 0.00002413
-0.25544074 0.98569492 0.00002413
-0.25390926 0.98577853 0.00002237
-0.25237926 0.98586441 0.00002413
-0.25084926 0.98594576 0.00002413
-0.24932074 0.98602938 0.00002237
-0.24779369 0.98611299 0.00002557
-0.24626665 0.98619887 0.00002237
-0.24474108 0.98628249 0.00002557
-0.24321552 0.98637062 0.00002557
-0.24169143 0.98645876 0.00002557
-0.24016882 0.98654463 0.00002237
-0.23864621 0.98663277 0.00002237
-0.23712508 0.98672090 0.00002237
-0.23560542 0.98680904 0.00002237
-0.23408577 0.98688814 0.00001918
-0.23256759 0.98696271 0.00001918
-0.23104942 0.98703277 0.00001779
-0.22953272 0.98709605 0.00002096
-0.22801750 0.98716158 0.00001779
-0.22650376 0.98722260 0.00001779
-0.22499002 0.98728136 0.00001996
-0.22347628 0.98734237 0.00001996
-0.22196550 0.98740113 0.00001691
-0.22045471 0.98745989 0.00001779
-0.21894541 0.98751864 0.00001996
-0.21743610 0.98757740 0.00001691
-0.21592827 0.98763842 0.00001691
-0.21442193 0.98769718 0.00001944
-0.21291705 0.98775593 0.00001996
-0.21141218 0.98781695 0.00001996
-0.20990879 0.98787797 0.00001996
-0.20840540 0.98793898 0.00001996
-0.20690496 0.98800226 0.00001944
-0.20540453 0.98806328 0.00001944
-0.20390557 0.98812429 0.00001944
-0.20240661 0.98818757 0.00001691
-0.20090913 0.98825311 0.00001944
-0.19941313 0.98831638 0.00001691
-0.19791861 0.98838192 0.00001944
-0.19642408 0.98844746 0.00001661
-0.19493104 0.98851299 0.00001691
-0.19343947 0.98858079 0.00001691
-0.19194791 0.98864633 0.00001944
-0.19045930 0.98871412 0.00001944
-0.18897069 0.98878192 0.00001944
-0.18748355 0.98884746 0.00001661
-0.18599642 0.98891525 0.00001661
-0.18451077 0.98898305 0.00001661
-0.18302659 0.98905085 0.00001661
-0.18154390 0.98911412 0.00001691
-0.18006268 0.98917966 0.00001661
-0.17858146 0.98924746 0.00001661
-0.17710172 0.98931073 0.00001691
-0.17562346 0.98937627 0.00001661
-0.17414667 0.98943955 0.00001691
-0.17266989 0.98950282 0.00001393
-0.17119606 0.98956836 0.00001691
-0.16972223 0.98963164 0.00001393
-0.16824841 0.98969718 0.00001691
-0.16677754 0.98975819 0.00001691
-0.16530667 0.98982147 0.00001393
-0.16383875 0.98988701 0.00001691
-0.16237084 0.98994802 0.00001691
-0.16090440 0.99001130 0.00001393
-0.15943796 0.99007458 0.00001465
-0.15797449 0.99013785 0.00001691
-0.15651101 0.99019887 0.00001691
-0.15504900 0.99026441 0.00001465
-0.15358848 0.99032542 0.00001465
-0.15212944 0.99038870 0.00001691
-0.15067039 0.99045424 0.00001465
-0.14921430 0.99051525 0.00001465
-0.14775822 0.99057627 0.00001465
-0.14630375 0.99064407 0.00001465
-0.14485062 0.99070508 0.00001465
-0.14339867 0.99076836 0.00001598
-0.14194791 0.99083390 0.00001465
-0.14049847 0.99089718 0.00001598
-0.13905022 0.99096271 0.00001465
-0.13760344 0.99102599 0.00001598
-0.13615770 0.99109153 0.00001465
-0.13471344 0.99115480 0.00001598
-0.13327021 0.99122260 0.00001598
-0.13182846 0.99128814 0.00001465
-0.13038804 0.99135367 0.00001278
-0.12894881 0.99141921 0.00001598
-0.12751090 0.99148701 0.00001598
-0.12607433 0.99155480 0.00001598
-0.12463893 0.99162260 0.00001598
-0.12320502 0.99169040 0.00001598
-0.12177229 0.99175819 0.00001598
-0.12034104 0.99182825 0.00001278
-0.11891096 0.99189605 0.00001278
-0.11748222 0.99196836 0.00001598
-0.11605496 0.99203842 0.00001278
-0.11462888 0.99211073 0.00001598
-0.11320413 0.99218531 0.00001598
-0.11178086 0.99225537 0.00001278
-0.11035892 0.99232994 0.00001278
-0.10893816 0.99240452 0.00001278
-0.10751888 0.99247684 0.00001598
-0.10610108 0.99254915 0.00001465
-0.10468446 0.99262147 0.00001278
-0.10326932 0.99269153 0.00001465
-0.10185551 0.99276384 0.00001278
-0.10044304 0.99283390 0.00001465
-0.09903203 0.99290847 0.00001465
-0.09762236 0.99298079 0.00001278
-0.09621417 0.99305311 0.00001152
-0.09480731 0.99312542 0.00001465
-0.09340178 0.99320000 0.00001465
-0.09199772 0.99327458 0.00001465
-0.09059500 0.99334915 0.00001465
-0.08919376 0.99342373 0.00001465
-0.08779384 0.99349831 0.00001465
-0.08639541 0.99357288 0.00001465
-0.08499845 0.99364972 0.00001152
-0.08360282 0.99372429 0.00001152
-0.08220867 0.99380113 0.00001278
-0.08081600 0.99387797 0.00001465
-0.07942466 0.99395480 0.00001152
-0.07803480 0.99402938 0.00001152
-0.07664641 0.99410621 0.00001278
-0.07525951 0.99418531 0.00001152
-0.07387393 0.99425989 0.00001152
-0.07248984 0.99433672 0.00001278
-0.07110722 0.99441582 0.00001152
-0.06972608 0.99449040 0.00001152
-0.06834642 0.99456497 0.00001152
-0.06696823 0.99463955 0.00001152
-0.06559138 0.99470960 0.00001393
-0.06421615 0.99477514 0.00001152
-0.06284240 0.99483842 0.00001393
-0.06146998 0.99489718 0.00001152
-0.06009919 0.99496045 0.00001393
-0.05872988 0.99502147 0.00001393
-0.05736204 0.99508249 0.00001393
-0.05599568 0.99514576 0.00001107
-0.05463080 0.99521130 0.00001393
-0.05326740 0.99527684 0.00001393
-0.05190548 0.99534237 0.00001661
-0.05054518 0.99541017 0.00001661
-0.04918636 0.99548249 0.00001393
-0.04782902 0.99556158 0.00001393
-0.04647316 0.99565876 0.00001393
-0.04511893 0.99579209 0.00001393
-0.04376617 0.99595254 0.00001661
-0.04241504 0.99612655 0.00001691
-0.04106524 0.99629379 0.00001944
-0.03971706 0.99645198 0.00001691
-0.03837051 0.99661469 0.00001691
-0.03702529 0.99677062 0.00001691
-0.03568185 0.99692655 0.00001691
-0.03433973 0.99708475 0.00001465
-0.03299939 0.99724746 0.00001465
-0.03166038 0.99741695 0.00001465
-0.03032315 0.99759774 0.00001691
-0.02898739 0.99780113 0.00002096
-0.02765326 0.99805650 0.00002305
-0.02632105 0.99836158 0.00002731
-0.02499002 0.99867345 0.00002731
-0.02366047 0.99895819 0.00002731
-0.02233255 0.99920678 0.00002413
-0.02100625 0.99941921 0.00002237
-0.01968143 0.99959548 0.00002237
-0.01835824 0.99973785 0.00001779
-0.01703653 0.99984859 0.00001598
-0.01571644 0.99992768 0.00001278
-0.01439801 0.99998192 0.00001278
-0.01308110 1.00001356 0.00000959
-0.01176578 1.00002034 0.00000959
-0.01045207 1.00000678 0.00000959
-0.00913993 0.99997288 0.00000959
-0.00782941 0.99991186 0.00000959
-0.00652048 0.99983277 0.00001278
-0.00521317 0.99971751 0.00001278
-0.00390746 0.99958418 0.00002096
-0.00260335 0.99938079 0.00002096
-0.00130087 0.99915706 0.00003516
-0.00000000 0.99870960 0.00001598
