# s/c   cf_mean    cf_std
0.00000000 0.00215920 0.00030803
0.00130087 0.00323672 0.00041310
0.00260174 0.00424500 0.00052458
0.00390261 0.00518779 0.00063807
0.00520348 0.00606872 0.00075188
0.00650435 0.00689131 0.00086534
0.00780522 0.00765895 0.00097817
0.00910609 0.00837491 0.00109026
0.01040697 0.00904236 0.00120159
0.01170784 0.00966434 0.00131219
0.01300871 0.01024380 0.00142212
0.01430958 0.01078356 0.00153142
0.01561045 0.01128637 0.00164017
0.01691132 0.01175483 0.00174844
0.01821219 0.01219150 0.00185628
0.01951306 0.01259878 0.00196377
0.02081393 0.01297901 0.00207097
0.02211480 0.01333444 0.00217794
0.02341567 0.01366720 0.00228473
0.02470176 0.01397936 0.00239141
0.02600263 0.01427289 0.00249803
0.02730350 0.01454968 0.00260465
0.02860437 0.01481152 0.00271133
0.02990524 0.01506014 0.00281812
0.03120611 0.01529718 0.00292507
0.03250698 0.01552421 0.00303225
0.03380786 0.01574271 0.00313969
0.03510873 0.01595410 0.00324746
0.03640960 0.01615974 0.00335561
0.03771047 0.01636088 0.00346420
0.03901134 0.01655875 0.00357327
0.04029743 0.01675449 0.00368289
0.04159830 0.01694916 0.00379310
0.04289917 0.01714380 0.00390396
0.04420004 0.01733936 0.00401553
0.04550091 0.01753674 0.00412786
0.04680178 0.01773677 0.00424099
0.04810265 0.01794025 0.00435498
0.04940352 0.01814790 0.00446989
0.05068961 0.01836041 0.00458577
0.05199048 0.01857842 0.00470266
0.05329135 0.01880250 0.00482061
0.05459222 0.01903319 0.00493967
0.05589309 0.01927097 0.00505990
0.05719396 0.01951631 0.00518133
0.05849483 0.01976961 0.00530402
0.05978092 0.02003122 0.00542800
0.06108179 0.02030148 0.00555332
0.06238266 0.02058067 0.00568002
0.06368353 0.02086905 0.00580813
0.06498440 0.02116683 0.00593771
0.06628528 0.02147420 0.00606877
0.06757136 0.02179131 0.00620137
0.06887223 0.02211828 0.00633553
0.07017310 0.02245520 0.00647128
0.07147398 0.02280215 0.00660866
0.07277485 0.02315915 0.00674769
0.07407572 0.02352623 0.00688840
0.07536180 0.02390336 0.00703082
0.07666268 0.02429052 0.00717498
0.07796355 0.02468765 0.00732089
0.07926442 0.02509468 0.00746858
0.08056529 0.02551150 0.00761806
0.08185138 0.02593801 0.00776937
0.08315225 0.02637407 0.00792251
0.08445312 0.02681955 0.00807750
0.08575399 0.02727427 0.00823435
0.08704008 0.02773806 0.00839309
0.08834095 0.02821074 0.00855372
0.08964182 0.02869211 0.00871625
0.09094269 0.02918196 0.00888070
0.09224356 0.02968006 0.00904708
0.09352965 0.03018619 0.00921538
0.09483052 0.03070011 0.00938562
0.09613139 0.03122158 0.00955781
0.09743226 0.03175035 0.00973195
0.09871835 0.03228616 0.00990803
0.10001922 0.03282875 0.01008607
0.10132009 0.03337787 0.01026607
0.10260618 0.03393324 0.01044802
0.10390705 0.03449460 0.01063193
0.10520792 0.03506168 0.01081779
0.10650879 0.03563421 0.01100560
0.10779488 0.03621191 0.01119535
0.10909575 0.03679452 0.01138704
0.11039662 0.03738178 0.01158066
0.11169749 0.03797340 0.01177620
0.11298358 0.03856914 0.01197366
0.11428445 0.03916873 0.01217302
0.11558532 0.03977192 0.01237427
0.11687141 0.04037845 0.01257739
0.11817228 0.04098808 0.01278238
0.11947315 0.04160056 0.01298921
0.12075924 0.04221566 0.01319786
0.12206011 0.04283315 0.01340832
0.12336098 0.04345281 0.01362057
0.12466185 0.04407442 0.01383458
0.12594794 0.04469777 0.01405033
0.12724881 0.04532266 0.01426780
0.12854968 0.04594890 0.01448695
0.12983577 0.04657474 0.01470726
0.13113664 0.04723990 0.01494563
0.13243751 0.04788668 0.01518833
0.13372359 0.04854719 0.01543150
0.13502447 0.04921429 0.01567288
0.13632534 0.04986905 0.01591481
0.13761142 0.05050773 0.01615746
0.13891229 0.05115825 0.01639464
0.14019838 0.05187498 0.01662608
0.14149925 0.05273912 0.01686014
0.14280012 0.05367954 0.01709630
0.14408621 0.05449211 0.01733003
0.14538708 0.05508720 0.01756787
0.14668795 0.05554357 0.01782185
0.14797404 0.05595692 0.01808151
0.14927491 0.05641061 0.01833563
0.15056100 0.05697751 0.01858655
0.15186187 0.05761973 0.01883465
0.15316274 0.05818568 0.01907146
0.15444883 0.05864895 0.01930410
0.15574970 0.05916760 0.01954616
0.15703579 0.05976200 0.01978875
0.15833666 0.06033325 0.02003036
0.15963753 0.06075976 0.02026212
0.16092362 0.06117657 0.02048602
0.16222449 0.06189272 0.02071403
0.16351058 0.06292108 0.02093837
0.16481145 0.06394020 0.02114302
0.16611232 0.06472513 0.02134313
0.16739841 0.06531768 0.02155974
0.16869928 0.06580796 0.02179619
0.16998537 0.06625794 0.02204766
0.17128624 0.06669334 0.02230310
0.17257232 0.06712872 0.02255849
0.17387319 0.06757220 0.02281057
0.17517407 0.06803399 0.02305919
0.17646015 0.06852142 0.02330446
0.17776102 0.06903297 0.02354639
0.17904711 0.06956555 0.02378554
0.18034798 0.07011530 0.02402263
0.18163407 0.07069495 0.02425605
0.18293494 0.07132241 0.02448532
0.18422103 0.07203150 0.02471429
0.18552190 0.07282188 0.02495212
0.18680799 0.07358315 0.02519201
0.18810886 0.07416975 0.02541749
0.18939495 0.07456616 0.02564135
0.19069582 0.07499301 0.02587074
0.19199669 0.07572499 0.02611823
0.19328278 0.07679000 0.02637252
0.19458365 0.07787087 0.02660228
0.19586974 0.07875798 0.02681601
0.19717061 0.07950395 0.02702989
0.19845669 0.08023300 0.02726824
0.19975757 0.08100159 0.02753071
0.20104365 0.08175257 0.02779926
0.20234452 0.08240659 0.02806820
0.20363061 0.08286811 0.02832783
0.20493148 0.08329497 0.02859591
0.20621757 0.08398108 0.02887569
0.20750366 0.08499919 0.02915305
0.20880453 0.08613554 0.02942819
0.21009062 0.08713069 0.02968760
0.21139149 0.08792617 0.02992942
0.21267758 0.08864271 0.03018449
0.21397845 0.08941321 0.03046223
0.21526454 0.09026958 0.03074390
0.21656541 0.09119058 0.03102806
0.21785149 0.09213899 0.03131128
0.21915236 0.09307775 0.03159225
0.22043845 0.09398537 0.03187506
0.22173932 0.09483887 0.03215787
0.22302541 0.09562211 0.03243672
0.22432628 0.09640034 0.03271559
0.22561237 0.09724489 0.03299673
0.22689846 0.09819830 0.03328231
0.22819933 0.09921166 0.03356907
0.22948542 0.10017571 0.03384960
0.23078629 0.10105231 0.03412162
0.23207238 0.10185425 0.03439037
0.23337325 0.10260388 0.03466283
0.23465933 0.10328935 0.03494010
0.23594542 0.10388839 0.03522239
0.23724629 0.10440626 0.03550709
0.23853238 0.10489357 0.03579354
0.23983325 0.10541558 0.03607977
0.24111934 0.10600070 0.03636214
0.24240543 0.10664228 0.03664106
0.24370630 0.10729360 0.03691752
0.24499239 0.10789425 0.03719175
0.24629326 0.10841514 0.03746509
0.24757935 0.10885950 0.03773278
0.24886543 0.10923888 0.03799254
0.25016630 0.10958187 0.03824874
0.25145239 0.10993406 0.03850671
0.25275326 0.11028855 0.03876509
0.25403935 0.11063471 0.03902257
0.25532544 0.11097445 0.03927913
0.25662631 0.11128951 0.03952951
0.25791240 0.11156109 0.03977522
0.25919849 0.11175160 0.04000628
0.26049936 0.11185203 0.04022417
0.26178545 0.11192541 0.04044809
0.26307153 0.11199232 0.04067135
0.26437240 0.11207089 0.04088674
0.26565849 0.11224624 0.04110746
0.26695936 0.11255468 0.04133423
0.26824545 0.11295088 0.04155760
0.26953154 0.11330809 0.04176889
0.27083241 0.11348160 0.04195361
0.27211850 0.11341829 0.04212850
0.27340459 0.11318544 0.04230807
0.27470546 0.11297816 0.04249757
0.27599154 0.11293667 0.04270859
0.27727763 0.11302331 0.04291978
0.27857850 0.11313094 0.04311719
0.27986459 0.11317889 0.04329666
0.28115068 0.11313799 0.04343987
0.28243677 0.11301534 0.04358048
0.28373764 0.11281446 0.04374554
0.28502373 0.11249991 0.04391452
0.28630981 0.11217040 0.04408377
0.28761068 0.11201047 0.04426979
0.28889677 0.11199298 0.04444539
0.29018286 0.11186513 0.04457766
0.29148373 0.11148196 0.04469551
0.29276982 0.11092210 0.04481398
0.29405591 0.11033079 0.04493719
0.29534200 0.10984491 0.04506585
0.29664287 0.10950963 0.04519619
0.29792895 0.10925710 0.04531937
0.29921504 0.10897067 0.04543065
0.30051591 0.10854811 0.04552292
0.30180200 0.10796690 0.04559968
0.30308809 0.10729073 0.04567486
0.30437418 0.10662378 0.04574658
0.30567505 0.10607107 0.04581943
0.30696114 0.10567061 0.04588697
0.30824722 0.10537895 0.04594282
0.30953331 0.10512711 0.04599497
0.31083418 0.10481181 0.04604464
0.31212027 0.10434171 0.04608711
0.31340636 0.10373170 0.04611499
0.31469245 0.10308736 0.04614087
0.31599332 0.10246183 0.04617318
0.31727941 0.10179556 0.04620381
0.31856549 0.10109116 0.04623759
0.31985158 0.10043212 0.04627235
0.32115245 0.09989678 0.04629933
0.32243854 0.09951913 0.04631918
0.32372463 0.09929789 0.04633576
0.32501072 0.09918252 0.04634925
0.32629681 0.09908523 0.04635744
0.32759768 0.09893111 0.04634970
0.32888376 0.09869142 0.04632991
0.33016985 0.09838287 0.04631246
0.33145594 0.09801289 0.04629475
0.33275681 0.09762690 0.04628347
0.33404290 0.09729847 0.04628859
0.33532899 0.09704034 0.04630499
0.33661508 0.09679983 0.04632141
0.33790116 0.09653562 0.04632727
0.33918725 0.09625204 0.04632361
0.34048812 0.09597851 0.04631350
0.34177421 0.09575019 0.04630046
0.34306030 0.09558782 0.04628602
0.34434639 0.09551288 0.04627129
0.34563247 0.09551828 0.04625997
0.34693335 0.09557984 0.04625948
0.34821943 0.09560916 0.04626098
0.34950552 0.09553976 0.04626204
0.35079161 0.09537956 0.04626284
0.35207770 0.09513093 0.04624892
0.35336379 0.09483970 0.04623119
0.35466466 0.09456692 0.04621490
0.35595074 0.09438596 0.04620279
0.35723683 0.09435540 0.04620200
0.35852292 0.09441223 0.04620184
0.35980901 0.09445062 0.04619556
0.36109510 0.09446696 0.04618842
0.36238118 0.09448519 0.04618398
0.36368206 0.09449462 0.04618019
0.36496814 0.09443912 0.04617180
0.36625423 0.09428762 0.04615957
0.36754032 0.09407776 0.04614925
0.36882641 0.09388185 0.04613829
0.37011250 0.09380936 0.04614100
0.37139858 0.09387402 0.04615655
0.37269945 0.09394747 0.04616257
0.37398554 0.09395010 0.04616152
0.37527163 0.09388617 0.04615642
0.37655772 0.09377390 0.04614427
0.37784381 0.09364631 0.04612433
0.37912989 0.09355813 0.04610497
0.38041598 0.09355098 0.04609779
0.38170207 0.09353610 0.04609486
0.38298816 0.09342595 0.04609628
0.38428903 0.09327466 0.04611306
0.38557512 0.09313900 0.04613959
0.38686121 0.09303559 0.04616591
0.38814729 0.09296883 0.04618570
0.38943338 0.09294871 0.04619895
0.39071947 0.09298040 0.04620828
0.39200556 0.09302994 0.04621166
0.39329165 0.09306887 0.04621049
0.39457773 0.09310821 0.04620893
0.39586382 0.09316951 0.04620610
0.39714991 0.09326877 0.04620229
0.39843600 0.09338370 0.04620512
0.39973687 0.09343926 0.04621793
0.40102296 0.09328474 0.04622588
0.40230905 0.09291997 0.04623172
0.40359513 0.09254434 0.04625535
0.40488122 0.09232991 0.04630175
0.40616731 0.09227414 0.04634438
0.40745340 0.09229002 0.04636991
0.40873949 0.09228144 0.04638259
0.41002557 0.09214874 0.04638294
0.41131166 0.09189988 0.04637580
0.41259775 0.09170487 0.04638343
0.41388384 0.09165683 0.04640239
0.41516993 0.09165206 0.04640488
0.41645601 0.09169504 0.04639961
0.41774210 0.09190285 0.04639535
0.41902819 0.09239953 0.04639847
0.42031428 0.09304919 0.04640023
0.42160037 0.09347734 0.04637882
0.42288645 0.09350495 0.04634122
0.42417254 0.09333334 0.04633152
0.42545863 0.09319740 0.04635827
0.42674472 0.09312347 0.04639859
0.42803081 0.09306812 0.04642838
0.42931690 0.09303724 0.04644926
0.43060298 0.09307916 0.04647629
0.43188907 0.09318999 0.04650456
0.43317516 0.09333680 0.04652913
0.43446125 0.09349531 0.04654760
0.43574734 0.09365236 0.04656186
0.43703342 0.09380564 0.04657193
0.43831951 0.09395380 0.04657845
0.43960560 0.09409908 0.04658208
0.44089169 0.09423046 0.04658439
0.44217778 0.09433671 0.04659061
0.44346386 0.09439525 0.04660155
0.44474995 0.09437834 0.04660547
0.44603604 0.09436281 0.04660367
0.44732213 0.09453181 0.04662029
0.44860822 0.09500234 0.04665025
0.44989430 0.09561681 0.04667982
0.45118039 0.09602816 0.04667878
0.45246648 0.09604045 0.04664731
0.45375257 0.09584540 0.04663490
0.45503866 0.09565851 0.04665831
0.45632474 0.09547481 0.04670376
0.45761083 0.09518603 0.04673237
0.45889692 0.09476856 0.04674369
0.46018301 0.09434940 0.04676578
0.46146910 0.09408034 0.04680391
0.46275519 0.09414333 0.04686268
0.46404127 0.09446502 0.04691549
0.46532736 0.09472521 0.04694263
0.46661345 0.09470485 0.04694867
0.46789954 0.09447860 0.04694022
0.46917084 0.09428551 0.04694920
0.47045693 0.09426978 0.04699779
0.47174302 0.09439238 0.04705587
0.47302911 0.09451941 0.04708796
0.47431520 0.09456860 0.04710296
0.47560128 0.09450891 0.04710215
0.47688737 0.09436044 0.04709682
0.47817346 0.09418293 0.04710158
0.47945955 0.09402455 0.04711141
0.48074564 0.09393533 0.04712663
0.48203172 0.09396873 0.04714998
0.48331781 0.09408984 0.04717533
0.48460390 0.09421886 0.04719684
0.48587521 0.09426308 0.04720845
0.48716129 0.09419164 0.04720973
0.48844738 0.09405958 0.04721046
0.48973347 0.09392032 0.04722093
0.49101956 0.09380419 0.04724018
0.49230565 0.09371664 0.04726193
0.49359173 0.09366373 0.04728450
0.49487782 0.09364747 0.04730484
0.49616391 0.09366480 0.04732276
0.49743522 0.09370197 0.04733747
0.49872130 0.09373709 0.04734885
0.50000739 0.09375124 0.04735765
0.50129348 0.09372983 0.04736553
0.50257957 0.09366391 0.04737289
0.50386566 0.09354839 0.04737845
0.50515174 0.09340177 0.04738261
0.50643783 0.09326101 0.04739136
0.50770914 0.09316301 0.04740720
0.50899523 0.09312412 0.04742842
0.51028131 0.09310557 0.04744847
0.51156740 0.09305889 0.04746163
0.51285349 0.09295278 0.04746910
0.51413958 0.09278967 0.04747416
0.51542567 0.09259345 0.04748152
0.51669697 0.09238452 0.04748559
0.51798306 0.09222271 0.04749730
0.51926915 0.09216778 0.04752138
0.52055524 0.09220516 0.04753831
0.52184132 0.09232561 0.04755340
0.52312741 0.09247744 0.04757417
0.52439872 0.09251919 0.04758254
0.52568480 0.09236058 0.04756843
0.52697089 0.09202550 0.04754084
0.52825698 0.09163702 0.04751521
0.52954307 0.09132961 0.04751723
0.53082916 0.09119970 0.04754252
0.53210046 0.09127562 0.04757879
0.53338655 0.09141258 0.04761302
0.53467264 0.09142844 0.04761797
0.53595873 0.09127916 0.04760455
0.53724481 0.09102691 0.04758323
0.53853090 0.09078368 0.04756071
0.53980221 0.09071593 0.04757846
0.54108830 0.09084965 0.04761742
0.54237438 0.09101253 0.04762945
0.54366047 0.09114301 0.04763607
0.54494656 0.09119230 0.04763734
0.54621787 0.09107858 0.04760974
0.54750395 0.09088845 0.04757900
0.54879004 0.09073460 0.04757075
0.55007613 0.09066723 0.04757309
0.55134744 0.09071522 0.04758215
0.55263352 0.09084050 0.04759087
0.55391961 0.09094533 0.04758911
0.55520570 0.09095016 0.04757291
0.55649179 0.09085801 0.04754679
0.55776309 0.09073304 0.04752019
0.55904918 0.09066991 0.04750919
0.56033527 0.09072097 0.04751621
0.56162136 0.09085608 0.04752307
0.56289266 0.09101318 0.04752817
0.56417875 0.09112961 0.04752484
0.56546484 0.09116515 0.04751294
0.56675093 0.09111959 0.04749979
0.56803702 0.09100518 0.04748551
0.56930832 0.09082334 0.04746922
0.57059441 0.09060454 0.04745271
0.57188050 0.09040313 0.04744912
0.57316659 0.09026298 0.04745702
0.57443789 0.09020320 0.04746385
0.57572398 0.09022929 0.04746542
0.57701007 0.09034020 0.04745837
0.57829616 0.09052181 0.04744615
0.57956746 0.09072405 0.04743427
0.58085355 0.09087508 0.04742003
0.58213964 0.09091014 0.04739962
0.58341094 0.09081279 0.04737282
0.58469703 0.09062641 0.04734248
0.58598312 0.09041823 0.04732429
0.58726921 0.09023719 0.04732175
0.58854051 0.09009634 0.04732368
0.58982660 0.09001925 0.04733413
0.59111269 0.08998270 0.04734581
0.59239878 0.08990602 0.04734291
0.59367008 0.08975081 0.04732513
0.59495617 0.08956460 0.04730638
0.59624226 0.08940910 0.04729905
0.59751356 0.08932733 0.04730298
0.59879965 0.08933297 0.04731237
0.60008574 0.08941077 0.04731976
0.60137183 0.08954415 0.04732497
0.60264313 0.08968733 0.04732609
0.60392922 0.08978710 0.04732305
0.60521531 0.08978049 0.04730789
0.60648661 0.08964113 0.04727983
0.60777270 0.08938966 0.04723907
0.60905879 0.08909051 0.04719746
0.61033010 0.08885072 0.04717971
0.61161618 0.08870914 0.04717484
0.61290227 0.08865876 0.04717282
0.61417358 0.08866701 0.04716861
0.61545967 0.08868316 0.04715764
0.61674575 0.08869012 0.04714482
0.61801706 0.08869172 0.04713331
0.61930315 0.08868570 0.04712497
0.62058924 0.08867158 0.04711643
0.62187532 0.08864913 0.04710429
0.62314663 0.08864831 0.04709206
0.62443272 0.08869683 0.04708112
0.62571880 0.08878085 0.04706632
0.62699011 0.08886236 0.04704999
0.62827620 0.08886657 0.04702286
0.62954750 0.08874557 0.04698135
0.63083359 0.08852949 0.04694126
0.63211968 0.08825854 0.04690600
0.63339099 0.08795968 0.04687748
0.63467707 0.08766781 0.04685915
0.63596316 0.08741509 0.04685113
0.63723447 0.08722238 0.04684829
0.63852056 0.08710471 0.04684562
0.63980664 0.08708102 0.04684522
0.64107795 0.08714458 0.04684617
0.64236404 0.08725080 0.04684029
0.64365012 0.08736139 0.04682687
0.64492143 0.08746473 0.04680947
0.64620752 0.08755739 0.04678980
0.64749361 0.08763793 0.04677086
0.64876491 0.08770006 0.04675167
0.65005100 0.08773847 0.04673294
0.65132231 0.08774744 0.04671417
0.65260839 0.08772172 0.04669561
0.65389448 0.08765324 0.04667437
0.65516579 0.08753840 0.04665025
0.65645188 0.08738209 0.04662394
0.65772318 0.08720055 0.04659960
0.65900927 0.08701729 0.04658479
0.66029536 0.08683235 0.04657679
0.66156666 0.08663424 0.04657366
0.66285275 0.08639559 0.04656586
0.66413884 0.08611366 0.04655028
0.66541014 0.08583599 0.04653911
0.66669623 0.08561754 0.04654402
0.66796754 0.08548174 0.04656397
0.66925363 0.08541270 0.04658715
0.67053971 0.08538736 0.04660379
0.67181102 0.08539356 0.04661373
0.67309711 0.08540920 0.04662097
0.67436841 0.08537579 0.04662061
0.67565450 0.08523178 0.04660341
0.67692581 0.08499244 0.04657976
0.67821189 0.08471027 0.04656307
0.67949798 0.08440232 0.04655256
0.68076929 0.08406858 0.04654358
0.68205538 0.08370009 0.04652755
0.68332668 0.08331682 0.04650484
0.68461277 0.08298980 0.04649178
0.68589886 0.08279109 0.04650604
0.68717016 0.08269723 0.04653234
0.68845625 0.08262506 0.04655054
0.68972756 0.08253268 0.04655820
0.69101364 0.08242108 0.04656084
0.69228495 0.08229284 0.04656136
0.69357104 0.08214941 0.04655756
0.69484234 0.08199868 0.04655052
0.69612843 0.08185849 0.04654203
0.69741452 0.08174832 0.04653225
0.69868582 0.08168419 0.04652509
0.69997191 0.08165582 0.04651695
0.70124322 0.08160959 0.04649739
0.70252931 0.08152015 0.04646590
0.70380061 0.08141122 0.04643784
0.70508670 0.08130636 0.04642160
0.70635801 0.08120149 0.04641045
0.70764409 0.08108028 0.04639932
0.70893018 0.08093682 0.04638672
0.71020149 0.08076686 0.04637199
0.71148758 0.08057495 0.04635690
0.71275888 0.08037046 0.04634033
0.71404497 0.08018711 0.04632798
0.71531627 0.08007978 0.04633096
0.71660236 0.08005352 0.04634072
0.71787367 0.08005388 0.04633931
0.71915976 0.08003561 0.04632146
0.72043106 0.07999241 0.04629388
0.72171715 0.07993177 0.04626145
0.72298845 0.07986581 0.04622949
0.72427454 0.07980804 0.04620289
0.72554585 0.07976219 0.04618460
0.72683194 0.07970847 0.04617121
0.72810324 0.07961581 0.04615401
0.72938933 0.07947094 0.04612693
0.73066064 0.07930256 0.04610191
0.73194672 0.07914765 0.04608586
0.73321803 0.07902823 0.04608187
0.73450412 0.07894809 0.04608648
0.73577542 0.07888956 0.04608797
0.73706151 0.07883826 0.04608441
0.73833282 0.07878829 0.04607492
0.73961890 0.07873741 0.04606090
0.74089021 0.07868376 0.04604290
0.74217630 0.07862433 0.04602070
0.74344760 0.07855709 0.04599455
0.74473369 0.07848087 0.04596452
0.74600500 0.07839798 0.04593185
0.74729108 0.07831619 0.04589988
0.74856239 0.07824372 0.04587116
0.74984848 0.07818600 0.04584717
0.75111978 0.07814408 0.04582698
0.75240587 0.07811660 0.04580955
0.75367718 0.07810079 0.04579372
0.75496327 0.07809406 0.04577856
0.75623457 0.07809395 0.04576350
0.75752066 0.07809813 0.04574805
0.75879196 0.07810468 0.04573185
0.76007805 0.07811209 0.04571457
0.76134936 0.07812005 0.04569619
0.76263545 0.07812938 0.04567682
0.76390675 0.07814246 0.04565692
0.76517806 0.07816328 0.04563714
0.76646414 0.07819829 0.04561898
0.76773545 0.07825488 0.04560430
0.76902154 0.07833617 0.04559431
0.77029284 0.07842834 0.04558364
0.77157893 0.07850551 0.04556619
0.77285024 0.07855305 0.04554156
0.77413633 0.07856903 0.04551285
0.77540763 0.07855487 0.04548328
0.77669372 0.07851168 0.04545353
0.77796502 0.07843914 0.04542347
0.77923633 0.07834195 0.04539451
0.78052242 0.07822910 0.04536936
0.78179372 0.07811112 0.04534942
0.78307981 0.07799862 0.04533593
0.78435112 0.07790327 0.04533007
0.78563720 0.07782760 0.04532929
0.78690851 0.07776394 0.04532892
0.78817982 0.07770907 0.04532732
0.78946590 0.07766218 0.04532385
0.79073721 0.07762287 0.04531803
0.79202330 0.07759006 0.04530960
0.79329460 0.07756108 0.04529812
0.79458069 0.07753194 0.04528363
0.79585200 0.07749521 0.04526478
0.79712330 0.07744612 0.04524328
0.79840939 0.07738263 0.04522111
0.79968070 0.07730086 0.04519836
0.80096678 0.07720013 0.04517584
0.80223809 0.07708224 0.04515283
0.80350939 0.07695670 0.04513206
0.80479548 0.07683819 0.04511795
0.80606679 0.07673960 0.04511400
0.80735288 0.07666018 0.04511810
0.80862418 0.07659011 0.04512381
0.80989549 0.07652603 0.04512905
0.81118157 0.07646859 0.04513258
0.81245288 0.07642344 0.04513505
0.81373897 0.07639588 0.04513891
0.81501027 0.07637680 0.04514059
0.81628158 0.07635052 0.04513652
0.81756767 0.07631070 0.04512693
0.81883897 0.07625624 0.04511293
0.82012506 0.07618468 0.04509440
0.82139637 0.07608985 0.04506921
0.82266767 0.07596021 0.04503175
0.82395376 0.07579878 0.04498329
0.82522507 0.07563723 0.04493962
0.82651115 0.07550895 0.04491416
0.82778246 0.07541612 0.04490444
0.82905376 0.07534743 0.04490363
0.83033985 0.07529379 0.04490777
0.83161116 0.07524589 0.04491351
0.83288246 0.07519921 0.04491994
0.83416855 0.07514872 0.04492605
0.83543986 0.07508912 0.04493049
0.83672594 0.07501556 0.04493206
0.83799725 0.07492549 0.04493058
0.83926856 0.07481747 0.04492610
0.84055464 0.07469011 0.04491849
0.84182595 0.07454241 0.04490732
0.84309725 0.07437369 0.04489200
0.84438334 0.07418774 0.04487288
0.84565465 0.07399261 0.04485147
0.84692595 0.07380111 0.04482974
0.84821204 0.07363277 0.04481121
0.84948335 0.07350813 0.04480077
0.85076944 0.07343508 0.04480037
0.85204074 0.07338575 0.04480073
0.85331205 0.07333058 0.04479633
0.85459813 0.07325486 0.04478710
0.85586944 0.07315445 0.04477417
0.85714075 0.07303222 0.04475984
0.85842683 0.07288574 0.04474233
0.85969814 0.07271890 0.04472309
0.86096944 0.07253556 0.04470101
0.86225553 0.07234960 0.04468017
0.86352684 0.07218427 0.04466565
0.86479814 0.07206828 0.04466619
0.86608423 0.07201821 0.04468619
0.86735554 0.07202311 0.04471835
0.86862684 0.07205532 0.04475078
0.86991293 0.07208860 0.04477181
0.87118424 0.07210734 0.04477811
0.87245554 0.07210105 0.04477129
0.87374163 0.07206022 0.04475368
0.87501293 0.07197632 0.04472677
0.87628424 0.07184447 0.04469206
0.87757033 0.07166401 0.04465017
0.87884163 0.07143992 0.04460326
0.88011294 0.07118241 0.04455479
0.88138424 0.07090397 0.04450880
0.88267033 0.07061882 0.04446946
0.88394164 0.07033642 0.04443840
0.88521294 0.07006450 0.04441595
0.88649903 0.06980750 0.04440115
0.88777034 0.06957836 0.04439856
0.88904164 0.06938730 0.04441038
0.89032773 0.06922196 0.04442590
0.89159904 0.06907447 0.04443727
0.89287034 0.06894808 0.04444356
0.89415643 0.06884745 0.04444609
0.89542774 0.06876915 0.04444470
0.89669904 0.06870361 0.04443854
0.89797035 0.06864187 0.04442804
0.89925643 0.06857789 0.04441446
0.90052774 0.06850749 0.04439859
0.90179905 0.06842796 0.04438130
0.90308513 0.06833637 0.04436277
0.90435644 0.06822930 0.04434231
0.90562774 0.06810423 0.04431959
0.90691383 0.06796023 0.04429428
0.90818514 0.06779800 0.04426652
0.90945644 0.06762093 0.04423612
0.91072775 0.06744004 0.04420684
0.91201384 0.06726888 0.04418107
0.91328514 0.06711865 0.04416054
0.91455645 0.06699648 0.04414483
0.91582775 0.06690608 0.04413150
0.91711384 0.06685259 0.04412140
0.91838515 0.06683589 0.04411296
0.91965645 0.06685414 0.04410650
0.92094254 0.06689797 0.04410153
0.92221385 0.06695204 0.04409693
0.92348515 0.06698813 0.04408629
0.92475646 0.06698378 0.04406453
0.92604254 0.06694200 0.04403456
0.92731385 0.06687507 0.04400140
0.92858516 0.06679598 0.04396967
0.92985646 0.06671012 0.04394074
0.93114255 0.06661846 0.04391410
0.93241385 0.06652203 0.04388959
0.93368516 0.06642513 0.04386823
0.93495647 0.06634269 0.04385733
0.93624255 0.06628060 0.04385677
0.93751386 0.06623315 0.04385722
0.93878516 0.06621869 0.04386176
0.94005647 0.06625462 0.04387472
0.94134256 0.06631215 0.04388393
0.94261386 0.06635153 0.04387908
0.94388517 0.06636193 0.04386323
0.94515647 0.06634616 0.04384096
0.94644256 0.06630631 0.04381509
0.94771387 0.06624063 0.04378562
0.94898517 0.06614726 0.04375183
0.95025648 0.06602770 0.04371453
0.95154257 0.06588305 0.04367339
0.95281387 0.06571010 0.04362493
0.95408518 0.06551506 0.04356981
0.95535648 0.06532263 0.04351698
0.95664257 0.06517155 0.04347999
0.95791388 0.06509429 0.04346749
0.95918518 0.06509147 0.04347542
0.96045649 0.06512729 0.04348777
0.96174258 0.06516415 0.04349440
0.96301388 0.06518866 0.04349506
0.96428519 0.06519867 0.04349193
0.96555649 0.06518869 0.04348422
0.96682780 0.06514982 0.04346789
0.96811389 0.06507898 0.04344273
0.96938519 0.06497812 0.04341020
0.97065650 0.06485325 0.04337309
0.97192780 0.06471172 0.04333410
0.97321389 0.06455953 0.04329453
0.97448520 0.06440384 0.04325616
0.97575650 0.06425301 0.04322040
0.97702781 0.06411698 0.04318930
0.97829911 0.06400513 0.04316475
0.97958520 0.06392098 0.04314633
0.98085651 0.06386149 0.04313231
0.98212781 0.06381716 0.04311967
0.98339912 0.06377983 0.04310680
0.98468520 0.06374286 0.04309293
0.98595651 0.06370084 0.04307780
0.98722781 0.06365098 0.04306144
0.98849912 0.06358928 0.04304319
0.98977043 0.06351303 0.04302233
0.99105651 0.06342293 0.04299960
0.99232782 0.06332201 0.04297640
0.99359912 0.06321463 0.04295504
0.99487043 0.06310204 0.04293618
0.99614174 0.06297816 0.04291639
0.99742782 0.06283729 0.04289223
0.99869913 0.06268250 0.04286492
0.99997043 0.06252126 0.04283677
1.00124174 0.06236284 0.04281073
1.00251305 0.06221486 0.04278886
1.00378435 0.06207832 0.04277018
1.00507044 0.06195079 0.04275301
1.00634174 0.06182890 0.04273562
1.00761305 0.06171095 0.04271778
1.00888436 0.06159666 0.04269959
1.01015566 0.06148655 0.04268148
1.01144175 0.06138135 0.04266388
1.01271305 0.06128166 0.04264705
1.01398436 0.06118847 0.04263135
1.01525567 0.06110302 0.04261730
1.01652697 0.06102689 0.04260558
1.01779828 0.06096154 0.04259701
1.01908436 0.06090794 0.04259272
1.02035567 0.06085997 0.04259009
1.02162698 0.06080573 0.04258391
1.02289828 0.06073570 0.04257081
1.02416959 0.06064253 0.04254809
1.02545567 0.06052661 0.04251627
1.02672698 0.06039932 0.04248092
1.02799829 0.06027173 0.04244649
1.02926959 0.06014900 0.04241412
1.03054090 0.06003353 0.04238414
1.03181220 0.05992784 0.04235684
1.03309829 0.05983518 0.04233282
1.03436960 0.05976031 0.04231410
1.03564090 0.05970431 0.04230064
1.03691221 0.05966211 0.04229009
1.03818351 0.05962817 0.04228048
1.03945482 0.05959926 0.04227088
1.04072612 0.05957466 0.04226161
1.04201221 0.05955342 0.04225260
1.04328352 0.05953584 0.04224468
1.04455482 0.05952063 0.04223769
1.04582613 0.05950183 0.04222878
1.04709743 0.05947406 0.04221543
1.04836874 0.05943577 0.04219703
1.04965483 0.05938708 0.04217329
1.05092613 0.05932996 0.04214457
1.05219744 0.05927001 0.04211288
1.05346874 0.05921453 0.04208094
1.05474005 0.05917002 0.04205098
1.05601135 0.05914328 0.04202547
1.05728266 0.05914025 0.04200626
1.05856875 0.05916596 0.04199531
1.05984005 0.05921968 0.04199237
1.06111136 0.05929320 0.04199450
1.06238266 0.05937147 0.04199578
1.06365397 0.05944831 0.04199481
1.06492527 0.05952717 0.04199469
1.06619658 0.05960601 0.04199493
1.06746788 0.05967897 0.04199320
1.06875397 0.05973702 0.04198548
1.07002528 0.05977366 0.04196917
1.07129658 0.05978636 0.04194366
1.07256789 0.05977582 0.04190975
1.07383919 0.05974293 0.04186803
1.07511050 0.05968955 0.04181891
1.07638181 0.05962222 0.04176498
1.07766789 0.05955573 0.04171185
1.07893920 0.05951844 0.04167205
1.08021050 0.05953115 0.04165408
1.08148181 0.05958110 0.04164885
1.08275312 0.05963770 0.04164179
1.08402442 0.05968951 0.04162993
1.08529573 0.05973681 0.04161542
1.08656703 0.05977928 0.04159905
1.08783834 0.05981853 0.04158209
1.08912443 0.05985257 0.04156389
1.09039573 0.05988038 0.04154400
1.09166704 0.05990223 0.04152276
1.09293834 0.05991959 0.04150083
1.09420965 0.05993297 0.04147857
1.09548095 0.05994221 0.04145601
1.09675226 0.05994645 0.04143278
1.09802356 0.05994433 0.04140859
1.09930965 0.05993593 0.04138356
1.10058096 0.05992189 0.04135826
1.10185226 0.05990327 0.04133315
1.10312357 0.05988094 0.04130840
1.10439487 0.05985486 0.04128374
1.10566618 0.05982516 0.04125883
1.10693748 0.05979212 0.04123336
1.10820879 0.05975681 0.04120737
1.10948010 0.05972082 0.04118114
1.11075140 0.05968652 0.04115528
1.11203749 0.05965558 0.04113024
1.11330879 0.05962977 0.04110638
1.11458010 0.05961026 0.04108437
1.11585141 0.05959801 0.04106478
1.11712271 0.05959332 0.04104849
1.11839402 0.05959332 0.04103551
1.11966532 0.05959110 0.04102439
1.12093663 0.05957132 0.04101034
1.12220793 0.05950733 0.04098152
1.12347924 0.05937754 0.04092718
1.12475054 0.05919816 0.04085442
1.12603663 0.05901154 0.04078121
1.12730794 0.05884979 0.04071585
1.12857924 0.05872996 0.04066015
1.12985055 0.05866565 0.04061182
1.13112185 0.05866959 0.04057373
1.13239316 0.05874946 0.04055019
1.13366446 0.05891522 0.04054876
1.13493577 0.05916705 0.04058888
1.13620707 0.05950394 0.04069853
1.13747838 0.05990556 0.04089641
1.13874969 0.06032398 0.04117180
1.14002099 0.06067021 0.04142878
1.14130708 0.06089377 0.04159231
1.14257838 0.06102379 0.04168896
1.14384969 0.06104699 0.04172887
1.14512100 0.06092615 0.04171185
1.14639230 0.06065101 0.04164051
1.14766361 0.06029135 0.04150192
1.14893491 0.05997078 0.04131023
1.15020622 0.05972605 0.04112652
1.15147752 0.05944366 0.04094828
1.15274883 0.05902050 0.04075657
1.15402013 0.05853295 0.04054471
1.15529144 0.05842031 0.04046315
1.15656274 0.05830481 0.04037888
1.15783405 0.05818889 0.04029358
1.15912014 0.05807303 0.04020758
1.16039144 0.05795775 0.04012124
1.16166275 0.05784354 0.04003491
1.16293405 0.05773094 0.03994896
1.16420536 0.05762048 0.03986377
1.16547667 0.05751271 0.03977971
1.16674797 0.05740817 0.03969718
1.16801928 0.05730741 0.03961658
1.16929058 0.05721100 0.03953830
1.17056189 0.05711949 0.03946273
1.17183319 0.05703344 0.03939029
1.17310450 0.05695340 0.03932136
1.17437580 0.05687992 0.03925634
1.17564711 0.05681356 0.03919563
1.17691841 0.05675483 0.03913960
1.17818972 0.05670426 0.03908864
1.17946103 0.05666236 0.03904311
1.18074711 0.05662963 0.03900336
1.18201842 0.05660652 0.03896975
1.18328972 0.05659351 0.03894259
1.18456103 0.05659100 0.03892219
1.18583234 0.05659940 0.03890884
1.18710364 0.05661909 0.03890281
1.18837495 0.05665040 0.03890433
1.18964625 0.05669363 0.03891364
1.19091756 0.05674905 0.03893090
1.19218886 0.05681688 0.03895629
1.19346017 0.05689730 0.03898991
1.19473147 0.05699043 0.03903186
1.19600278 0.05709637 0.03908219
1.19727408 0.05721512 0.03914090
1.19854539 0.05734666 0.03920795
1.19981670 0.05749090 0.03928327
1.20108800 0.05764766 0.03936670
1.20235931 0.05781673 0.03945808
1.20363061 0.05799780 0.03955716
1.20490192 0.05819050 0.03966364
1.20617322 0.05839436 0.03977716
1.20744453 0.05860885 0.03989730
1.20873062 0.05883333 0.04002356
1.21000192 0.05906708 0.04015538
1.21127323 0.05930929 0.04029212
1.21254453 0.05955903 0.04043309
1.21381584 0.05981528 0.04057747
1.21508714 0.06007692 0.04072439
1.21635845 0.06034268 0.04087289
1.21762975 0.06061121 0.04102191
1.21890106 0.06088103 0.04117031
1.22017237 0.06115051 0.04131682
1.22144367 0.06141791 0.04146012
1.22271498 0.06168135 0.04159873
1.22398628 0.06193880 0.04173109
1.22525759 0.06218810 0.04185553
1.22652889 0.06242691 0.04197025
1.22780020 0.06265276 0.04207333
1.22907150 0.06286300 0.04216273
1.23034281 0.06305483 0.04223627
1.23161411 0.06322527 0.04229166
1.23288542 0.06337116 0.04232644
1.23415673 0.06348915 0.04233804
1.23542803 0.06357572 0.04232371
1.23669934 0.06362715 0.04228058
1.23797064 0.06363949 0.04220560
1.23924195 0.06360864 0.04209558
1.24051325 0.06353024 0.04194716
1.24178456 0.06339973 0.04175679
1.24305586 0.06321235 0.04152078
1.24432717 0.06296306 0.04123523
1.24559847 0.06264664 0.04089608
1.24686978 0.06225758 0.04049907
1.24814109 0.06179017 0.04003975
1.24941239 0.06123840 0.03951347
1.25068370 0.06059603 0.03891538
1.25195500 0.05985654 0.03824042
1.25322631 0.05901314 0.03748332
1.25449761 0.05805877 0.03663858
1.25576892 0.05698608 0.03570048
1.25704022 0.05578740 0.03466309
1.25831153 0.05445481 0.03352022
1.25958283 0.05298003 0.03226545
1.26085414 0.05135451 0.03089213
1.26212545 0.04956936 0.02939333
1.26339675 0.04761535 0.02776190
1.26466806 0.04548294 0.02599041
1.26593936 0.04316224 0.02407116
1.26721067 0.04064300 0.02199620
1.26848197 0.03791463 0.01975732
1.26975328 0.03496615 0.01734604
1.27102458 0.03178625 0.01475365
1.27229589 0.02836320 0.01197129
1.27356719 0.02468490 0.00899019
1.27483850 0.02073885 0.00580291
1.27610981 0.01651217 0.00241540
1.27738111 0.01199154 0.00135403
1.27865242 0.00716324 0.00517830
1.27992372 0.00201312 0.00930587
1.28119503 -0.00347341 0.01370227
-0.96316762 0.02829040 0.00172670
-0.96189631 0.02508833 0.00043644
-0.96062353 0.01951587 0.00040831
-0.95934927 0.01724780 0.00042970
-0.95807353 0.01757303 0.00139066
-0.95679779 0.01978253 0.00316280
-0.95551909 0.02311297 0.00392694
-0.95423744 0.03286963 0.00720737
-0.95295431 0.03777613 0.01800131
-0.95167118 0.09938853 0.04906892
-0.95038804 0.17723800 0.06182056
-0.94910048 0.17945333 0.05284169
-0.94781143 0.15285960 0.04839885
-0.94651943 0.13443987 0.04767445
-0.94522743 0.12816950 0.04746112
-0.94393247 0.12386433 0.04671826
-0.94263604 0.12212990 0.04595648
-0.94133960 0.12078590 0.04540154
-0.94004021 0.11883120 0.04481172
-0.93873934 0.11658253 0.04426714
-0.93743699 0.11459567 0.04385961
-0.93613316 0.11277287 0.04348157
-0.93482786 0.11114940 0.04313159
-0.93351959 0.10967837 0.04280631
-0.93221133 0.10834437 0.04250012
-0.93090011 0.10712353 0.04220910
-0.92958890 0.10600117 0.04193245
-0.92827472 0.10496100 0.04166719
-0.92695907 0.10399193 0.04141258
-0.92564341 0.10308270 0.04116729
-0.92432480 0.10222477 0.04093073
-0.92300472 0.10140927 0.04070271
-0.92168315 0.10062760 0.04048245
-0.92036010 0.09987210 0.04027063
-0.91903410 0.09913293 0.04006719
-0.91770810 0.09839740 0.03986988
-0.91638062 0.09766847 0.03967255
-0.91505167 0.09699637 0.03947318
-0.91371975 0.09643600 0.03928126
-0.91238784 0.09595093 0.03909557
-0.91105297 0.09547120 0.03890555
-0.90971810 0.09499137 0.03871574
-0.90838027 0.09452127 0.03853065
-0.90704096 0.09405883 0.03834738
-0.90570166 0.09360550 0.03816585
-0.90435940 0.09316070 0.03798647
-0.90301565 0.09272373 0.03780834
-0.90167044 0.09229437 0.03763166
-0.90032374 0.09187190 0.03745618
-0.89897556 0.09145617 0.03728199
-0.89762591 0.09104603 0.03710851
-0.89627478 0.09064127 0.03693587
-0.89492217 0.09024167 0.03676420
-0.89356808 0.08984683 0.03659324
-0.89221251 0.08945617 0.03642270
-0.89085547 0.08906980 0.03625313
-0.88949695 0.08868657 0.03608340
-0.88813547 0.08830700 0.03591443
-0.88677399 0.08793050 0.03574592
-0.88541103 0.08755667 0.03557755
-0.88404659 0.08718573 0.03540978
-0.88267920 0.08681677 0.03524194
-0.88131181 0.08644977 0.03507403
-0.87994294 0.08608490 0.03490659
-0.87857259 0.08572177 0.03473924
-0.87719928 0.08536023 0.03457204
-0.87582598 0.08499993 0.03440461
-0.87445120 0.08464107 0.03423744
-0.87307345 0.08428323 0.03407021
-0.87169571 0.08392640 0.03390287
-0.87031650 0.08357047 0.03373551
-0.86893580 0.08321507 0.03356775
-0.86755215 0.08286080 0.03340043
-0.86616849 0.08250660 0.03323238
-0.86478336 0.08215310 0.03306443
-0.86339675 0.08180023 0.03289663
-0.86200866 0.08144740 0.03272811
-0.86061762 0.08109510 0.03255981
-0.85922657 0.08074273 0.03239083
-0.85783405 0.08039093 0.03222204
-0.85644005 0.08003890 0.03205269
-0.85504457 0.07968710 0.03188312
-0.85364761 0.07933513 0.03171291
-0.85224918 0.07898330 0.03154255
-0.85084926 0.07863127 0.03137160
-0.84944787 0.07827940 0.03120047
-0.84804648 0.07792737 0.03102870
-0.84664213 0.07757520 0.03085625
-0.84523630 0.07722317 0.03068299
-0.84382899 0.07687237 0.03050955
-0.84242169 0.07652127 0.03033509
-0.84101143 0.07616850 0.03015969
-0.83960116 0.07581407 0.02998406
-0.83818795 0.07545743 0.02980731
-0.83677473 0.07509873 0.02962941
-0.83536003 0.07473850 0.02945130
-0.83394238 0.07437557 0.02927193
-0.83252472 0.07400950 0.02909177
-0.83110559 0.07363810 0.02891166
-0.82968498 0.07325720 0.02873088
-0.82826289 0.07286593 0.02854945
-0.82684081 0.07246630 0.02836819
-0.82541576 0.07205843 0.02818707
-0.82398924 0.07164193 0.02800634
-0.82256272 0.07121650 0.02782620
-0.82113324 0.07078153 0.02764651
-0.81970376 0.07033723 0.02746773
-0.81827280 0.06988403 0.02729024
-0.81684036 0.06942217 0.02711387
-0.81540645 0.06895287 0.02693909
-0.81397106 0.06847797 0.02676654
-0.81253418 0.06799863 0.02659543
-0.81109584 0.06751803 0.02642679
-0.80965749 0.06703820 0.02625984
-0.80821618 0.06656200 0.02609450
-0.80677488 0.06609273 0.02593110
-0.80533209 0.06563300 0.02576931
-0.80388783 0.06518517 0.02560891
-0.80244209 0.06475120 0.02544961
-0.80099487 0.06433243 0.02529129
-0.79954765 0.06392950 0.02513360
-0.79809748 0.06354253 0.02497631
-0.79664730 0.06317097 0.02481933
-0.79519565 0.06281390 0.02466234
-0.79374252 0.06247010 0.02450519
-0.79228791 0.06213800 0.02434766
-0.79083182 0.06181617 0.02418966
-0.78937573 0.06150270 0.02403102
-0.78791669 0.06119520 0.02387155
-0.78645764 0.06089297 0.02371058
-0.78499712 0.06059827 0.02354847
-0.78353512 0.06030957 0.02338526
-0.78207164 0.06002143 0.02322036
-0.78060816 0.05973040 0.02305385
-0.77914320 0.05943427 0.02288606
-0.77767528 0.05912983 0.02271756
-0.77620885 0.05881087 0.02254856
-0.77473946 0.05847173 0.02237883
-0.77326859 0.05811373 0.02220893
-0.77179771 0.05773963 0.02203962
-0.77032537 0.05735000 0.02187076
-0.76885154 0.05694563 0.02170274
-0.76737623 0.05652727 0.02153573
-0.76590093 0.05609587 0.02137006
-0.76442266 0.05565227 0.02120602
-0.76294440 0.05519767 0.02104393
-0.76146466 0.05473367 0.02088409
-0.75998492 0.05426233 0.02072667
-0.75850222 0.05378597 0.02057191
-0.75701953 0.05330743 0.02041996
-0.75553535 0.05282983 0.02027085
-0.75405118 0.05235660 0.02012451
-0.75256405 0.05189113 0.01998081
-0.75107691 0.05143677 0.01983974
-0.74958830 0.05099660 0.01970088
-0.74809822 0.05057323 0.01956407
-0.74660813 0.05016853 0.01942897
-0.74511656 0.04978397 0.01929521
-0.74362352 0.04942007 0.01916249
-0.74212899 0.04907673 0.01903051
-0.74063447 0.04875340 0.01889880
-0.73913847 0.04844877 0.01876712
-0.73764099 0.04816130 0.01863512
-0.73614351 0.04788913 0.01850250
-0.73464307 0.04763033 0.01836891
-0.73314412 0.04738270 0.01823408
-0.73164220 0.04714403 0.01809776
-0.73014029 0.04691203 0.01795960
-0.72863542 0.04668373 0.01781980
-0.72713202 0.04645633 0.01767904
-0.72562567 0.04621977 0.01754119
-0.72411933 0.04593140 0.01740988
-0.72261150 0.04554323 0.01727755
-0.72110367 0.04509890 0.01714351
-0.71959436 0.04468207 0.01701765
-0.71808358 0.04430270 0.01689608
-0.71657132 0.04394530 0.01677306
-0.71505906 0.04360557 0.01665043
-0.71354532 0.04327833 0.01652858
-0.71203158 0.04296140 0.01640731
-0.71051488 0.04265267 0.01628676
-0.70899966 0.04235083 0.01616694
-0.70748148 0.04205473 0.01604787
-0.70596331 0.04176350 0.01592957
-0.70444366 0.04147640 0.01581194
-0.70292400 0.04119273 0.01569505
-0.70140287 0.04091220 0.01557883
-0.69988026 0.04063443 0.01546327
-0.69835765 0.04035913 0.01534840
-0.69683356 0.04008600 0.01523412
-0.69530800 0.03981490 0.01512048
-0.69378243 0.03954550 0.01500742
-0.69225538 0.03927763 0.01489495
-0.69072834 0.03901117 0.01478310
-0.68919982 0.03874597 0.01467181
-0.68766982 0.03848190 0.01456113
-0.68613981 0.03821887 0.01445099
-0.68460833 0.03795673 0.01434139
-0.68307685 0.03769543 0.01423242
-0.68154390 0.03743483 0.01412401
-0.68001094 0.03717487 0.01401618
-0.67847650 0.03691553 0.01390896
-0.67694059 0.03665663 0.01380229
-0.67540467 0.03639823 0.01369625
-0.67386728 0.03614013 0.01359084
-0.67232841 0.03588240 0.01348602
-0.67078954 0.03562480 0.01338191
-0.66925067 0.03536743 0.01327847
-0.66771032 0.03511013 0.01317573
-0.66616849 0.03485283 0.01307375
-0.66462666 0.03459550 0.01297260
-0.66308484 0.03433803 0.01287228
-0.66154005 0.03408037 0.01277290
-0.65999675 0.03382240 0.01267444
-0.65845049 0.03356407 0.01257707
-0.65690570 0.03330527 0.01248081
-0.65535796 0.03304597 0.01238589
-0.65381022 0.03278610 0.01229231
-0.65226248 0.03252570 0.01220022
-0.65071326 0.03226487 0.01210970
-0.64916404 0.03200393 0.01202084
-0.64761335 0.03174347 0.01193344
-0.64606265 0.03148547 0.01184637
-0.64451047 0.03124300 0.01175772
-0.64295830 0.03103913 0.01166916
-0.64140464 0.03087113 0.01158298
-0.63985099 0.03070520 0.01149516
-0.63829586 0.03052723 0.01140553
-0.63674073 0.03033970 0.01131706
-0.63518412 0.03014220 0.01122917
-0.63362751 0.02993887 0.01114197
-0.63207090 0.02973187 0.01105558
-0.63051133 0.02952210 0.01096985
-0.62895324 0.02931027 0.01088482
-0.62739368 0.02909693 0.01080041
-0.62583411 0.02888267 0.01071675
-0.62427306 0.02866780 0.01063376
-0.62271202 0.02845267 0.01055148
-0.62114950 0.02823763 0.01046991
-0.61958697 0.02802290 0.01038914
-0.61802445 0.02780873 0.01030909
-0.61646045 0.02759530 0.01022985
-0.61489497 0.02738293 0.01015141
-0.61333097 0.02717167 0.01007373
-0.61176401 0.02696177 0.00999687
-0.61019853 0.02675333 0.00992078
-0.60863157 0.02654653 0.00984554
-0.60706461 0.02634150 0.00977115
-0.60549618 0.02613840 0.00969750
-0.60392774 0.02593723 0.00962471
-0.60235783 0.02573827 0.00955274
-0.60078939 0.02554143 0.00948155
-0.59921800 0.02534697 0.00941120
-0.59764808 0.02515490 0.00934162
-0.59607669 0.02496527 0.00927278
-0.59450530 0.02477820 0.00920478
-0.59293243 0.02459373 0.00913747
-0.59135956 0.02441190 0.00907092
-0.58978669 0.02423273 0.00900508
-0.58821234 0.02405633 0.00893994
-0.58663799 0.02388270 0.00887547
-0.58506364 0.02371183 0.00881168
-0.58348781 0.02354377 0.00874851
-0.58191198 0.02337847 0.00868589
-0.58033616 0.02321590 0.00862389
-0.57875885 0.02305603 0.00856244
-0.57718302 0.02289893 0.00850149
-0.57560424 0.02274460 0.00844101
-0.57402693 0.02259303 0.00838096
-0.57244815 0.02244417 0.00832129
-0.57086937 0.02229793 0.00826195
-0.56929058 0.02215437 0.00820291
-0.56771032 0.02201337 0.00814408
-0.56613006 0.02187487 0.00808551
-0.56454980 0.02173880 0.00802701
-0.56296805 0.02160510 0.00796851
-0.56138779 0.02147363 0.00791008
-0.55980605 0.02134433 0.00785151
-0.55822283 0.02121700 0.00779279
-0.55664109 0.02109137 0.00773382
-0.55505787 0.02096717 0.00767461
-0.55347466 0.02084387 0.00761513
-0.55189144 0.02072043 0.00755564
-0.55030822 0.02059563 0.00749683
-0.54872352 0.02046167 0.00744070
-0.54713882 0.02029520 0.00738746
-0.54555413 0.02008503 0.00733245
-0.54396943 0.01986710 0.00727834
-0.54238325 0.01967173 0.00722872
-0.54079708 0.01949467 0.00717990
-0.53921090 0.01933073 0.00713086
-0.53762473 0.01917657 0.00708224
-0.53603855 0.01903013 0.00703394
-0.53445090 0.01888987 0.00698604
-0.53286472 0.01875473 0.00693852
-0.53127707 0.01862390 0.00689140
-0.52968942 0.01849677 0.00684467
-0.52810029 0.01837263 0.00679832
-0.52651263 0.01825120 0.00675238
-0.52492498 0.01813210 0.00670679
-0.52333585 0.01801483 0.00666158
-0.52174671 0.01789930 0.00661675
-0.52015758 0.01778520 0.00657222
-0.51856845 0.01767240 0.00652805
-0.51697932 0.01756073 0.00648421
-0.51538871 0.01745003 0.00644069
-0.51379958 0.01734020 0.00639749
-0.51220897 0.01723103 0.00635462
-0.51061836 0.01712250 0.00631202
-0.50902775 0.01701452 0.00626976
-0.50743714 0.01690696 0.00622779
-0.50584653 0.01679973 0.00618613
-0.50425592 0.01669273 0.00614480
-0.50266383 0.01658592 0.00610376
-0.50107322 0.01647928 0.00606309
-0.49948261 0.01637263 0.00602272
-0.49789052 0.01626604 0.00598275
-0.49629843 0.01615935 0.00594313
-0.49470782 0.01605246 0.00590387
-0.49311573 0.01594541 0.00586502
-0.49152364 0.01583811 0.00582660
-0.48993156 0.01573049 0.00578868
-0.48833947 0.01562245 0.00575121
-0.48674738 0.01551399 0.00571428
-0.48515529 0.01540499 0.00567789
-0.48356320 0.01529547 0.00564216
-0.48196964 0.01518535 0.00560708
-0.48037755 0.01507456 0.00557274
-0.47878546 0.01496311 0.00553914
-0.47719337 0.01485106 0.00550642
-0.47559980 0.01473848 0.00547455
-0.47400772 0.01462556 0.00544360
-0.47241563 0.01451276 0.00541338
-0.47082206 0.01440078 0.00538374
-0.46922997 0.01429196 0.00535364
-0.46763788 0.01419651 0.00532237
-0.46604432 0.01412774 0.00529179
-0.46445223 0.01407987 0.00526262
-0.46286014 0.01403248 0.00523243
-0.46126658 0.01397646 0.00520107
-0.45967449 0.01391418 0.00516995
-0.45808240 0.01384822 0.00513934
-0.45649031 0.01377958 0.00510905
-0.45489822 0.01370905 0.00507904
-0.45330613 0.01363699 0.00504931
-0.45171257 0.01356386 0.00501990
-0.45012048 0.01348987 0.00499072
-0.44852839 0.01341532 0.00496185
-0.44693778 0.01334030 0.00493322
-0.44534569 0.01326502 0.00490487
-0.44375360 0.01318964 0.00487680
-0.44216151 0.01311419 0.00484895
-0.44057090 0.01303879 0.00482138
-0.43897882 0.01296349 0.00479405
-0.43738821 0.01288845 0.00476702
-0.43579612 0.01281369 0.00474024
-0.43420551 0.01273923 0.00471376
-0.43261490 0.01266519 0.00468753
-0.43102429 0.01259152 0.00466155
-0.42943368 0.01251836 0.00463588
-0.42784307 0.01244566 0.00461046
-0.42625394 0.01237350 0.00458528
-0.42466333 0.01230189 0.00456041
-0.42307419 0.01223087 0.00453579
-0.42148358 0.01216049 0.00451145
-0.41989445 0.01209072 0.00448740
-0.41830532 0.01202161 0.00446356
-0.41671619 0.01195315 0.00444003
-0.41512853 0.01188542 0.00441679
-0.41353940 0.01181833 0.00439375
-0.41195175 0.01175202 0.00437103
-0.41036262 0.01168639 0.00434854
-0.40877496 0.01162152 0.00432631
-0.40718731 0.01155740 0.00430434
-0.40560114 0.01149401 0.00428263
-0.40401348 0.01143135 0.00426118
-0.40242731 0.01136947 0.00423998
-0.40084113 0.01130832 0.00421908
-0.39925496 0.01124791 0.00419838
-0.39766878 0.01118831 0.00417796
-0.39608261 0.01112949 0.00415777
-0.39449791 0.01107146 0.00413782
-0.39291321 0.01101420 0.00411810
-0.39132851 0.01095773 0.00409862
-0.38974382 0.01090202 0.00407936
-0.38816060 0.01084714 0.00406037
-0.38657738 0.01079303 0.00404161
-0.38499416 0.01073968 0.00402302
-0.38341094 0.01068715 0.00400470
-0.38182920 0.01063542 0.00398658
-0.38024598 0.01058452 0.00396871
-0.37866424 0.01053444 0.00395103
-0.37708398 0.01048521 0.00393350
-0.37550224 0.01043696 0.00391616
-0.37392198 0.01038975 0.00389889
-0.37234172 0.01034412 0.00388159
-0.37076145 0.01030167 0.00386428
-0.36918267 0.01026302 0.00384739
-0.36760388 0.01022532 0.00383062
-0.36602510 0.01018640 0.00381369
-0.36444780 0.01014651 0.00379687
-0.36286901 0.01010600 0.00378028
-0.36129171 0.01006511 0.00376383
-0.35971588 0.01002403 0.00374758
-0.35814005 0.00998284 0.00373149
-0.35656422 0.00994161 0.00371552
-0.35498840 0.00990048 0.00369976
-0.35341405 0.00985944 0.00368415
-0.35183970 0.00981854 0.00366867
-0.35026535 0.00977786 0.00365339
-0.34869248 0.00973739 0.00363825
-0.34711961 0.00969715 0.00362324
-0.34554674 0.00965722 0.00360842
-0.34397534 0.00961758 0.00359377
-0.34240395 0.00957824 0.00357926
-0.34083256 0.00953920 0.00356488
-0.33926264 0.00950054 0.00355073
-0.33769273 0.00946221 0.00353671
-0.33612429 0.00942423 0.00352286
-0.33455586 0.00938661 0.00350917
-0.33298742 0.00934940 0.00349569
-0.33142046 0.00931252 0.00348233
-0.32985350 0.00927609 0.00346920
-0.32828655 0.00924004 0.00345622
-0.32672107 0.00920441 0.00344343
-0.32515559 0.00916919 0.00343084
-0.32359159 0.00913440 0.00341843
-0.32202758 0.00910005 0.00340625
-0.32046358 0.00906616 0.00339430
-0.31890106 0.00903271 0.00338251
-0.31734002 0.00899978 0.00337096
-0.31577749 0.00896738 0.00335964
-0.31421793 0.00893556 0.00334850
-0.31265688 0.00890448 0.00333762
-0.31109731 0.00887422 0.00332686
-0.30953923 0.00884510 0.00331626
-0.30798114 0.00881751 0.00330556
-0.30642305 0.00879234 0.00329453
-0.30486644 0.00877318 0.00328254
-0.30330983 0.00876694 0.00327031
-0.30175470 0.00877279 0.00325901
-0.30019957 0.00877862 0.00324720
-0.29864591 0.00877845 0.00323428
-0.29709226 0.00877396 0.00322151
-0.29554008 0.00876559 0.00320879
-0.29398791 0.00875409 0.00319609
-0.29243721 0.00874000 0.00318340
-0.29088651 0.00872397 0.00317076
-0.28933730 0.00870629 0.00315817
-0.28778808 0.00868718 0.00314556
-0.28623886 0.00866686 0.00313296
-0.28469112 0.00864553 0.00312040
-0.28314485 0.00862331 0.00310784
-0.28159859 0.00860029 0.00309523
-0.28005381 0.00857667 0.00308269
-0.27850902 0.00855247 0.00307009
-0.27696572 0.00852783 0.00305753
-0.27542241 0.00850281 0.00304496
-0.27388059 0.00847746 0.00303235
-0.27234024 0.00845190 0.00301977
-0.27079989 0.00842615 0.00300718
-0.26925954 0.00840025 0.00299457
-0.26772067 0.00837427 0.00298194
-0.26618327 0.00834824 0.00296929
-0.26464588 0.00832219 0.00295659
-0.26310997 0.00829619 0.00294387
-0.26157405 0.00827022 0.00293107
-0.26003962 0.00824433 0.00291821
-0.25850518 0.00821854 0.00290530
-0.25697222 0.00819283 0.00289227
-0.25544074 0.00816720 0.00287914
-0.25390926 0.00814166 0.00286588
-0.25237926 0.00811616 0.00285248
-0.25084926 0.00809064 0.00283891
-0.24932074 0.00806502 0.00282517
-0.24779369 0.00803918 0.00281127
-0.24626665 0.00801294 0.00279723
-0.24474108 0.00798582 0.00278304
-0.24321552 0.00795749 0.00276891
-0.24169143 0.00792665 0.00275503
-0.24016882 0.00789211 0.00274217
-0.23864621 0.00784837 0.00273192
-0.23712508 0.00777665 0.00272454
-0.23560542 0.00766626 0.00271488
-0.23408577 0.00755011 0.00270408
-0.23256759 0.00746208 0.00269683
-0.23104942 0.00740012 0.00269047
-0.22953272 0.00735477 0.00268309
-0.22801750 0.00732044 0.00267530
-0.22650376 0.00729374 0.00266728
-0.22499002 0.00727246 0.00265902
-0.22347628 0.00725508 0.00265070
-0.22196550 0.00724043 0.00264221
-0.22045471 0.00722781 0.00263370
-0.21894541 0.00721658 0.00262514
-0.21743610 0.00720634 0.00261653
-0.21592827 0.00719676 0.00260789
-0.21442193 0.00718758 0.00259919
-0.21291705 0.00717862 0.00259043
-0.21141218 0.00716975 0.00258163
-0.20990879 0.00716085 0.00257280
-0.20840540 0.00715181 0.00256388
-0.20690496 0.00714256 0.00255486
-0.20540453 0.00713308 0.00254581
-0.20390557 0.00712329 0.00253666
-0.20240661 0.00711315 0.00252743
-0.20090913 0.00710259 0.00251810
-0.19941313 0.00709156 0.00250866
-0.19791861 0.00708002 0.00249918
-0.19642408 0.00706780 0.00248958
-0.19493104 0.00705476 0.00247996
-0.19343947 0.00704059 0.00247041
-0.19194791 0.00702427 0.00246107
-0.19045930 0.00700403 0.00245198
-0.18897069 0.00697911 0.00244286
-0.18748355 0.00695148 0.00243371
-0.18599642 0.00692417 0.00242477
-0.18451077 0.00689863 0.00241596
-0.18302659 0.00687458 0.00240727
-0.18154390 0.00685136 0.00239851
-0.18006268 0.00682885 0.00238976
-0.17858146 0.00680697 0.00238103
-0.17710172 0.00678568 0.00237232
-0.17562346 0.00676493 0.00236361
-0.17414667 0.00674469 0.00235492
-0.17266989 0.00672494 0.00234619
-0.17119606 0.00670571 0.00233752
-0.16972223 0.00668697 0.00232884
-0.16824841 0.00666869 0.00232015
-0.16677754 0.00665089 0.00231145
-0.16530667 0.00663356 0.00230274
-0.16383875 0.00661670 0.00229401
-0.16237084 0.00660030 0.00228527
-0.16090440 0.00658437 0.00227650
-0.15943796 0.00656888 0.00226769
-0.15797449 0.00655386 0.00225885
-0.15651101 0.00653928 0.00224997
-0.15504900 0.00652514 0.00224104
-0.15358848 0.00651143 0.00223206
-0.15212944 0.00649815 0.00222302
-0.15067039 0.00648527 0.00221392
-0.14921430 0.00647281 0.00220475
-0.14775822 0.00646073 0.00219551
-0.14630375 0.00644903 0.00218618
-0.14485062 0.00643770 0.00217677
-0.14339867 0.00642672 0.00216727
-0.14194791 0.00641607 0.00215767
-0.14049847 0.00640574 0.00214797
-0.13905022 0.00639572 0.00213815
-0.13760344 0.00638598 0.00212823
-0.13615770 0.00637651 0.00211819
-0.13471344 0.00636728 0.00210801
-0.13327021 0.00635829 0.00209772
-0.13182846 0.00634950 0.00208728
-0.13038804 0.00634091 0.00207669
-0.12894881 0.00633248 0.00206596
-0.12751090 0.00632419 0.00205507
-0.12607433 0.00631603 0.00204400
-0.12463893 0.00630796 0.00203277
-0.12320502 0.00629995 0.00202136
-0.12177229 0.00629198 0.00200975
-0.12034104 0.00628400 0.00199795
-0.11891096 0.00627595 0.00198595
-0.11748222 0.00626775 0.00197375
-0.11605496 0.00625927 0.00196136
-0.11462888 0.00625025 0.00194884
-0.11320413 0.00624034 0.00193633
-0.11178086 0.00622812 0.00192425
-0.11035892 0.00620910 0.00191264
-0.10893816 0.00618124 0.00190046
-0.10751888 0.00615271 0.00188784
-0.10610108 0.00613143 0.00187584
-0.10468446 0.00611586 0.00186384
-0.10326932 0.00610289 0.00185142
-0.10185551 0.00609116 0.00183880
-0.10044304 0.00607996 0.00182602
-0.09903203 0.00606896 0.00181311
-0.09762236 0.00605794 0.00180007
-0.09621417 0.00604680 0.00178691
-0.09480731 0.00603545 0.00177364
-0.09340178 0.00602384 0.00176025
-0.09199772 0.00601195 0.00174676
-0.09059500 0.00599974 0.00173317
-0.08919376 0.00598720 0.00171948
-0.08779384 0.00597430 0.00170569
-0.08639541 0.00596103 0.00169182
-0.08499845 0.00594736 0.00167786
-0.08360282 0.00593327 0.00166384
-0.08220867 0.00591872 0.00164974
-0.08081600 0.00590366 0.00163560
-0.07942466 0.00588801 0.00162143
-0.07803480 0.00587171 0.00160726
-0.07664641 0.00585461 0.00159314
-0.07525951 0.00583657 0.00157911
-0.07387393 0.00581734 0.00156526
-0.07248984 0.00579660 0.00155170
-0.07110722 0.00577368 0.00153863
-0.06972608 0.00574789 0.00152639
-0.06834642 0.00571709 0.00151580
-0.06696823 0.00567268 0.00150701
-0.06559138 0.00561350 0.00149717
-0.06421615 0.00556917 0.00148594
-0.06284240 0.00556566 0.00147678
-0.06146998 0.00558915 0.00146814
-0.06009919 0.00562067 0.00145801
-0.05872988 0.00565532 0.00144768
-0.05736204 0.00569190 0.00143741
-0.05599568 0.00573183 0.00142715
-0.05463080 0.00577691 0.00141677
-0.05326740 0.00583111 0.00140596
-0.05190548 0.00589911 0.00139391
-0.05054518 0.00599150 0.00137885
-0.04918636 0.00612180 0.00135765
-0.04782902 0.00632795 0.00132546
-0.04647316 0.00665663 0.00128535
-0.04511893 0.00698022 0.00125258
-0.04376617 0.00703103 0.00121546
-0.04241504 0.00686418 0.00116997
-0.04106524 0.00670960 0.00113565
-0.03971706 0.00660261 0.00110677
-0.03837051 0.00652400 0.00107580
-0.03702529 0.00646394 0.00104398
-0.03568185 0.00641944 0.00101119
-0.03433973 0.00639106 0.00097709
-0.03299939 0.00638478 0.00094052
-0.03166038 0.00641044 0.00089956
-0.03032315 0.00650394 0.00084835
-0.02898739 0.00673093 0.00078356
-0.02765326 0.00696278 0.00071499
-0.02632105 0.00679772 0.00064230
-0.02499002 0.00617956 0.00056307
-0.02366047 0.00544572 0.00049822
-0.02233255 0.00473415 0.00044757
-0.02100625 0.00403850 0.00040227
-0.01968143 0.00337251 0.00035643
-0.01835824 0.00273603 0.00031386
-0.01703653 0.00213383 0.00026791
-0.01571644 0.00155562 0.00022476
-0.01439801 0.00099830 0.00017430
-0.01308110 0.00042825 0.00009554
-0.01176578 0.00023977 0.00009276
-0.01045207 0.00061982 0.00016894
-0.00913993 0.00114516 0.00023772
-0.00782941 0.00165197 0.00027759
-0.00652048 0.00220666 0.00031772
-0.00521317 0.00276407 0.00035990
-0.00390746 0.00349749 0.00039098
-0.00260335 0.00423539 0.00045067
-0.00130087 0.00604761 0.00044996
-0.00000000 0.00702443 0.00058111
