# s/c   cf_mean    cf_std
0.00000000 0.00222346 0.00034592
0.00130087 0.00342229 0.00047417
0.00260174 0.00454341 0.00060323
0.00390261 0.00559106 0.00073243
0.00520348 0.00656932 0.00086151
0.00650435 0.00748215 0.00099037
0.00780522 0.00833338 0.00111896
0.00910609 0.00912670 0.00124727
0.01040697 0.00986566 0.00137529
0.01170784 0.01055370 0.00150303
0.01300871 0.01119414 0.00163049
0.01430958 0.01179017 0.00175770
0.01561045 0.01234486 0.00188466
0.01691132 0.01286117 0.00201139
0.01821219 0.01334195 0.00213793
0.01951306 0.01378993 0.00226428
0.02081393 0.01420773 0.00239048
0.02211480 0.01459789 0.00251655
0.02341567 0.01496282 0.00264252
0.02470176 0.01530483 0.00276843
0.02600263 0.01562614 0.00289432
0.02730350 0.01592888 0.00302021
0.02860437 0.01621508 0.00314614
0.02990524 0.01648667 0.00327216
0.03120611 0.01674549 0.00339831
0.03250698 0.01699332 0.00352464
0.03380786 0.01723183 0.00365118
0.03510873 0.01746260 0.00377799
0.03640960 0.01768716 0.00390512
0.03771047 0.01790693 0.00403261
0.03901134 0.01812328 0.00416052
0.04029743 0.01833750 0.00428890
0.04159830 0.01855078 0.00441780
0.04289917 0.01876428 0.00454727
0.04420004 0.01897906 0.00467737
0.04550091 0.01919615 0.00480816
0.04680178 0.01941647 0.00493967
0.04810265 0.01964092 0.00507199
0.04940352 0.01987032 0.00520514
0.05068961 0.02010542 0.00533920
0.05199048 0.02034694 0.00547420
0.05329135 0.02059552 0.00561022
0.05459222 0.02085178 0.00574729
0.05589309 0.02111625 0.00588548
0.05719396 0.02138944 0.00602483
0.05849483 0.02167180 0.00616540
0.05978092 0.02196373 0.00630724
0.06108179 0.02226560 0.00645039
0.06238266 0.02257773 0.00659491
0.06368353 0.02290039 0.00674084
0.06498440 0.02323383 0.00688824
0.06628528 0.02357825 0.00703714
0.06757136 0.02393381 0.00718760
0.06887223 0.02430065 0.00733965
0.07017310 0.02467886 0.00749335
0.07147398 0.02506852 0.00764873
0.07277485 0.02546965 0.00780584
0.07407572 0.02588228 0.00796471
0.07536180 0.02630638 0.00812539
0.07666268 0.02674191 0.00828792
0.07796355 0.02718879 0.00845232
0.07926442 0.02764694 0.00861865
0.08056529 0.02811625 0.00878692
0.08185138 0.02859658 0.00895719
0.08315225 0.02908777 0.00912947
0.08445312 0.02958966 0.00930380
0.08575399 0.03010207 0.00948021
0.08704008 0.03062478 0.00965874
0.08834095 0.03115758 0.00983940
0.08964182 0.03170024 0.01002223
0.09094269 0.03225252 0.01020725
0.09224356 0.03281416 0.01039448
0.09352965 0.03338490 0.01058395
0.09483052 0.03396447 0.01077568
0.09613139 0.03455258 0.01096969
0.09743226 0.03514896 0.01116599
0.09871835 0.03575330 0.01136460
0.10001922 0.03636531 0.01156553
0.10132009 0.03698468 0.01176881
0.10260618 0.03761112 0.01197444
0.10390705 0.03824431 0.01218243
0.10520792 0.03888394 0.01239279
0.10650879 0.03952970 0.01260552
0.10779488 0.04018129 0.01282063
0.10909575 0.04083839 0.01303811
0.11039662 0.04150070 0.01325798
0.11169749 0.04216791 0.01348023
0.11298358 0.04283971 0.01370484
0.11428445 0.04351582 0.01393183
0.11558532 0.04419594 0.01416117
0.11687141 0.04487977 0.01439285
0.11817228 0.04556704 0.01462687
0.11947315 0.04625746 0.01486321
0.12075924 0.04695077 0.01510184
0.12206011 0.04764670 0.01534275
0.12336098 0.04834500 0.01558592
0.12466185 0.04904541 0.01583131
0.12594794 0.04974770 0.01607891
0.12724881 0.05045164 0.01632867
0.12854968 0.05115701 0.01658058
0.12983577 0.05186184 0.01683402
0.13113664 0.05260846 0.01710822
0.13243751 0.05333514 0.01738729
0.13372359 0.05407815 0.01766727
0.13502447 0.05482874 0.01794544
0.13632534 0.05556537 0.01822441
0.13761142 0.05628388 0.01850431
0.13891229 0.05701566 0.01877826
0.14019838 0.05782145 0.01904621
0.14149925 0.05879490 0.01931833
0.14280012 0.05985605 0.01959363
0.14408621 0.06077146 0.01986551
0.14538708 0.06143986 0.02014014
0.14668795 0.06195192 0.02043234
0.14797404 0.06241545 0.02073167
0.14927491 0.06292462 0.02102510
0.15056100 0.06356291 0.02131573
0.15186187 0.06428777 0.02160395
0.15316274 0.06492483 0.02187908
0.15444883 0.06544363 0.02214860
0.15574970 0.06602588 0.02242920
0.15703579 0.06669439 0.02271120
0.15833666 0.06733694 0.02299215
0.15963753 0.06781291 0.02326122
0.16092362 0.06827569 0.02352117
0.16222449 0.06908060 0.02378797
0.16351058 0.07024461 0.02405313
0.16481145 0.07139800 0.02429501
0.16611232 0.07228205 0.02452851
0.16739841 0.07294613 0.02477916
0.16869928 0.07349289 0.02505267
0.16998537 0.07399350 0.02534418
0.17128624 0.07447731 0.02564094
0.17257232 0.07496104 0.02593788
0.17387319 0.07545372 0.02623117
0.17517407 0.07596680 0.02652049
0.17646015 0.07650838 0.02680603
0.17776102 0.07707653 0.02708774
0.17904711 0.07766777 0.02736633
0.18034798 0.07827792 0.02764242
0.18163407 0.07892196 0.02791443
0.18293494 0.07962020 0.02818167
0.18422103 0.08041189 0.02844864
0.18552190 0.08129701 0.02872620
0.18680799 0.08214835 0.02900565
0.18810886 0.08279864 0.02926687
0.18939495 0.08322924 0.02952489
0.19069582 0.08369344 0.02978998
0.19199669 0.08450704 0.03007812
0.19328278 0.08570619 0.03037620
0.19458365 0.08692449 0.03064543
0.19586974 0.08791748 0.03089376
0.19717061 0.08874761 0.03114057
0.19845669 0.08955749 0.03141555
0.19975757 0.09041151 0.03171947
0.20104365 0.09124458 0.03203028
0.20234452 0.09196660 0.03234052
0.20363061 0.09246637 0.03263970
0.20493148 0.09292404 0.03294891
0.20621757 0.09368128 0.03327240
0.20750366 0.09482451 0.03359477
0.20880453 0.09610515 0.03391536
0.21009062 0.09722263 0.03421685
0.21139149 0.09810917 0.03449604
0.21267758 0.09890424 0.03479001
0.21397845 0.09976021 0.03511105
0.21526454 0.10071463 0.03543736
0.21656541 0.10174462 0.03576687
0.21785149 0.10280691 0.03609518
0.21915236 0.10385948 0.03642087
0.22043845 0.10487686 0.03674807
0.22173932 0.10583206 0.03707502
0.22302541 0.10670760 0.03739743
0.22432628 0.10757734 0.03771946
0.22561237 0.10852532 0.03804401
0.22689846 0.10960285 0.03837445
0.22819933 0.11075213 0.03870658
0.22948542 0.11184585 0.03903120
0.23078629 0.11283872 0.03934489
0.23207238 0.11374514 0.03965424
0.23337325 0.11459066 0.03996750
0.23465933 0.11536238 0.04028611
0.23594542 0.11603633 0.04061058
0.23724629 0.11661909 0.04093761
0.23853238 0.11716862 0.04126646
0.23983325 0.11775962 0.04159556
0.24111934 0.11842325 0.04192028
0.24240543 0.11915211 0.04224128
0.24370630 0.11989406 0.04256014
0.24499239 0.12057948 0.04287591
0.24629326 0.12117575 0.04319035
0.24757935 0.12168491 0.04349764
0.24886543 0.12211880 0.04379550
0.25016630 0.12251097 0.04408948
0.25145239 0.12291421 0.04438565
0.25275326 0.12332354 0.04468250
0.25403935 0.12372756 0.04497818
0.25532544 0.12412779 0.04527258
0.25662631 0.12450137 0.04555962
0.25791240 0.12482546 0.04584116
0.25919849 0.12505415 0.04610538
0.26049936 0.12517562 0.04635432
0.26178545 0.12526528 0.04661120
0.26307153 0.12534667 0.04686782
0.26437240 0.12544458 0.04711536
0.26565849 0.12566035 0.04736943
0.26695936 0.12603481 0.04763108
0.26824545 0.12651108 0.04788891
0.26953154 0.12693884 0.04813291
0.27083241 0.12715077 0.04834501
0.27211850 0.12708757 0.04854521
0.27340459 0.12682781 0.04875146
0.27470546 0.12660188 0.04896867
0.27599154 0.12657626 0.04921150
0.27727763 0.12670694 0.04945520
0.27857850 0.12686438 0.04968276
0.27986459 0.12694784 0.04988977
0.28115068 0.12691915 0.05005419
0.28243677 0.12679137 0.05021585
0.28373764 0.12658029 0.05040754
0.28502373 0.12624616 0.05060231
0.28630981 0.12590420 0.05079644
0.28761068 0.12576350 0.05101123
0.28889677 0.12578128 0.05121444
0.29018286 0.12566528 0.05136698
0.29148373 0.12525284 0.05150212
0.29276982 0.12463613 0.05163784
0.29405591 0.12398357 0.05177876
0.29534200 0.12345815 0.05192640
0.29664287 0.12311343 0.05207681
0.29792895 0.12286734 0.05221891
0.29921504 0.12258507 0.05234702
0.30051591 0.12214345 0.05245260
0.30180200 0.12151737 0.05253954
0.30308809 0.12078276 0.05262473
0.30437418 0.12006198 0.05270599
0.30567505 0.11947644 0.05278927
0.30696114 0.11906758 0.05286748
0.30824722 0.11878313 0.05293270
0.30953331 0.11854122 0.05299399
0.31083418 0.11822513 0.05305224
0.31212027 0.11772977 0.05310135
0.31340636 0.11706826 0.05313187
0.31469245 0.11635961 0.05315971
0.31599332 0.11566645 0.05319654
0.31727941 0.11492191 0.05323212
0.31856549 0.11413347 0.05327255
0.31985158 0.11339936 0.05331393
0.32115245 0.11281479 0.05334759
0.32243854 0.11242033 0.05337174
0.32372463 0.11221729 0.05339198
0.32501072 0.11214401 0.05341115
0.32629681 0.11208800 0.05342306
0.32759768 0.11195956 0.05341698
0.32888376 0.11172317 0.05339611
0.33016985 0.11139891 0.05337824
0.33145594 0.11099704 0.05336137
0.33275681 0.11057348 0.05335202
0.33404290 0.11022146 0.05336263
0.33532899 0.10995827 0.05338697
0.33661508 0.10971839 0.05341043
0.33790116 0.10945205 0.05342205
0.33918725 0.10915768 0.05342237
0.34048812 0.10886767 0.05341542
0.34177421 0.10862525 0.05340678
0.34306030 0.10845686 0.05339734
0.34434639 0.10839198 0.05338826
0.34563247 0.10842773 0.05338308
0.34693335 0.10854110 0.05339023
0.34821943 0.10862791 0.05339910
0.34950552 0.10860383 0.05340700
0.35079161 0.10847147 0.05341369
0.35207770 0.10822480 0.05340242
0.35336379 0.10791619 0.05338727
0.35466466 0.10762323 0.05337600
0.35595074 0.10743459 0.05337001
0.35723683 0.10742760 0.05337872
0.35852292 0.10753145 0.05338831
0.35980901 0.10762178 0.05339004
0.36109510 0.10769096 0.05339106
0.36238118 0.10776171 0.05339453
0.36368206 0.10781867 0.05339887
0.36496814 0.10779368 0.05339770
0.36625423 0.10765226 0.05339263
0.36754032 0.10744100 0.05338980
0.36882641 0.10725079 0.05338687
0.37011250 0.10721302 0.05340098
0.37139858 0.10734549 0.05343189
0.37269945 0.10749295 0.05345247
0.37398554 0.10755368 0.05346387
0.37527163 0.10752970 0.05347063
0.37655772 0.10743854 0.05346845
0.37784381 0.10731614 0.05345728
0.37912989 0.10722638 0.05344833
0.38041598 0.10722256 0.05345488
0.38170207 0.10720723 0.05346735
0.38298816 0.10708775 0.05348390
0.38428903 0.10693476 0.05351646
0.38557512 0.10681573 0.05355869
0.38686121 0.10674733 0.05359952
0.38814729 0.10673042 0.05363226
0.38943338 0.10677157 0.05365773
0.39071947 0.10687311 0.05367969
0.39200556 0.10699450 0.05369629
0.39329165 0.10710151 0.05370926
0.39457773 0.10720571 0.05372338
0.39586382 0.10733077 0.05373750
0.39714991 0.10749422 0.05375190
0.39843600 0.10767100 0.05377469
0.39973687 0.10777707 0.05380947
0.40102296 0.10764047 0.05383821
0.40230905 0.10726212 0.05386384
0.40359513 0.10687269 0.05391013
0.40488122 0.10667116 0.05398399
0.40616731 0.10665225 0.05405459
0.40745340 0.10671277 0.05410401
0.40873949 0.10674010 0.05413671
0.41002557 0.10661991 0.05415342
0.41131166 0.10636345 0.05416038
0.41259775 0.10616864 0.05418400
0.41388384 0.10614688 0.05422141
0.41516993 0.10618357 0.05424029
0.41645601 0.10629234 0.05425128
0.41774210 0.10660989 0.05426575
0.41902819 0.10727091 0.05429009
0.42031428 0.10810999 0.05431327
0.42160037 0.10869326 0.05430863
0.42288645 0.10881086 0.05428370
0.42417254 0.10869470 0.05428965
0.42545863 0.10861464 0.05433904
0.42674472 0.10859863 0.05440589
0.42803081 0.10859903 0.05446178
0.42931690 0.10862679 0.05450853
0.43060298 0.10874580 0.05456510
0.43188907 0.10895399 0.05462443
0.43317516 0.10921052 0.05467978
0.43446125 0.10948373 0.05472971
0.43574734 0.10975536 0.05477311
0.43703342 0.11002042 0.05481216
0.43831951 0.11027506 0.05484755
0.43960560 0.11052110 0.05487923
0.44089169 0.11074736 0.05491051
0.44217778 0.11094592 0.05494581
0.44346386 0.11109877 0.05498672
0.44474995 0.11117926 0.05501681
0.44603604 0.11127605 0.05503773
0.44732213 0.11159389 0.05507835
0.44860822 0.11226141 0.05513192
0.44989430 0.11309372 0.05518396
0.45118039 0.11368814 0.05519902
0.45246648 0.11381165 0.05517687
0.45375257 0.11368354 0.05517496
0.45503866 0.11355356 0.05521411
0.45632474 0.11341089 0.05527829
0.45761083 0.11313039 0.05532406
0.45889692 0.11269076 0.05535220
0.46018301 0.11224646 0.05539542
0.46146910 0.11197947 0.05545992
0.46275519 0.11210345 0.05554992
0.46404127 0.11253678 0.05563488
0.46532736 0.11290671 0.05569283
0.46661345 0.11295706 0.05572810
0.46789954 0.11277544 0.05574794
0.46917084 0.11263813 0.05578871
0.47045693 0.11271034 0.05587651
0.47174302 0.11294073 0.05597667
0.47302911 0.11316874 0.05604679
0.47431520 0.11329362 0.05609701
0.47560128 0.11327705 0.05612862
0.47688737 0.11314419 0.05615564
0.47817346 0.11296644 0.05619545
0.47945955 0.11280427 0.05624251
0.48074564 0.11271881 0.05629682
0.48203172 0.11277316 0.05636069
0.48331781 0.11293054 0.05642753
0.48460390 0.11309888 0.05649041
0.48587521 0.11316947 0.05654125
0.48716129 0.11310792 0.05657936
0.48844738 0.11297894 0.05661583
0.48973347 0.11284488 0.05666293
0.49101956 0.11274019 0.05671923
0.49230565 0.11267079 0.05677772
0.49359173 0.11264339 0.05683612
0.49487782 0.11265969 0.05689045
0.49616391 0.11271506 0.05694034
0.49743522 0.11279284 0.05698474
0.49872130 0.11286613 0.05702293
0.50000739 0.11291218 0.05705619
0.50129348 0.11291306 0.05708644
0.50257957 0.11285680 0.05711323
0.50386566 0.11273794 0.05713600
0.50515174 0.11257683 0.05715482
0.50643783 0.11241658 0.05717708
0.50770914 0.11230064 0.05720576
0.50899523 0.11224734 0.05723881
0.51028131 0.11221297 0.05726926
0.51156740 0.11214055 0.05729048
0.51285349 0.11199532 0.05730351
0.51413958 0.11178461 0.05731249
0.51542567 0.11153863 0.05732247
0.51669697 0.11128061 0.05732684
0.51798306 0.11108001 0.05733893
0.51926915 0.11100493 0.05736401
0.52055524 0.11103491 0.05737917
0.52184132 0.11115865 0.05739115
0.52312741 0.11131299 0.05740854
0.52439872 0.11132867 0.05741090
0.52568480 0.11109902 0.05738598
0.52697089 0.11065092 0.05734482
0.52825698 0.11013082 0.05730594
0.52954307 0.10970067 0.05729995
0.53082916 0.10947472 0.05732104
0.53210046 0.10949070 0.05735359
0.53338655 0.10957954 0.05738409
0.53467264 0.10952757 0.05737994
0.53595873 0.10928312 0.05735285
0.53724481 0.10892323 0.05731483
0.53853090 0.10858465 0.05727176
0.53980221 0.10846824 0.05727251
0.54108830 0.10860767 0.05729370
0.54237438 0.10879602 0.05727678
0.54366047 0.10896253 0.05725122
0.54494656 0.10904350 0.05721641
0.54621787 0.10893596 0.05714488
0.54750395 0.10874185 0.05706852
0.54879004 0.10859237 0.05701883
0.55007613 0.10854563 0.05698227
0.55134744 0.10863451 0.05695319
0.55263352 0.10881510 0.05692625
0.55391961 0.10896693 0.05688942
0.55520570 0.10899307 0.05683778
0.55649179 0.10889967 0.05677789
0.55776309 0.10876473 0.05671941
0.55904918 0.10870944 0.05668065
0.56033527 0.10879893 0.05666368
0.56162136 0.10899684 0.05664664
0.56289266 0.10922744 0.05662831
0.56417875 0.10941347 0.05660072
0.56546484 0.10950507 0.05656366
0.56675093 0.10949987 0.05652631
0.56803702 0.10941334 0.05648885
0.56930832 0.10924654 0.05645017
0.57059441 0.10903484 0.05641259
0.57188050 0.10884388 0.05639227
0.57316659 0.10872692 0.05638744
0.57443789 0.10870668 0.05638216
0.57572398 0.10879148 0.05637207
0.57701007 0.10897940 0.05635193
0.57829616 0.10925338 0.05632684
0.57956746 0.10954900 0.05630160
0.58085355 0.10977837 0.05627570
0.58213964 0.10985837 0.05624418
0.58341094 0.10976629 0.05620341
0.58469703 0.10955905 0.05616003
0.58598312 0.10931632 0.05613018
0.58726921 0.10909755 0.05611971
0.58854051 0.10891904 0.05611489
0.58982660 0.10880776 0.05611962
0.59111269 0.10873673 0.05612797
0.59239878 0.10860602 0.05612070
0.59367008 0.10837386 0.05609791
0.59495617 0.10810821 0.05607566
0.59624226 0.10789608 0.05606465
0.59751356 0.10779666 0.05606481
0.59879965 0.10782556 0.05606890
0.60008574 0.10796240 0.05606653
0.60137183 0.10817901 0.05605877
0.60264313 0.10841464 0.05604405
0.60392922 0.10859581 0.05602341
0.60521531 0.10863765 0.05598822
0.60648661 0.10850379 0.05593801
0.60777270 0.10821766 0.05587282
0.60905879 0.10786118 0.05580822
0.61033010 0.10757581 0.05577483
0.61161618 0.10741539 0.05575877
0.61290227 0.10737554 0.05574618
0.61417358 0.10742125 0.05573267
0.61545967 0.10749617 0.05571128
0.61674575 0.10757815 0.05568844
0.61801706 0.10767394 0.05566820
0.61930315 0.10778205 0.05565143
0.62058924 0.10789262 0.05563572
0.62187532 0.10800260 0.05561699
0.62314663 0.10814387 0.05559934
0.62443272 0.10834536 0.05558315
0.62571880 0.10858949 0.05556296
0.62699011 0.10882156 0.05554077
0.62827620 0.10894816 0.05550541
0.62954750 0.10890719 0.05545327
0.63083359 0.10873425 0.05540214
0.63211968 0.10848562 0.05535777
0.63339099 0.10819456 0.05532219
0.63467707 0.10790815 0.05530038
0.63596316 0.10767036 0.05529319
0.63723447 0.10751296 0.05529336
0.63852056 0.10746023 0.05529482
0.63980664 0.10754256 0.05529868
0.64107795 0.10775655 0.05530361
0.64236404 0.10804602 0.05529948
0.64365012 0.10836112 0.05528468
0.64492143 0.10868562 0.05526475
0.64620752 0.10901082 0.05524104
0.64749361 0.10933167 0.05521634
0.64876491 0.10963734 0.05519075
0.65005100 0.10991688 0.05516463
0.65132231 0.11015882 0.05513805
0.65260839 0.11035278 0.05511096
0.65389448 0.11048433 0.05508107
0.65516579 0.11054716 0.05504787
0.65645188 0.11054471 0.05501329
0.65772318 0.11049693 0.05498322
0.65900927 0.11043521 0.05496686
0.66029536 0.11036124 0.05496192
0.66156666 0.11026381 0.05496476
0.66285275 0.11011379 0.05496319
0.66413884 0.10991179 0.05495225
0.66541014 0.10972821 0.05494489
0.66669623 0.10963719 0.05495494
0.66796754 0.10967038 0.05498137
0.66925363 0.10980520 0.05501013
0.67053971 0.11000055 0.05503156
0.67181102 0.11023506 0.05504652
0.67309711 0.11047486 0.05506136
0.67436841 0.11064097 0.05507019
0.67565450 0.11065020 0.05506152
0.67692581 0.11051950 0.05504801
0.67821189 0.11031355 0.05504686
0.67949798 0.11005278 0.05505758
0.68076929 0.10973663 0.05507599
0.68205538 0.10935202 0.05509422
0.68332668 0.10892910 0.05511322
0.68461277 0.10856722 0.05515154
0.68589886 0.10837064 0.05522889
0.68717016 0.10831503 0.05532473
0.68845625 0.10829498 0.05541119
0.68972756 0.10825591 0.05548795
0.69101364 0.10819302 0.05556005
0.69228495 0.10810796 0.05562885
0.69357104 0.10799911 0.05569514
0.69484234 0.10787528 0.05575813
0.69612843 0.10775766 0.05581917
0.69741452 0.10767139 0.05587988
0.69868582 0.10763335 0.05594120
0.69997191 0.10762714 0.05600116
0.70124322 0.10758244 0.05604759
0.70252931 0.10746521 0.05608151
0.70380061 0.10731176 0.05611981
0.70508670 0.10716215 0.05616951
0.70635801 0.10701803 0.05622210
0.70764409 0.10685682 0.05626844
0.70893018 0.10667167 0.05630874
0.71020149 0.10645647 0.05634234
0.71148758 0.10621354 0.05637164
0.71275888 0.10595413 0.05639629
0.71404497 0.10571847 0.05642515
0.71531627 0.10557380 0.05647123
0.71660236 0.10552408 0.05652341
0.71787367 0.10550350 0.05656191
0.71915976 0.10545117 0.05658070
0.72043106 0.10535424 0.05658856
0.72171715 0.10522163 0.05659216
0.72298845 0.10506852 0.05659674
0.72427454 0.10491574 0.05660761
0.72554585 0.10477087 0.05662601
0.72683194 0.10461426 0.05664615
0.72810324 0.10441035 0.05665725
0.72938933 0.10414364 0.05665000
0.73066064 0.10385230 0.05663952
0.73194672 0.10358363 0.05663522
0.73321803 0.10336367 0.05664083
0.73450412 0.10319620 0.05665348
0.73577542 0.10305704 0.05665958
0.73706151 0.10292625 0.05665806
0.73833282 0.10279519 0.05664812
0.73961890 0.10265962 0.05663238
0.74089021 0.10251586 0.05661142
0.74217630 0.10235891 0.05658646
0.74344760 0.10218505 0.05655736
0.74473369 0.10199166 0.05652439
0.74600500 0.10178349 0.05649016
0.74729108 0.10157432 0.05645765
0.74856239 0.10137857 0.05642953
0.74984848 0.10120740 0.05640594
0.75111978 0.10106494 0.05638538
0.75240587 0.10095069 0.05636561
0.75367718 0.10086229 0.05634499
0.75496327 0.10079658 0.05632226
0.75623457 0.10075044 0.05629661
0.75752066 0.10072109 0.05626772
0.75879196 0.10070606 0.05623534
0.76007805 0.10070371 0.05619946
0.76134936 0.10071447 0.05616037
0.76263545 0.10074043 0.05611828
0.76390675 0.10078693 0.05607414
0.76517806 0.10086083 0.05602807
0.76646414 0.10097322 0.05598236
0.76773545 0.10113465 0.05593930
0.76902154 0.10134394 0.05590002
0.77029284 0.10157653 0.05586002
0.77157893 0.10179020 0.05581296
0.77285024 0.10196220 0.05575976
0.77413633 0.10208675 0.05570453
0.77540763 0.10216345 0.05565139
0.77669372 0.10219487 0.05560167
0.77796502 0.10217996 0.05555506
0.77923633 0.10212733 0.05551234
0.78052242 0.10205302 0.05547683
0.78179372 0.10197596 0.05544908
0.78307981 0.10190963 0.05542928
0.78435112 0.10187174 0.05541942
0.78563720 0.10186650 0.05541514
0.78690851 0.10188150 0.05541031
0.78817982 0.10191362 0.05540305
0.78946590 0.10196071 0.05539207
0.79073721 0.10202167 0.05537652
0.79202330 0.10209444 0.05535561
0.79329460 0.10217425 0.05532885
0.79458069 0.10225435 0.05529610
0.79585200 0.10232302 0.05525683
0.79712330 0.10237174 0.05521362
0.79840939 0.10239748 0.05517029
0.79968070 0.10239474 0.05512882
0.80096678 0.10236007 0.05508879
0.80223809 0.10229808 0.05505117
0.80350939 0.10222394 0.05501662
0.80479548 0.10216841 0.05499089
0.80606679 0.10215390 0.05497435
0.80735288 0.10218044 0.05496457
0.80862418 0.10223523 0.05495645
0.80989549 0.10230524 0.05494415
0.81118157 0.10239075 0.05492937
0.81245288 0.10249898 0.05491239
0.81373897 0.10263673 0.05489581
0.81501027 0.10279048 0.05487646
0.81628158 0.10293599 0.05485015
0.81756767 0.10306042 0.05481888
0.81883897 0.10315984 0.05478362
0.82012506 0.10322674 0.05474646
0.82139637 0.10324887 0.05470407
0.82266767 0.10320656 0.05465168
0.82395376 0.10310496 0.05459372
0.82522507 0.10300149 0.05454659
0.82651115 0.10295438 0.05452377
0.82778246 0.10297984 0.05451961
0.82905376 0.10306085 0.05452460
0.83033985 0.10318013 0.05453296
0.83161116 0.10332370 0.05454298
0.83288246 0.10347833 0.05455286
0.83416855 0.10363397 0.05456218
0.83543986 0.10377776 0.05457007
0.83672594 0.10389888 0.05457551
0.83799725 0.10398996 0.05457886
0.83926856 0.10404622 0.05458045
0.84055464 0.10406346 0.05458064
0.84182595 0.10403892 0.05457908
0.84309725 0.10397101 0.05457577
0.84438334 0.10386637 0.05457112
0.84565465 0.10373780 0.05456695
0.84692595 0.10360822 0.05456535
0.84821204 0.10351028 0.05456856
0.84948335 0.10347808 0.05458062
0.85076944 0.10352549 0.05460159
0.85204074 0.10361784 0.05462031
0.85331205 0.10370703 0.05463136
0.85459813 0.10376789 0.05463492
0.85586944 0.10379219 0.05463286
0.85714075 0.10377846 0.05462868
0.85842683 0.10372670 0.05462046
0.85969814 0.10364216 0.05461001
0.86096944 0.10353599 0.05459556
0.86225553 0.10343188 0.05458170
0.86352684 0.10337404 0.05457201
0.86479814 0.10341154 0.05457729
0.86608423 0.10357967 0.05460210
0.86735554 0.10386062 0.05463658
0.86862684 0.10419446 0.05466956
0.86991293 0.10452776 0.05468835
0.87118424 0.10482853 0.05469130
0.87245554 0.10507340 0.05468189
0.87374163 0.10524923 0.05466443
0.87501293 0.10534148 0.05464090
0.87628424 0.10533674 0.05461289
0.87757033 0.10523882 0.05458066
0.87884163 0.10505422 0.05454606
0.88011294 0.10479940 0.05451293
0.88138424 0.10449661 0.05448589
0.88267033 0.10416675 0.05446957
0.88394164 0.10383041 0.05446602
0.88521294 0.10349918 0.05447479
0.88649903 0.10319003 0.05449243
0.88777034 0.10292988 0.05452574
0.88904164 0.10273380 0.05457648
0.89032773 0.10258063 0.05463139
0.89159904 0.10244453 0.05468247
0.89287034 0.10233009 0.05472871
0.89415643 0.10224489 0.05477162
0.89542774 0.10218785 0.05481006
0.89669904 0.10214816 0.05484257
0.89797035 0.10211357 0.05486941
0.89925643 0.10207591 0.05489201
0.90052774 0.10202828 0.05491257
0.90179905 0.10196417 0.05493070
0.90308513 0.10187787 0.05494699
0.90435644 0.10176262 0.05496180
0.90562774 0.10161359 0.05497383
0.90691383 0.10142815 0.05498341
0.90818514 0.10120734 0.05499044
0.90945644 0.10095593 0.05499549
0.91072775 0.10069077 0.05500259
0.91201384 0.10043114 0.05501516
0.91328514 0.10019617 0.05503507
0.91455645 0.09999957 0.05506062
0.91582775 0.09984923 0.05508814
0.91711384 0.09975633 0.05511671
0.91838515 0.09972512 0.05514324
0.91965645 0.09975370 0.05516691
0.92094254 0.09983166 0.05518658
0.92221385 0.09993021 0.05520288
0.92348515 0.10000628 0.05520954
0.92475646 0.10002420 0.05520148
0.92604254 0.09998184 0.05518361
0.92731385 0.09990232 0.05516172
0.92858516 0.09980452 0.05514095
0.92985646 0.09970074 0.05512249
0.93114255 0.09959447 0.05510514
0.93241385 0.09949321 0.05508859
0.93368516 0.09940699 0.05507301
0.93495647 0.09936482 0.05506753
0.93624255 0.09937541 0.05507408
0.93751386 0.09941977 0.05508008
0.93878516 0.09951739 0.05508943
0.94005647 0.09968841 0.05510680
0.94134256 0.09989570 0.05511816
0.94261386 0.10007769 0.05511131
0.94388517 0.10021561 0.05509193
0.94515647 0.10030985 0.05506766
0.94644256 0.10035795 0.05504001
0.94771387 0.10035675 0.05501080
0.94898517 0.10030132 0.05498006
0.95025648 0.10019223 0.05494881
0.95154257 0.10002938 0.05491720
0.95281387 0.09981076 0.05488271
0.95408518 0.09954671 0.05484559
0.95535648 0.09928584 0.05481708
0.95664257 0.09909831 0.05481004
0.95791388 0.09904157 0.05482913
0.95918518 0.09912231 0.05486742
0.96045649 0.09928893 0.05490439
0.96174258 0.09948152 0.05492837
0.96301388 0.09966922 0.05494160
0.96428519 0.09984431 0.05494934
0.96555649 0.09998885 0.05495057
0.96682780 0.10008264 0.05494183
0.96811389 0.10011753 0.05492479
0.96938519 0.10009254 0.05490214
0.97065650 0.10001651 0.05487769
0.97192780 0.09989928 0.05485481
0.97321389 0.09975242 0.05483545
0.97448520 0.09958649 0.05482097
0.97575650 0.09941774 0.05481297
0.97702781 0.09926622 0.05481248
0.97829911 0.09914899 0.05481958
0.97958520 0.09907752 0.05483255
0.98085651 0.09905024 0.05484772
0.98212781 0.09905642 0.05486117
0.98339912 0.09908287 0.05487123
0.98468520 0.09911770 0.05487714
0.98595651 0.09915324 0.05488028
0.98722781 0.09918132 0.05488119
0.98849912 0.09919323 0.05487893
0.98977043 0.09918345 0.05487428
0.99105651 0.09915087 0.05486807
0.99232782 0.09909924 0.05486203
0.99359912 0.09903312 0.05485866
0.99487043 0.09895220 0.05485911
0.99614174 0.09884538 0.05485923
0.99742782 0.09870320 0.05485621
0.99869913 0.09852908 0.05485069
0.99997043 0.09833460 0.05484604
1.00124174 0.09813601 0.05484573
1.00251305 0.09794604 0.05485039
1.00378435 0.09776757 0.05485884
1.00507044 0.09759813 0.05486837
1.00634174 0.09743279 0.05487729
1.00761305 0.09726915 0.05488513
1.00888436 0.09710695 0.05489222
1.01015566 0.09694726 0.05489902
1.01144175 0.09679172 0.05490598
1.01271305 0.09664206 0.05491339
1.01398436 0.09650028 0.05492155
1.01525567 0.09636877 0.05493085
1.01652697 0.09625008 0.05494188
1.01779828 0.09614571 0.05495514
1.01908436 0.09605558 0.05497175
1.02035567 0.09596991 0.05498866
1.02162698 0.09587193 0.05500147
1.02289828 0.09574465 0.05500665
1.02416959 0.09557302 0.05500140
1.02545567 0.09535668 0.05498811
1.02672698 0.09511231 0.05497327
1.02799829 0.09486002 0.05496157
1.02926959 0.09460942 0.05495331
1.03054090 0.09436672 0.05494830
1.03181220 0.09413838 0.05494604
1.03309829 0.09393002 0.05494634
1.03436960 0.09375079 0.05495077
1.03564090 0.09360301 0.05495924
1.03691221 0.09347740 0.05496886
1.03818351 0.09336169 0.05497704
1.03945482 0.09324930 0.05498457
1.04072612 0.09313547 0.05499143
1.04201221 0.09301577 0.05499769
1.04328352 0.09288884 0.05500514
1.04455482 0.09275174 0.05501293
1.04582613 0.09259904 0.05501858
1.04709743 0.09242731 0.05501939
1.04836874 0.09223712 0.05501454
1.04965483 0.09203324 0.05500364
1.05092613 0.09182231 0.05498641
1.05219744 0.09161763 0.05496501
1.05346874 0.09143215 0.05494114
1.05474005 0.09127349 0.05491524
1.05601135 0.09115208 0.05488877
1.05728266 0.09107926 0.05486320
1.05856875 0.09106383 0.05483907
1.05984005 0.09110617 0.05481789
1.06111136 0.09118341 0.05479413
1.06238266 0.09126598 0.05476462
1.06365397 0.09133768 0.05472842
1.06492527 0.09139551 0.05468769
1.06619658 0.09144041 0.05464556
1.06746788 0.09146408 0.05459726
1.06875397 0.09145569 0.05453953
1.07002528 0.09140567 0.05446898
1.07129658 0.09130907 0.05438480
1.07256789 0.09116465 0.05428818
1.07383919 0.09097310 0.05417905
1.07511050 0.09073717 0.05405934
1.07638181 0.09046980 0.05393008
1.07766789 0.09019802 0.05379912
1.07893920 0.08997157 0.05367979
1.08021050 0.08982874 0.05357804
1.08148181 0.08974812 0.05348214
1.08275312 0.08967980 0.05337440
1.08402442 0.08959166 0.05325419
1.08529573 0.08947617 0.05312952
1.08656703 0.08932549 0.05301044
1.08783834 0.08913160 0.05290215
1.08912443 0.08889550 0.05279969
1.09039573 0.08862101 0.05268996
1.09166704 0.08831490 0.05256308
1.09293834 0.08798114 0.05241528
1.09420965 0.08762014 0.05224615
1.09548095 0.08722957 0.05205759
1.09675226 0.08680671 0.05185213
1.09802356 0.08634939 0.05163230
1.09930965 0.08585870 0.05140096
1.10058096 0.08533640 0.05116029
1.10185226 0.08478613 0.05091257
1.10312357 0.08421116 0.05065893
1.10439487 0.08361239 0.05039937
1.10566618 0.08299214 0.05013457
1.10693748 0.08235246 0.04986497
1.10820879 0.08169735 0.04959140
1.10948010 0.08103250 0.04931470
1.11075140 0.08036521 0.04903584
1.11203749 0.07970280 0.04875550
1.11330879 0.07904700 0.04848145
1.11458010 0.07839678 0.04822425
1.11585141 0.07775778 0.04798514
1.11712271 0.07713411 0.04776170
1.11839402 0.07652560 0.04755063
1.11966532 0.07591442 0.04734936
1.12093663 0.07527106 0.04715011
1.12220793 0.07454048 0.04693642
1.12347924 0.07368082 0.04669563
1.12475054 0.07272181 0.04643535
1.12603663 0.07172382 0.04617574
1.12730794 0.07073596 0.04592633
1.12857924 0.06978198 0.04568635
1.12985055 0.06887960 0.04545212
1.13112185 0.06804524 0.04522167
1.13239316 0.06729605 0.04499097
1.13366446 0.06664977 0.04476024
1.13493577 0.06612121 0.04453189
1.13620707 0.06573120 0.04431242
1.13747838 0.06547991 0.04409752
1.13874969 0.06529507 0.04395574
1.14002099 0.06506208 0.04387046
1.14130708 0.06473187 0.04372481
1.14257838 0.06432215 0.04352077
1.14384969 0.06381299 0.04327215
1.14512100 0.06314695 0.04298210
1.14639230 0.06230644 0.04266645
1.14766361 0.06136328 0.04232266
1.14893491 0.06046512 0.04194968
1.15020622 0.05968448 0.04157911
1.15147752 0.05889760 0.04123079
1.15274883 0.05797657 0.04090303
1.15402013 0.05698536 0.04057927
1.15529144 0.05642073 0.04039048
1.15656274 0.05587207 0.04020883
1.15783405 0.05534217 0.04003593
1.15912014 0.05483188 0.03987202
1.16039144 0.05434201 0.03971732
1.16166275 0.05387336 0.03957200
1.16293405 0.05342673 0.03943622
1.16420536 0.05300284 0.03931014
1.16547667 0.05260245 0.03919385
1.16674797 0.05222623 0.03908744
1.16801928 0.05187485 0.03899097
1.16929058 0.05154896 0.03890447
1.17056189 0.05124915 0.03882795
1.17183319 0.05097597 0.03876136
1.17310450 0.05072997 0.03870466
1.17437580 0.05051161 0.03865777
1.17564711 0.05032134 0.03862057
1.17691841 0.05015956 0.03859293
1.17818972 0.05002661 0.03857466
1.17946103 0.04992281 0.03856557
1.18074711 0.04984840 0.03856544
1.18201842 0.04980357 0.03857401
1.18328972 0.04978848 0.03859099
1.18456103 0.04980321 0.03861607
1.18583234 0.04984778 0.03864892
1.18710364 0.04992216 0.03868915
1.18837495 0.05002625 0.03873639
1.18964625 0.05015988 0.03879019
1.19091756 0.05032282 0.03885012
1.19218886 0.05051477 0.03891568
1.19346017 0.05073535 0.03898638
1.19473147 0.05098411 0.03906169
1.19600278 0.05126050 0.03914102
1.19727408 0.05156392 0.03922381
1.19854539 0.05189368 0.03930942
1.19981670 0.05224899 0.03939722
1.20108800 0.05262899 0.03948652
1.20235931 0.05303271 0.03957662
1.20363061 0.05345910 0.03966678
1.20490192 0.05390702 0.03975625
1.20617322 0.05437521 0.03984421
1.20744453 0.05486234 0.03992985
1.20873062 0.05536694 0.04001229
1.21000192 0.05588746 0.04009066
1.21127323 0.05642223 0.04016401
1.21254453 0.05696948 0.04023139
1.21381584 0.05752732 0.04029180
1.21508714 0.05809372 0.04034420
1.21635845 0.05866656 0.04038751
1.21762975 0.05924359 0.04042063
1.21890106 0.05982242 0.04044240
1.22017237 0.06040055 0.04045163
1.22144367 0.06097533 0.04044709
1.22271498 0.06154400 0.04042749
1.22398628 0.06210363 0.04039152
1.22525759 0.06265117 0.04033781
1.22652889 0.06318343 0.04026494
1.22780020 0.06369707 0.04017146
1.22907150 0.06418858 0.04005585
1.23034281 0.06465432 0.03991657
1.23161411 0.06509048 0.03975200
1.23288542 0.06549311 0.03956048
1.23415673 0.06585808 0.03934030
1.23542803 0.06618109 0.03908969
1.23669934 0.06645769 0.03880684
1.23797064 0.06668325 0.03848988
1.23924195 0.06685296 0.03813686
1.24051325 0.06696183 0.03774581
1.24178456 0.06700469 0.03731467
1.24305586 0.06697620 0.03684135
1.24432717 0.06687080 0.03632367
1.24559847 0.06668277 0.03575943
1.24686978 0.06640618 0.03514632
1.24814109 0.06603489 0.03448202
1.24941239 0.06556257 0.03376411
1.25068370 0.06498269 0.03299014
1.25195500 0.06428850 0.03215758
1.25322631 0.06347304 0.03126385
1.25449761 0.06252913 0.03030630
1.25576892 0.06144938 0.02928226
1.25704022 0.06022615 0.02818899
1.25831153 0.05885161 0.02702369
1.25958283 0.05731767 0.02578356
1.26085414 0.05561601 0.02446578
1.26212545 0.05373809 0.02306752
1.26339675 0.05167510 0.02158601
1.26466806 0.04941801 0.02001860
1.26593936 0.04695751 0.01836284
1.26721067 0.04428406 0.01661673
1.26848197 0.04138785 0.01477904
1.26975328 0.03825883 0.01285010
1.27102458 0.03488665 0.01083362
1.27229589 0.03126071 0.00874118
1.27356719 0.02737013 0.00660654
1.27483850 0.02320377 0.00454166
1.27610981 0.01875019 0.00300864
1.27738111 0.01399767 0.00328552
1.27865242 0.00893419 0.00528294
1.27992372 0.00354745 0.00791493
1.28119503 -0.00217514 0.01083808
-0.96316762 0.03103647 0.00127787
-0.96189631 0.02985633 0.00099316
-0.96062353 0.02428557 0.00101768
-0.95934927 0.02147400 0.00042456
-0.95807353 0.02125187 0.00136667
-0.95679779 0.02378777 0.00355131
-0.95551909 0.02813287 0.00507010
-0.95423744 0.04307110 0.00873068
-0.95295431 0.04598927 0.02173763
-0.95167118 0.11695800 0.05806166
-0.95038804 0.21569500 0.07546091
-0.94910048 0.21970400 0.06521263
-0.94781143 0.18635633 0.05986690
-0.94651943 0.16291597 0.05880633
-0.94522743 0.15453463 0.05830235
-0.94393247 0.14875087 0.05726405
-0.94263604 0.14622297 0.05621131
-0.94133960 0.14430667 0.05544396
-0.94004021 0.14167430 0.05463655
-0.93873934 0.13874010 0.05389911
-0.93743699 0.13615697 0.05333240
-0.93613316 0.13379890 0.05281159
-0.93482786 0.13170197 0.05233063
-0.93351959 0.12980830 0.05188605
-0.93221133 0.12809300 0.05146873
-0.93090011 0.12652720 0.05107476
-0.92958890 0.12508883 0.05070132
-0.92827472 0.12375813 0.05034522
-0.92695907 0.12251893 0.05000375
-0.92564341 0.12135717 0.04967619
-0.92432480 0.12026140 0.04936139
-0.92300472 0.11922050 0.04905785
-0.92168315 0.11822477 0.04876560
-0.92036010 0.11726337 0.04848444
-0.91903410 0.11632427 0.04821399
-0.91770810 0.11539247 0.04795225
-0.91638062 0.11447117 0.04769165
-0.91505167 0.11361947 0.04742996
-0.91371975 0.11290360 0.04717945
-0.91238784 0.11227897 0.04693722
-0.91105297 0.11166210 0.04669043
-0.90971810 0.11104603 0.04644473
-0.90838027 0.11044333 0.04620512
-0.90704096 0.10985143 0.04596862
-0.90570166 0.10927110 0.04573471
-0.90435940 0.10870200 0.04550338
-0.90301565 0.10814350 0.04527459
-0.90167044 0.10759510 0.04504773
-0.90032374 0.10705630 0.04482300
-0.89897556 0.10652597 0.04459975
-0.89762591 0.10600393 0.04437818
-0.89627478 0.10548933 0.04415814
-0.89492217 0.10498177 0.04393928
-0.89356808 0.10448040 0.04372142
-0.89221251 0.10398510 0.04350471
-0.89085547 0.10349573 0.04328932
-0.88949695 0.10301153 0.04307454
-0.88813547 0.10253173 0.04286052
-0.88677399 0.10205657 0.04264736
-0.88541103 0.10158563 0.04243515
-0.88404659 0.10111813 0.04222325
-0.88267920 0.10065417 0.04201167
-0.88131181 0.10019363 0.04180097
-0.87994294 0.09973613 0.04159082
-0.87857259 0.09928127 0.04138083
-0.87719928 0.09882883 0.04117115
-0.87582598 0.09837880 0.04096177
-0.87445120 0.09793103 0.04075281
-0.87307345 0.09748507 0.04054390
-0.87169571 0.09704117 0.04033550
-0.87031650 0.09659863 0.04012682
-0.86893580 0.09615767 0.03991833
-0.86755215 0.09571823 0.03971009
-0.86616849 0.09528020 0.03950216
-0.86478336 0.09484297 0.03929367
-0.86339675 0.09440703 0.03908553
-0.86200866 0.09397207 0.03887736
-0.86061762 0.09353800 0.03866916
-0.85922657 0.09310450 0.03846057
-0.85783405 0.09267217 0.03825242
-0.85644005 0.09223997 0.03804345
-0.85504457 0.09180857 0.03783455
-0.85364761 0.09137793 0.03762571
-0.85224918 0.09094733 0.03741615
-0.85084926 0.09051750 0.03720665
-0.84944787 0.09008773 0.03699639
-0.84804648 0.08965870 0.03678616
-0.84664213 0.08922983 0.03657508
-0.84523630 0.08880167 0.03636345
-0.84382899 0.08837510 0.03615143
-0.84242169 0.08794887 0.03593859
-0.84101143 0.08752103 0.03572478
-0.83960116 0.08709160 0.03551067
-0.83818795 0.08666017 0.03529537
-0.83677473 0.08622703 0.03507929
-0.83536003 0.08579220 0.03486248
-0.83394238 0.08535513 0.03464483
-0.83252472 0.08491503 0.03442638
-0.83110559 0.08446917 0.03420764
-0.82968498 0.08401293 0.03398827
-0.82826289 0.08354537 0.03376825
-0.82684081 0.08306877 0.03354835
-0.82541576 0.08258357 0.03332889
-0.82398924 0.08208867 0.03310937
-0.82256272 0.08158413 0.03289041
-0.82113324 0.08106957 0.03267230
-0.81970376 0.08054520 0.03245556
-0.81827280 0.08001080 0.03223975
-0.81684036 0.07946760 0.03202590
-0.81540645 0.07891630 0.03181360
-0.81397106 0.07835877 0.03160344
-0.81253418 0.07779730 0.03139580
-0.81109584 0.07723423 0.03119032
-0.80965749 0.07667280 0.03098738
-0.80821618 0.07611610 0.03078672
-0.80677488 0.07556730 0.03058813
-0.80533209 0.07502973 0.03039185
-0.80388783 0.07450587 0.03019738
-0.80244209 0.07399730 0.03000417
-0.80099487 0.07350663 0.02981307
-0.79954765 0.07303363 0.02962238
-0.79809748 0.07257913 0.02943284
-0.79664730 0.07214250 0.02924415
-0.79519565 0.07172213 0.02905540
-0.79374252 0.07131690 0.02886673
-0.79228791 0.07092510 0.02867795
-0.79083182 0.07054503 0.02848887
-0.78937573 0.07017467 0.02829961
-0.78791669 0.06981073 0.02810896
-0.78645764 0.06945290 0.02791703
-0.78499712 0.06910373 0.02772388
-0.78353512 0.06876183 0.02753000
-0.78207164 0.06842030 0.02733386
-0.78060816 0.06807563 0.02713598
-0.77914320 0.06772530 0.02693639
-0.77767528 0.06736617 0.02673621
-0.77620885 0.06699060 0.02653514
-0.77473946 0.06659233 0.02633292
-0.77326859 0.06617310 0.02613052
-0.77179771 0.06573627 0.02592863
-0.77032537 0.06528253 0.02572711
-0.76885154 0.06481290 0.02552637
-0.76737623 0.06432807 0.02532664
-0.76590093 0.06382890 0.02512832
-0.76442266 0.06331637 0.02493180
-0.76294440 0.06279200 0.02473740
-0.76146466 0.06225747 0.02454553
-0.75998492 0.06171503 0.02435650
-0.75850222 0.06116733 0.02417050
-0.75701953 0.06061757 0.02398775
-0.75553535 0.06006927 0.02380840
-0.75405118 0.05952610 0.02363234
-0.75256405 0.05899193 0.02345965
-0.75107691 0.05847050 0.02329001
-0.74958830 0.05796520 0.02312331
-0.74809822 0.05747897 0.02295920
-0.74660813 0.05701383 0.02279736
-0.74511656 0.05657140 0.02263748
-0.74362352 0.05615230 0.02247901
-0.74212899 0.05575637 0.02232176
-0.74063447 0.05538280 0.02216519
-0.73913847 0.05503033 0.02200888
-0.73764099 0.05469707 0.02185245
-0.73614351 0.05438100 0.02169557
-0.73464307 0.05407987 0.02153777
-0.73314412 0.05379130 0.02137873
-0.73164220 0.05351287 0.02121798
-0.73014029 0.05324203 0.02105524
-0.72863542 0.05297560 0.02089058
-0.72713202 0.05271077 0.02072458
-0.72562567 0.05243663 0.02056163
-0.72411933 0.05210477 0.02040570
-0.72261150 0.05165907 0.02024776
-0.72110367 0.05114923 0.02008758
-0.71959436 0.05067163 0.01993739
-0.71808358 0.05023687 0.01979238
-0.71657132 0.04982677 0.01964586
-0.71505906 0.04943673 0.01950005
-0.71354532 0.04906087 0.01935523
-0.71203158 0.04869660 0.01921126
-0.71051488 0.04834173 0.01906830
-0.70899966 0.04799470 0.01892626
-0.70748148 0.04765410 0.01878519
-0.70596331 0.04731917 0.01864507
-0.70444366 0.04698900 0.01850579
-0.70292400 0.04666307 0.01836741
-0.70140287 0.04634077 0.01822990
-0.69988026 0.04602167 0.01809321
-0.69835765 0.04570547 0.01795731
-0.69683356 0.04539180 0.01782218
-0.69530800 0.04508033 0.01768783
-0.69378243 0.04477100 0.01755421
-0.69225538 0.04446347 0.01742136
-0.69072834 0.04415757 0.01728917
-0.68919982 0.04385320 0.01715770
-0.68766982 0.04355013 0.01702700
-0.68613981 0.04324833 0.01689690
-0.68460833 0.04294767 0.01676753
-0.68307685 0.04264797 0.01663884
-0.68154390 0.04234920 0.01651087
-0.68001094 0.04205127 0.01638358
-0.67847650 0.04175407 0.01625693
-0.67694059 0.04145753 0.01613107
-0.67540467 0.04116160 0.01600590
-0.67386728 0.04086613 0.01588148
-0.67232841 0.04057110 0.01575781
-0.67078954 0.04027647 0.01563493
-0.66925067 0.03998207 0.01551282
-0.66771032 0.03968797 0.01539157
-0.66616849 0.03939390 0.01527120
-0.66462666 0.03909997 0.01515174
-0.66308484 0.03880597 0.01503331
-0.66154005 0.03851187 0.01491589
-0.65999675 0.03821757 0.01479962
-0.65845049 0.03792297 0.01468459
-0.65690570 0.03762800 0.01457085
-0.65535796 0.03733247 0.01445857
-0.65381022 0.03703630 0.01434794
-0.65226248 0.03673943 0.01423900
-0.65071326 0.03644213 0.01413201
-0.64916404 0.03614477 0.01402691
-0.64761335 0.03584793 0.01392365
-0.64606265 0.03555357 0.01382087
-0.64451047 0.03527637 0.01371648
-0.64295830 0.03504280 0.01361260
-0.64140464 0.03485010 0.01351166
-0.63985099 0.03465950 0.01340880
-0.63829586 0.03445527 0.01330376
-0.63674073 0.03424047 0.01320006
-0.63518412 0.03401463 0.01309688
-0.63362751 0.03378237 0.01299439
-0.63207090 0.03354610 0.01289292
-0.63051133 0.03330677 0.01279215
-0.62895324 0.03306530 0.01269208
-0.62739368 0.03282227 0.01259288
-0.62583411 0.03257823 0.01249439
-0.62427306 0.03233363 0.01239669
-0.62271202 0.03208883 0.01229986
-0.62114950 0.03184423 0.01220392
-0.61958697 0.03160007 0.01210877
-0.61802445 0.03135660 0.01201459
-0.61646045 0.03111410 0.01192129
-0.61489497 0.03087280 0.01182887
-0.61333097 0.03063287 0.01173739
-0.61176401 0.03039447 0.01164687
-0.61019853 0.03015787 0.01155734
-0.60863157 0.02992310 0.01146874
-0.60706461 0.02969037 0.01138111
-0.60549618 0.02945987 0.01129442
-0.60392774 0.02923163 0.01120876
-0.60235783 0.02900587 0.01112400
-0.60078939 0.02878260 0.01104026
-0.59921800 0.02856203 0.01095743
-0.59764808 0.02834410 0.01087558
-0.59607669 0.02812907 0.01079464
-0.59450530 0.02791680 0.01071462
-0.59293243 0.02770740 0.01063552
-0.59135956 0.02750090 0.01055726
-0.58978669 0.02729737 0.01047996
-0.58821234 0.02709697 0.01040345
-0.58663799 0.02689963 0.01032772
-0.58506364 0.02670550 0.01025279
-0.58348781 0.02651450 0.01017865
-0.58191198 0.02632667 0.01010525
-0.58033616 0.02614197 0.01003249
-0.57875885 0.02596043 0.00996039
-0.57718302 0.02578203 0.00988893
-0.57560424 0.02560673 0.00981805
-0.57402693 0.02543457 0.00974771
-0.57244815 0.02526540 0.00967780
-0.57086937 0.02509920 0.00960834
-0.56929058 0.02493593 0.00953927
-0.56771032 0.02477557 0.00947053
-0.56613006 0.02461797 0.00940201
-0.56454980 0.02446317 0.00933365
-0.56296805 0.02431093 0.00926541
-0.56138779 0.02416127 0.00919717
-0.55980605 0.02401397 0.00912887
-0.55822283 0.02386897 0.00906038
-0.55664109 0.02372593 0.00899169
-0.55505787 0.02358457 0.00892261
-0.55347466 0.02344430 0.00885327
-0.55189144 0.02330407 0.00878376
-0.55030822 0.02316273 0.00871493
-0.54872352 0.02301157 0.00864905
-0.54713882 0.02282413 0.00858628
-0.54555413 0.02258693 0.00852116
-0.54396943 0.02234107 0.00845705
-0.54238325 0.02212103 0.00839844
-0.54079708 0.02192157 0.00834080
-0.53921090 0.02173683 0.00828301
-0.53762473 0.02156300 0.00822583
-0.53603855 0.02139770 0.00816909
-0.53445090 0.02123927 0.00811284
-0.53286472 0.02108657 0.00805712
-0.53127707 0.02093853 0.00800195
-0.52968942 0.02079460 0.00794726
-0.52810029 0.02065413 0.00789302
-0.52651263 0.02051663 0.00783924
-0.52492498 0.02038173 0.00778600
-0.52333585 0.02024900 0.00773314
-0.52174671 0.02011827 0.00768073
-0.52015758 0.01998920 0.00762869
-0.51856845 0.01986153 0.00757710
-0.51697932 0.01973523 0.00752587
-0.51538871 0.01961000 0.00747501
-0.51379958 0.01948567 0.00742455
-0.51220897 0.01936227 0.00737441
-0.51061836 0.01923953 0.00732472
-0.50902775 0.01911740 0.00727533
-0.50743714 0.01899573 0.00722631
-0.50584653 0.01887453 0.00717766
-0.50425592 0.01875360 0.00712935
-0.50266383 0.01863293 0.00708143
-0.50107322 0.01851247 0.00703387
-0.49948261 0.01839207 0.00698671
-0.49789052 0.01827173 0.00693998
-0.49629843 0.01815130 0.00689360
-0.49470782 0.01803077 0.00684770
-0.49311573 0.01791000 0.00680227
-0.49152364 0.01778907 0.00675727
-0.48993156 0.01766783 0.00671283
-0.48833947 0.01754617 0.00666894
-0.48674738 0.01742403 0.00662563
-0.48515529 0.01730140 0.00658293
-0.48356320 0.01717824 0.00654100
-0.48196964 0.01705443 0.00649978
-0.48037755 0.01692992 0.00645941
-0.47878546 0.01680469 0.00641990
-0.47719337 0.01667872 0.00638136
-0.47559980 0.01655213 0.00634385
-0.47400772 0.01642517 0.00630739
-0.47241563 0.01629829 0.00627185
-0.47082206 0.01617227 0.00623699
-0.46922997 0.01604951 0.00620176
-0.46763788 0.01594150 0.00616528
-0.46604432 0.01586367 0.00612978
-0.46445223 0.01580964 0.00609598
-0.46286014 0.01575598 0.00606101
-0.46126658 0.01569251 0.00602458
-0.45967449 0.01562194 0.00598842
-0.45808240 0.01554732 0.00595285
-0.45649031 0.01546973 0.00591761
-0.45489822 0.01539004 0.00588268
-0.45330613 0.01530868 0.00584811
-0.45171257 0.01522610 0.00581379
-0.45012048 0.01514265 0.00577980
-0.44852839 0.01505855 0.00574611
-0.44693778 0.01497399 0.00571273
-0.44534569 0.01488921 0.00567966
-0.44375360 0.01480421 0.00564684
-0.44216151 0.01471924 0.00561435
-0.44057090 0.01463434 0.00558214
-0.43897882 0.01454963 0.00555026
-0.43738821 0.01446518 0.00551867
-0.43579612 0.01438104 0.00548739
-0.43420551 0.01429731 0.00545639
-0.43261490 0.01421399 0.00542573
-0.43102429 0.01413118 0.00539540
-0.42943368 0.01404891 0.00536537
-0.42784307 0.01396719 0.00533562
-0.42625394 0.01388610 0.00530623
-0.42466333 0.01380561 0.00527714
-0.42307419 0.01372582 0.00524832
-0.42148358 0.01364671 0.00521987
-0.41989445 0.01356835 0.00519171
-0.41830532 0.01349069 0.00516385
-0.41671619 0.01341380 0.00513632
-0.41512853 0.01333768 0.00510910
-0.41353940 0.01326235 0.00508220
-0.41195175 0.01318778 0.00505560
-0.41036262 0.01311400 0.00502931
-0.40877496 0.01304102 0.00500335
-0.40718731 0.01296891 0.00497767
-0.40560114 0.01289761 0.00495227
-0.40401348 0.01282719 0.00492719
-0.40242731 0.01275763 0.00490242
-0.40084113 0.01268894 0.00487792
-0.39925496 0.01262112 0.00485372
-0.39766878 0.01255415 0.00482978
-0.39608261 0.01248811 0.00480619
-0.39449791 0.01242287 0.00478280
-0.39291321 0.01235856 0.00475976
-0.39132851 0.01229512 0.00473697
-0.38974382 0.01223258 0.00471447
-0.38816060 0.01217087 0.00469221
-0.38657738 0.01211004 0.00467025
-0.38499416 0.01205016 0.00464857
-0.38341094 0.01199112 0.00462712
-0.38182920 0.01193297 0.00460595
-0.38024598 0.01187571 0.00458500
-0.37866424 0.01181940 0.00456434
-0.37708398 0.01176403 0.00454384
-0.37550224 0.01170974 0.00452360
-0.37392198 0.01165658 0.00450343
-0.37234172 0.01160512 0.00448324
-0.37076145 0.01155727 0.00446306
-0.36918267 0.01151375 0.00444338
-0.36760388 0.01147125 0.00442383
-0.36602510 0.01142742 0.00440413
-0.36444780 0.01138246 0.00438451
-0.36286901 0.01133682 0.00436516
-0.36129171 0.01129079 0.00434597
-0.35971588 0.01124451 0.00432696
-0.35814005 0.01119813 0.00430817
-0.35656422 0.01115174 0.00428955
-0.35498840 0.01110542 0.00427110
-0.35341405 0.01105924 0.00425285
-0.35183970 0.01101326 0.00423476
-0.35026535 0.01096749 0.00421687
-0.34869248 0.01092199 0.00419916
-0.34711961 0.01087675 0.00418161
-0.34554674 0.01083185 0.00416427
-0.34397534 0.01078730 0.00414710
-0.34240395 0.01074306 0.00413008
-0.34083256 0.01069921 0.00411327
-0.33926264 0.01065576 0.00409668
-0.33769273 0.01061270 0.00408024
-0.33612429 0.01057004 0.00406402
-0.33455586 0.01052776 0.00404794
-0.33298742 0.01048594 0.00403211
-0.33142046 0.01044455 0.00401646
-0.32985350 0.01040362 0.00400104
-0.32828655 0.01036311 0.00398581
-0.32672107 0.01032303 0.00397076
-0.32515559 0.01028344 0.00395598
-0.32359159 0.01024433 0.00394142
-0.32202758 0.01020569 0.00392708
-0.32046358 0.01016757 0.00391298
-0.31890106 0.01012997 0.00389914
-0.31734002 0.01009294 0.00388557
-0.31577749 0.01005646 0.00387220
-0.31421793 0.01002067 0.00385915
-0.31265688 0.00998561 0.00384629
-0.31109731 0.00995152 0.00383371
-0.30953923 0.00991854 0.00382120
-0.30798114 0.00988729 0.00380877
-0.30642305 0.00985847 0.00379584
-0.30486644 0.00983632 0.00378200
-0.30330983 0.00982868 0.00376792
-0.30175470 0.00983483 0.00375496
-0.30019957 0.00984089 0.00374139
-0.29864591 0.00984009 0.00372648
-0.29709226 0.00983447 0.00371173
-0.29554008 0.00982451 0.00369705
-0.29398791 0.00981102 0.00368233
-0.29243721 0.00979470 0.00366764
-0.29088651 0.00977620 0.00365297
-0.28933730 0.00975584 0.00363829
-0.28778808 0.00973393 0.00362359
-0.28623886 0.00971071 0.00360893
-0.28469112 0.00968634 0.00359425
-0.28314485 0.00966099 0.00357957
-0.28159859 0.00963481 0.00356487
-0.28005381 0.00960793 0.00355017
-0.27850902 0.00958044 0.00353544
-0.27696572 0.00955248 0.00352076
-0.27542241 0.00952410 0.00350605
-0.27388059 0.00949538 0.00349130
-0.27234024 0.00946639 0.00347654
-0.27079989 0.00943722 0.00346178
-0.26925954 0.00940794 0.00344703
-0.26772067 0.00937852 0.00343218
-0.26618327 0.00934910 0.00341734
-0.26464588 0.00931970 0.00340250
-0.26310997 0.00929030 0.00338753
-0.26157405 0.00926098 0.00337251
-0.26003962 0.00923176 0.00335743
-0.25850518 0.00920267 0.00334228
-0.25697222 0.00917368 0.00332699
-0.25544074 0.00914481 0.00331158
-0.25390926 0.00911602 0.00329598
-0.25237926 0.00908735 0.00328027
-0.25084926 0.00905867 0.00326431
-0.24932074 0.00902998 0.00324819
-0.24779369 0.00900105 0.00323181
-0.24626665 0.00897173 0.00321522
-0.24474108 0.00894159 0.00319847
-0.24321552 0.00891017 0.00318166
-0.24169143 0.00887621 0.00316511
-0.24016882 0.00883834 0.00314948
-0.23864621 0.00879061 0.00313672
-0.23712508 0.00871151 0.00312719
-0.23560542 0.00858807 0.00311498
-0.23408577 0.00845762 0.00310151
-0.23256759 0.00835911 0.00309243
-0.23104942 0.00828982 0.00308446
-0.22953272 0.00823901 0.00307542
-0.22801750 0.00820046 0.00306606
-0.22650376 0.00817023 0.00305643
-0.22499002 0.00814596 0.00304667
-0.22347628 0.00812592 0.00303686
-0.22196550 0.00810887 0.00302697
-0.22045471 0.00809395 0.00301704
-0.21894541 0.00808054 0.00300711
-0.21743610 0.00806817 0.00299715
-0.21592827 0.00805648 0.00298715
-0.21442193 0.00804521 0.00297714
-0.21291705 0.00803416 0.00296707
-0.21141218 0.00802314 0.00295693
-0.20990879 0.00801209 0.00294677
-0.20840540 0.00800088 0.00293654
-0.20690496 0.00798943 0.00292622
-0.20540453 0.00797766 0.00291580
-0.20390557 0.00796555 0.00290531
-0.20240661 0.00795303 0.00289472
-0.20090913 0.00794007 0.00288406
-0.19941313 0.00792655 0.00287326
-0.19791861 0.00791244 0.00286235
-0.19642408 0.00789762 0.00285137
-0.19493104 0.00788191 0.00284035
-0.19343947 0.00786495 0.00282936
-0.19194791 0.00784565 0.00281866
-0.19045930 0.00782191 0.00280814
-0.18897069 0.00779291 0.00279765
-0.18748355 0.00776083 0.00278715
-0.18599642 0.00772904 0.00277684
-0.18451077 0.00769933 0.00276680
-0.18302659 0.00767125 0.00275686
-0.18154390 0.00764404 0.00274682
-0.18006268 0.00761763 0.00273682
-0.17858146 0.00759193 0.00272692
-0.17710172 0.00756682 0.00271698
-0.17562346 0.00754233 0.00270714
-0.17414667 0.00751838 0.00269729
-0.17266989 0.00749497 0.00268746
-0.17119606 0.00747211 0.00267770
-0.16972223 0.00744973 0.00266790
-0.16824841 0.00742791 0.00265818
-0.16677754 0.00740657 0.00264843
-0.16530667 0.00738575 0.00263871
-0.16383875 0.00736544 0.00262900
-0.16237084 0.00734563 0.00261927
-0.16090440 0.00732630 0.00260951
-0.15943796 0.00730749 0.00259978
-0.15797449 0.00728917 0.00259001
-0.15651101 0.00727131 0.00258018
-0.15504900 0.00725397 0.00257035
-0.15358848 0.00723709 0.00256046
-0.15212944 0.00722065 0.00255050
-0.15067039 0.00720470 0.00254051
-0.14921430 0.00718916 0.00253041
-0.14775822 0.00717409 0.00252029
-0.14630375 0.00715943 0.00251006
-0.14485062 0.00714517 0.00249972
-0.14339867 0.00713129 0.00248928
-0.14194791 0.00711784 0.00247879
-0.14049847 0.00710473 0.00246815
-0.13905022 0.00709195 0.00245739
-0.13760344 0.00707950 0.00244649
-0.13615770 0.00706740 0.00243552
-0.13471344 0.00705554 0.00242434
-0.13327021 0.00704398 0.00241304
-0.13182846 0.00703267 0.00240159
-0.13038804 0.00702158 0.00238995
-0.12894881 0.00701068 0.00237812
-0.12751090 0.00699996 0.00236611
-0.12607433 0.00698943 0.00235394
-0.12463893 0.00697902 0.00234155
-0.12320502 0.00696869 0.00232892
-0.12177229 0.00695847 0.00231610
-0.12034104 0.00694824 0.00230302
-0.11891096 0.00693798 0.00228969
-0.11748222 0.00692759 0.00227613
-0.11605496 0.00691692 0.00226228
-0.11462888 0.00690576 0.00224832
-0.11320413 0.00689364 0.00223426
-0.11178086 0.00687903 0.00222064
-0.11035892 0.00685687 0.00220758
-0.10893816 0.00682467 0.00219385
-0.10751888 0.00679171 0.00217964
-0.10610108 0.00676694 0.00216614
-0.10468446 0.00674860 0.00215265
-0.10326932 0.00673320 0.00213866
-0.10185551 0.00671920 0.00212444
-0.10044304 0.00670580 0.00211004
-0.09903203 0.00669265 0.00209546
-0.09762236 0.00667950 0.00208074
-0.09621417 0.00666621 0.00206587
-0.09480731 0.00665272 0.00205086
-0.09340178 0.00663896 0.00203572
-0.09199772 0.00662490 0.00202043
-0.09059500 0.00661052 0.00200500
-0.08919376 0.00659580 0.00198945
-0.08779384 0.00658072 0.00197378
-0.08639541 0.00656523 0.00195799
-0.08499845 0.00654933 0.00194210
-0.08360282 0.00653297 0.00192610
-0.08220867 0.00651612 0.00191003
-0.08081600 0.00649872 0.00189389
-0.07942466 0.00648069 0.00187769
-0.07803480 0.00646196 0.00186148
-0.07664641 0.00644240 0.00184527
-0.07525951 0.00642182 0.00182915
-0.07387393 0.00639994 0.00181318
-0.07248984 0.00637642 0.00179750
-0.07110722 0.00635053 0.00178232
-0.06972608 0.00632147 0.00176804
-0.06834642 0.00628684 0.00175559
-0.06696823 0.00623681 0.00174526
-0.06559138 0.00616983 0.00173383
-0.06421615 0.00611915 0.00172091
-0.06284240 0.00611424 0.00171054
-0.06146998 0.00613945 0.00170081
-0.06009919 0.00617346 0.00168939
-0.05872988 0.00621080 0.00167779
-0.05736204 0.00625006 0.00166629
-0.05599568 0.00629285 0.00165489
-0.05463080 0.00634109 0.00164348
-0.05326740 0.00639916 0.00163169
-0.05190548 0.00647216 0.00161872
-0.05054518 0.00657184 0.00160267
-0.04918636 0.00671321 0.00158003
-0.04782902 0.00693916 0.00154499
-0.04647316 0.00730356 0.00150051
-0.04511893 0.00766497 0.00146412
-0.04376617 0.00772080 0.00142189
-0.04241504 0.00753278 0.00136896
-0.04106524 0.00736021 0.00132877
-0.03971706 0.00724077 0.00129484
-0.03837051 0.00715290 0.00125844
-0.03702529 0.00708569 0.00122109
-0.03568185 0.00703556 0.00118279
-0.03433973 0.00700307 0.00114319
-0.03299939 0.00699473 0.00110111
-0.03166038 0.00702133 0.00105441
-0.03032315 0.00712340 0.00099631
-0.02898739 0.00737662 0.00092256
-0.02765326 0.00764099 0.00084428
-0.02632105 0.00746493 0.00076003
-0.02499002 0.00678452 0.00066613
-0.02366047 0.00597890 0.00058750
-0.02233255 0.00520011 0.00052519
-0.02100625 0.00443863 0.00046965
-0.01968143 0.00371116 0.00041424
-0.01835824 0.00301591 0.00036376
-0.01703653 0.00235949 0.00030999
-0.01571644 0.00172740 0.00026142
-0.01439801 0.00111839 0.00020684
-0.01308110 0.00049636 0.00012387
-0.01176578 0.00025213 0.00011107
-0.01045207 0.00063639 0.00018112
-0.00913993 0.00121303 0.00025835
-0.00782941 0.00176654 0.00030350
-0.00652048 0.00237121 0.00034969
-0.00521317 0.00297741 0.00039963
-0.00390746 0.00377561 0.00043867
-0.00260335 0.00457735 0.00050932
-0.00130087 0.00656678 0.00051819
-0.00000000 0.00762378 0.00066354
