# s/c   cf_mean    cf_std
0.00000000 0.00217987 0.00031706
0.00130087 0.00329408 0.00042876
0.00260174 0.00433651 0.00054489
0.00390261 0.00531106 0.00066230
0.00520348 0.00622149 0.00077986
0.00650435 0.00707146 0.00089708
0.00780522 0.00786448 0.00101377
0.00910609 0.00860394 0.00112987
0.01040697 0.00929313 0.00124537
0.01170784 0.00993522 0.00136029
0.01300871 0.01053325 0.00147468
0.01430958 0.01109017 0.00158858
0.01561045 0.01160880 0.00170204
0.01691132 0.01209187 0.00181512
0.01821219 0.01254201 0.00192788
0.01951306 0.01296172 0.00204035
0.02081393 0.01335344 0.00215260
0.02211480 0.01371949 0.00226467
0.02341567 0.01406209 0.00237661
0.02470176 0.01438338 0.00248848
0.02600263 0.01468541 0.00260032
0.02730350 0.01497012 0.00271218
0.02860437 0.01523939 0.00282411
0.02990524 0.01549501 0.00293617
0.03120611 0.01573868 0.00304839
0.03250698 0.01597203 0.00316084
0.03380786 0.01619659 0.00327356
0.03510873 0.01641384 0.00338660
0.03640960 0.01662517 0.00350002
0.03771047 0.01683191 0.00361387
0.03901134 0.01703531 0.00372819
0.04029743 0.01723656 0.00384305
0.04159830 0.01743677 0.00395849
0.04289917 0.01763700 0.00407456
0.04420004 0.01783825 0.00419133
0.04550091 0.01804143 0.00430884
0.04680178 0.01824744 0.00442715
0.04810265 0.01845707 0.00454630
0.04940352 0.01867110 0.00466635
0.05068961 0.01889022 0.00478735
0.05199048 0.01911509 0.00490936
0.05329135 0.01934632 0.00503241
0.05459222 0.01958446 0.00515657
0.05589309 0.01983002 0.00528187
0.05719396 0.02008347 0.00540837
0.05849483 0.02034522 0.00553611
0.05978092 0.02061565 0.00566514
0.06108179 0.02089510 0.00579550
0.06238266 0.02118386 0.00592723
0.06368353 0.02148220 0.00606037
0.06498440 0.02179035 0.00619497
0.06628528 0.02210849 0.00633106
0.06757136 0.02243678 0.00646869
0.06887223 0.02277534 0.00660787
0.07017310 0.02312427 0.00674866
0.07147398 0.02348364 0.00689109
0.07277485 0.02385348 0.00703518
0.07407572 0.02423380 0.00718096
0.07536180 0.02462460 0.00732848
0.07666268 0.02502584 0.00747774
0.07796355 0.02543746 0.00762879
0.07926442 0.02585937 0.00778164
0.08056529 0.02629148 0.00793632
0.08185138 0.02673367 0.00809285
0.08315225 0.02718580 0.00825126
0.08445312 0.02764772 0.00841156
0.08575399 0.02811926 0.00857377
0.08704008 0.02860024 0.00873791
0.08834095 0.02909047 0.00890400
0.08964182 0.02958972 0.00907205
0.09094269 0.03009779 0.00924208
0.09224356 0.03061444 0.00941410
0.09352965 0.03113944 0.00958812
0.09483052 0.03167254 0.00976415
0.09613139 0.03221349 0.00994221
0.09743226 0.03276202 0.01012229
0.09871835 0.03331786 0.01030441
0.10001922 0.03388076 0.01048857
0.10132009 0.03445042 0.01067478
0.10260618 0.03502659 0.01086304
0.10390705 0.03560897 0.01105336
0.10520792 0.03619728 0.01124573
0.10650879 0.03679125 0.01144015
0.10779488 0.03739058 0.01163662
0.10909575 0.03799501 0.01183514
0.11039662 0.03860425 0.01203571
0.11169749 0.03921803 0.01223831
0.11298358 0.03983606 0.01244294
0.11428445 0.04045808 0.01264959
0.11558532 0.04108382 0.01285825
0.11687141 0.04171302 0.01306891
0.11817228 0.04234541 0.01328155
0.11947315 0.04298076 0.01349616
0.12075924 0.04361880 0.01371272
0.12206011 0.04425931 0.01393121
0.12336098 0.04490204 0.01415161
0.12466185 0.04554678 0.01437389
0.12594794 0.04619331 0.01459804
0.12724881 0.04684141 0.01482403
0.12854968 0.04749088 0.01505182
0.12983577 0.04813992 0.01528088
0.13113664 0.04882909 0.01552872
0.13243751 0.04949935 0.01578108
0.13372359 0.05018405 0.01603403
0.13502447 0.05087564 0.01628518
0.13632534 0.05155442 0.01653695
0.13761142 0.05221657 0.01678951
0.13891229 0.05289101 0.01703643
0.14019838 0.05363422 0.01727739
0.14149925 0.05453113 0.01752111
0.14280012 0.05550776 0.01776706
0.14408621 0.05635115 0.01801048
0.14538708 0.05696799 0.01825801
0.14668795 0.05744043 0.01852242
0.14797404 0.05786801 0.01879310
0.14927491 0.05833748 0.01905810
0.15056100 0.05892500 0.01931984
0.15186187 0.05959128 0.01957868
0.15316274 0.06017794 0.01982580
0.15444883 0.06065732 0.02006853
0.15574970 0.06119441 0.02032111
0.15703579 0.06181036 0.02057433
0.15833666 0.06240231 0.02082658
0.15963753 0.06284302 0.02106865
0.16092362 0.06327323 0.02130251
0.16222449 0.06401577 0.02154075
0.16351058 0.06508501 0.02177510
0.16481145 0.06614508 0.02198852
0.16611232 0.06696023 0.02219676
0.16739841 0.06757437 0.02242208
0.16869928 0.06808131 0.02266843
0.16998537 0.06854586 0.02293087
0.17128624 0.06899499 0.02319779
0.17257232 0.06944400 0.02346480
0.17387319 0.06990133 0.02372844
0.17517407 0.07037759 0.02398848
0.17646015 0.07088036 0.02424502
0.17776102 0.07140799 0.02449805
0.17904711 0.07195731 0.02474818
0.18034798 0.07252439 0.02499605
0.18163407 0.07312261 0.02524012
0.18293494 0.07377070 0.02547972
0.18422103 0.07450417 0.02571878
0.18552190 0.07532262 0.02596704
0.18680799 0.07611047 0.02621732
0.18810886 0.07671561 0.02645243
0.18939495 0.07712135 0.02668599
0.19069582 0.07755857 0.02692550
0.19199669 0.07831443 0.02718400
0.19328278 0.07941963 0.02744932
0.19458365 0.08054224 0.02768855
0.19586974 0.08146139 0.02791076
0.19717061 0.08223264 0.02813289
0.19845669 0.08298572 0.02838069
0.19975757 0.08377942 0.02865406
0.20104365 0.08455444 0.02893384
0.20234452 0.08522805 0.02921399
0.20363061 0.08569998 0.02948483
0.20493148 0.08613484 0.02976484
0.20621757 0.08684134 0.03005673
0.20750366 0.08789677 0.03034563
0.20880453 0.08907664 0.03063198
0.21009062 0.09010886 0.03090174
0.21139149 0.09093183 0.03115295
0.21267758 0.09167174 0.03141817
0.21397845 0.09246756 0.03170729
0.21526454 0.09335315 0.03200062
0.21656541 0.09430686 0.03229642
0.21785149 0.09528956 0.03259103
0.21915236 0.09626269 0.03288326
0.22043845 0.09720344 0.03317727
0.22173932 0.09808744 0.03347137
0.22302541 0.09889836 0.03376149
0.22432628 0.09970392 0.03405152
0.22561237 0.10057958 0.03434364
0.22689846 0.10157074 0.03464028
0.22819933 0.10262559 0.03493796
0.22948542 0.10362933 0.03522902
0.23078629 0.10454146 0.03551105
0.23207238 0.10537512 0.03578976
0.23337325 0.10615361 0.03607245
0.23465933 0.10686481 0.03636032
0.23594542 0.10748598 0.03665370
0.23724629 0.10802289 0.03694974
0.23853238 0.10852839 0.03724758
0.23983325 0.10907069 0.03754534
0.24111934 0.10967912 0.03783890
0.24240543 0.11034676 0.03812872
0.24370630 0.11102528 0.03841610
0.24499239 0.11165142 0.03870102
0.24629326 0.11219501 0.03898507
0.24757935 0.11265875 0.03926319
0.24886543 0.11305420 0.03953320
0.25016630 0.11341160 0.03979968
0.25145239 0.11377868 0.04006807
0.25275326 0.11414942 0.04033682
0.25403935 0.11451299 0.04060444
0.25532544 0.11487112 0.04087092
0.25662631 0.11520406 0.04113087
0.25791240 0.11549162 0.04138600
0.25919849 0.11569357 0.04162598
0.26049936 0.11579997 0.04185259
0.26178545 0.11587767 0.04208598
0.26307153 0.11594824 0.04231894
0.26437240 0.11603237 0.04254348
0.26565849 0.11622017 0.04277321
0.26695936 0.11654924 0.04300880
0.26824545 0.11697074 0.04324038
0.26953154 0.11735011 0.04345970
0.27083241 0.11753562 0.04365151
0.27211850 0.11747209 0.04383369
0.27340459 0.11723026 0.04402175
0.27470546 0.11701684 0.04421980
0.27599154 0.11698022 0.04443988
0.27727763 0.11708084 0.04465958
0.27857850 0.11720453 0.04486450
0.27986459 0.11726399 0.04505099
0.28115068 0.11722701 0.04520003
0.28243677 0.11710237 0.04534700
0.28373764 0.11689811 0.04552031
0.28502373 0.11657766 0.04569697
0.28630981 0.11624481 0.04587322
0.28761068 0.11609156 0.04606705
0.28889677 0.11608541 0.04624989
0.29018286 0.11596169 0.04638770
0.29148373 0.11556968 0.04651103
0.29276982 0.11499217 0.04663575
0.29405591 0.11438185 0.04676552
0.29534200 0.11388385 0.04690067
0.29664287 0.11354605 0.04703713
0.29792895 0.11329613 0.04716568
0.29921504 0.11301179 0.04728152
0.30051591 0.11258405 0.04737779
0.30180200 0.11198957 0.04745820
0.30308809 0.11129580 0.04753732
0.30437418 0.11061286 0.04761270
0.30567505 0.11005083 0.04768908
0.30696114 0.10964873 0.04775967
0.30824722 0.10936049 0.04781772
0.30953331 0.10911294 0.04787201
0.31083418 0.10879861 0.04792381
0.31212027 0.10832188 0.04796842
0.31340636 0.10769703 0.04799788
0.31469245 0.10703351 0.04802572
0.31599332 0.10638739 0.04806128
0.31727941 0.10569726 0.04809562
0.31856549 0.10496734 0.04813386
0.31985158 0.10428577 0.04817283
0.32115245 0.10373624 0.04820330
0.32243854 0.10335516 0.04822495
0.32372463 0.10314200 0.04824204
0.32501072 0.10304234 0.04825573
0.32629681 0.10296066 0.04826333
0.32759768 0.10281731 0.04825479
0.32888376 0.10258127 0.04823399
0.33016985 0.10227018 0.04821642
0.33145594 0.10189250 0.04819951
0.33275681 0.10149698 0.04818973
0.33404290 0.10116346 0.04819709
0.33532899 0.10090610 0.04821600
0.33661508 0.10066821 0.04823469
0.33790116 0.10040586 0.04824222
0.33918725 0.10012135 0.04823990
0.34048812 0.09984495 0.04823129
0.34177421 0.09961440 0.04822013
0.34306030 0.09945208 0.04820765
0.34434639 0.09938236 0.04819473
0.34563247 0.09939895 0.04818466
0.34693335 0.09947804 0.04818516
0.34821943 0.09952692 0.04818723
0.34950552 0.09947315 0.04818871
0.35079161 0.09932321 0.04819007
0.35207770 0.09907691 0.04817646
0.35336379 0.09878208 0.04815974
0.35466466 0.09850479 0.04814547
0.35595074 0.09832329 0.04813562
0.35723683 0.09830168 0.04813741
0.35852292 0.09837466 0.04813919
0.35980901 0.09843076 0.04813391
0.36109510 0.09846517 0.04812770
0.36238118 0.09850128 0.04812394
0.36368206 0.09852715 0.04812120
0.36496814 0.09848314 0.04811415
0.36625423 0.09833687 0.04810359
0.36754032 0.09812885 0.04809549
0.36882641 0.09793717 0.04808656
0.37011250 0.09787797 0.04809155
0.37139858 0.09796609 0.04810941
0.37269945 0.09806528 0.04811680
0.37398554 0.09808918 0.04811675
0.37527163 0.09804124 0.04811270
0.37655772 0.09793947 0.04810158
0.37784381 0.09781788 0.04808277
0.37912989 0.09773400 0.04806538
0.38041598 0.09773267 0.04806151
0.38170207 0.09772255 0.04806288
0.38298816 0.09761396 0.04806897
0.38428903 0.09746602 0.04809133
0.38557512 0.09733813 0.04812315
0.38686121 0.09724691 0.04815408
0.38814729 0.09719646 0.04817807
0.38943338 0.09719550 0.04819466
0.39071947 0.09724882 0.04820706
0.39200556 0.09732058 0.04821317
0.39329165 0.09738085 0.04821464
0.39457773 0.09744087 0.04821578
0.39586382 0.09752293 0.04821571
0.39714991 0.09764349 0.04821472
0.39843600 0.09777945 0.04822079
0.39973687 0.09785280 0.04823749
0.40102296 0.09770632 0.04824947
0.40230905 0.09734018 0.04825952
0.40359513 0.09696310 0.04828826
0.40488122 0.09675534 0.04834105
0.40616731 0.09671373 0.04838999
0.40745340 0.09674629 0.04842076
0.40873949 0.09675190 0.04843791
0.41002557 0.09662635 0.04844239
0.41131166 0.09637843 0.04843960
0.41259775 0.09618636 0.04845254
0.41388384 0.09614871 0.04847748
0.41516993 0.09615853 0.04848522
0.41645601 0.09622316 0.04848444
0.41774210 0.09646545 0.04848417
0.41902819 0.09701265 0.04849068
0.42031428 0.09772050 0.04849490
0.42160037 0.09819632 0.04847476
0.42288645 0.09825202 0.04843799
0.42417254 0.09809748 0.04843070
0.42545863 0.09797867 0.04846202
0.42674472 0.09792298 0.04850806
0.42803081 0.09788528 0.04854349
0.42931690 0.09787334 0.04856970
0.43060298 0.09794037 0.04860243
0.43188907 0.09808279 0.04863606
0.43317516 0.09826490 0.04866530
0.43446125 0.09846043 0.04868808
0.43574734 0.09865415 0.04870615
0.43703342 0.09884318 0.04871980
0.43831951 0.09902531 0.04872979
0.43960560 0.09920231 0.04873709
0.44089169 0.09936343 0.04874314
0.44217778 0.09949766 0.04875353
0.44346386 0.09958385 0.04876910
0.44474995 0.09959400 0.04877736
0.44603604 0.09960837 0.04877962
0.44732213 0.09981723 0.04880058
0.44860822 0.10034135 0.04883475
0.44989430 0.10101521 0.04886817
0.45118039 0.10147515 0.04886969
0.45246648 0.10151415 0.04884014
0.45375257 0.10133153 0.04883076
0.45503866 0.10115417 0.04885899
0.45632474 0.10097582 0.04891071
0.45761083 0.10068262 0.04894540
0.45889692 0.10025201 0.04896315
0.46018301 0.09981920 0.04899317
0.46146910 0.09954533 0.04904051
0.46275519 0.09962165 0.04910886
0.46404127 0.09997247 0.04917002
0.46532736 0.10026109 0.04920443
0.46661345 0.10025656 0.04921716
0.46789954 0.10003746 0.04921493
0.46917084 0.09985404 0.04923065
0.47045693 0.09985767 0.04928726
0.47174302 0.10000620 0.04935354
0.47302911 0.10015748 0.04939232
0.47431520 0.10022381 0.04941313
0.47560128 0.10017169 0.04941756
0.47688737 0.10002285 0.04941789
0.47817346 0.09984107 0.04942942
0.47945955 0.09967816 0.04944679
0.48074564 0.09958786 0.04946994
0.48203172 0.09962620 0.04950133
0.48331781 0.09975775 0.04953468
0.48460390 0.09989845 0.04956409
0.48587521 0.09995020 0.04958311
0.48716129 0.09988093 0.04959139
0.48844738 0.09974839 0.04959900
0.48973347 0.09960871 0.04961670
0.49101956 0.09949355 0.04964335
0.49230565 0.09940846 0.04967246
0.49359173 0.09935983 0.04970218
0.49487782 0.09934966 0.04972926
0.49616391 0.09937440 0.04975356
0.49743522 0.09941957 0.04977441
0.49872130 0.09946178 0.04979149
0.50000739 0.09948098 0.04980600
0.50129348 0.09946174 0.04981977
0.50257957 0.09939424 0.04983303
0.50386566 0.09927349 0.04984472
0.50515174 0.09911863 0.04985502
0.50643783 0.09896875 0.04987032
0.50770914 0.09886296 0.04989293
0.50899523 0.09881806 0.04992101
0.51028131 0.09879389 0.04994789
0.51156740 0.09873911 0.04996772
0.51285349 0.09862102 0.04998174
0.51413958 0.09844368 0.04999342
0.51542567 0.09823266 0.05000747
0.51669697 0.09800912 0.05001780
0.51798306 0.09783623 0.05003578
0.51926915 0.09777661 0.05006606
0.52055524 0.09781406 0.05008809
0.52184132 0.09793899 0.05010771
0.52312741 0.09809573 0.05013291
0.52439872 0.09813459 0.05014582
0.52568480 0.09795983 0.05013583
0.52697089 0.09759620 0.05011275
0.52825698 0.09717466 0.05009248
0.52954307 0.09683806 0.05010130
0.53082916 0.09668915 0.05013420
0.53210046 0.09675916 0.05017726
0.53338655 0.09689515 0.05021817
0.53467264 0.09690477 0.05022855
0.53595873 0.09674102 0.05022006
0.53724481 0.09647012 0.05020348
0.53853090 0.09621146 0.05018502
0.53980221 0.09614122 0.05020736
0.54108830 0.09628775 0.05025054
0.54237438 0.09646775 0.05026400
0.54366047 0.09661580 0.05027157
0.54494656 0.09667846 0.05027375
0.54621787 0.09656751 0.05024563
0.54750395 0.09637498 0.05021468
0.54879004 0.09621984 0.05020745
0.55007613 0.09615550 0.05021132
0.55134744 0.09621302 0.05022124
0.55263352 0.09635250 0.05023065
0.55391961 0.09646941 0.05022947
0.55520570 0.09647924 0.05021341
0.55649179 0.09638600 0.05018788
0.55776309 0.09625790 0.05016199
0.55904918 0.09619753 0.05015239
0.56033527 0.09626089 0.05016066
0.56162136 0.09641575 0.05016776
0.56289266 0.09659563 0.05017275
0.56417875 0.09673306 0.05016830
0.56546484 0.09678474 0.05015511
0.56675093 0.09674972 0.05014095
0.56803702 0.09664133 0.05012591
0.56930832 0.09646098 0.05010917
0.57059441 0.09624097 0.05009240
0.57188050 0.09603931 0.05008951
0.57316659 0.09590313 0.05009861
0.57443789 0.09585303 0.05010579
0.57572398 0.09589564 0.05010679
0.57701007 0.09602990 0.05009756
0.57829616 0.09624089 0.05008224
0.57956746 0.09647417 0.05006664
0.58085355 0.09665265 0.05004918
0.58213964 0.09670587 0.05002630
0.58341094 0.09661590 0.04999713
0.58469703 0.09643043 0.04996552
0.58598312 0.09622096 0.04994679
0.58726921 0.09604023 0.04994511
0.58854051 0.09590253 0.04994794
0.58982660 0.09583301 0.04995915
0.59111269 0.09580737 0.04997179
0.59239878 0.09573861 0.04996925
0.59367008 0.09558627 0.04995161
0.59495617 0.09540292 0.04993327
0.59624226 0.09525516 0.04992641
0.59751356 0.09519038 0.04993073
0.59879965 0.09522296 0.04993986
0.60008574 0.09533543 0.04994526
0.60137183 0.09550900 0.04994740
0.60264313 0.09569325 0.04994444
0.60392922 0.09583013 0.04993721
0.60521531 0.09585071 0.04991787
0.60648661 0.09572581 0.04988573
0.60777270 0.09547800 0.04984104
0.60905879 0.09517687 0.04979631
0.61033010 0.09493920 0.04977727
0.61161618 0.09480803 0.04977159
0.61290227 0.09477644 0.04976791
0.61417358 0.09481045 0.04976146
0.61545967 0.09485548 0.04974712
0.61674575 0.09489268 0.04973071
0.61801706 0.09492581 0.04971576
0.61930315 0.09495188 0.04970357
0.62058924 0.09496951 0.04969149
0.62187532 0.09497797 0.04967540
0.62314663 0.09500895 0.04965878
0.62443272 0.09509202 0.04964294
0.62571880 0.09521236 0.04962235
0.62699011 0.09532792 0.04959999
0.62827620 0.09535777 0.04956665
0.62954750 0.09524979 0.04951903
0.63083359 0.09503616 0.04947426
0.63211968 0.09476133 0.04943575
0.63339099 0.09445480 0.04940534
0.63467707 0.09415470 0.04938673
0.63596316 0.09389672 0.04937981
0.63723447 0.09370448 0.04937857
0.63852056 0.09359529 0.04937728
0.63980664 0.09359041 0.04937722
0.64107795 0.09368353 0.04937792
0.64236404 0.09382557 0.04936977
0.64365012 0.09397444 0.04935318
0.64492143 0.09411701 0.04933224
0.64620752 0.09424781 0.04930797
0.64749361 0.09436486 0.04928477
0.64876491 0.09446077 0.04926122
0.65005100 0.09452909 0.04923845
0.65132231 0.09456320 0.04921591
0.65260839 0.09455696 0.04919411
0.65389448 0.09450148 0.04916994
0.65516579 0.09439273 0.04914347
0.65645188 0.09423595 0.04911536
0.65772318 0.09404890 0.04909016
0.65900927 0.09385725 0.04907607
0.66029536 0.09366156 0.04906999
0.66156666 0.09345014 0.04906989
0.66285275 0.09319417 0.04906536
0.66413884 0.09289144 0.04905299
0.66541014 0.09259387 0.04904532
0.66669623 0.09236155 0.04905489
0.66796754 0.09221976 0.04908038
0.66925363 0.09215056 0.04910882
0.67053971 0.09212856 0.04913000
0.67181102 0.09213963 0.04914357
0.67309711 0.09215953 0.04915402
0.67436841 0.09212416 0.04915666
0.67565450 0.09196641 0.04914197
0.67692581 0.09170274 0.04912108
0.67821189 0.09138962 0.04910832
0.67949798 0.09104610 0.04910276
0.68076929 0.09067246 0.04909963
0.68205538 0.09025971 0.04908985
0.68332668 0.08983030 0.04907385
0.68461277 0.08946194 0.04906851
0.68589886 0.08923403 0.04909207
0.68717016 0.08912210 0.04912805
0.68845625 0.08903595 0.04915484
0.68972756 0.08892942 0.04917033
0.69101364 0.08880268 0.04918030
0.69228495 0.08865787 0.04918783
0.69357104 0.08849680 0.04919081
0.69484234 0.08832768 0.04919035
0.69612843 0.08817006 0.04918822
0.69741452 0.08804551 0.04918446
0.69868582 0.08797081 0.04918302
0.69997191 0.08793515 0.04918012
0.70124322 0.08787981 0.04916501
0.70252931 0.08777736 0.04913736
0.70380061 0.08765323 0.04911335
0.70508670 0.08753331 0.04910199
0.70635801 0.08741405 0.04909597
0.70764409 0.08727748 0.04908960
0.70893018 0.08711715 0.04908153
0.71020149 0.08692795 0.04907094
0.71148758 0.08671516 0.04906030
0.71275888 0.08648860 0.04904837
0.71404497 0.08628473 0.04904114
0.71531627 0.08616333 0.04905024
0.71660236 0.08613024 0.04906598
0.71787367 0.08612742 0.04906927
0.71915976 0.08610569 0.04905449
0.72043106 0.08605767 0.04902896
0.72171715 0.08599056 0.04899807
0.72298845 0.08591785 0.04896747
0.72427454 0.08585357 0.04894272
0.72554585 0.08580166 0.04892670
0.72683194 0.08574071 0.04891608
0.72810324 0.08563691 0.04890196
0.72938933 0.08547626 0.04887755
0.73066064 0.08528971 0.04885577
0.73194672 0.08511734 0.04884380
0.73321803 0.08498335 0.04884499
0.73450412 0.08489240 0.04885533
0.73577542 0.08482544 0.04886200
0.73706151 0.08476719 0.04886294
0.73833282 0.08471118 0.04885713
0.73961890 0.08465488 0.04884598
0.74089021 0.08459631 0.04883006
0.74217630 0.08453216 0.04880918
0.74344760 0.08446037 0.04878364
0.74473369 0.08437956 0.04875358
0.74600500 0.08429217 0.04872030
0.74729108 0.08420674 0.04868776
0.74856239 0.08413191 0.04865872
0.74984848 0.08407377 0.04863474
0.75111978 0.08403327 0.04861518
0.75240587 0.08400893 0.04859869
0.75367718 0.08399781 0.04858403
0.75496327 0.08399702 0.04857024
0.75623457 0.08400388 0.04855665
0.75752066 0.08401578 0.04854267
0.75879196 0.08403057 0.04852794
0.76007805 0.08404661 0.04851204
0.76134936 0.08406353 0.04849493
0.76263545 0.08408221 0.04847681
0.76390675 0.08410530 0.04845798
0.76517806 0.08413708 0.04843923
0.76646414 0.08418467 0.04842210
0.76773545 0.08425605 0.04840846
0.76902154 0.08435452 0.04839939
0.77029284 0.08446526 0.04838912
0.77157893 0.08455932 0.04837108
0.77285024 0.08462033 0.04834504
0.77413633 0.08464580 0.04831464
0.77540763 0.08463653 0.04828346
0.77669372 0.08459377 0.04825242
0.77796502 0.08451699 0.04822164
0.77923633 0.08441144 0.04819251
0.78052242 0.08428684 0.04816855
0.78179372 0.08415483 0.04815072
0.78307981 0.08402729 0.04814073
0.78435112 0.08391757 0.04813970
0.78563720 0.08382896 0.04814407
0.78690851 0.08375343 0.04814928
0.78817982 0.08368785 0.04815302
0.78946590 0.08363158 0.04815457
0.79073721 0.08358437 0.04815316
0.79202330 0.08354509 0.04814839
0.79329460 0.08351092 0.04813972
0.79458069 0.08347706 0.04812710
0.79585200 0.08343533 0.04810932
0.79712330 0.08338022 0.04808878
0.79840939 0.08330849 0.04806752
0.79968070 0.08321533 0.04804583
0.80096678 0.08309983 0.04802507
0.80223809 0.08296394 0.04800444
0.80350939 0.08281816 0.04798722
0.80479548 0.08267839 0.04797805
0.80606679 0.08255860 0.04798089
0.80735288 0.08245862 0.04799314
0.80862418 0.08236818 0.04800784
0.80989549 0.08228435 0.04802223
0.81118157 0.08220836 0.04803445
0.81245288 0.08214670 0.04804538
0.81373897 0.08210539 0.04805681
0.81501027 0.08207447 0.04806548
0.81628158 0.08203651 0.04806701
0.81756767 0.08198408 0.04806224
0.81883897 0.08191601 0.04805226
0.82012506 0.08182935 0.04803651
0.82139637 0.08171769 0.04801328
0.82266767 0.08156886 0.04797596
0.82395376 0.08138578 0.04792646
0.82522507 0.08120225 0.04788187
0.82651115 0.08105323 0.04785769
0.82778246 0.08094097 0.04785145
0.82905376 0.08085360 0.04785575
0.83033985 0.08078129 0.04786641
0.83161116 0.08071428 0.04787935
0.83288246 0.08064766 0.04789359
0.83416855 0.08057604 0.04790776
0.83543986 0.08049371 0.04792031
0.83672594 0.08039549 0.04792979
0.83799725 0.08027867 0.04793596
0.83926856 0.08014172 0.04793875
0.84055464 0.07998324 0.04793813
0.84182595 0.07980226 0.04793344
0.84309725 0.07959831 0.04792435
0.84438334 0.07937565 0.04791074
0.84565465 0.07914361 0.04789464
0.84692595 0.07891668 0.04787805
0.84821204 0.07871633 0.04786412
0.84948335 0.07856556 0.04785825
0.85076944 0.07847269 0.04786218
0.85204074 0.07840712 0.04786621
0.85331205 0.07833550 0.04786519
0.85459813 0.07824067 0.04785916
0.85586944 0.07811756 0.04784931
0.85714075 0.07796893 0.04783865
0.85842683 0.07779249 0.04782522
0.85969814 0.07759247 0.04781067
0.86096944 0.07737352 0.04779395
0.86225553 0.07715109 0.04777934
0.86352684 0.07695087 0.04777238
0.86479814 0.07680472 0.04778239
0.86608423 0.07673081 0.04781357
0.86735554 0.07671752 0.04785759
0.86862684 0.07673584 0.04790096
0.86991293 0.07675777 0.04793069
0.87118424 0.07676644 0.04794280
0.87245554 0.07674933 0.04793936
0.87374163 0.07669501 0.04792300
0.87501293 0.07659327 0.04789560
0.87628424 0.07643794 0.04785935
0.87757033 0.07622821 0.04781492
0.87884163 0.07596944 0.04776493
0.88011294 0.07567297 0.04771331
0.88138424 0.07535240 0.04766467
0.88267033 0.07502337 0.04762366
0.88394164 0.07469630 0.04759230
0.88521294 0.07437981 0.04757095
0.88649903 0.07407890 0.04755897
0.88777034 0.07380757 0.04756127
0.88904164 0.07357729 0.04757990
0.89032773 0.07337577 0.04760308
0.89159904 0.07319568 0.04762162
0.89287034 0.07304127 0.04763404
0.89415643 0.07291788 0.04764148
0.89542774 0.07282160 0.04764361
0.89669904 0.07274163 0.04763991
0.89797035 0.07266715 0.04763063
0.89925643 0.07259070 0.04761774
0.90052774 0.07250754 0.04760221
0.90179905 0.07241403 0.04758492
0.90308513 0.07230672 0.04756663
0.90435644 0.07218171 0.04754626
0.90562774 0.07203622 0.04752378
0.90691383 0.07186931 0.04749876
0.90818514 0.07168189 0.04747152
0.90945644 0.07147801 0.04744177
0.91072775 0.07126995 0.04741369
0.91201384 0.07107291 0.04738961
0.91328514 0.07089967 0.04737146
0.91455645 0.07075849 0.04735860
0.91582775 0.07065368 0.04734790
0.91711384 0.07059115 0.04734035
0.91838515 0.07057088 0.04733393
0.91965645 0.07059054 0.04732901
0.92094254 0.07063960 0.04732510
0.92221385 0.07070037 0.04732139
0.92348515 0.07074090 0.04731108
0.92475646 0.07073615 0.04728887
0.92604254 0.07068928 0.04725816
0.92731385 0.07061382 0.04722424
0.92858516 0.07052397 0.04719220
0.92985646 0.07042569 0.04716360
0.93114255 0.07032007 0.04713802
0.93241385 0.07020814 0.04711540
0.93368516 0.07009458 0.04709714
0.93495647 0.06999535 0.04709115
0.93624255 0.06991738 0.04709716
0.93751386 0.06985581 0.04710469
0.93878516 0.06983178 0.04711626
0.94005647 0.06986470 0.04713585
0.94134256 0.06992333 0.04715037
0.94261386 0.06996361 0.04714869
0.94388517 0.06997283 0.04713444
0.94515647 0.06995342 0.04711262
0.94644256 0.06990717 0.04708625
0.94771387 0.06983233 0.04705573
0.94898517 0.06972680 0.04702018
0.95025648 0.06959237 0.04698052
0.95154257 0.06943050 0.04693636
0.95281387 0.06923824 0.04688413
0.95408518 0.06902252 0.04682452
0.95535648 0.06880994 0.04676755
0.95664257 0.06864230 0.04672808
0.95791388 0.06855507 0.04671546
0.95918518 0.06854943 0.04672506
0.96045649 0.06858676 0.04673947
0.96174258 0.06862563 0.04674758
0.96301388 0.06865096 0.04674910
0.96428519 0.06866020 0.04674634
0.96555649 0.06864735 0.04673825
0.96682780 0.06860312 0.04672044
0.96811389 0.06852413 0.04669256
0.96938519 0.06841253 0.04665620
0.97065650 0.06827478 0.04661444
0.97192780 0.06811895 0.04657029
0.97321389 0.06795162 0.04652527
0.97448520 0.06778086 0.04648141
0.97575650 0.06761573 0.04644033
0.97702781 0.06746724 0.04640423
0.97829911 0.06734579 0.04637523
0.97958520 0.06725494 0.04635285
0.98085651 0.06719170 0.04633508
0.98212781 0.06714528 0.04631884
0.98339912 0.06710678 0.04630226
0.98468520 0.06706861 0.04628453
0.98595651 0.06702450 0.04626545
0.98722781 0.06697140 0.04624496
0.98849912 0.06690473 0.04622237
0.98977043 0.06682163 0.04619696
0.99105651 0.06672270 0.04616948
0.99232782 0.06661125 0.04614145
0.99359912 0.06649202 0.04611551
0.99487043 0.06636635 0.04609233
0.99614174 0.06622808 0.04606814
0.99742782 0.06607134 0.04603917
0.99869913 0.06589976 0.04600666
0.99997043 0.06572133 0.04597316
1.00124174 0.06554625 0.04594195
1.00251305 0.06538275 0.04591545
1.00378435 0.06523185 0.04589245
1.00507044 0.06509107 0.04587121
1.00634174 0.06495658 0.04584997
1.00761305 0.06482669 0.04582832
1.00888436 0.06470087 0.04580648
1.01015566 0.06457974 0.04578500
1.01144175 0.06446393 0.04576426
1.01271305 0.06435402 0.04574465
1.01398436 0.06425110 0.04572660
1.01525567 0.06415640 0.04571065
1.01652697 0.06407161 0.04569758
1.01779828 0.06399824 0.04568825
1.01908436 0.06393730 0.04568378
1.02035567 0.06388232 0.04568123
1.02162698 0.06382074 0.04567476
1.02289828 0.06374247 0.04566057
1.02416959 0.06363967 0.04563564
1.02545567 0.06351278 0.04560054
1.02672698 0.06337398 0.04556138
1.02799829 0.06323514 0.04552313
1.02926959 0.06310168 0.04548720
1.03054090 0.06297619 0.04545406
1.03181220 0.06286137 0.04542416
1.03309829 0.06276053 0.04539830
1.03436960 0.06267876 0.04537866
1.03564090 0.06261706 0.04536533
1.03691221 0.06257004 0.04535571
1.03818351 0.06253157 0.04534756
1.03945482 0.06249818 0.04533987
1.04072612 0.06246917 0.04533293
1.04201221 0.06244334 0.04532660
1.04328352 0.06242112 0.04532171
1.04455482 0.06240115 0.04531800
1.04582613 0.06237727 0.04531230
1.04709743 0.06234394 0.04530175
1.04836874 0.06229968 0.04528563
1.04965483 0.06224476 0.04526363
1.05092613 0.06218139 0.04523616
1.05219744 0.06211559 0.04520551
1.05346874 0.06205510 0.04517475
1.05474005 0.06200672 0.04514646
1.05601135 0.06197751 0.04512344
1.05728266 0.06197365 0.04510788
1.05856875 0.06200046 0.04510202
1.05984005 0.06205690 0.04510549
1.06111136 0.06213412 0.04511494
1.06238266 0.06221605 0.04512384
1.06365397 0.06229603 0.04513045
1.06492527 0.06237779 0.04513798
1.06619658 0.06245920 0.04514574
1.06746788 0.06253418 0.04515101
1.06875397 0.06259335 0.04514928
1.07002528 0.06262996 0.04513754
1.07129658 0.06264148 0.04511505
1.07256789 0.06262867 0.04508262
1.07383919 0.06259264 0.04504095
1.07511050 0.06253524 0.04499053
1.07638181 0.06246354 0.04493445
1.07766789 0.06239312 0.04487911
1.07893920 0.06235380 0.04483852
1.08021050 0.06236774 0.04482215
1.08148181 0.06242101 0.04482047
1.08275312 0.06248145 0.04481710
1.08402442 0.06253682 0.04480856
1.08529573 0.06258726 0.04479706
1.08656703 0.06263253 0.04478312
1.08783834 0.06267417 0.04476835
1.08912443 0.06271009 0.04475185
1.09039573 0.06273914 0.04473324
1.09166704 0.06276162 0.04471277
1.09293834 0.06277910 0.04469131
1.09420965 0.06279206 0.04466909
1.09548095 0.06280040 0.04464618
1.09675226 0.06280327 0.04462224
1.09802356 0.06279932 0.04459680
1.09930965 0.06278867 0.04457003
1.10058096 0.06277213 0.04454254
1.10185226 0.06275087 0.04451486
1.10312357 0.06272583 0.04448718
1.10439487 0.06269707 0.04445929
1.10566618 0.06266473 0.04443082
1.10693748 0.06262917 0.04440155
1.10820879 0.06259149 0.04437154
1.10948010 0.06255345 0.04434116
1.11075140 0.06251741 0.04431114
1.11203749 0.06248539 0.04428204
1.11330879 0.06245902 0.04425437
1.11458010 0.06243958 0.04422867
1.11585141 0.06242808 0.04420580
1.11712271 0.06242467 0.04418643
1.11839402 0.06242662 0.04417049
1.11966532 0.06242626 0.04415613
1.12093663 0.06240766 0.04413767
1.12220793 0.06234284 0.04410207
1.12347924 0.06220895 0.04403753
1.12475054 0.06202307 0.04395217
1.12603663 0.06182948 0.04386617
1.12730794 0.06166156 0.04378951
1.12857924 0.06153698 0.04372513
1.12985055 0.06146976 0.04367121
1.13112185 0.06147292 0.04363153
1.13239316 0.06155467 0.04361067
1.13366446 0.06172621 0.04361646
1.13493577 0.06198829 0.04366806
1.13620707 0.06233955 0.04379143
1.13747838 0.06275333 0.04400287
1.13874969 0.06318101 0.04428981
1.14002099 0.06353374 0.04455308
1.14130708 0.06375991 0.04471782
1.14257838 0.06389041 0.04481285
1.14384969 0.06390941 0.04484732
1.14512100 0.06377841 0.04482143
1.14639230 0.06348656 0.04473711
1.14766361 0.06310902 0.04458129
1.14893491 0.06277531 0.04437004
1.15020622 0.06252063 0.04416938
1.15147752 0.06222608 0.04397621
1.15274883 0.06178436 0.04376787
1.15402013 0.06127513 0.04353687
1.15529144 0.06116009 0.04344690
1.15656274 0.06104221 0.04335408
1.15783405 0.06092405 0.04326022
1.15912014 0.06080607 0.04316568
1.16039144 0.06068880 0.04307083
1.16166275 0.06057275 0.04297605
1.16293405 0.06045845 0.04288174
1.16420536 0.06034644 0.04278830
1.16547667 0.06023726 0.04269614
1.16674797 0.06013146 0.04260568
1.16801928 0.06002961 0.04251734
1.16929058 0.05993225 0.04243154
1.17056189 0.05983995 0.04234871
1.17183319 0.05975326 0.04226927
1.17310450 0.05967274 0.04219365
1.17437580 0.05959894 0.04212228
1.17564711 0.05953240 0.04205556
1.17691841 0.05947364 0.04199390
1.17818972 0.05942319 0.04193772
1.17946103 0.05938155 0.04188739
1.18074711 0.05934921 0.04184330
1.18201842 0.05932663 0.04180581
1.18328972 0.05931426 0.04177527
1.18456103 0.05931251 0.04175200
1.18583234 0.05932178 0.04173630
1.18710364 0.05934242 0.04172846
1.18837495 0.05937478 0.04172874
1.18964625 0.05941913 0.04173737
1.19091756 0.05947572 0.04175453
1.19218886 0.05954477 0.04178040
1.19346017 0.05962643 0.04181510
1.19473147 0.05972083 0.04185872
1.19600278 0.05982802 0.04191130
1.19727408 0.05994800 0.04197285
1.19854539 0.06008073 0.04204333
1.19981670 0.06022608 0.04212265
1.20108800 0.06038387 0.04221064
1.20235931 0.06055385 0.04230712
1.20363061 0.06073569 0.04241182
1.20490192 0.06092898 0.04252441
1.20617322 0.06113324 0.04264451
1.20744453 0.06134789 0.04277165
1.20873062 0.06157227 0.04290532
1.21000192 0.06180562 0.04304489
1.21127323 0.06204710 0.04318969
1.21254453 0.06229574 0.04333895
1.21381584 0.06255048 0.04349182
1.21508714 0.06281015 0.04364735
1.21635845 0.06307345 0.04380450
1.21762975 0.06333897 0.04396215
1.21890106 0.06360519 0.04411907
1.22017237 0.06387044 0.04427390
1.22144367 0.06413292 0.04442521
1.22271498 0.06439069 0.04457143
1.22398628 0.06464168 0.04471088
1.22525759 0.06488365 0.04484177
1.22652889 0.06511422 0.04496218
1.22780020 0.06533085 0.04507004
1.22907150 0.06553084 0.04516318
1.23034281 0.06571129 0.04523926
1.23161411 0.06586918 0.04529582
1.23288542 0.06600126 0.04533024
1.23415673 0.06610413 0.04533975
1.23542803 0.06617416 0.04532143
1.23669934 0.06620756 0.04527220
1.23797064 0.06620033 0.04518881
1.23924195 0.06614824 0.04506782
1.24051325 0.06604686 0.04490565
1.24178456 0.06589156 0.04469852
1.24305586 0.06567745 0.04444246
1.24432717 0.06539943 0.04413332
1.24559847 0.06505215 0.04376675
1.24686978 0.06463001 0.04333820
1.24814109 0.06412720 0.04284291
1.24941239 0.06353759 0.04227592
1.25068370 0.06285484 0.04163204
1.25195500 0.06207232 0.04090586
1.25322631 0.06118311 0.04009175
1.25449761 0.06018003 0.03918384
1.25576892 0.05905560 0.03817603
1.25704022 0.05780204 0.03706196
1.25831153 0.05641127 0.03583505
1.25958283 0.05487491 0.03448842
1.26085414 0.05318425 0.03301498
1.26212545 0.05133026 0.03140734
1.26339675 0.04930357 0.02965784
1.26466806 0.04709448 0.02775857
1.26593936 0.04469296 0.02570132
1.26721067 0.04208859 0.02347759
1.26848197 0.03927062 0.02107864
1.26975328 0.03622793 0.01849543
1.27102458 0.03294900 0.01571871
1.27229589 0.02942195 0.01273909
1.27356719 0.02563450 0.00954743
1.27483850 0.02157398 0.00613651
1.27610981 0.01722730 0.00251830
1.27738111 0.01258097 0.00154668
1.27865242 0.00762106 0.00562974
1.27992372 0.00233322 0.01004522
1.28119503 -0.00329732 0.01474926
-0.96316762 0.02995627 0.00180474
-0.96189631 0.02663317 0.00046950
-0.96062353 0.02079590 0.00044735
-0.95934927 0.01844407 0.00039848
-0.95807353 0.01872547 0.00133801
-0.95679779 0.02107117 0.00319417
-0.95551909 0.02476273 0.00403439
-0.95423744 0.03588727 0.00752291
-0.95295431 0.04019343 0.01887511
-0.95167118 0.10487220 0.05072484
-0.95038804 0.18902400 0.06435145
-0.94910048 0.19183533 0.05504277
-0.94781143 0.16319200 0.05063836
-0.94651943 0.14324100 0.05005633
-0.94522743 0.13633850 0.04989249
-0.94393247 0.13160227 0.04914556
-0.94263604 0.12964547 0.04834953
-0.94133960 0.12813790 0.04777247
-0.94004021 0.12598163 0.04715622
-0.93873934 0.12352300 0.04659069
-0.93743699 0.12134983 0.04616622
-0.93613316 0.11935900 0.04577271
-0.93482786 0.11758590 0.04540685
-0.93351959 0.11598113 0.04506627
-0.93221133 0.11452550 0.04474429
-0.93090011 0.11319543 0.04443866
-0.92958890 0.11197190 0.04414735
-0.92827472 0.11083923 0.04386828
-0.92695907 0.10978390 0.04359959
-0.92564341 0.10879403 0.04334070
-0.92432480 0.10786033 0.04309113
-0.92300472 0.10697277 0.04284965
-0.92168315 0.10612297 0.04261671
-0.92036010 0.10530150 0.04239244
-0.91903410 0.10449810 0.04217675
-0.91770810 0.10369987 0.04196754
-0.91638062 0.10290907 0.04175846
-0.91505167 0.10217940 0.04154689
-0.91371975 0.10156930 0.04134310
-0.91238784 0.10103957 0.04114553
-0.91105297 0.10051623 0.04094385
-0.90971810 0.09999303 0.04074217
-0.90838027 0.09948020 0.04054487
-0.90704096 0.09897653 0.04035027
-0.90570166 0.09848270 0.04015757
-0.90435940 0.09799803 0.03996660
-0.90301565 0.09752233 0.03977737
-0.90167044 0.09705500 0.03958971
-0.90032374 0.09659550 0.03940330
-0.89897556 0.09614307 0.03921797
-0.89762591 0.09569747 0.03903388
-0.89627478 0.09525783 0.03885034
-0.89492217 0.09482413 0.03866796
-0.89356808 0.09439550 0.03848605
-0.89221251 0.09397170 0.03830476
-0.89085547 0.09355253 0.03812423
-0.88949695 0.09313777 0.03794457
-0.88813547 0.09272620 0.03776468
-0.88677399 0.09231873 0.03758588
-0.88541103 0.09191413 0.03740704
-0.88404659 0.09151227 0.03722826
-0.88267920 0.09111333 0.03705007
-0.88131181 0.09071690 0.03687207
-0.87994294 0.09032280 0.03669440
-0.87857259 0.08993063 0.03651667
-0.87719928 0.08954023 0.03633899
-0.87582598 0.08915160 0.03616137
-0.87445120 0.08876457 0.03598390
-0.87307345 0.08837870 0.03580623
-0.87169571 0.08799437 0.03562874
-0.87031650 0.08761103 0.03545119
-0.86893580 0.08722873 0.03527349
-0.86755215 0.08684737 0.03509577
-0.86616849 0.08646687 0.03491803
-0.86478336 0.08608687 0.03473989
-0.86339675 0.08570767 0.03456177
-0.86200866 0.08532890 0.03438330
-0.86061762 0.08495080 0.03420493
-0.85922657 0.08457300 0.03402626
-0.85783405 0.08419500 0.03384687
-0.85644005 0.08381750 0.03366764
-0.85504457 0.08344023 0.03348818
-0.85364761 0.08306297 0.03330799
-0.85224918 0.08268590 0.03312759
-0.85084926 0.08230910 0.03294692
-0.84944787 0.08193220 0.03276557
-0.84804648 0.08155560 0.03258391
-0.84664213 0.08117893 0.03240154
-0.84523630 0.08080253 0.03221828
-0.84382899 0.08042747 0.03203475
-0.84242169 0.08005223 0.03185008
-0.84101143 0.07967567 0.03166493
-0.83960116 0.07929717 0.03147905
-0.83818795 0.07891653 0.03129202
-0.83677473 0.07853450 0.03110463
-0.83536003 0.07815033 0.03091619
-0.83394238 0.07776353 0.03072646
-0.83252472 0.07737390 0.03053637
-0.83110559 0.07697863 0.03034590
-0.82968498 0.07657367 0.03015494
-0.82826289 0.07615840 0.02996387
-0.82684081 0.07573400 0.02977227
-0.82541576 0.07530160 0.02958131
-0.82398924 0.07485977 0.02939002
-0.82256272 0.07440917 0.02919988
-0.82113324 0.07394857 0.02900989
-0.81970376 0.07347877 0.02882140
-0.81827280 0.07299957 0.02863394
-0.81684036 0.07251157 0.02844774
-0.81540645 0.07201597 0.02826325
-0.81397106 0.07151467 0.02808111
-0.81253418 0.07100897 0.02790041
-0.81109584 0.07050193 0.02772225
-0.80965749 0.06999577 0.02754577
-0.80821618 0.06949373 0.02737125
-0.80677488 0.06899923 0.02719899
-0.80533209 0.06851450 0.02702805
-0.80388783 0.06804260 0.02685895
-0.80244209 0.06758490 0.02669068
-0.80099487 0.06714343 0.02652374
-0.79954765 0.06671857 0.02635750
-0.79809748 0.06631030 0.02619171
-0.79664730 0.06591823 0.02602621
-0.79519565 0.06554130 0.02586075
-0.79374252 0.06517823 0.02569513
-0.79228791 0.06482750 0.02552918
-0.79083182 0.06448743 0.02536275
-0.78937573 0.06415617 0.02519569
-0.78791669 0.06383113 0.02502780
-0.78645764 0.06351157 0.02485832
-0.78499712 0.06320000 0.02468771
-0.78353512 0.06289467 0.02451598
-0.78207164 0.06259003 0.02434247
-0.78060816 0.06228240 0.02416731
-0.77914320 0.06196950 0.02399075
-0.77767528 0.06164813 0.02381345
-0.77620885 0.06131167 0.02363561
-0.77473946 0.06095423 0.02345706
-0.77326859 0.06057727 0.02327828
-0.77179771 0.06018373 0.02310009
-0.77032537 0.05977450 0.02292236
-0.76885154 0.05935030 0.02274539
-0.76737623 0.05891180 0.02256947
-0.76590093 0.05845987 0.02239496
-0.76442266 0.05799533 0.02222217
-0.76294440 0.05751963 0.02205141
-0.76146466 0.05703417 0.02188301
-0.75998492 0.05654100 0.02171715
-0.75850222 0.05604233 0.02155418
-0.75701953 0.05554127 0.02139412
-0.75553535 0.05504120 0.02123703
-0.75405118 0.05454580 0.02108292
-0.75256405 0.05405850 0.02093164
-0.75107691 0.05358293 0.02078303
-0.74958830 0.05312213 0.02063687
-0.74809822 0.05267887 0.02049284
-0.74660813 0.05225510 0.02035064
-0.74511656 0.05185230 0.02020991
-0.74362352 0.05147103 0.02007033
-0.74212899 0.05111120 0.01993149
-0.74063447 0.05077217 0.01979305
-0.73913847 0.05045253 0.01965467
-0.73764099 0.05015080 0.01951599
-0.73614351 0.04986500 0.01937668
-0.73464307 0.04959303 0.01923637
-0.73314412 0.04933273 0.01909482
-0.73164220 0.04908173 0.01895162
-0.73014029 0.04883770 0.01880660
-0.72863542 0.04859757 0.01865978
-0.72713202 0.04835847 0.01851196
-0.72562567 0.04811013 0.01836707
-0.72411933 0.04780807 0.01822898
-0.72261150 0.04740193 0.01808990
-0.72110367 0.04693720 0.01794893
-0.71959436 0.04650150 0.01781663
-0.71808358 0.04610497 0.01768882
-0.71657132 0.04573127 0.01755949
-0.71505906 0.04537597 0.01743063
-0.71354532 0.04503370 0.01730255
-0.71203158 0.04470220 0.01717509
-0.71051488 0.04437923 0.01704844
-0.70899966 0.04406347 0.01692259
-0.70748148 0.04375370 0.01679754
-0.70596331 0.04344907 0.01667321
-0.70444366 0.04314877 0.01654966
-0.70292400 0.04285237 0.01642687
-0.70140287 0.04255927 0.01630478
-0.69988026 0.04226910 0.01618343
-0.69835765 0.04198157 0.01606269
-0.69683356 0.04169627 0.01594266
-0.69530800 0.04141303 0.01582331
-0.69378243 0.04113163 0.01570462
-0.69225538 0.04085187 0.01558650
-0.69072834 0.04057360 0.01546906
-0.68919982 0.04029653 0.01535220
-0.68766982 0.04002053 0.01523597
-0.68613981 0.03974550 0.01512039
-0.68460833 0.03947137 0.01500542
-0.68307685 0.03919813 0.01489104
-0.68154390 0.03892567 0.01477731
-0.68001094 0.03865390 0.01466413
-0.67847650 0.03838283 0.01455158
-0.67694059 0.03811223 0.01443967
-0.67540467 0.03784217 0.01432840
-0.67386728 0.03757243 0.01421779
-0.67232841 0.03730310 0.01410781
-0.67078954 0.03703407 0.01399855
-0.66925067 0.03676517 0.01389000
-0.66771032 0.03649643 0.01378223
-0.66616849 0.03622777 0.01367526
-0.66462666 0.03595907 0.01356912
-0.66308484 0.03569023 0.01346384
-0.66154005 0.03542120 0.01335956
-0.65999675 0.03515200 0.01325628
-0.65845049 0.03488240 0.01315407
-0.65690570 0.03461240 0.01305315
-0.65535796 0.03434187 0.01295352
-0.65381022 0.03407083 0.01285527
-0.65226248 0.03379923 0.01275866
-0.65071326 0.03352720 0.01266367
-0.64916404 0.03325510 0.01257042
-0.64761335 0.03298353 0.01247871
-0.64606265 0.03271440 0.01238744
-0.64451047 0.03246133 0.01229452
-0.64295830 0.03224847 0.01220174
-0.64140464 0.03207293 0.01211142
-0.63985099 0.03189960 0.01201938
-0.63829586 0.03171377 0.01192541
-0.63674073 0.03151810 0.01183272
-0.63518412 0.03131223 0.01174053
-0.63362751 0.03110037 0.01164902
-0.63207090 0.03088467 0.01155848
-0.63051133 0.03066617 0.01146856
-0.62895324 0.03044553 0.01137939
-0.62739368 0.03022343 0.01129088
-0.62583411 0.03000023 0.01120312
-0.62427306 0.02977637 0.01111608
-0.62271202 0.02955210 0.01102983
-0.62114950 0.02932790 0.01094437
-0.61958697 0.02910407 0.01085967
-0.61802445 0.02888083 0.01077582
-0.61646045 0.02865847 0.01069272
-0.61489497 0.02843710 0.01061044
-0.61333097 0.02821700 0.01052904
-0.61176401 0.02799827 0.01044848
-0.61019853 0.02778113 0.01036874
-0.60863157 0.02756570 0.01028990
-0.60706461 0.02735210 0.01021190
-0.60549618 0.02714050 0.01013477
-0.60392774 0.02693103 0.01005850
-0.60235783 0.02672373 0.00998300
-0.60078939 0.02651880 0.00990841
-0.59921800 0.02631623 0.00983468
-0.59764808 0.02611623 0.00976174
-0.59607669 0.02591873 0.00968962
-0.59450530 0.02572393 0.00961837
-0.59293243 0.02553180 0.00954787
-0.59135956 0.02534247 0.00947811
-0.58978669 0.02515593 0.00940915
-0.58821234 0.02497220 0.00934089
-0.58663799 0.02479140 0.00927338
-0.58506364 0.02461343 0.00920650
-0.58348781 0.02443840 0.00914034
-0.58191198 0.02426630 0.00907480
-0.58033616 0.02409710 0.00900984
-0.57875885 0.02393080 0.00894544
-0.57718302 0.02376740 0.00888154
-0.57560424 0.02360683 0.00881820
-0.57402693 0.02344917 0.00875527
-0.57244815 0.02329427 0.00869281
-0.57086937 0.02314213 0.00863064
-0.56929058 0.02299273 0.00856881
-0.56771032 0.02284600 0.00850724
-0.56613006 0.02270187 0.00844584
-0.56454980 0.02256020 0.00838462
-0.56296805 0.02242087 0.00832349
-0.56138779 0.02228383 0.00826231
-0.55980605 0.02214907 0.00820107
-0.55822283 0.02201630 0.00813964
-0.55664109 0.02188537 0.00807793
-0.55505787 0.02175590 0.00801598
-0.55347466 0.02162740 0.00795377
-0.55189144 0.02149880 0.00789155
-0.55030822 0.02136887 0.00782992
-0.54872352 0.02122960 0.00777116
-0.54713882 0.02105663 0.00771533
-0.54555413 0.02083820 0.00765764
-0.54396943 0.02061163 0.00760093
-0.54238325 0.02040863 0.00754895
-0.54079708 0.02022467 0.00749781
-0.53921090 0.02005433 0.00744641
-0.53762473 0.01989413 0.00739548
-0.53603855 0.01974187 0.00734491
-0.53445090 0.01959600 0.00729474
-0.53286472 0.01945557 0.00724500
-0.53127707 0.01931953 0.00719565
-0.52968942 0.01918727 0.00714677
-0.52810029 0.01905823 0.00709826
-0.52651263 0.01893193 0.00705015
-0.52492498 0.01880807 0.00700248
-0.52333585 0.01868620 0.00695515
-0.52174671 0.01856617 0.00690819
-0.52015758 0.01844767 0.00686160
-0.51856845 0.01833050 0.00681538
-0.51697932 0.01821453 0.00676948
-0.51538871 0.01809957 0.00672391
-0.51379958 0.01798547 0.00667870
-0.51220897 0.01787213 0.00663377
-0.51061836 0.01775943 0.00658921
-0.50902775 0.01764717 0.00654496
-0.50743714 0.01753533 0.00650106
-0.50584653 0.01742380 0.00645750
-0.50425592 0.01731257 0.00641428
-0.50266383 0.01720153 0.00637136
-0.50107322 0.01709060 0.00632879
-0.49948261 0.01697976 0.00628659
-0.49789052 0.01686894 0.00624475
-0.49629843 0.01675801 0.00620328
-0.49470782 0.01664694 0.00616221
-0.49311573 0.01653571 0.00612156
-0.49152364 0.01642422 0.00608139
-0.48993156 0.01631243 0.00604168
-0.48833947 0.01620017 0.00600245
-0.48674738 0.01608753 0.00596381
-0.48515529 0.01597435 0.00592572
-0.48356320 0.01586065 0.00588831
-0.48196964 0.01574629 0.00585157
-0.48037755 0.01563128 0.00581559
-0.47878546 0.01551565 0.00578046
-0.47719337 0.01539934 0.00574619
-0.47559980 0.01528250 0.00571280
-0.47400772 0.01516531 0.00568035
-0.47241563 0.01504824 0.00564874
-0.47082206 0.01493198 0.00561771
-0.46922997 0.01481893 0.00558627
-0.46763788 0.01471969 0.00555356
-0.46604432 0.01464826 0.00552163
-0.46445223 0.01459858 0.00549112
-0.46286014 0.01454939 0.00545957
-0.46126658 0.01449123 0.00542674
-0.45967449 0.01442652 0.00539419
-0.45808240 0.01435803 0.00536218
-0.45649031 0.01428679 0.00533047
-0.45489822 0.01421357 0.00529910
-0.45330613 0.01413883 0.00526803
-0.45171257 0.01406290 0.00523726
-0.45012048 0.01398613 0.00520674
-0.44852839 0.01390869 0.00517655
-0.44693778 0.01383078 0.00514660
-0.44534569 0.01375256 0.00511696
-0.44375360 0.01367424 0.00508760
-0.44216151 0.01359585 0.00505847
-0.44057090 0.01351757 0.00502966
-0.43897882 0.01343942 0.00500109
-0.43738821 0.01336150 0.00497281
-0.43579612 0.01328382 0.00494481
-0.43420551 0.01320651 0.00491708
-0.43261490 0.01312962 0.00488965
-0.43102429 0.01305316 0.00486252
-0.42943368 0.01297719 0.00483564
-0.42784307 0.01290175 0.00480905
-0.42625394 0.01282685 0.00478274
-0.42466333 0.01275250 0.00475670
-0.42307419 0.01267878 0.00473094
-0.42148358 0.01260573 0.00470551
-0.41989445 0.01253330 0.00468031
-0.41830532 0.01246156 0.00465541
-0.41671619 0.01239054 0.00463081
-0.41512853 0.01232020 0.00460645
-0.41353940 0.01225060 0.00458241
-0.41195175 0.01218174 0.00455860
-0.41036262 0.01211364 0.00453510
-0.40877496 0.01204634 0.00451185
-0.40718731 0.01197976 0.00448886
-0.40560114 0.01191398 0.00446616
-0.40401348 0.01184897 0.00444371
-0.40242731 0.01178481 0.00442154
-0.40084113 0.01172142 0.00439966
-0.39925496 0.01165884 0.00437800
-0.39766878 0.01159705 0.00435658
-0.39608261 0.01153610 0.00433547
-0.39449791 0.01147595 0.00431459
-0.39291321 0.01141658 0.00429394
-0.39132851 0.01135807 0.00427354
-0.38974382 0.01130035 0.00425343
-0.38816060 0.01124343 0.00423352
-0.38657738 0.01118730 0.00421384
-0.38499416 0.01113201 0.00419446
-0.38341094 0.01107752 0.00417529
-0.38182920 0.01102380 0.00415633
-0.38024598 0.01097094 0.00413760
-0.37866424 0.01091898 0.00411909
-0.37708398 0.01086788 0.00410078
-0.37550224 0.01081779 0.00408264
-0.37392198 0.01076878 0.00406461
-0.37234172 0.01072139 0.00404651
-0.37076145 0.01067728 0.00402840
-0.36918267 0.01063714 0.00401074
-0.36760388 0.01059798 0.00399319
-0.36602510 0.01055756 0.00397550
-0.36444780 0.01051615 0.00395794
-0.36286901 0.01047407 0.00394057
-0.36129171 0.01043163 0.00392339
-0.35971588 0.01038896 0.00390638
-0.35814005 0.01034619 0.00388953
-0.35656422 0.01030340 0.00387284
-0.35498840 0.01026067 0.00385633
-0.35341405 0.01021808 0.00384001
-0.35183970 0.01017563 0.00382382
-0.35026535 0.01013340 0.00380783
-0.34869248 0.01009139 0.00379197
-0.34711961 0.01004965 0.00377628
-0.34554674 0.01000822 0.00376079
-0.34397534 0.00996705 0.00374542
-0.34240395 0.00992625 0.00373027
-0.34083256 0.00988577 0.00371525
-0.33926264 0.00984561 0.00370037
-0.33769273 0.00980584 0.00368570
-0.33612429 0.00976643 0.00367120
-0.33455586 0.00972743 0.00365690
-0.33298742 0.00968880 0.00364276
-0.33142046 0.00965056 0.00362877
-0.32985350 0.00961276 0.00361502
-0.32828655 0.00957536 0.00360142
-0.32672107 0.00953841 0.00358805
-0.32515559 0.00950186 0.00357481
-0.32359159 0.00946579 0.00356186
-0.32202758 0.00943015 0.00354908
-0.32046358 0.00939498 0.00353652
-0.31890106 0.00936028 0.00352417
-0.31734002 0.00932610 0.00351205
-0.31577749 0.00929246 0.00350016
-0.31421793 0.00925948 0.00348853
-0.31265688 0.00922717 0.00347707
-0.31109731 0.00919580 0.00346585
-0.30953923 0.00916549 0.00345470
-0.30798114 0.00913684 0.00344356
-0.30642305 0.00911058 0.00343200
-0.30486644 0.00909055 0.00341947
-0.30330983 0.00908393 0.00340672
-0.30175470 0.00908990 0.00339491
-0.30019957 0.00909585 0.00338260
-0.29864591 0.00909553 0.00336908
-0.29709226 0.00909071 0.00335569
-0.29554008 0.00908190 0.00334243
-0.29398791 0.00906983 0.00332914
-0.29243721 0.00905512 0.00331590
-0.29088651 0.00903835 0.00330265
-0.28933730 0.00901990 0.00328947
-0.28778808 0.00899999 0.00327629
-0.28623886 0.00897881 0.00326311
-0.28469112 0.00895657 0.00324992
-0.28314485 0.00893343 0.00323675
-0.28159859 0.00890950 0.00322358
-0.28005381 0.00888490 0.00321041
-0.27850902 0.00885977 0.00319727
-0.27696572 0.00883413 0.00318408
-0.27542241 0.00880811 0.00317089
-0.27388059 0.00878179 0.00315771
-0.27234024 0.00875521 0.00314451
-0.27079989 0.00872846 0.00313131
-0.26925954 0.00870160 0.00311812
-0.26772067 0.00867463 0.00310487
-0.26618327 0.00864762 0.00309159
-0.26464588 0.00862059 0.00307827
-0.26310997 0.00859361 0.00306491
-0.26157405 0.00856667 0.00305148
-0.26003962 0.00853985 0.00303803
-0.25850518 0.00851307 0.00302443
-0.25697222 0.00848642 0.00301076
-0.25544074 0.00845988 0.00299701
-0.25390926 0.00843342 0.00298310
-0.25237926 0.00840700 0.00296903
-0.25084926 0.00838057 0.00295479
-0.24932074 0.00835406 0.00294036
-0.24779369 0.00832734 0.00292578
-0.24626665 0.00830018 0.00291100
-0.24474108 0.00827217 0.00289614
-0.24321552 0.00824284 0.00288126
-0.24169143 0.00821098 0.00286665
-0.24016882 0.00817532 0.00285303
-0.23864621 0.00813029 0.00284217
-0.23712508 0.00805619 0.00283429
-0.23560542 0.00794174 0.00282408
-0.23408577 0.00782114 0.00281268
-0.23256759 0.00772984 0.00280508
-0.23104942 0.00766555 0.00279836
-0.22953272 0.00761848 0.00279061
-0.22801750 0.00758282 0.00278246
-0.22650376 0.00755498 0.00277400
-0.22499002 0.00753278 0.00276537
-0.22347628 0.00751458 0.00275666
-0.22196550 0.00749921 0.00274778
-0.22045471 0.00748593 0.00273892
-0.21894541 0.00747407 0.00272998
-0.21743610 0.00746321 0.00272098
-0.21592827 0.00745303 0.00271194
-0.21442193 0.00744327 0.00270290
-0.21291705 0.00743370 0.00269375
-0.21141218 0.00742423 0.00268461
-0.20990879 0.00741472 0.00267540
-0.20840540 0.00740505 0.00266610
-0.20690496 0.00739519 0.00265676
-0.20540453 0.00738507 0.00264734
-0.20390557 0.00737462 0.00263784
-0.20240661 0.00736378 0.00262822
-0.20090913 0.00735252 0.00261850
-0.19941313 0.00734079 0.00260873
-0.19791861 0.00732850 0.00259883
-0.19642408 0.00731554 0.00258887
-0.19493104 0.00730172 0.00257886
-0.19343947 0.00728675 0.00256893
-0.19194791 0.00726958 0.00255926
-0.19045930 0.00724829 0.00254975
-0.18897069 0.00722218 0.00254027
-0.18748355 0.00719325 0.00253080
-0.18599642 0.00716462 0.00252151
-0.18451077 0.00713787 0.00251241
-0.18302659 0.00711261 0.00250336
-0.18154390 0.00708823 0.00249428
-0.18006268 0.00706462 0.00248525
-0.17858146 0.00704160 0.00247618
-0.17710172 0.00701922 0.00246718
-0.17562346 0.00699735 0.00245813
-0.17414667 0.00697605 0.00244913
-0.17266989 0.00695527 0.00244015
-0.17119606 0.00693500 0.00243118
-0.16972223 0.00691520 0.00242219
-0.16824841 0.00689591 0.00241323
-0.16677754 0.00687713 0.00240429
-0.16530667 0.00685878 0.00239527
-0.16383875 0.00684095 0.00238628
-0.16237084 0.00682358 0.00237727
-0.16090440 0.00680673 0.00236828
-0.15943796 0.00679032 0.00235921
-0.15797449 0.00677434 0.00235008
-0.15651101 0.00675887 0.00234097
-0.15504900 0.00674383 0.00233179
-0.15358848 0.00672923 0.00232254
-0.15212944 0.00671508 0.00231325
-0.15067039 0.00670136 0.00230390
-0.14921430 0.00668805 0.00229447
-0.14775822 0.00667515 0.00228497
-0.14630375 0.00666264 0.00227538
-0.14485062 0.00665051 0.00226571
-0.14339867 0.00663875 0.00225595
-0.14194791 0.00662734 0.00224608
-0.14049847 0.00661625 0.00223611
-0.13905022 0.00660549 0.00222602
-0.13760344 0.00659502 0.00221582
-0.13615770 0.00658484 0.00220548
-0.13471344 0.00657492 0.00219502
-0.13327021 0.00656523 0.00218442
-0.13182846 0.00655577 0.00217368
-0.13038804 0.00654651 0.00216279
-0.12894881 0.00653742 0.00215173
-0.12751090 0.00652849 0.00214051
-0.12607433 0.00651969 0.00212911
-0.12463893 0.00651100 0.00211753
-0.12320502 0.00650238 0.00210577
-0.12177229 0.00649381 0.00209380
-0.12034104 0.00648523 0.00208161
-0.11891096 0.00647659 0.00206922
-0.11748222 0.00646781 0.00205661
-0.11605496 0.00645876 0.00204380
-0.11462888 0.00644915 0.00203084
-0.11320413 0.00643864 0.00201789
-0.11178086 0.00642577 0.00200536
-0.11035892 0.00640587 0.00199333
-0.10893816 0.00637676 0.00198071
-0.10751888 0.00634696 0.00196765
-0.10610108 0.00632469 0.00195522
-0.10468446 0.00630834 0.00194280
-0.10326932 0.00629471 0.00192993
-0.10185551 0.00628235 0.00191684
-0.10044304 0.00627055 0.00190359
-0.09903203 0.00625897 0.00189019
-0.09762236 0.00624737 0.00187667
-0.09621417 0.00623564 0.00186301
-0.09480731 0.00622370 0.00184923
-0.09340178 0.00621149 0.00183534
-0.09199772 0.00619900 0.00182133
-0.09059500 0.00618619 0.00180722
-0.08919376 0.00617304 0.00179300
-0.08779384 0.00615953 0.00177867
-0.08639541 0.00614563 0.00176425
-0.08499845 0.00613134 0.00174974
-0.08360282 0.00611661 0.00173514
-0.08220867 0.00610142 0.00172048
-0.08081600 0.00608569 0.00170577
-0.07942466 0.00606937 0.00169102
-0.07803480 0.00605237 0.00167628
-0.07664641 0.00603456 0.00166157
-0.07525951 0.00601580 0.00164696
-0.07387393 0.00599580 0.00163251
-0.07248984 0.00597426 0.00161836
-0.07110722 0.00595048 0.00160470
-0.06972608 0.00592372 0.00159189
-0.06834642 0.00589179 0.00158079
-0.06696823 0.00584570 0.00157162
-0.06559138 0.00578419 0.00156138
-0.06421615 0.00573800 0.00154971
-0.06284240 0.00573411 0.00154020
-0.06146998 0.00575817 0.00153123
-0.06009919 0.00579050 0.00152073
-0.05872988 0.00582606 0.00150999
-0.05736204 0.00586353 0.00149934
-0.05599568 0.00590442 0.00148871
-0.05463080 0.00595057 0.00147800
-0.05326740 0.00600608 0.00146685
-0.05190548 0.00607576 0.00145446
-0.05054518 0.00617056 0.00143900
-0.04918636 0.00630448 0.00141723
-0.04782902 0.00651692 0.00138396
-0.04647316 0.00685671 0.00134224
-0.04511893 0.00719197 0.00130809
-0.04376617 0.00724449 0.00126941
-0.04241504 0.00707137 0.00122193
-0.04106524 0.00691139 0.00118607
-0.03971706 0.00680068 0.00115584
-0.03837051 0.00671936 0.00112339
-0.03702529 0.00665724 0.00109004
-0.03568185 0.00661117 0.00105572
-0.03433973 0.00658172 0.00102006
-0.03299939 0.00657505 0.00098189
-0.03166038 0.00660132 0.00093922
-0.03032315 0.00669787 0.00088585
-0.02898739 0.00693341 0.00081813
-0.02765326 0.00717570 0.00074637
-0.02632105 0.00700761 0.00067038
-0.02499002 0.00637054 0.00058741
-0.02366047 0.00561457 0.00051924
-0.02233255 0.00488218 0.00046586
-0.02100625 0.00416608 0.00041824
-0.01968143 0.00348102 0.00037017
-0.01835824 0.00282620 0.00032583
-0.01703653 0.00220717 0.00027801
-0.01571644 0.00161202 0.00023385
-0.01439801 0.00103850 0.00018292
-0.01308110 0.00045180 0.00010351
-0.01176578 0.00024231 0.00009839
-0.01045207 0.00062152 0.00017280
-0.00913993 0.00116341 0.00024381
-0.00782941 0.00168482 0.00028473
-0.00652048 0.00225509 0.00032616
-0.00521317 0.00282753 0.00037025
-0.00390746 0.00358088 0.00040302
-0.00260335 0.00433837 0.00046540
-0.00130087 0.00620383 0.00046597
-0.00000000 0.00720544 0.00060058
