# y/t    WL_mean   WL_std
0.00000000 1.00000232 0.00019062
0.00502513 0.99996463 0.00013734
0.01005025 0.99994434 0.00010831
0.01507538 0.99994531 0.00010558
0.02010050 0.99994627 0.00010285
0.02512563 0.99994652 0.00010193
0.03015075 0.99994543 0.00010058
0.03517588 0.99994434 0.00009931
0.04020101 0.99994210 0.00009572
0.04522613 0.99994577 0.00009099
0.05025126 0.99994922 0.00008635
0.05527638 0.99995190 0.00008141
0.06030151 0.99996014 0.00007361
0.06532663 0.99996885 0.00006692
0.07035176 0.99997874 0.00006144
0.07537688 0.99999095 0.00005394
0.08040201 1.00000083 0.00004629
0.08542714 1.00000982 0.00003878
0.09045226 1.00001986 0.00003092
0.09547739 1.00002955 0.00002355
0.10050251 1.00003728 0.00001801
0.10552764 1.00004282 0.00001424
0.11055276 1.00004902 0.00000981
0.11557789 1.00005110 0.00000707
0.12060302 1.00005245 0.00000467
0.12562814 1.00005551 0.00000033
0.13065327 1.00005396 0.00000253
0.13567839 1.00005230 0.00000285
0.14070352 1.00005110 0.00000329
0.14572864 1.00005103 0.00000334
0.15075377 1.00004782 0.00000560
0.15577889 1.00004539 0.00000506
0.16080402 1.00004357 0.00000374
0.16582915 1.00004187 0.00000561
0.17085427 1.00004181 0.00000569
0.17587940 1.00004061 0.00000431
0.18090452 1.00003949 0.00000329
0.18592965 1.00003949 0.00000329
0.19095477 1.00003949 0.00000329
0.19597990 1.00003691 0.00000448
0.20100503 1.00003408 0.00000478
0.20603015 1.00003252 0.00000329
0.21105528 1.00003252 0.00000329
0.21608040 1.00003045 0.00000312
0.22110553 1.00003131 0.00000285
0.22613065 1.00003252 0.00000329
0.23115578 1.00003252 0.00000449
0.23618090 1.00003252 0.00000703
0.24120603 1.00003252 0.00000869
0.24623116 1.00003252 0.00000869
0.25125628 1.00003252 0.00000869
0.25628141 1.00003252 0.00000869
0.26130653 1.00003252 0.00000869
0.26633166 1.00003241 0.00000884
0.27135678 1.00003121 0.00001046
0.27638191 1.00003020 0.00001184
0.28140704 1.00003020 0.00001184
0.28643216 1.00003020 0.00001184
0.29145729 1.00003020 0.00001184
0.29648241 1.00003020 0.00001184
0.30150754 1.00003129 0.00001236
0.30653266 1.00003178 0.00001419
0.31155779 1.00003020 0.00001643
0.31658291 1.00003020 0.00001643
0.32160804 1.00002958 0.00001665
0.32663317 1.00002743 0.00001749
0.33165829 1.00002323 0.00001643
0.33668342 1.00002323 0.00001643
0.34170854 1.00002323 0.00001643
0.34673367 1.00002323 0.00002320
0.35175879 1.00002323 0.00002653
0.35678392 1.00002980 0.00003724
0.36180905 1.00003599 0.00004716
0.36683417 1.00004782 0.00005937
0.37185930 1.00006142 0.00007430
0.37688442 1.00004662 0.00007271
0.38190955 1.00002191 0.00008350
0.38693467 0.99986788 0.00016639
0.39195980 0.99965419 0.00034753
0.39698492 0.99902426 0.00080298
0.40201005 0.99827261 0.00137373
0.40703518 0.99672659 0.00228425
0.41206030 0.99497117 0.00333705
0.41708543 0.99231784 0.00457193
0.42211055 0.98932266 0.00594768
0.42713568 0.98570158 0.00706268
0.43216080 0.98181513 0.00811489
0.43718593 0.97752121 0.00843580
0.44221106 0.97310927 0.00856656
0.44723618 0.96844426 0.00789631
0.45226131 0.96373760 0.00717251
0.45728643 0.95904732 0.00604703
0.46231156 0.95432791 0.00499344
0.46733668 0.94989885 0.00401418
0.47236181 0.94550422 0.00330620
0.47738693 0.94142147 0.00308439
0.48241206 0.93746981 0.00341098
0.48743719 0.93377058 0.00416305
0.49246231 0.93029831 0.00514639
0.49748744 0.92701920 0.00624815
0.50251256 0.92406861 0.00739167
0.50753769 0.92127935 0.00855792
0.51256281 0.91893605 0.00969459
0.51758794 0.91671137 0.01082433
0.52261307 0.91507073 0.01188278
0.52763819 0.91358276 0.01292807
0.53266332 0.91253433 0.01392534
0.53768844 0.91175096 0.01490939
0.54271357 0.91127155 0.01587983
0.54773869 0.91114913 0.01686943
0.55276382 0.91119331 0.01786506
0.55778894 0.91169204 0.01891094
0.56281407 0.91233336 0.01997603
0.56783920 0.91330744 0.02109037
0.57286432 0.91451901 0.02223836
0.57788945 0.91592862 0.02341836
0.58291457 0.91770703 0.02462953
0.58793970 0.91960075 0.02585140
0.59296482 0.92193284 0.02708916
0.59798995 0.92446424 0.02832554
0.60301508 0.92726630 0.02956486
0.60804020 0.93042866 0.03077707
0.61306533 0.93369366 0.03198508
0.61809045 0.93732970 0.03304276
0.62311558 0.94099323 0.03396067
0.62814070 0.94475682 0.03463468
0.63316583 0.94840044 0.03473400
0.63819095 0.95195714 0.03450640
0.64321608 0.95530471 0.03361874
0.64824121 0.95856077 0.03235032
0.65326633 0.96175104 0.03087889
0.65829146 0.96500354 0.02911398
0.66331658 0.96832654 0.02742577
0.66834171 0.97176820 0.02581333
0.67336683 0.97525819 0.02431000
0.67839196 0.97864737 0.02289127
0.68341709 0.98182730 0.02143903
0.68844221 0.98449216 0.01971373
0.69346734 0.98694997 0.01787638
0.69849246 0.98887629 0.01566784
0.70351759 0.99061149 0.01338611
0.70854271 0.99220761 0.01106806
0.71356784 0.99366717 0.00887774
0.71859296 0.99501085 0.00692847
0.72361809 0.99625292 0.00516828
0.72864322 0.99722561 0.00380534
0.73366834 0.99799285 0.00272463
0.73869347 0.99863659 0.00180496
0.74371859 0.99900933 0.00127621
0.74874372 0.99931450 0.00083909
0.75376884 0.99953305 0.00052733
0.75879397 0.99966226 0.00034129
0.76381910 0.99976949 0.00018544
0.76884422 0.99984610 0.00007088
0.77386935 0.99990414 0.00001351
0.77889447 0.99995350 0.00008226
0.78391960 0.99998753 0.00013779
0.78894472 1.00001373 0.00017719
0.79396985 1.00003865 0.00021241
0.79899497 1.00005716 0.00023859
0.80402010 1.00006935 0.00025785
0.80904523 1.00007963 0.00027536
0.81407035 1.00008561 0.00028680
0.81909548 1.00008827 0.00029242
0.82412060 1.00009241 0.00029829
0.82914573 1.00008931 0.00030154
0.83417085 1.00008782 0.00030164
0.83919598 1.00008636 0.00029958
0.84422111 1.00008398 0.00029621
0.84924623 1.00008086 0.00029181
0.85427136 1.00007657 0.00028573
0.85929648 1.00007112 0.00028033
0.86432161 1.00006382 0.00027271
0.86934673 1.00005633 0.00026479
0.87437186 1.00004941 0.00025791
0.87939698 1.00004230 0.00025093
0.88442211 1.00003602 0.00024386
0.88944724 1.00002813 0.00023682
0.89447236 1.00002088 0.00022674
0.89949749 1.00001025 0.00022376
0.90452261 0.99999908 0.00021473
0.90954774 0.99999367 0.00020794
0.91457286 0.99998715 0.00020006
0.91959799 0.99998654 0.00019392
0.92462312 0.99999748 0.00019062
0.92964824 1.00000869 0.00019062
0.93467337 0.99999571 0.00018594
0.93969849 0.99998484 0.00017971
0.94472362 0.99995602 0.00017114
0.94974874 0.99993456 0.00016421
0.95477387 0.99992775 0.00015959
0.95979899 0.99993231 0.00015638
0.96482412 0.99993782 0.00015248
0.96984925 0.99994169 0.00014683
0.97487437 0.99994452 0.00014089
0.97989950 0.99994657 0.00013660
0.98492462 0.99994407 0.00013124
0.98994975 0.99994155 0.00012584
0.99497487 0.99994860 0.00013157
1.00000000 1.00000232 0.00019062
