# s/c   P_w_mean    P_w_std
0.00000000 0.99998086 0.00002942
0.00130087 0.99958867 0.00002335
0.00260174 0.99918779 0.00001836
0.00390261 0.99877908 0.00001459
0.00520348 0.99836332 0.00001227
0.00650435 0.99794124 0.00001155
0.00780522 0.99751352 0.00001216
0.00910609 0.99708076 0.00001360
0.01040697 0.99664353 0.00001541
0.01170784 0.99620234 0.00001733
0.01300871 0.99575765 0.00001926
0.01430958 0.99530985 0.00002115
0.01561045 0.99485932 0.00002299
0.01691132 0.99440636 0.00002480
0.01821219 0.99395126 0.00002658
0.01951306 0.99349423 0.00002835
0.02081393 0.99303547 0.00003013
0.02211480 0.99257512 0.00003193
0.02341567 0.99211331 0.00003375
0.02470176 0.99165009 0.00003561
0.02600263 0.99118552 0.00003750
0.02730350 0.99071960 0.00003942
0.02860437 0.99025232 0.00004138
0.02990524 0.98978360 0.00004336
0.03120611 0.98931338 0.00004536
0.03250698 0.98884154 0.00004737
0.03380786 0.98836794 0.00004939
0.03510873 0.98789243 0.00005140
0.03640960 0.98741483 0.00005341
0.03771047 0.98693492 0.00005539
0.03901134 0.98645248 0.00005735
0.04029743 0.98596726 0.00005929
0.04159830 0.98547901 0.00006118
0.04289917 0.98498743 0.00006304
0.04420004 0.98449224 0.00006485
0.04550091 0.98399312 0.00006661
0.04680178 0.98348975 0.00006832
0.04810265 0.98298179 0.00006998
0.04940352 0.98246889 0.00007159
0.05068961 0.98195069 0.00007314
0.05199048 0.98142683 0.00007465
0.05329135 0.98089693 0.00007610
0.05459222 0.98036061 0.00007750
0.05589309 0.97981748 0.00007886
0.05719396 0.97926714 0.00008017
0.05849483 0.97870921 0.00008144
0.05978092 0.97814326 0.00008267
0.06108179 0.97756891 0.00008388
0.06238266 0.97698575 0.00008506
0.06368353 0.97639337 0.00008622
0.06498440 0.97579137 0.00008736
0.06628528 0.97517934 0.00008849
0.06757136 0.97455688 0.00008963
0.06887223 0.97392358 0.00009077
0.07017310 0.97327906 0.00009192
0.07147398 0.97262292 0.00009309
0.07277485 0.97195477 0.00009430
0.07407572 0.97127423 0.00009553
0.07536180 0.97058091 0.00009681
0.07666268 0.96987446 0.00009815
0.07796355 0.96915450 0.00009954
0.07926442 0.96842068 0.00010100
0.08056529 0.96767266 0.00010253
0.08185138 0.96691009 0.00010415
0.08315225 0.96613265 0.00010586
0.08445312 0.96534001 0.00010767
0.08575399 0.96453187 0.00010959
0.08704008 0.96370793 0.00011162
0.08834095 0.96286791 0.00011377
0.08964182 0.96201151 0.00011604
0.09094269 0.96113849 0.00011845
0.09224356 0.96024859 0.00012100
0.09352965 0.95934158 0.00012369
0.09483052 0.95841721 0.00012652
0.09613139 0.95747529 0.00012952
0.09743226 0.95651561 0.00013267
0.09871835 0.95553798 0.00013598
0.10001922 0.95454224 0.00013945
0.10132009 0.95352822 0.00014309
0.10260618 0.95249578 0.00014690
0.10390705 0.95144479 0.00015089
0.10520792 0.95037513 0.00015505
0.10650879 0.94928671 0.00015938
0.10779488 0.94817943 0.00016389
0.10909575 0.94705322 0.00016857
0.11039662 0.94590803 0.00017343
0.11169749 0.94474381 0.00017847
0.11298358 0.94356054 0.00018368
0.11428445 0.94235820 0.00018906
0.11558532 0.94113679 0.00019462
0.11687141 0.93989632 0.00020035
0.11817228 0.93863683 0.00020625
0.11947315 0.93735836 0.00021231
0.12075924 0.93606097 0.00021854
0.12206011 0.93474472 0.00022493
0.12336098 0.93340970 0.00023148
0.12466185 0.93205602 0.00023818
0.12594794 0.93068377 0.00024503
0.12724881 0.92929309 0.00025203
0.12854968 0.92788411 0.00025917
0.12983577 0.92642581 0.00026643
0.13113664 0.92490510 0.00027805
0.13243751 0.92337792 0.00028883
0.13372359 0.92184110 0.00029832
0.13502447 0.92029003 0.00030654
0.13632534 0.91872763 0.00031452
0.13761142 0.91715623 0.00032212
0.13891229 0.91557449 0.00033008
0.14019838 0.91396644 0.00033867
0.14149925 0.91230428 0.00034598
0.14280012 0.91057809 0.00035059
0.14408621 0.90881471 0.00035542
0.14538708 0.90706495 0.00036731
0.14668795 0.90535729 0.00038328
0.14797404 0.90368913 0.00039721
0.14927491 0.90204489 0.00040892
0.15056100 0.90039684 0.00041727
0.15186187 0.89872836 0.00042209
0.15316274 0.89705253 0.00042665
0.15444883 0.89538918 0.00043368
0.15574970 0.89373400 0.00044056
0.15703579 0.89206701 0.00044484
0.15833666 0.89039484 0.00044799
0.15963753 0.88873992 0.00045247
0.16092362 0.88710770 0.00046016
0.16222449 0.88544738 0.00046577
0.16351058 0.88368827 0.00046153
0.16481145 0.88183824 0.00045197
0.16611232 0.87995138 0.00044864
0.16739841 0.87807184 0.00045757
0.16869928 0.87621960 0.00047375
0.16998537 0.87439361 0.00049111
0.17128624 0.87258969 0.00050771
0.17257232 0.87080262 0.00052224
0.17387319 0.86902757 0.00053473
0.17517407 0.86725962 0.00054527
0.17646015 0.86549393 0.00055415
0.17776102 0.86372630 0.00056167
0.17904711 0.86195435 0.00056853
0.18034798 0.86017501 0.00057490
0.18163407 0.85838530 0.00058112
0.18293494 0.85657646 0.00058663
0.18422103 0.85473185 0.00058950
0.18552190 0.85284236 0.00058776
0.18680799 0.85091851 0.00058322
0.18810886 0.84899648 0.00058477
0.18939495 0.84710998 0.00059646
0.19069582 0.84525485 0.00061354
0.19199669 0.84337422 0.00062684
0.19328278 0.84138957 0.00062428
0.19458365 0.83930431 0.00061070
0.19586974 0.83717215 0.00060204
0.19717061 0.83502162 0.00060523
0.19845669 0.83286185 0.00061687
0.19975757 0.83067891 0.00062844
0.20104365 0.82847205 0.00063870
0.20234452 0.82626919 0.00065345
0.20363061 0.82409000 0.00067432
0.20493148 0.82194596 0.00070019
0.20621757 0.81979659 0.00072460
0.20750366 0.81755579 0.00073530
0.20880453 0.81520865 0.00073378
0.21009062 0.81279384 0.00073099
0.21139149 0.81035341 0.00073778
0.21267758 0.80791102 0.00075473
0.21397845 0.80545432 0.00077466
0.21526454 0.80296294 0.00079398
0.21656541 0.80042490 0.00081063
0.21785149 0.79783757 0.00082501
0.21915236 0.79520606 0.00083854
0.22043845 0.79254016 0.00085269
0.22173932 0.78985384 0.00086944
0.22302541 0.78715611 0.00088925
0.22432628 0.78444929 0.00091176
0.22561237 0.78172095 0.00093492
0.22689846 0.77894550 0.00095353
0.22819933 0.77611718 0.00096676
0.22948542 0.77324928 0.00097771
0.23078629 0.77035939 0.00098983
0.23207238 0.76746230 0.00100621
0.23337325 0.76456705 0.00102789
0.23465933 0.76168115 0.00105370
0.23594542 0.75881419 0.00108207
0.23724629 0.75597507 0.00111210
0.23853238 0.75316285 0.00114208
0.23983325 0.75036744 0.00117061
0.24111934 0.74757392 0.00119693
0.24240543 0.74477047 0.00122069
0.24370630 0.74195621 0.00124222
0.24499239 0.73914157 0.00126205
0.24629326 0.73634028 0.00128101
0.24757935 0.73356402 0.00130064
0.24886543 0.73082254 0.00132260
0.25016630 0.72811604 0.00134718
0.25145239 0.72543953 0.00137286
0.25275326 0.72278843 0.00139751
0.25403935 0.72015795 0.00141851
0.25532544 0.71754906 0.00143537
0.25662631 0.71496451 0.00144871
0.25791240 0.71240996 0.00146008
0.25919849 0.70989757 0.00147323
0.26049936 0.70743791 0.00149106
0.26178545 0.70503411 0.00151314
0.26307153 0.70268002 0.00153729
0.26437240 0.70036660 0.00156130
0.26565849 0.69807608 0.00158075
0.26695936 0.69578047 0.00159183
0.26824545 0.69347003 0.00159392
0.26953154 0.69115596 0.00159269
0.27083241 0.68886959 0.00159812
0.27211850 0.68665829 0.00161385
0.27340459 0.68454271 0.00163917
0.27470546 0.68250973 0.00166781
0.27599154 0.68052237 0.00168917
0.27727763 0.67854527 0.00169965
0.27857850 0.67657768 0.00170063
0.27986459 0.67463368 0.00169808
0.28115068 0.67273223 0.00170333
0.28243677 0.67088471 0.00171858
0.28373764 0.66909803 0.00173662
0.28502373 0.66739214 0.00175523
0.28630981 0.66575634 0.00177009
0.28761068 0.66416380 0.00177487
0.28889677 0.66258420 0.00177055
0.29018286 0.66102452 0.00176557
0.29148373 0.65954512 0.00176902
0.29276982 0.65817430 0.00178061
0.29405591 0.65690547 0.00179567
0.29534200 0.65571292 0.00180847
0.29664287 0.65456079 0.00181314
0.29792895 0.65343128 0.00180982
0.29921504 0.65233404 0.00180187
0.30051591 0.65129436 0.00179361
0.30180200 0.65034224 0.00178969
0.30308809 0.64948943 0.00178982
0.30437418 0.64872422 0.00179011
0.30567505 0.64802014 0.00178637
0.30696114 0.64734338 0.00177651
0.30824722 0.64667272 0.00176127
0.30953331 0.64600697 0.00174304
0.31083418 0.64536339 0.00172332
0.31212027 0.64477157 0.00170490
0.31340636 0.64425493 0.00169206
0.31469245 0.64381600 0.00168513
0.31599332 0.64344412 0.00168297
0.31727941 0.64313686 0.00168428
0.31856549 0.64289903 0.00168724
0.31985158 0.64271901 0.00168893
0.32115245 0.64257083 0.00168699
0.32243854 0.64242508 0.00167993
0.32372463 0.64225335 0.00166432
0.32501072 0.64204581 0.00163990
0.32629681 0.64181034 0.00161010
0.32759768 0.64156180 0.00157970
0.32888376 0.64131884 0.00155450
0.33016985 0.64109915 0.00153844
0.33145594 0.64090981 0.00153033
0.33275681 0.64074963 0.00152775
0.33404290 0.64060920 0.00152611
0.33532899 0.64047340 0.00151908
0.33661508 0.64033846 0.00150661
0.33790116 0.64021070 0.00149148
0.33918725 0.64009628 0.00147703
0.34048812 0.63999221 0.00146523
0.34177421 0.63988927 0.00145640
0.34306030 0.63977449 0.00144941
0.34434639 0.63963497 0.00144274
0.34563247 0.63946078 0.00143443
0.34693335 0.63924695 0.00142007
0.34821943 0.63900742 0.00140038
0.34950552 0.63876665 0.00137850
0.35079161 0.63854343 0.00135705
0.35207770 0.63834903 0.00134122
0.35336379 0.63818772 0.00133290
0.35466466 0.63805043 0.00132988
0.35595074 0.63791394 0.00132873
0.35723683 0.63775206 0.00132506
0.35852292 0.63755017 0.00131593
0.35980901 0.63731523 0.00130279
0.36109510 0.63706189 0.00128790
0.36238118 0.63679314 0.00127140
0.36368206 0.63651148 0.00125438
0.36496814 0.63623130 0.00124049
0.36625423 0.63596909 0.00123241
0.36754032 0.63573471 0.00123010
0.36882641 0.63552161 0.00123041
0.37011250 0.63530514 0.00122696
0.37139858 0.63506031 0.00121464
0.37269945 0.63478597 0.00119367
0.37398554 0.63450258 0.00116961
0.37527163 0.63422598 0.00114658
0.37655772 0.63396158 0.00112726
0.37784381 0.63370900 0.00111569
0.37912989 0.63345368 0.00111136
0.38041598 0.63317919 0.00111202
0.38170207 0.63288720 0.00111647
0.38298816 0.63259584 0.00112326
0.38428903 0.63232266 0.00113155
0.38557512 0.63206620 0.00113768
0.38686121 0.63181493 0.00113772
0.38814729 0.63156162 0.00113254
0.38943338 0.63129837 0.00112328
0.39071947 0.63101652 0.00111025
0.39200556 0.63071403 0.00109516
0.39329165 0.63039501 0.00107976
0.39457773 0.63006289 0.00106521
0.39586382 0.62971377 0.00105103
0.39714991 0.62934187 0.00103736
0.39843600 0.62894395 0.00102347
0.39973687 0.62853623 0.00101057
0.40102296 0.62815986 0.00100462
0.40230905 0.62785275 0.00101001
0.40359513 0.62761477 0.00102341
0.40488122 0.62740153 0.00103157
0.40616731 0.62717496 0.00102871
0.40745340 0.62692431 0.00101967
0.40873949 0.62665710 0.00101021
0.41002557 0.62640105 0.00100696
0.41131166 0.62617806 0.00101294
0.41259775 0.62597897 0.00102464
0.41388384 0.62577464 0.00103537
0.41516993 0.62555018 0.00104376
0.41645601 0.62530460 0.00104953
0.41774210 0.62500769 0.00104487
0.41902819 0.62461716 0.00102453
0.42031428 0.62410998 0.00098840
0.42160037 0.62352811 0.00094607
0.42288645 0.62296536 0.00091770
0.42417254 0.62246100 0.00090986
0.42545863 0.62200088 0.00091433
0.42674472 0.62156235 0.00092199
0.42803081 0.62113168 0.00092940
0.42931690 0.62070425 0.00093707
0.43060298 0.62026947 0.00094247
0.43188907 0.61981503 0.00094217
0.43317516 0.61933653 0.00093583
0.43446125 0.61883665 0.00092538
0.43574734 0.61831873 0.00091261
0.43703342 0.61778594 0.00089905
0.43831951 0.61724126 0.00088609
0.43960560 0.61668689 0.00087476
0.44089169 0.61612426 0.00086526
0.44217778 0.61555888 0.00085835
0.44346386 0.61500476 0.00085559
0.44474995 0.61447349 0.00085854
0.44603604 0.61396035 0.00086552
0.44732213 0.61343024 0.00086516
0.44860822 0.61283159 0.00084489
0.44989430 0.61213745 0.00080321
0.45118039 0.61138501 0.00075173
0.45246648 0.61066930 0.00071508
0.45375257 0.61002874 0.00070161
0.45503866 0.60944471 0.00070222
0.45632474 0.60891161 0.00071297
0.45761083 0.60843180 0.00073309
0.45889692 0.60802532 0.00076833
0.46018301 0.60769171 0.00081710
0.46146910 0.60738424 0.00086255
0.46275519 0.60705194 0.00089149
0.46404127 0.60664310 0.00089722
0.46532736 0.60616104 0.00088499
0.46661345 0.60568675 0.00087597
0.46789954 0.60526170 0.00087996
0.46917084 0.60487414 0.00089147
0.47045693 0.60449050 0.00089800
0.47174302 0.60407855 0.00089105
0.47302911 0.60363922 0.00087395
0.47431520 0.60319188 0.00085498
0.47560128 0.60275957 0.00084310
0.47688737 0.60235752 0.00084121
0.47817346 0.60198780 0.00084834
0.47945955 0.60164218 0.00086106
0.48074564 0.60130187 0.00087257
0.48203172 0.60094760 0.00087798
0.48331781 0.60056325 0.00087412
0.48460390 0.60014937 0.00086170
0.48587521 0.59973162 0.00084837
0.48716129 0.59933062 0.00083973
0.48844738 0.59895394 0.00083733
0.48973347 0.59860100 0.00084049
0.49101956 0.59826399 0.00084593
0.49230565 0.59793427 0.00085027
0.49359173 0.59760507 0.00085172
0.49487782 0.59727074 0.00084945
0.49616391 0.59692623 0.00084288
0.49743522 0.59657032 0.00083251
0.49872130 0.59620497 0.00081944
0.50000739 0.59583546 0.00080535
0.50129348 0.59546990 0.00079230
0.50257957 0.59511620 0.00078205
0.50386566 0.59478036 0.00077574
0.50515174 0.59446626 0.00077366
0.50643783 0.59417116 0.00077470
0.50770914 0.59388278 0.00077535
0.50899523 0.59359134 0.00077347
0.51028131 0.59329357 0.00076894
0.51156740 0.59299431 0.00076318
0.51285349 0.59270795 0.00075969
0.51413958 0.59244416 0.00076018
0.51542567 0.59220643 0.00076476
0.51669697 0.59199387 0.00077258
0.51798306 0.59179561 0.00078100
0.51926915 0.59159314 0.00078630
0.52055524 0.59136732 0.00078539
0.52184132 0.59110811 0.00077772
0.52312741 0.59081669 0.00076585
0.52439872 0.59051441 0.00075459
0.52568480 0.59024198 0.00074904
0.52697089 0.59002530 0.00075131
0.52825698 0.58986677 0.00076114
0.52954307 0.58974731 0.00077637
0.53082916 0.58962388 0.00079041
0.53210046 0.58946295 0.00079854
0.53338655 0.58925677 0.00080109
0.53467264 0.58902985 0.00080077
0.53595873 0.58882363 0.00080245
0.53724481 0.58865520 0.00080741
0.53853090 0.58851597 0.00081363
0.53980221 0.58837545 0.00082026
0.54108830 0.58819600 0.00082365
0.54237438 0.58796754 0.00082177
0.54366047 0.58770760 0.00081758
0.54494656 0.58744413 0.00081451
0.54621787 0.58719930 0.00081231
0.54750395 0.58698601 0.00081041
0.54879004 0.58679913 0.00081028
0.55007613 0.58661052 0.00081081
0.55134744 0.58640009 0.00081084
0.55263352 0.58615869 0.00081104
0.55391961 0.58589018 0.00081113
0.55520570 0.58561839 0.00081014
0.55649179 0.58536323 0.00080775
0.55776309 0.58512813 0.00080404
0.55904918 0.58490134 0.00080013
0.56033527 0.58465916 0.00079761
0.56162136 0.58438683 0.00079683
0.56289266 0.58408590 0.00079780
0.56417875 0.58376746 0.00080006
0.56546484 0.58345019 0.00080256
0.56675093 0.58314857 0.00080404
0.56803702 0.58287209 0.00080376
0.56930832 0.58262777 0.00080058
0.57059441 0.58241794 0.00079459
0.57188050 0.58223624 0.00078859
0.57316659 0.58206711 0.00078446
0.57443789 0.58189467 0.00078336
0.57572398 0.58170457 0.00078500
0.57701007 0.58148316 0.00078843
0.57829616 0.58122351 0.00079317
0.57956746 0.58092650 0.00079930
0.58085355 0.58060542 0.00080677
0.58213964 0.58028808 0.00081184
0.58341094 0.57999646 0.00081123
0.58469703 0.57973947 0.00080363
0.58598312 0.57951754 0.00078982
0.58726921 0.57932189 0.00077387
0.58854051 0.57913717 0.00075973
0.58982660 0.57895256 0.00074836
0.59111269 0.57876282 0.00074039
0.59239878 0.57857303 0.00073321
0.59367008 0.57839895 0.00072197
0.59495617 0.57824858 0.00070649
0.59624226 0.57811547 0.00068957
0.59751356 0.57798227 0.00067618
0.59879965 0.57783512 0.00066833
0.60008574 0.57766393 0.00066641
0.60137183 0.57746330 0.00067050
0.60264313 0.57723540 0.00067986
0.60392922 0.57699127 0.00069291
0.60521531 0.57675431 0.00070389
0.60648661 0.57654525 0.00070795
0.60777270 0.57637972 0.00070021
0.60905879 0.57626046 0.00068055
0.61033010 0.57616994 0.00065698
0.61161618 0.57608552 0.00063572
0.61290227 0.57599020 0.00061927
0.61417358 0.57587618 0.00060795
0.61545967 0.57574512 0.00060025
0.61674575 0.57560365 0.00059467
0.61801706 0.57545724 0.00059086
0.61930315 0.57530818 0.00058926
0.62058924 0.57515967 0.00058949
0.62187532 0.57501353 0.00059082
0.62314663 0.57486410 0.00059462
0.62443272 0.57470362 0.00060227
0.62571880 0.57452620 0.00061435
0.62699011 0.57433305 0.00062936
0.62827620 0.57413944 0.00064171
0.62954750 0.57396751 0.00064537
0.63083359 0.57383188 0.00063636
0.63211968 0.57373572 0.00061515
0.63339099 0.57367783 0.00058373
0.63467707 0.57365323 0.00054480
0.63596316 0.57364939 0.00050460
0.63723447 0.57365382 0.00046699
0.63852056 0.57365405 0.00043454
0.63980664 0.57363509 0.00041088
0.64107795 0.57358665 0.00039730
0.64236404 0.57350550 0.00039390
0.64365012 0.57339560 0.00039892
0.64492143 0.57326520 0.00040870
0.64620752 0.57311954 0.00042241
0.64749361 0.57296201 0.00043953
0.64876491 0.57279694 0.00045860
0.65005100 0.57262860 0.00047856
0.65132231 0.57246154 0.00049800
0.65260839 0.57230084 0.00051527
0.65389448 0.57215169 0.00052871
0.65516579 0.57201913 0.00053671
0.65645188 0.57190829 0.00053751
0.65772318 0.57181940 0.00053221
0.65900927 0.57175021 0.00052283
0.66029536 0.57169752 0.00051128
0.66156666 0.57166144 0.00049821
0.66285275 0.57164853 0.00048161
0.66413884 0.57166356 0.00046068
0.66541014 0.57170428 0.00043752
0.66669623 0.57175774 0.00041713
0.66796754 0.57180917 0.00040359
0.66925363 0.57184895 0.00039797
0.67053971 0.57187067 0.00039996
0.67181102 0.57187286 0.00040820
0.67309711 0.57185693 0.00042107
0.67436841 0.57183261 0.00043586
0.67565450 0.57182149 0.00044775
0.67692581 0.57183904 0.00045376
0.67821189 0.57188804 0.00045385
0.67949798 0.57196817 0.00044893
0.68076929 0.57208004 0.00044032
0.68205538 0.57222433 0.00042956
0.68332668 0.57239930 0.00041973
0.68461277 0.57259324 0.00041463
0.68589886 0.57278447 0.00041500
0.68717016 0.57295548 0.00041821
0.68845625 0.57310406 0.00042233
0.68972756 0.57324029 0.00042721
0.69101364 0.57337286 0.00043234
0.69228495 0.57350571 0.00043729
0.69357104 0.57364220 0.00044220
0.69484234 0.57378385 0.00044729
0.69612843 0.57392769 0.00045237
0.69741452 0.57406810 0.00045710
0.69868582 0.57419783 0.00046103
0.69997191 0.57431331 0.00046415
0.70124322 0.57441770 0.00046762
0.70252931 0.57451942 0.00047292
0.70380061 0.57462580 0.00047984
0.70508670 0.57473595 0.00048687
0.70635801 0.57484826 0.00049310
0.70764409 0.57496475 0.00049882
0.70893018 0.57508961 0.00050475
0.71020149 0.57522615 0.00051110
0.71148758 0.57537757 0.00051852
0.71275888 0.57554527 0.00052737
0.71404497 0.57572147 0.00053587
0.71531627 0.57589383 0.00054182
0.71660236 0.57604949 0.00054336
0.71787367 0.57618316 0.00054125
0.71915976 0.57630172 0.00053886
0.72043106 0.57641353 0.00053850
0.72171715 0.57652273 0.00054058
0.72298845 0.57663039 0.00054450
0.72427454 0.57673510 0.00054930
0.72554585 0.57683544 0.00055386
0.72683194 0.57693339 0.00055769
0.72810324 0.57703540 0.00056184
0.72938933 0.57714909 0.00056776
0.73066064 0.57727791 0.00057612
0.73194672 0.57741877 0.00058555
0.73321803 0.57756280 0.00059283
0.73450412 0.57770267 0.00059696
0.73577542 0.57783551 0.00059815
0.73706151 0.57796106 0.00059710
0.73833282 0.57808076 0.00059521
0.73961890 0.57819574 0.00059314
0.74089021 0.57830722 0.00059161
0.74217630 0.57841634 0.00059108
0.74344760 0.57852436 0.00059196
0.74473369 0.57863304 0.00059495
0.74600500 0.57874295 0.00060014
0.74729108 0.57885347 0.00060721
0.74856239 0.57896297 0.00061554
0.74984848 0.57906906 0.00062420
0.75111978 0.57916952 0.00063247
0.75240587 0.57926279 0.00063985
0.75367718 0.57934807 0.00064605
0.75496327 0.57942502 0.00065104
0.75623457 0.57949381 0.00065496
0.75752066 0.57955493 0.00065795
0.75879196 0.57960899 0.00066026
0.76007805 0.57965670 0.00066216
0.76134936 0.57969872 0.00066388
0.76263545 0.57973549 0.00066557
0.76390675 0.57976685 0.00066730
0.76517806 0.57979200 0.00066901
0.76646414 0.57980924 0.00067041
0.76773545 0.57981570 0.00067108
0.76902154 0.57980860 0.00067084
0.77029284 0.57978749 0.00067012
0.77157893 0.57975557 0.00067025
0.77285024 0.57971891 0.00067256
0.77413633 0.57968337 0.00067717
0.77540763 0.57965299 0.00068364
0.77669372 0.57963124 0.00069155
0.77796502 0.57962092 0.00070036
0.77923633 0.57962413 0.00070975
0.78052242 0.57964142 0.00071931
0.78179372 0.57967151 0.00072853
0.78307981 0.57971204 0.00073716
0.78435112 0.57975874 0.00074468
0.78563720 0.57980780 0.00075077
0.78690851 0.57985722 0.00075559
0.78817982 0.57990590 0.00075940
0.78946590 0.57995321 0.00076249
0.79073721 0.57999833 0.00076515
0.79202330 0.58004073 0.00076766
0.79329460 0.58008013 0.00077031
0.79458069 0.58011711 0.00077339
0.79585200 0.58015302 0.00077703
0.79712330 0.58018975 0.00078143
0.79840939 0.58023012 0.00078665
0.79968070 0.58027647 0.00079233
0.80096678 0.58033097 0.00079847
0.80223809 0.58039524 0.00080504
0.80350939 0.58046940 0.00081192
0.80479548 0.58055149 0.00081876
0.80606679 0.58063685 0.00082442
0.80735288 0.58072258 0.00082846
0.80862418 0.58080788 0.00083086
0.80989549 0.58089201 0.00083169
0.81118157 0.58097460 0.00083139
0.81245288 0.58105427 0.00083008
0.81373897 0.58112897 0.00082781
0.81501027 0.58119793 0.00082485
0.81628158 0.58126272 0.00082182
0.81756767 0.58132639 0.00081935
0.81883897 0.58139172 0.00081762
0.82012506 0.58146086 0.00081664
0.82139637 0.58153717 0.00081656
0.82266767 0.58162485 0.00081799
0.82395376 0.58172691 0.00082150
0.82522507 0.58184181 0.00082677
0.82651115 0.58196308 0.00083269
0.82778246 0.58208377 0.00083805
0.82905376 0.58219941 0.00084194
0.83033985 0.58230929 0.00084423
0.83161116 0.58241417 0.00084506
0.83288246 0.58251511 0.00084450
0.83416855 0.58261383 0.00084282
0.83543986 0.58271237 0.00084029
0.83672594 0.58281317 0.00083723
0.83799725 0.58291872 0.00083388
0.83926856 0.58303131 0.00083035
0.84055464 0.58315313 0.00082674
0.84182595 0.58328629 0.00082311
0.84309725 0.58343264 0.00081959
0.84438334 0.58359346 0.00081638
0.84565465 0.58376870 0.00081373
0.84692595 0.58395580 0.00081171
0.84821204 0.58414984 0.00081032
0.84948335 0.58434295 0.00080891
0.85076944 0.58452796 0.00080674
0.85204074 0.58470159 0.00080350
0.85331205 0.58486598 0.00079951
0.85459813 0.58502848 0.00079589
0.85586944 0.58519372 0.00079266
0.85714075 0.58536471 0.00078974
0.85842683 0.58554482 0.00078741
0.85969814 0.58573627 0.00078582
0.86096944 0.58594003 0.00078512
0.86225553 0.58615546 0.00078546
0.86352684 0.58637876 0.00078632
0.86479814 0.58660017 0.00078539
0.86608423 0.58681010 0.00078072
0.86735554 0.58700246 0.00077111
0.86862684 0.58717528 0.00075701
0.86991293 0.58733160 0.00074084
0.87118424 0.58747615 0.00072491
0.87245554 0.58761425 0.00071086
0.87374163 0.58775239 0.00069958
0.87501293 0.58789699 0.00069098
0.87628424 0.58805403 0.00068448
0.87757033 0.58822897 0.00067966
0.87884163 0.58842554 0.00067605
0.88011294 0.58864574 0.00067359
0.88138424 0.58888925 0.00067263
0.88267033 0.58915420 0.00067368
0.88394164 0.58943765 0.00067720
0.88521294 0.58973576 0.00068330
0.88649903 0.59004479 0.00069165
0.88777034 0.59035966 0.00070094
0.88904164 0.59067534 0.00070932
0.89032773 0.59098843 0.00071561
0.89159904 0.59129720 0.00071973
0.89287034 0.59160010 0.00072200
0.89415643 0.59189453 0.00072233
0.89542774 0.59217858 0.00072073
0.89669904 0.59245204 0.00071754
0.89797035 0.59271612 0.00071321
0.89925643 0.59297296 0.00070835
0.90052774 0.59322491 0.00070342
0.90179905 0.59347410 0.00069863
0.90308513 0.59372274 0.00069439
0.90435644 0.59397320 0.00069120
0.90562774 0.59422801 0.00068966
0.90691383 0.59448942 0.00069040
0.90818514 0.59475949 0.00069409
0.90945644 0.59503911 0.00070101
0.91072775 0.59532794 0.00071113
0.91201384 0.59562397 0.00072375
0.91328514 0.59592224 0.00073661
0.91455645 0.59621837 0.00074840
0.91582775 0.59650817 0.00075785
0.91711384 0.59678702 0.00076346
0.91838515 0.59705074 0.00076413
0.91965645 0.59729641 0.00075911
0.92094254 0.59752238 0.00074808
0.92221385 0.59772946 0.00073136
0.92348515 0.59792439 0.00071191
0.92475646 0.59811464 0.00069268
0.92604254 0.59830629 0.00067590
0.92731385 0.59850308 0.00066268
0.92858516 0.59870538 0.00065249
0.92985646 0.59891290 0.00064463
0.93114255 0.59912529 0.00063846
0.93241385 0.59934258 0.00063368
0.93368516 0.59956379 0.00062938
0.93495647 0.59978658 0.00062398
0.93624255 0.60000833 0.00061589
0.93751386 0.60022572 0.00060375
0.93878516 0.60043442 0.00058675
0.94005647 0.60062858 0.00056347
0.94134256 0.60080523 0.00053399
0.94261386 0.60096881 0.00050167
0.94388517 0.60112666 0.00047023
0.94515647 0.60128424 0.00044163
0.94644256 0.60144484 0.00041645
0.94771387 0.60161138 0.00039512
0.94898517 0.60178669 0.00037790
0.95025648 0.60197316 0.00036480
0.95154257 0.60217331 0.00035614
0.95281387 0.60238906 0.00035227
0.95408518 0.60262176 0.00035398
0.95535648 0.60286921 0.00036110
0.95664257 0.60312242 0.00037042
0.95791388 0.60336926 0.00037711
0.95918518 0.60359903 0.00037692
0.96045649 0.60380741 0.00036854
0.96174258 0.60399750 0.00035409
0.96301388 0.60417516 0.00033655
0.96428519 0.60434538 0.00031784
0.96555649 0.60451205 0.00029948
0.96682780 0.60467961 0.00028312
0.96811389 0.60485260 0.00026995
0.96938519 0.60503451 0.00026040
0.97065650 0.60522741 0.00025423
0.97192780 0.60543206 0.00025114
0.97321389 0.60564806 0.00025091
0.97448520 0.60587433 0.00025365
0.97575650 0.60610882 0.00025943
0.97702781 0.60634775 0.00026739
0.97829911 0.60658708 0.00027641
0.97958520 0.60682261 0.00028512
0.98085651 0.60705120 0.00029223
0.98212781 0.60727168 0.00029722
0.98339912 0.60748425 0.00030017
0.98468520 0.60769070 0.00030165
0.98595651 0.60789281 0.00030227
0.98722781 0.60809242 0.00030257
0.98849912 0.60829172 0.00030328
0.98977043 0.60849283 0.00030515
0.99105651 0.60869758 0.00030881
0.99232782 0.60890682 0.00031442
0.99359912 0.60912083 0.00032192
0.99487043 0.60933977 0.00033116
0.99614174 0.60956453 0.00034255
0.99742782 0.60979677 0.00035707
0.99869913 0.61003794 0.00037569
0.99997043 0.61028812 0.00039864
1.00124174 0.61054527 0.00042484
1.00251305 0.61080704 0.00045309
1.00378435 0.61107125 0.00048232
1.00507044 0.61133625 0.00051176
1.00634174 0.61160145 0.00054126
1.00761305 0.61186666 0.00057083
1.00888436 0.61213171 0.00060045
1.01015566 0.61239634 0.00062999
1.01144175 0.61266029 0.00065932
1.01271305 0.61292301 0.00068812
1.01398436 0.61318391 0.00071601
1.01525567 0.61344230 0.00074261
1.01652697 0.61369730 0.00076734
1.01779828 0.61394780 0.00078953
1.01908436 0.61419287 0.00080858
1.02035567 0.61443248 0.00082450
1.02162698 0.61466825 0.00083833
1.02289828 0.61490338 0.00085213
1.02416959 0.61514154 0.00086822
1.02545567 0.61538568 0.00088841
1.02672698 0.61563684 0.00091326
1.02799829 0.61589409 0.00094210
1.02926959 0.61615557 0.00097369
1.03054090 0.61641952 0.00100689
1.03181220 0.61668421 0.00104067
1.03309829 0.61694756 0.00107374
1.03436960 0.61720741 0.00110485
1.03564090 0.61746157 0.00113271
1.03691221 0.61770866 0.00115653
1.03818351 0.61794899 0.00117660
1.03945482 0.61818297 0.00119325
1.04072612 0.61841090 0.00120665
1.04201221 0.61863328 0.00121710
1.04328352 0.61885036 0.00122472
1.04455482 0.61906257 0.00122975
1.04582613 0.61927101 0.00123286
1.04709743 0.61947744 0.00123522
1.04836874 0.61968377 0.00123806
1.04965483 0.61989145 0.00124237
1.05092613 0.62010140 0.00124877
1.05219744 0.62031368 0.00125734
1.05346874 0.62052715 0.00126741
1.05474005 0.62073975 0.00127773
1.05601135 0.62094891 0.00128674
1.05728266 0.62115129 0.00129240
1.05856875 0.62134362 0.00129275
1.05984005 0.62152282 0.00128596
1.06111136 0.62168749 0.00127124
1.06238266 0.62183954 0.00124987
1.06365397 0.62198065 0.00122291
1.06492527 0.62211203 0.00119107
1.06619658 0.62223492 0.00115511
1.06746788 0.62235085 0.00111597
1.06875397 0.62246265 0.00107542
1.07002528 0.62257366 0.00103563
1.07129658 0.62268719 0.00099871
1.07256789 0.62280600 0.00096639
1.07383919 0.62293226 0.00093997
1.07511050 0.62306757 0.00092038
1.07638181 0.62321260 0.00090797
1.07766789 0.62336520 0.00090105
1.07893920 0.62351948 0.00089571
1.08021050 0.62366752 0.00088682
1.08148181 0.62380387 0.00087102
1.08275312 0.62392834 0.00084853
1.08402442 0.62404381 0.00082140
1.08529573 0.62415347 0.00079176
1.08656703 0.62425866 0.00076048
1.08783834 0.62436014 0.00072795
1.08912443 0.62445899 0.00069478
1.09039573 0.62455611 0.00066150
1.09166704 0.62465234 0.00062860
1.09293834 0.62474817 0.00059637
1.09420965 0.62484392 0.00056503
1.09548095 0.62493988 0.00053472
1.09675226 0.62503647 0.00050571
1.09802356 0.62513431 0.00047835
1.09930965 0.62523394 0.00045296
1.10058096 0.62533580 0.00042971
1.10185226 0.62544000 0.00040857
1.10312357 0.62554649 0.00038945
1.10439487 0.62565537 0.00037233
1.10566618 0.62576671 0.00035719
1.10693748 0.62588054 0.00034401
1.10820879 0.62599682 0.00033273
1.10948010 0.62611522 0.00032314
1.11075140 0.62623524 0.00031489
1.11203749 0.62635604 0.00030754
1.11330879 0.62647672 0.00030056
1.11458010 0.62659638 0.00029350
1.11585141 0.62671405 0.00028587
1.11712271 0.62682882 0.00027719
1.11839402 0.62694017 0.00026727
1.11966532 0.62704907 0.00025675
1.12093663 0.62715893 0.00024735
1.12220793 0.62727650 0.00024174
1.12347924 0.62741058 0.00024251
1.12475054 0.62756694 0.00025125
1.12603663 0.62774447 0.00026803
1.12730794 0.62793606 0.00029110
1.12857924 0.62813278 0.00031715
1.12985055 0.62832512 0.00034249
1.13112185 0.62850373 0.00036298
1.13239316 0.62865849 0.00037345
1.13366446 0.62877921 0.00036852
1.13493577 0.62885963 0.00034436
1.13620707 0.62889541 0.00029883
1.13747838 0.62888698 0.00024608
1.13874969 0.62884441 0.00022086
1.14002099 0.62879164 0.00025446
1.14130708 0.62875150 0.00032055
1.14257838 0.62873345 0.00038747
1.14384969 0.62874429 0.00044366
1.14512100 0.62878765 0.00048391
1.14639230 0.62885921 0.00050447
1.14766361 0.62894532 0.00050737
1.14893491 0.62904116 0.00049663
1.15020622 0.62915520 0.00047594
1.15147752 0.62929861 0.00044966
1.15274883 0.62947670 0.00041543
1.15402013 0.62969886 0.00038138
1.15529144 0.62990708 0.00036074
1.15656274 0.63009829 0.00034057
1.15783405 0.63029339 0.00032172
1.15912014 0.63049205 0.00030522
1.16039144 0.63069392 0.00029219
1.16166275 0.63089864 0.00028385
1.16293405 0.63110583 0.00028123
1.16420536 0.63131508 0.00028501
1.16547667 0.63152596 0.00029534
1.16674797 0.63173803 0.00031184
1.16801928 0.63195083 0.00033371
1.16929058 0.63216389 0.00035997
1.17056189 0.63237672 0.00038962
1.17183319 0.63258881 0.00042174
1.17310450 0.63279964 0.00045552
1.17437580 0.63300868 0.00049024
1.17564711 0.63321541 0.00052529
1.17691841 0.63341927 0.00056015
1.17818972 0.63361970 0.00059434
1.17946103 0.63381615 0.00062744
1.18074711 0.63400806 0.00065905
1.18201842 0.63419485 0.00068883
1.18328972 0.63437597 0.00071643
1.18456103 0.63455084 0.00074156
1.18583234 0.63471890 0.00076390
1.18710364 0.63487960 0.00078320
1.18837495 0.63503238 0.00079920
1.18964625 0.63517670 0.00081166
1.19091756 0.63531202 0.00082036
1.19218886 0.63543782 0.00082511
1.19346017 0.63555361 0.00082574
1.19473147 0.63565888 0.00082211
1.19600278 0.63575317 0.00081411
1.19727408 0.63583603 0.00080170
1.19854539 0.63590704 0.00078486
1.19981670 0.63596579 0.00076365
1.20108800 0.63601192 0.00073824
1.20235931 0.63604509 0.00070890
1.20363061 0.63606499 0.00067609
1.20490192 0.63607136 0.00064047
1.20617322 0.63606396 0.00060307
1.20744453 0.63604262 0.00056538
1.20873062 0.63600718 0.00052955
1.21000192 0.63595756 0.00049856
1.21127323 0.63589371 0.00047629
1.21254453 0.63581564 0.00046718
1.21381584 0.63572341 0.00047527
1.21508714 0.63561716 0.00050295
1.21635845 0.63549708 0.00055023
1.21762975 0.63536342 0.00061527
1.21890106 0.63521650 0.00069538
1.22017237 0.63505673 0.00078794
1.22144367 0.63488459 0.00089067
1.22271498 0.63470062 0.00100173
1.22398628 0.63450547 0.00111960
1.22525759 0.63429986 0.00124305
1.22652889 0.63408461 0.00137096
1.22780020 0.63386063 0.00150235
1.22907150 0.63362893 0.00163627
1.23034281 0.63339062 0.00177180
1.23161411 0.63314692 0.00190802
1.23288542 0.63289915 0.00204399
1.23415673 0.63264876 0.00217875
1.23542803 0.63239730 0.00231130
1.23669934 0.63214645 0.00244056
1.23797064 0.63189803 0.00256546
1.23924195 0.63165396 0.00268482
1.24051325 0.63141633 0.00279743
1.24178456 0.63118733 0.00290201
1.24305586 0.63096933 0.00299723
1.24432717 0.63076482 0.00308168
1.24559847 0.63057646 0.00315391
1.24686978 0.63040707 0.00321238
1.24814109 0.63025961 0.00325552
1.24941239 0.63013723 0.00328169
1.25068370 0.63004323 0.00328923
1.25195500 0.62998110 0.00327644
1.25322631 0.62995451 0.00324162
1.25449761 0.62996731 0.00318314
1.25576892 0.63002355 0.00309944
1.25704022 0.63012746 0.00298920
1.25831153 0.63028348 0.00285146
1.25958283 0.63049627 0.00268599
1.26085414 0.63077067 0.00249379
1.26212545 0.63111177 0.00227822
1.26339675 0.63152485 0.00204708
1.26466806 0.63201544 0.00181679
1.26593936 0.63258930 0.00161989
1.26721067 0.63325242 0.00151310
1.26848197 0.63401103 0.00156708
1.26975328 0.63487163 0.00182098
1.27102458 0.63584095 0.00225890
1.27229589 0.63692601 0.00284481
1.27356719 0.63813406 0.00355180
1.27483850 0.63947265 0.00436528
1.27610981 0.64094960 0.00527878
1.27738111 0.64257301 0.00629041
1.27865242 0.64435129 0.00740093
1.27992372 0.64629312 0.00861269
1.28119503 0.64840749 0.00992898
-0.96316762 0.64251754 0.00754463
-0.96189631 0.64021324 0.00773983
-0.96062353 0.63953519 0.00742062
-0.95934927 0.63897073 0.00732938
-0.95807353 0.63824948 0.00708464
-0.95679779 0.63695075 0.00654724
-0.95551909 0.63453798 0.00523446
-0.95423744 0.62947875 0.00201117
-0.95295431 0.61585412 0.00518209
-0.95167118 0.59806249 0.00935299
-0.95038804 0.59645807 0.00851805
-0.94910048 0.61247224 0.00638194
-0.94781143 0.62829779 0.00520787
-0.94651943 0.63785830 0.00447932
-0.94522743 0.64419698 0.00401941
-0.94393247 0.64884692 0.00359933
-0.94263604 0.65305947 0.00327464
-0.94133960 0.65711545 0.00299803
-0.94004021 0.66112334 0.00275745
-0.93873934 0.66496330 0.00256303
-0.93743699 0.66856609 0.00239930
-0.93613316 0.67193751 0.00225706
-0.93482786 0.67511614 0.00213172
-0.93351959 0.67812544 0.00202046
-0.93221133 0.68098908 0.00191985
-0.93090011 0.68372567 0.00182937
-0.92958890 0.68635192 0.00174684
-0.92827472 0.68888107 0.00167159
-0.92695907 0.69132427 0.00160251
-0.92564341 0.69369129 0.00153897
-0.92432480 0.69599164 0.00148150
-0.92300472 0.69822695 0.00142574
-0.92168315 0.70040883 0.00137578
-0.92036010 0.70254123 0.00133160
-0.91903410 0.70462021 0.00128485
-0.91770810 0.70664808 0.00124196
-0.91638062 0.70862021 0.00120363
-0.91505167 0.71053194 0.00116280
-0.91371975 0.71239024 0.00112690
-0.91238784 0.71422300 0.00109194
-0.91105297 0.71602787 0.00105732
-0.90971810 0.71782114 0.00102571
-0.90838027 0.71959582 0.00099493
-0.90704096 0.72135424 0.00096752
-0.90570166 0.72309640 0.00094343
-0.90435940 0.72482230 0.00091692
-0.90301565 0.72652962 0.00089353
-0.90167044 0.72822997 0.00087055
-0.90032374 0.72991405 0.00084789
-0.89897556 0.73158420 0.00082846
-0.89762591 0.73324506 0.00080909
-0.89627478 0.73489431 0.00079286
-0.89492217 0.73653194 0.00077421
-0.89356808 0.73816028 0.00075855
-0.89221251 0.73978165 0.00074318
-0.89085547 0.74139373 0.00072507
-0.88949695 0.74299884 0.00071286
-0.88813547 0.74459466 0.00069780
-0.88677399 0.74618351 0.00068298
-0.88541103 0.74776307 0.00067083
-0.88404659 0.74934262 0.00065886
-0.88267920 0.75091057 0.00064475
-0.88131181 0.75247387 0.00063551
-0.87994294 0.75403252 0.00062416
-0.87857259 0.75558420 0.00061304
-0.87719928 0.75713357 0.00060432
-0.87582598 0.75867596 0.00059575
-0.87445120 0.76021370 0.00058529
-0.87307345 0.76174913 0.00057712
-0.87169571 0.76327991 0.00056786
-0.87031650 0.76480372 0.00055808
-0.86893580 0.76632753 0.00054909
-0.86755215 0.76784669 0.00054349
-0.86616849 0.76936121 0.00053622
-0.86478336 0.77087108 0.00052763
-0.86339675 0.77238095 0.00051916
-0.86200866 0.77388618 0.00051412
-0.86061762 0.77538908 0.00050593
-0.85922657 0.77688734 0.00050117
-0.85783405 0.77838328 0.00049328
-0.85644005 0.77987921 0.00049030
-0.85504457 0.78136818 0.00048268
-0.85364761 0.78286179 0.00047660
-0.85224918 0.78434843 0.00047061
-0.85084926 0.78583275 0.00046667
-0.84944787 0.78731940 0.00046089
-0.84804648 0.78879907 0.00045520
-0.84664213 0.79027875 0.00044961
-0.84523630 0.79175842 0.00044411
-0.84382899 0.79323810 0.00043872
-0.84242169 0.79471545 0.00043446
-0.84101143 0.79619512 0.00042924
-0.83960116 0.79767247 0.00042507
-0.83818795 0.79915215 0.00042002
-0.83677473 0.80063182 0.00041366
-0.83536003 0.80211150 0.00040876
-0.83394238 0.80359350 0.00040559
-0.83252472 0.80507549 0.00039847
-0.83110559 0.80655981 0.00039294
-0.82968498 0.80804646 0.00038663
-0.82826289 0.80953310 0.00038586
-0.82684081 0.81101974 0.00037958
-0.82541576 0.81250639 0.00037718
-0.82398924 0.81399071 0.00037330
-0.82256272 0.81546806 0.00036775
-0.82113324 0.81694541 0.00036221
-0.81970376 0.81841580 0.00036221
-0.81827280 0.81987689 0.00035906
-0.81684036 0.82132869 0.00035667
-0.81540645 0.82277120 0.00035113
-0.81397106 0.82419977 0.00035113
-0.81253418 0.82561672 0.00035038
-0.81109584 0.82701278 0.00034798
-0.80965749 0.82839489 0.00034724
-0.80821618 0.82975610 0.00034652
-0.80677488 0.83109872 0.00034339
-0.80533209 0.83241812 0.00034272
-0.80388783 0.83372125 0.00033897
-0.80244209 0.83500581 0.00033836
-0.80099487 0.83626945 0.00033779
-0.79954765 0.83751684 0.00033417
-0.79809748 0.83875261 0.00033016
-0.79664730 0.83997445 0.00032973
-0.79519565 0.84118235 0.00032598
-0.79374252 0.84238328 0.00032567
-0.79228791 0.84357956 0.00031946
-0.79083182 0.84476887 0.00031906
-0.78937573 0.84595354 0.00031600
-0.78791669 0.84713821 0.00031301
-0.78645764 0.84832288 0.00031010
-0.78499712 0.84950987 0.00030441
-0.78353512 0.85069454 0.00030163
-0.78207164 0.85188850 0.00029604
-0.78060816 0.85309175 0.00029325
-0.77914320 0.85429965 0.00028772
-0.77767528 0.85551220 0.00028204
-0.77620885 0.85673635 0.00027929
-0.77473946 0.85796748 0.00027343
-0.77326859 0.85920325 0.00027051
-0.77179771 0.86044367 0.00026483
-0.77032537 0.86168409 0.00026182
-0.76885154 0.86291986 0.00025894
-0.76737623 0.86415563 0.00025607
-0.76590093 0.86538444 0.00025038
-0.76442266 0.86660627 0.00024756
-0.76294440 0.86781417 0.00024475
-0.76146466 0.86901278 0.00024209
-0.75998492 0.87019744 0.00023954
-0.75850222 0.87136353 0.00023682
-0.75701953 0.87251103 0.00023709
-0.75553535 0.87363995 0.00023709
-0.75405118 0.87474564 0.00023741
-0.75256405 0.87582811 0.00023709
-0.75107691 0.87688734 0.00023709
-0.74958830 0.87792102 0.00023442
-0.74809822 0.87893380 0.00023412
-0.74660813 0.87992799 0.00023115
-0.74511656 0.88089895 0.00023091
-0.74362352 0.88185134 0.00023365
-0.74212899 0.88278746 0.00022781
-0.74063447 0.88371196 0.00022762
-0.73913847 0.88462253 0.00022476
-0.73764099 0.88552613 0.00022480
-0.73614351 0.88642276 0.00022200
-0.73464307 0.88731475 0.00021936
-0.73314412 0.88820906 0.00021388
-0.73164220 0.88910105 0.00021388
-0.73014029 0.89000232 0.00020846
-0.72863542 0.89090592 0.00020578
-0.72713202 0.89182114 0.00020280
-0.72562567 0.89275029 0.00019415
-0.72411933 0.89369570 0.00019390
-0.72261150 0.89464576 0.00019664
-0.72110367 0.89558188 0.00019371
-0.71959436 0.89649710 0.00019647
-0.71808358 0.89738444 0.00019357
-0.71657132 0.89825552 0.00019357
-0.71505906 0.89911266 0.00019357
-0.71354532 0.89996051 0.00019079
-0.71203158 0.90079443 0.00018802
-0.71051488 0.90161672 0.00018802
-0.70899966 0.90242973 0.00018528
-0.70748148 0.90323810 0.00018528
-0.70596331 0.90403717 0.00018255
-0.70444366 0.90483159 0.00018255
-0.70292400 0.90561672 0.00017984
-0.70140287 0.90639721 0.00017984
-0.69988026 0.90717073 0.00017417
-0.69835765 0.90793961 0.00017448
-0.69683356 0.90870151 0.00017148
-0.69530800 0.90946109 0.00017148
-0.69378243 0.91021138 0.00016882
-0.69225538 0.91095935 0.00016920
-0.69072834 0.91170035 0.00016618
-0.68919982 0.91243902 0.00016618
-0.68766982 0.91317305 0.00016316
-0.68613981 0.91390012 0.00016356
-0.68460833 0.91462253 0.00016097
-0.68307685 0.91534262 0.00015792
-0.68154390 0.91605343 0.00015792
-0.68001094 0.91676423 0.00015792
-0.67847650 0.91746806 0.00015229
-0.67694059 0.91816492 0.00015229
-0.67540467 0.91886411 0.00014924
-0.67386728 0.91955401 0.00014924
-0.67232841 0.92023926 0.00014621
-0.67078954 0.92091986 0.00014361
-0.66925067 0.92159582 0.00014361
-0.66771032 0.92226481 0.00014361
-0.66616849 0.92292915 0.00014057
-0.66462666 0.92359117 0.00014057
-0.66308484 0.92424623 0.00014057
-0.66154005 0.92489663 0.00013754
-0.65999675 0.92554007 0.00013453
-0.65845049 0.92617422 0.00013453
-0.65690570 0.92680604 0.00013189
-0.65535796 0.92743089 0.00013153
-0.65381022 0.92804878 0.00012887
-0.65226248 0.92865738 0.00013153
-0.65071326 0.92925900 0.00012854
-0.64916404 0.92985134 0.00012854
-0.64761335 0.93043206 0.00012887
-0.64606265 0.93100348 0.00012887
-0.64451047 0.93155865 0.00012625
-0.64295830 0.93210685 0.00012366
-0.64140464 0.93265041 0.00012366
-0.63985099 0.93319164 0.00012110
-0.63829586 0.93373751 0.00011803
-0.63674073 0.93428571 0.00012110
-0.63518412 0.93483159 0.00011803
-0.63362751 0.93537979 0.00011549
-0.63207090 0.93592334 0.00011549
-0.63051133 0.93646225 0.00011241
-0.62895324 0.93700116 0.00010935
-0.62739368 0.93753542 0.00011241
-0.62583411 0.93806736 0.00010935
-0.62427306 0.93859233 0.00010630
-0.62271202 0.93911498 0.00010630
-0.62114950 0.93963066 0.00010630
-0.61958697 0.94014170 0.00010326
-0.61802445 0.94065041 0.00010326
-0.61646045 0.94115215 0.00010326
-0.61489497 0.94164925 0.00010023
-0.61333097 0.94213705 0.00010023
-0.61176401 0.94262485 0.00010023
-0.61019853 0.94310337 0.00009991
-0.60863157 0.94357956 0.00009695
-0.60706461 0.94404878 0.00009723
-0.60549618 0.94451336 0.00009695
-0.60392774 0.94497096 0.00009424
-0.60235783 0.94542393 0.00009424
-0.60078939 0.94587224 0.00009127
-0.59921800 0.94631359 0.00009401
-0.59764808 0.94675029 0.00009127
-0.59607669 0.94718235 0.00009127
-0.59450530 0.94760743 0.00009127
-0.59293243 0.94802787 0.00008833
-0.59135956 0.94843902 0.00008833
-0.58978669 0.94885017 0.00008833
-0.58821234 0.94925900 0.00008560
-0.58663799 0.94965854 0.00008833
-0.58506364 0.95005343 0.00008560
-0.58348781 0.95044599 0.00008265
-0.58191198 0.95083391 0.00008560
-0.58033616 0.95121719 0.00008560
-0.57875885 0.95159582 0.00008265
-0.57718302 0.95197213 0.00008265
-0.57560424 0.95234146 0.00008265
-0.57402693 0.95270848 0.00007993
-0.57244815 0.95307085 0.00007993
-0.57086937 0.95343322 0.00007993
-0.56929058 0.95379094 0.00008027
-0.56771032 0.95414866 0.00007725
-0.56613006 0.95449710 0.00007725
-0.56454980 0.95485250 0.00007725
-0.56296805 0.95519861 0.00007462
-0.56138779 0.95554704 0.00007462
-0.55980605 0.95589082 0.00007160
-0.55822283 0.95623693 0.00007462
-0.55664109 0.95658072 0.00007160
-0.55505787 0.95692451 0.00006859
-0.55347466 0.95726597 0.00006859
-0.55189144 0.95761440 0.00006859
-0.55030822 0.95796283 0.00006545
-0.54872352 0.95831127 0.00006545
-0.54713882 0.95866667 0.00006545
-0.54555413 0.95901742 0.00006259
-0.54396943 0.95935424 0.00006545
-0.54238325 0.95968641 0.00006562
-0.54079708 0.96000232 0.00006545
-0.53921090 0.96031359 0.00006562
-0.53762473 0.96061556 0.00006293
-0.53603855 0.96091289 0.00006562
-0.53445090 0.96120557 0.00006562
-0.53286472 0.96149361 0.00006293
-0.53127707 0.96177933 0.00006293
-0.52968942 0.96205807 0.00006293
-0.52810029 0.96233449 0.00005995
-0.52651263 0.96261092 0.00006267
-0.52492498 0.96288037 0.00005977
-0.52333585 0.96314983 0.00005995
-0.52174671 0.96341463 0.00005995
-0.52015758 0.96367944 0.00005995
-0.51856845 0.96394193 0.00005699
-0.51697932 0.96419977 0.00005699
-0.51538871 0.96445761 0.00005699
-0.51379958 0.96471545 0.00005699
-0.51220897 0.96496632 0.00005699
-0.51061836 0.96521951 0.00005428
-0.50902775 0.96547038 0.00005428
-0.50743714 0.96571429 0.00005428
-0.50584653 0.96596516 0.00005428
-0.50425592 0.96620906 0.00005428
-0.50266383 0.96644832 0.00005163
-0.50107322 0.96669222 0.00005163
-0.49948261 0.96692915 0.00005163
-0.49789052 0.96716609 0.00005163
-0.49629843 0.96740302 0.00005163
-0.49470782 0.96763531 0.00004906
-0.49311573 0.96786527 0.00004906
-0.49152364 0.96809524 0.00004906
-0.48993156 0.96832056 0.00005215
-0.48833947 0.96854588 0.00004971
-0.48674738 0.96876887 0.00004971
-0.48515529 0.96898955 0.00004657
-0.48356320 0.96920790 0.00004971
-0.48196964 0.96942393 0.00004971
-0.48037755 0.96963298 0.00004971
-0.47878546 0.96984204 0.00004971
-0.47719337 0.97004646 0.00004738
-0.47559980 0.97024623 0.00004971
-0.47400772 0.97044832 0.00004971
-0.47241563 0.97063647 0.00004971
-0.47082206 0.97082462 0.00004971
-0.46922997 0.97100813 0.00004906
-0.46763788 0.97118235 0.00004906
-0.46604432 0.97135424 0.00004971
-0.46445223 0.97152381 0.00004906
-0.46286014 0.97169338 0.00004657
-0.46126658 0.97186760 0.00004657
-0.45967449 0.97203949 0.00004346
-0.45808240 0.97221370 0.00004346
-0.45649031 0.97238792 0.00004346
-0.45489822 0.97255981 0.00004599
-0.45330613 0.97273171 0.00004657
-0.45171257 0.97290360 0.00004346
-0.45012048 0.97307549 0.00004599
-0.44852839 0.97324506 0.00004346
-0.44693778 0.97341231 0.00004346
-0.44534569 0.97357956 0.00004346
-0.44375360 0.97374681 0.00004346
-0.44216151 0.97391405 0.00004346
-0.44057090 0.97407433 0.00004346
-0.43897882 0.97423693 0.00004103
-0.43738821 0.97439721 0.00004103
-0.43579612 0.97455749 0.00004103
-0.43420551 0.97471545 0.00004346
-0.43261490 0.97487108 0.00004103
-0.43102429 0.97502439 0.00004103
-0.42943368 0.97517770 0.00004103
-0.42784307 0.97533101 0.00004103
-0.42625394 0.97547735 0.00004103
-0.42466333 0.97563066 0.00004103
-0.42307419 0.97577700 0.00004103
-0.42148358 0.97592334 0.00004103
-0.41989445 0.97606272 0.00004103
-0.41830532 0.97620674 0.00004194
-0.41671619 0.97634843 0.00004103
-0.41512853 0.97648780 0.00004103
-0.41353940 0.97662253 0.00003873
-0.41195175 0.97675958 0.00004103
-0.41036262 0.97689431 0.00003873
-0.40877496 0.97702671 0.00003873
-0.40718731 0.97715679 0.00004103
-0.40560114 0.97728688 0.00004194
-0.40401348 0.97741463 0.00004103
-0.40242731 0.97754239 0.00003873
-0.40084113 0.97766783 0.00003873
-0.39925496 0.97779094 0.00004103
-0.39766878 0.97791173 0.00003873
-0.39608261 0.97803484 0.00004103
-0.39449791 0.97815563 0.00003873
-0.39291321 0.97827410 0.00003873
-0.39132851 0.97839024 0.00004103
-0.38974382 0.97850407 0.00003873
-0.38816060 0.97861789 0.00003789
-0.38657738 0.97873403 0.00003873
-0.38499416 0.97884553 0.00003873
-0.38341094 0.97895238 0.00003789
-0.38182920 0.97906388 0.00003789
-0.38024598 0.97917073 0.00004103
-0.37866424 0.97927991 0.00003789
-0.37708398 0.97938444 0.00003789
-0.37550224 0.97948897 0.00003789
-0.37392198 0.97959350 0.00003789
-0.37234172 0.97969106 0.00003789
-0.37076145 0.97979326 0.00003477
-0.36918267 0.97989315 0.00003789
-0.36760388 0.97999071 0.00003789
-0.36602510 0.98009059 0.00003731
-0.36444780 0.98019048 0.00003477
-0.36286901 0.98028804 0.00003477
-0.36129171 0.98038560 0.00003477
-0.35971588 0.98048316 0.00003477
-0.35814005 0.98058072 0.00003477
-0.35656422 0.98067596 0.00003731
-0.35498840 0.98077120 0.00003789
-0.35341405 0.98086643 0.00003477
-0.35183970 0.98096167 0.00003731
-0.35026535 0.98105226 0.00003731
-0.34869248 0.98114518 0.00003477
-0.34711961 0.98123577 0.00003477
-0.34554674 0.98132869 0.00003430
-0.34397534 0.98141928 0.00003430
-0.34240395 0.98150755 0.00003477
-0.34083256 0.98159582 0.00003731
-0.33926264 0.98168409 0.00003430
-0.33769273 0.98177003 0.00003731
-0.33612429 0.98185830 0.00003430
-0.33455586 0.98194193 0.00003430
-0.33298742 0.98202787 0.00003731
-0.33142046 0.98211150 0.00003731
-0.32985350 0.98219280 0.00003430
-0.32828655 0.98227642 0.00003430
-0.32672107 0.98235772 0.00003702
-0.32515559 0.98243670 0.00003430
-0.32359159 0.98251800 0.00003702
-0.32202758 0.98259698 0.00003430
-0.32046358 0.98267596 0.00003414
-0.31890106 0.98275261 0.00003414
-0.31734002 0.98282927 0.00003414
-0.31577749 0.98290360 0.00003702
-0.31421793 0.98297561 0.00003414
-0.31265688 0.98304994 0.00003702
-0.31109731 0.98312195 0.00003414
-0.30953923 0.98319396 0.00003430
-0.30798114 0.98326365 0.00003430
-0.30642305 0.98333101 0.00003731
-0.30486644 0.98339605 0.00003430
-0.30330983 0.98346109 0.00003477
-0.30175470 0.98353078 0.00003477
-0.30019957 0.98359582 0.00003168
-0.29864591 0.98366783 0.00003235
-0.29709226 0.98373984 0.00003477
-0.29554008 0.98381417 0.00003235
-0.29398791 0.98389082 0.00003235
-0.29243721 0.98396748 0.00003235
-0.29088651 0.98404413 0.00003235
-0.28933730 0.98412079 0.00003235
-0.28778808 0.98419744 0.00003235
-0.28623886 0.98427410 0.00003235
-0.28469112 0.98435772 0.00003235
-0.28314485 0.98443438 0.00003235
-0.28159859 0.98451336 0.00003334
-0.28005381 0.98459466 0.00003235
-0.27850902 0.98467131 0.00003235
-0.27696572 0.98475494 0.00003235
-0.27542241 0.98483159 0.00003235
-0.27388059 0.98491521 0.00003235
-0.27234024 0.98499419 0.00003334
-0.27079989 0.98507549 0.00003235
-0.26925954 0.98515679 0.00003011
-0.26772067 0.98523577 0.00003235
-0.26618327 0.98531707 0.00003011
-0.26464588 0.98539605 0.00003235
-0.26310997 0.98547735 0.00003011
-0.26157405 0.98555865 0.00002920
-0.26003962 0.98563763 0.00003011
-0.25850518 0.98571893 0.00002920
-0.25697222 0.98579791 0.00003011
-0.25544074 0.98588153 0.00003011
-0.25390926 0.98596283 0.00002920
-0.25237926 0.98604413 0.00002689
-0.25084926 0.98612776 0.00002689
-0.24932074 0.98621138 0.00002689
-0.24779369 0.98629268 0.00002607
-0.24626665 0.98637631 0.00002607
-0.24474108 0.98645993 0.00002607
-0.24321552 0.98655052 0.00002607
-0.24169143 0.98663415 0.00002607
-0.24016882 0.98672474 0.00002607
-0.23864621 0.98681301 0.00002566
-0.23712508 0.98690825 0.00002864
-0.23560542 0.98699884 0.00002864
-0.23408577 0.98707549 0.00002864
-0.23256759 0.98715215 0.00002864
-0.23104942 0.98722184 0.00002864
-0.22953272 0.98728455 0.00002864
-0.22801750 0.98734727 0.00002864
-0.22650376 0.98740534 0.00002920
-0.22499002 0.98746341 0.00002607
-0.22347628 0.98751916 0.00002607
-0.22196550 0.98757724 0.00002689
-0.22045471 0.98763531 0.00002920
-0.21894541 0.98769106 0.00002920
-0.21743610 0.98774913 0.00002607
-0.21592827 0.98780720 0.00002689
-0.21442193 0.98786295 0.00002689
-0.21291705 0.98792334 0.00002480
-0.21141218 0.98798142 0.00002689
-0.20990879 0.98803949 0.00002807
-0.20840540 0.98809988 0.00002689
-0.20690496 0.98816028 0.00002480
-0.20540453 0.98822067 0.00002807
-0.20390557 0.98828107 0.00002689
-0.20240661 0.98834146 0.00002480
-0.20090913 0.98840418 0.00002480
-0.19941313 0.98846690 0.00002480
-0.19791861 0.98853426 0.00002807
-0.19642408 0.98859930 0.00002480
-0.19493104 0.98866202 0.00002480
-0.19343947 0.98872706 0.00002628
-0.19194791 0.98879443 0.00002480
-0.19045930 0.98886411 0.00002480
-0.18897069 0.98892683 0.00002480
-0.18748355 0.98899652 0.00002480
-0.18599642 0.98906156 0.00002628
-0.18451077 0.98912892 0.00002480
-0.18302659 0.98919164 0.00002480
-0.18154390 0.98925900 0.00002300
-0.18006268 0.98932404 0.00002480
-0.17858146 0.98938676 0.00002480
-0.17710172 0.98944948 0.00002480
-0.17562346 0.98951684 0.00002300
-0.17414667 0.98957956 0.00002300
-0.17266989 0.98964228 0.00002300
-0.17119606 0.98970499 0.00002300
-0.16972223 0.98976771 0.00002300
-0.16824841 0.98983043 0.00002300
-0.16677754 0.98989315 0.00002300
-0.16530667 0.98995587 0.00002300
-0.16383875 0.99001858 0.00002300
-0.16237084 0.99008130 0.00002300
-0.16090440 0.99014402 0.00002300
-0.15943796 0.99020441 0.00002154
-0.15797449 0.99026481 0.00002480
-0.15651101 0.99032520 0.00002300
-0.15504900 0.99038792 0.00002300
-0.15358848 0.99045064 0.00002300
-0.15212944 0.99051336 0.00002300
-0.15067039 0.99057607 0.00002300
-0.14921430 0.99063647 0.00002154
-0.14775822 0.99069919 0.00002154
-0.14630375 0.99076190 0.00002154
-0.14485062 0.99082462 0.00002154
-0.14339867 0.99088734 0.00002154
-0.14194791 0.99095006 0.00002154
-0.14049847 0.99101278 0.00002154
-0.13905022 0.99107549 0.00002154
-0.13760344 0.99113821 0.00002154
-0.13615770 0.99120093 0.00002154
-0.13471344 0.99127062 0.00002154
-0.13327021 0.99133333 0.00002154
-0.13182846 0.99139605 0.00002154
-0.13038804 0.99146109 0.00002369
-0.12894881 0.99152846 0.00002154
-0.12751090 0.99159117 0.00002154
-0.12607433 0.99166086 0.00002154
-0.12463893 0.99172358 0.00002154
-0.12320502 0.99179326 0.00002154
-0.12177229 0.99186063 0.00002052
-0.12034104 0.99193031 0.00002052
-0.11891096 0.99199768 0.00001829
-0.11748222 0.99206736 0.00001829
-0.11605496 0.99213705 0.00001829
-0.11462888 0.99220906 0.00002052
-0.11320413 0.99227875 0.00002052
-0.11178086 0.99235308 0.00001829
-0.11035892 0.99242509 0.00002052
-0.10893816 0.99249942 0.00001829
-0.10751888 0.99257143 0.00002052
-0.10610108 0.99264111 0.00002052
-0.10468446 0.99271080 0.00002052
-0.10326932 0.99278513 0.00001829
-0.10185551 0.99285482 0.00001829
-0.10044304 0.99292451 0.00001829
-0.09903203 0.99299652 0.00002052
-0.09762236 0.99306620 0.00002052
-0.09621417 0.99314053 0.00001829
-0.09480731 0.99321022 0.00001829
-0.09340178 0.99328455 0.00001738
-0.09199772 0.99335656 0.00001829
-0.09059500 0.99343089 0.00001738
-0.08919376 0.99350290 0.00001829
-0.08779384 0.99357724 0.00001738
-0.08639541 0.99365389 0.00001738
-0.08499845 0.99372590 0.00001829
-0.08360282 0.99380256 0.00001829
-0.08220867 0.99387689 0.00001738
-0.08081600 0.99395354 0.00001738
-0.07942466 0.99403020 0.00001738
-0.07803480 0.99410453 0.00001505
-0.07664641 0.99418118 0.00001505
-0.07525951 0.99425784 0.00001505
-0.07387393 0.99433449 0.00001505
-0.07248984 0.99441115 0.00001505
-0.07110722 0.99448780 0.00001505
-0.06972608 0.99456446 0.00001505
-0.06834642 0.99463879 0.00001432
-0.06696823 0.99471080 0.00001505
-0.06559138 0.99478513 0.00001432
-0.06421615 0.99484785 0.00001432
-0.06284240 0.99491057 0.00001432
-0.06146998 0.99496632 0.00001432
-0.06009919 0.99502439 0.00001505
-0.05872988 0.99508479 0.00001432
-0.05736204 0.99514750 0.00001432
-0.05599568 0.99521022 0.00001432
-0.05463080 0.99527294 0.00001432
-0.05326740 0.99533333 0.00001738
-0.05190548 0.99539605 0.00001738
-0.05054518 0.99546341 0.00001707
-0.04918636 0.99552846 0.00001998
-0.04782902 0.99559814 0.00001998
-0.04647316 0.99568873 0.00001998
-0.04511893 0.99581649 0.00002300
-0.04376617 0.99598142 0.00001998
-0.04241504 0.99615796 0.00002300
-0.04106524 0.99632520 0.00002300
-0.03971706 0.99648780 0.00002052
-0.03837051 0.99664344 0.00001998
-0.03702529 0.99680139 0.00002052
-0.03568185 0.99695470 0.00002052
-0.03433973 0.99711266 0.00001738
-0.03299939 0.99727294 0.00001738
-0.03166038 0.99743554 0.00002052
-0.03032315 0.99761208 0.00002369
-0.02898739 0.99780952 0.00002689
-0.02765326 0.99806039 0.00003134
-0.02632105 0.99836237 0.00003461
-0.02499002 0.99867596 0.00003461
-0.02366047 0.99896632 0.00003134
-0.02233255 0.99921487 0.00002807
-0.02100625 0.99942625 0.00002628
-0.01968143 0.99960046 0.00002154
-0.01835824 0.99974216 0.00001971
-0.01703653 0.99985134 0.00001643
-0.01571644 0.99993264 0.00001314
-0.01439801 0.99998839 0.00001314
-0.01308110 1.00001626 0.00001314
-0.01176578 1.00002323 0.00001314
-0.01045207 1.00000697 0.00000986
-0.00913993 0.99997213 0.00000986
-0.00782941 0.99991638 0.00000986
-0.00652048 0.99983508 0.00001314
-0.00521317 0.99972358 0.00001314
-0.00390746 0.99959117 0.00002300
-0.00260335 0.99938676 0.00002480
-0.00130087 0.99916376 0.00003942
-0.00000000 0.99869919 0.00001829
