# s/c   P_w_mean    P_w_std
0.00000000 0.99997831 0.00002987
0.00130087 0.99958135 0.00002367
0.00260174 0.99917534 0.00001853
0.00390261 0.99876118 0.00001459
0.00520348 0.99833968 0.00001210
0.00650435 0.99791160 0.00001122
0.00780522 0.99747762 0.00001175
0.00910609 0.99703839 0.00001314
0.01040697 0.99659448 0.00001493
0.01170784 0.99614643 0.00001683
0.01300871 0.99569470 0.00001873
0.01430958 0.99523973 0.00002058
0.01561045 0.99478189 0.00002238
0.01691132 0.99432151 0.00002413
0.01821219 0.99385887 0.00002585
0.01951306 0.99339421 0.00002755
0.02081393 0.99292774 0.00002925
0.02211480 0.99245961 0.00003097
0.02341567 0.99198994 0.00003272
0.02470176 0.99151882 0.00003449
0.02600263 0.99104629 0.00003630
0.02730350 0.99057236 0.00003814
0.02860437 0.99009702 0.00004002
0.02990524 0.98962021 0.00004191
0.03120611 0.98914185 0.00004383
0.03250698 0.98866185 0.00004575
0.03380786 0.98818006 0.00004769
0.03510873 0.98769632 0.00004961
0.03640960 0.98721044 0.00005153
0.03771047 0.98672223 0.00005343
0.03901134 0.98623146 0.00005530
0.04029743 0.98573787 0.00005714
0.04159830 0.98524120 0.00005895
0.04289917 0.98474117 0.00006071
0.04420004 0.98423747 0.00006242
0.04550091 0.98372979 0.00006408
0.04680178 0.98321780 0.00006570
0.04810265 0.98270116 0.00006725
0.04940352 0.98217952 0.00006876
0.05068961 0.98165250 0.00007020
0.05199048 0.98111975 0.00007160
0.05329135 0.98058087 0.00007293
0.05459222 0.98003547 0.00007422
0.05589309 0.97948317 0.00007546
0.05719396 0.97892355 0.00007665
0.05849483 0.97835622 0.00007780
0.05978092 0.97778077 0.00007891
0.06108179 0.97719678 0.00007998
0.06238266 0.97660384 0.00008103
0.06368353 0.97600154 0.00008206
0.06498440 0.97538946 0.00008307
0.06628528 0.97476720 0.00008407
0.06757136 0.97413434 0.00008506
0.06887223 0.97349047 0.00008606
0.07017310 0.97283519 0.00008707
0.07147398 0.97216810 0.00008810
0.07277485 0.97148879 0.00008916
0.07407572 0.97079689 0.00009025
0.07536180 0.97009201 0.00009139
0.07666268 0.96937376 0.00009257
0.07796355 0.96864178 0.00009382
0.07926442 0.96789570 0.00009513
0.08056529 0.96713517 0.00009652
0.08185138 0.96635984 0.00009799
0.08315225 0.96556938 0.00009955
0.08445312 0.96476346 0.00010121
0.08575399 0.96394176 0.00010298
0.08704008 0.96310398 0.00010486
0.08834095 0.96224983 0.00010686
0.08964182 0.96137903 0.00010898
0.09094269 0.96049130 0.00011124
0.09224356 0.95958638 0.00011364
0.09352965 0.95866404 0.00011617
0.09483052 0.95772405 0.00011886
0.09613139 0.95676617 0.00012170
0.09743226 0.95579022 0.00012470
0.09871835 0.95479599 0.00012786
0.10001922 0.95378332 0.00013118
0.10132009 0.95275204 0.00013466
0.10260618 0.95170200 0.00013832
0.10390705 0.95063307 0.00014214
0.10520792 0.94954513 0.00014614
0.10650879 0.94843807 0.00015031
0.10779488 0.94731182 0.00015466
0.10909575 0.94616629 0.00015917
0.11039662 0.94500143 0.00016387
0.11169749 0.94381718 0.00016873
0.11298358 0.94261353 0.00017377
0.11428445 0.94139045 0.00017898
0.11558532 0.94014796 0.00018436
0.11687141 0.93888605 0.00018991
0.11817228 0.93760477 0.00019563
0.11947315 0.93630415 0.00020151
0.12075924 0.93498426 0.00020755
0.12206011 0.93364516 0.00021374
0.12336098 0.93228695 0.00022010
0.12466185 0.93090972 0.00022660
0.12594794 0.92951358 0.00023325
0.12724881 0.92809867 0.00024005
0.12854968 0.92666512 0.00024698
0.12983577 0.92518194 0.00025403
0.13113664 0.92363446 0.00026560
0.13243751 0.92208058 0.00027618
0.13372359 0.92051698 0.00028542
0.13502447 0.91893888 0.00029337
0.13632534 0.91734938 0.00030105
0.13761142 0.91575076 0.00030829
0.13891229 0.91414165 0.00031589
0.14019838 0.91250555 0.00032418
0.14149925 0.91081378 0.00033126
0.14280012 0.90905608 0.00033576
0.14408621 0.90726014 0.00034060
0.14538708 0.90547831 0.00035267
0.14668795 0.90374002 0.00036861
0.14797404 0.90204260 0.00038227
0.14927491 0.90036996 0.00039359
0.15056100 0.89869346 0.00040149
0.15186187 0.89699592 0.00040591
0.15316274 0.89529085 0.00041008
0.15444883 0.89359873 0.00041674
0.15574970 0.89191512 0.00042325
0.15703579 0.89021942 0.00042713
0.15833666 0.88851845 0.00042981
0.15963753 0.88683544 0.00043374
0.16092362 0.88517601 0.00044083
0.16222449 0.88348770 0.00044580
0.16351058 0.88169735 0.00044084
0.16481145 0.87981283 0.00043079
0.16611232 0.87789007 0.00042737
0.16739841 0.87597480 0.00043650
0.16869928 0.87408773 0.00045294
0.16998537 0.87222791 0.00047042
0.17128624 0.87039101 0.00048702
0.17257232 0.86857169 0.00050147
0.17387319 0.86676491 0.00051377
0.17517407 0.86496565 0.00052403
0.17646015 0.86316894 0.00053259
0.17776102 0.86137048 0.00053972
0.17904711 0.85956784 0.00054613
0.18034798 0.85775792 0.00055197
0.18163407 0.85593753 0.00055761
0.18293494 0.85409761 0.00056260
0.18422103 0.85222091 0.00056490
0.18552190 0.85029801 0.00056258
0.18680799 0.84833978 0.00055751
0.18810886 0.84638382 0.00055863
0.18939495 0.84446511 0.00056982
0.19069582 0.84257931 0.00058627
0.19199669 0.84066774 0.00059886
0.19328278 0.83864870 0.00059539
0.19458365 0.83652546 0.00058083
0.19586974 0.83435385 0.00057154
0.19717061 0.83216337 0.00057450
0.19845669 0.82996357 0.00058606
0.19975757 0.82774023 0.00059760
0.20104365 0.82549270 0.00060780
0.20234452 0.82324966 0.00062237
0.20363061 0.82103180 0.00064290
0.20493148 0.81885100 0.00066820
0.20621757 0.81666515 0.00069182
0.20750366 0.81438508 0.00070175
0.20880453 0.81199469 0.00069942
0.21009062 0.80953412 0.00069597
0.21139149 0.80704713 0.00070240
0.21267758 0.80455831 0.00071922
0.21397845 0.80205500 0.00073892
0.21526454 0.79951602 0.00075789
0.21656541 0.79692900 0.00077425
0.21785149 0.79429096 0.00078830
0.21915236 0.79160715 0.00080154
0.22043845 0.78888782 0.00081546
0.22173932 0.78614730 0.00083193
0.22302541 0.78339508 0.00085141
0.22432628 0.78063349 0.00087355
0.22561237 0.77784943 0.00089630
0.22689846 0.77501633 0.00091453
0.22819933 0.77212787 0.00092741
0.22948542 0.76919788 0.00093816
0.23078629 0.76624459 0.00095020
0.23207238 0.76328349 0.00096661
0.23337325 0.76032407 0.00098841
0.23465933 0.75737419 0.00101426
0.23594542 0.75444376 0.00104255
0.23724629 0.75154189 0.00107244
0.23853238 0.74866743 0.00110216
0.23983325 0.74580990 0.00113030
0.24111934 0.74295392 0.00115622
0.24240543 0.74008704 0.00117957
0.24370630 0.73720838 0.00120071
0.24499239 0.73432866 0.00122018
0.24629326 0.73146194 0.00123880
0.24757935 0.72862047 0.00125810
0.24886543 0.72581420 0.00127969
0.25016630 0.72304362 0.00130382
0.25145239 0.72030350 0.00132902
0.25275326 0.71758888 0.00135313
0.25403935 0.71489463 0.00137361
0.25532544 0.71222144 0.00138992
0.25662631 0.70957212 0.00140273
0.25791240 0.70695266 0.00141360
0.25919849 0.70437599 0.00142630
0.26049936 0.70185318 0.00144371
0.26178545 0.69938772 0.00146524
0.26307153 0.69697332 0.00148872
0.26437240 0.69460033 0.00151199
0.26565849 0.69224987 0.00153063
0.26695936 0.68989230 0.00154097
0.26824545 0.68751757 0.00154231
0.26953154 0.68513779 0.00154052
0.27083241 0.68278581 0.00154562
0.27211850 0.68051112 0.00156117
0.27340459 0.67833528 0.00158619
0.27470546 0.67624442 0.00161437
0.27599154 0.67419974 0.00163519
0.27727763 0.67216358 0.00164504
0.27857850 0.67013504 0.00164538
0.27986459 0.66812936 0.00164224
0.28115068 0.66616692 0.00164723
0.28243677 0.66426012 0.00166237
0.28373764 0.66241594 0.00168011
0.28502373 0.66065434 0.00169843
0.28630981 0.65896343 0.00171306
0.28761068 0.65731520 0.00171734
0.28889677 0.65567865 0.00171243
0.29018286 0.65406179 0.00170717
0.29148373 0.65252736 0.00171033
0.29276982 0.65110509 0.00172161
0.29405591 0.64978799 0.00173627
0.29534200 0.64854904 0.00174839
0.29664287 0.64735066 0.00175230
0.29792895 0.64617377 0.00174820
0.29921504 0.64502856 0.00173948
0.30051591 0.64394171 0.00173051
0.30180200 0.64294446 0.00172595
0.30308809 0.64204902 0.00172547
0.30437418 0.64124323 0.00172506
0.30567505 0.64049945 0.00172051
0.30696114 0.63978233 0.00170978
0.30824722 0.63907002 0.00169363
0.30953331 0.63836175 0.00167452
0.31083418 0.63767544 0.00165399
0.31212027 0.63704196 0.00163483
0.31340636 0.63648604 0.00162144
0.31469245 0.63601061 0.00161410
0.31599332 0.63560523 0.00161146
0.31727941 0.63526761 0.00161215
0.31856549 0.63500262 0.00161432
0.31985158 0.63479788 0.00161487
0.32115245 0.63462586 0.00161158
0.32243854 0.63445548 0.00160333
0.32372463 0.63425601 0.00158623
0.32501072 0.63401702 0.00156018
0.32629681 0.63374732 0.00152884
0.32759768 0.63346271 0.00149697
0.32888376 0.63318338 0.00147077
0.33016985 0.63292825 0.00145399
0.33145594 0.63270517 0.00144549
0.33275681 0.63251292 0.00144270
0.33404290 0.63234134 0.00144069
0.33532899 0.63217429 0.00143325
0.33661508 0.63200734 0.00142005
0.33790116 0.63184715 0.00140392
0.33918725 0.63170065 0.00138862
0.34048812 0.63156523 0.00137605
0.34177421 0.63143151 0.00136642
0.34306030 0.63128631 0.00135864
0.34434639 0.63111593 0.00135109
0.34563247 0.63090931 0.00134179
0.34693335 0.63066075 0.00132627
0.34821943 0.63038414 0.00130519
0.34950552 0.63010450 0.00128180
0.35079161 0.62984183 0.00125890
0.35207770 0.62960895 0.00124197
0.35336379 0.62941094 0.00123293
0.35466466 0.62923866 0.00122940
0.35595074 0.62906799 0.00122777
0.35723683 0.62887111 0.00122340
0.35852292 0.62863234 0.00121348
0.35980901 0.62835823 0.00119927
0.36109510 0.62806360 0.00118315
0.36238118 0.62775182 0.00116538
0.36368206 0.62742593 0.00114705
0.36496814 0.62710116 0.00113208
0.36625423 0.62679518 0.00112325
0.36754032 0.62651818 0.00112051
0.36882641 0.62626303 0.00112047
0.37011250 0.62600365 0.00111651
0.37139858 0.62571299 0.00110322
0.37269945 0.62538977 0.00108071
0.37398554 0.62505575 0.00105485
0.37527163 0.62472774 0.00103014
0.37655772 0.62441207 0.00100947
0.37784381 0.62410909 0.00099715
0.37912989 0.62380425 0.00099272
0.38041598 0.62348086 0.00099366
0.38170207 0.62314056 0.00099874
0.38298816 0.62280176 0.00100625
0.38428903 0.62248179 0.00101529
0.38557512 0.62217828 0.00102201
0.38686121 0.62187879 0.00102225
0.38814729 0.62157545 0.00101694
0.38943338 0.62126015 0.00100716
0.39071947 0.62092411 0.00099323
0.39200556 0.62056538 0.00097707
0.39329165 0.62018845 0.00096047
0.39457773 0.61979704 0.00094465
0.39586382 0.61938729 0.00092921
0.39714991 0.61895346 0.00091427
0.39843600 0.61849236 0.00089914
0.39973687 0.61802094 0.00088518
0.40102296 0.61758179 0.00087880
0.40230905 0.61721402 0.00088457
0.40359513 0.61691739 0.00089896
0.40488122 0.61664588 0.00090841
0.40616731 0.61635994 0.00090661
0.40745340 0.61604854 0.00089840
0.40873949 0.61571992 0.00088998
0.41002557 0.61540294 0.00088827
0.41131166 0.61512039 0.00089648
0.41259775 0.61486290 0.00091100
0.41388384 0.61460015 0.00092493
0.41516993 0.61431617 0.00093650
0.41645601 0.61400893 0.00094501
0.41774210 0.61364638 0.00094233
0.41902819 0.61318414 0.00092283
0.42031428 0.61259848 0.00088635
0.42160037 0.61193314 0.00084258
0.42288645 0.61128560 0.00081220
0.42417254 0.61069713 0.00080239
0.42545863 0.61015348 0.00080561
0.42674472 0.60963154 0.00081317
0.42803081 0.60911744 0.00082115
0.42931690 0.60860624 0.00082951
0.43060298 0.60808639 0.00083567
0.43188907 0.60754472 0.00083615
0.43317516 0.60697610 0.00083026
0.43446125 0.60638319 0.00081987
0.43574734 0.60576973 0.00080694
0.43703342 0.60513923 0.00079300
0.43831951 0.60449532 0.00077967
0.43960560 0.60384061 0.00076800
0.44089169 0.60317689 0.00075826
0.44217778 0.60250991 0.00075121
0.44346386 0.60185392 0.00074856
0.44474995 0.60122051 0.00075174
0.44603604 0.60060405 0.00075854
0.44732213 0.59996793 0.00075797
0.44860822 0.59925906 0.00073771
0.44989430 0.59844972 0.00069606
0.45118039 0.59757862 0.00064439
0.45246648 0.59674502 0.00060624
0.45375257 0.59598946 0.00058989
0.45503866 0.59529314 0.00058802
0.45632474 0.59465115 0.00059823
0.45761083 0.59406654 0.00061957
0.45889692 0.59356026 0.00065669
0.46018301 0.59313169 0.00070822
0.46146910 0.59273186 0.00075793
0.46275519 0.59230685 0.00079200
0.46404127 0.59180234 0.00080323
0.46532736 0.59122143 0.00079635
0.46661345 0.59064771 0.00079119
0.46789954 0.59012445 0.00079729
0.46917084 0.58963940 0.00081012
0.47045693 0.58915750 0.00081880
0.47174302 0.58864552 0.00081529
0.47302911 0.58810474 0.00080233
0.47431520 0.58755588 0.00078779
0.47560128 0.58702365 0.00077974
0.47688737 0.58652449 0.00078109
0.47817346 0.58606082 0.00079123
0.47945955 0.58562401 0.00080706
0.48074564 0.58519443 0.00082241
0.48203172 0.58475165 0.00083266
0.48331781 0.58427864 0.00083494
0.48460390 0.58377584 0.00082993
0.48587521 0.58326955 0.00082408
0.48716129 0.58278131 0.00082201
0.48844738 0.58231891 0.00082499
0.48973347 0.58188161 0.00083250
0.49101956 0.58146135 0.00084209
0.49230565 0.58104907 0.00085110
0.49359173 0.58063766 0.00085797
0.49487782 0.58022126 0.00086192
0.49616391 0.57979469 0.00086257
0.49743522 0.57935673 0.00086038
0.49872130 0.57890954 0.00085631
0.50000739 0.57845865 0.00085179
0.50129348 0.57801278 0.00084837
0.50257957 0.57758032 0.00084741
0.50386566 0.57716771 0.00084950
0.50515174 0.57677913 0.00085471
0.50643783 0.57641167 0.00086249
0.50770914 0.57605278 0.00087071
0.50899523 0.57569223 0.00087820
0.51028131 0.57532659 0.00088498
0.51156740 0.57496110 0.00089175
0.51285349 0.57461057 0.00090004
0.51413958 0.57428497 0.00091075
0.51542567 0.57398781 0.00092395
0.51669697 0.57371781 0.00093890
0.51798306 0.57346331 0.00095474
0.51926915 0.57320501 0.00097006
0.52055524 0.57292285 0.00098304
0.52184132 0.57260634 0.00099341
0.52312741 0.57225684 0.00100305
0.52439872 0.57189686 0.00101366
0.52568480 0.57156964 0.00102590
0.52697089 0.57130265 0.00103843
0.52825698 0.57109847 0.00105148
0.52954307 0.57093716 0.00106789
0.53082916 0.57077340 0.00108625
0.53210046 0.57057166 0.00110532
0.53338655 0.57032336 0.00112470
0.53467264 0.57005367 0.00114217
0.53595873 0.56980612 0.00115845
0.53724481 0.56959854 0.00117288
0.53853090 0.56942137 0.00118467
0.53980221 0.56924212 0.00119829
0.54108830 0.56902093 0.00121453
0.54237438 0.56874682 0.00123071
0.54366047 0.56843787 0.00124666
0.54494656 0.56812362 0.00126226
0.54621787 0.56782790 0.00127499
0.54750395 0.56756452 0.00128346
0.54879004 0.56732829 0.00129059
0.55007613 0.56708990 0.00129916
0.55134744 0.56682818 0.00130974
0.55263352 0.56653353 0.00132281
0.55391961 0.56621008 0.00133681
0.55520570 0.56588282 0.00134812
0.55649179 0.56557324 0.00135533
0.55776309 0.56528482 0.00135885
0.55904918 0.56500459 0.00136111
0.56033527 0.56470757 0.00136620
0.56162136 0.56437776 0.00137557
0.56289266 0.56401635 0.00138816
0.56417875 0.56363513 0.00140215
0.56546484 0.56325411 0.00141528
0.56675093 0.56288880 0.00142545
0.56803702 0.56254930 0.00143178
0.56930832 0.56224328 0.00143311
0.57059441 0.56197333 0.00142978
0.57188050 0.56173268 0.00142554
0.57316659 0.56150502 0.00142324
0.57443789 0.56127340 0.00142487
0.57572398 0.56102229 0.00143046
0.57701007 0.56073696 0.00143898
0.57829616 0.56040987 0.00144947
0.57956746 0.56004190 0.00146152
0.58085355 0.55964698 0.00147461
0.58213964 0.55925542 0.00148372
0.58341094 0.55889088 0.00148528
0.58469703 0.55856279 0.00147824
0.58598312 0.55827189 0.00146362
0.58726921 0.55800875 0.00144612
0.58854051 0.55775726 0.00143019
0.58982660 0.55750571 0.00141731
0.59111269 0.55724842 0.00140802
0.59239878 0.55699092 0.00139930
0.59367008 0.55674974 0.00138605
0.59495617 0.55653321 0.00136778
0.59624226 0.55633417 0.00134762
0.59751356 0.55613357 0.00133153
0.59879965 0.55591605 0.00132195
0.60008574 0.55567064 0.00131927
0.60137183 0.55539140 0.00132336
0.60264313 0.55508083 0.00133290
0.60392922 0.55475120 0.00134563
0.60521531 0.55442767 0.00135531
0.60648661 0.55413303 0.00135695
0.60777270 0.55388477 0.00134552
0.60905879 0.55368607 0.00132108
0.61033010 0.55351800 0.00129229
0.61161618 0.55335630 0.00126575
0.61290227 0.55318240 0.00124416
0.61417358 0.55298738 0.00122785
0.61545967 0.55277279 0.00121520
0.61674575 0.55254537 0.00120485
0.61801706 0.55231079 0.00119620
0.61930315 0.55207172 0.00118968
0.62058924 0.55183168 0.00118500
0.62187532 0.55159267 0.00118132
0.62314663 0.55134903 0.00118000
0.62443272 0.55109245 0.00118235
0.62571880 0.55081682 0.00118877
0.62699011 0.55052370 0.00119756
0.62827620 0.55022958 0.00120301
0.62954750 0.54995902 0.00119892
0.63083359 0.54972808 0.00118128
0.63211968 0.54954031 0.00115072
0.63339099 0.54939469 0.00110934
0.63467707 0.54928585 0.00106014
0.63596316 0.54920032 0.00100963
0.63723447 0.54912435 0.00096192
0.63852056 0.54904410 0.00091967
0.63980664 0.54894288 0.00088661
0.64107795 0.54880894 0.00086400
0.64236404 0.54863854 0.00085185
0.64365012 0.54843560 0.00084847
0.64492143 0.54820878 0.00085004
0.64620752 0.54796411 0.00085575
0.64749361 0.54770550 0.00086522
0.64876491 0.54743789 0.00087697
0.65005100 0.54716625 0.00088995
0.65132231 0.54689584 0.00090269
0.65260839 0.54663253 0.00091332
0.65389448 0.54638233 0.00091997
0.65516579 0.54615097 0.00092076
0.65645188 0.54594437 0.00091343
0.65772318 0.54576312 0.00089916
0.65900927 0.54560496 0.00088009
0.66029536 0.54546668 0.00085829
0.66156666 0.54534842 0.00083459
0.66285275 0.54525706 0.00080660
0.66413884 0.54519759 0.00077304
0.66541014 0.54516742 0.00073601
0.66669623 0.54515231 0.00070186
0.66796754 0.54513616 0.00067631
0.66925363 0.54510845 0.00066152
0.67053971 0.54506226 0.00065762
0.67181102 0.54499591 0.00066260
0.67309711 0.54491113 0.00067412
0.67436841 0.54481874 0.00068839
0.67565450 0.54474202 0.00069854
0.67692581 0.54469811 0.00070069
0.67821189 0.54469048 0.00069502
0.67949798 0.54471896 0.00068253
0.68076929 0.54478439 0.00066426
0.68205538 0.54488749 0.00064150
0.68332668 0.54502636 0.00061704
0.68461277 0.54518812 0.00059589
0.68589886 0.54534895 0.00058198
0.68717016 0.54548965 0.00057534
0.68845625 0.54560727 0.00057435
0.68972756 0.54571206 0.00057706
0.69101364 0.54581360 0.00058159
0.69228495 0.54591624 0.00058687
0.69357104 0.54602361 0.00059253
0.69484234 0.54613742 0.00059856
0.69612843 0.54625436 0.00060476
0.69741452 0.54636838 0.00061125
0.69868582 0.54647158 0.00061789
0.69997191 0.54656006 0.00062460
0.70124322 0.54663721 0.00063205
0.70252931 0.54671206 0.00064095
0.70380061 0.54679275 0.00065094
0.70508670 0.54687840 0.00066078
0.70635801 0.54696721 0.00066976
0.70764409 0.54706123 0.00067817
0.70893018 0.54716492 0.00068655
0.71020149 0.54728195 0.00069494
0.71148758 0.54741577 0.00070387
0.71275888 0.54756802 0.00071367
0.71404497 0.54773020 0.00072299
0.71531627 0.54788898 0.00073014
0.71660236 0.54803037 0.00073371
0.71787367 0.54814826 0.00073450
0.71915976 0.54824970 0.00073546
0.72043106 0.54834376 0.00073853
0.72171715 0.54843494 0.00074396
0.72298845 0.54852440 0.00075112
0.72427454 0.54861073 0.00075907
0.72554585 0.54869254 0.00076689
0.72683194 0.54877219 0.00077396
0.72810324 0.54885669 0.00078105
0.72938933 0.54895432 0.00078948
0.73066064 0.54906892 0.00079979
0.73194672 0.54919726 0.00081079
0.73321803 0.54932971 0.00081942
0.73450412 0.54945834 0.00082486
0.73577542 0.54957986 0.00082747
0.73706151 0.54969374 0.00082796
0.73833282 0.54980140 0.00082767
0.73961890 0.54990390 0.00082726
0.74089021 0.55000248 0.00082742
0.74217630 0.55009826 0.00082864
0.74344760 0.55019251 0.00083132
0.74473369 0.55028710 0.00083611
0.74600500 0.55038259 0.00084315
0.74729108 0.55047824 0.00085215
0.74856239 0.55057231 0.00086255
0.74984848 0.55066210 0.00087342
0.75111978 0.55074528 0.00088408
0.75240587 0.55082016 0.00089405
0.75367718 0.55088582 0.00090301
0.75496327 0.55094185 0.00091095
0.75623457 0.55098849 0.00091794
0.75752066 0.55102625 0.00092412
0.75879196 0.55105577 0.00092972
0.76007805 0.55107789 0.00093497
0.76134936 0.55109332 0.00094010
0.76263545 0.55110248 0.00094527
0.76390675 0.55110524 0.00095056
0.76517806 0.55110076 0.00095594
0.76646414 0.55108715 0.00096120
0.76773545 0.55106132 0.00096602
0.76902154 0.55102022 0.00097032
0.77029284 0.55096336 0.00097456
0.77157893 0.55089427 0.00098000
0.77285024 0.55081966 0.00098774
0.77413633 0.55074612 0.00099779
0.77540763 0.55067835 0.00100964
0.77669372 0.55062042 0.00102262
0.77796502 0.55057565 0.00103622
0.77923633 0.55054654 0.00105000
0.78052242 0.55053393 0.00106340
0.78179372 0.55053664 0.00107599
0.78307981 0.55055218 0.00108736
0.78435112 0.55057594 0.00109718
0.78563720 0.55060375 0.00110525
0.78690851 0.55063321 0.00111177
0.78817982 0.55066299 0.00111711
0.78946590 0.55069217 0.00112164
0.79073721 0.55071969 0.00112574
0.79202330 0.55074475 0.00112974
0.79329460 0.55076691 0.00113401
0.79458069 0.55078666 0.00113884
0.79585200 0.55080540 0.00114434
0.79712330 0.55082533 0.00115070
0.79840939 0.55084954 0.00115779
0.79968070 0.55088077 0.00116520
0.80096678 0.55092172 0.00117280
0.80223809 0.55097433 0.00118040
0.80350939 0.55103890 0.00118786
0.80479548 0.55111347 0.00119479
0.80606679 0.55119311 0.00120015
0.80735288 0.55127479 0.00120359
0.80862418 0.55135754 0.00120518
0.80989549 0.55144036 0.00120502
0.81118157 0.55152273 0.00120356
0.81245288 0.55160289 0.00120109
0.81373897 0.55167830 0.00119779
0.81501027 0.55174801 0.00119398
0.81628158 0.55181364 0.00119027
0.81756767 0.55187829 0.00118721
0.81883897 0.55194506 0.00118491
0.82012506 0.55201642 0.00118325
0.82139637 0.55209580 0.00118229
0.82266767 0.55218776 0.00118253
0.82395376 0.55229552 0.00118439
0.82522507 0.55241744 0.00118755
0.82651115 0.55254683 0.00119110
0.82778246 0.55267643 0.00119409
0.82905376 0.55280155 0.00119578
0.83033985 0.55292149 0.00119611
0.83161116 0.55303716 0.00119518
0.83288246 0.55314973 0.00119298
0.83416855 0.55326110 0.00118971
0.83543986 0.55337350 0.00118552
0.83672594 0.55348962 0.00118063
0.83799725 0.55361216 0.00117515
0.83926856 0.55374362 0.00116909
0.84055464 0.55388640 0.00116245
0.84182595 0.55404276 0.00115519
0.84309725 0.55421470 0.00114737
0.84438334 0.55440358 0.00113909
0.84565465 0.55460904 0.00113056
0.84692595 0.55482827 0.00112212
0.84821204 0.55505566 0.00111400
0.84948335 0.55528239 0.00110601
0.85076944 0.55550036 0.00109795
0.85204074 0.55570585 0.00108976
0.85331205 0.55590125 0.00108157
0.85459813 0.55609448 0.00107412
0.85586944 0.55629096 0.00106710
0.85714075 0.55649427 0.00106015
0.85842683 0.55670819 0.00105332
0.85969814 0.55693532 0.00104657
0.86096944 0.55717680 0.00103998
0.86225553 0.55743199 0.00103369
0.86352684 0.55769673 0.00102742
0.86479814 0.55796035 0.00101955
0.86608423 0.55821234 0.00100874
0.86735554 0.55844591 0.00099428
0.86862684 0.55865860 0.00097681
0.86991293 0.55885326 0.00095861
0.87118424 0.55903475 0.00094171
0.87245554 0.55920867 0.00092736
0.87374163 0.55938204 0.00091598
0.87501293 0.55956217 0.00090694
0.87628424 0.55975581 0.00089921
0.87757033 0.55996913 0.00089197
0.87884163 0.56020647 0.00088444
0.88011294 0.56047015 0.00087641
0.88138424 0.56076000 0.00086825
0.88267033 0.56107412 0.00086066
0.88394164 0.56140942 0.00085447
0.88521294 0.56176176 0.00085029
0.88649903 0.56212704 0.00084827
0.88777034 0.56249985 0.00084770
0.88904164 0.56287465 0.00084706
0.89032773 0.56324753 0.00084527
0.89159904 0.56361626 0.00084229
0.89287034 0.56397866 0.00083835
0.89415643 0.56433150 0.00083339
0.89542774 0.56467236 0.00082736
0.89669904 0.56500080 0.00082053
0.89797035 0.56531812 0.00081323
0.89925643 0.56562650 0.00080586
0.90052774 0.56592877 0.00079889
0.90179905 0.56622750 0.00079232
0.90308513 0.56652515 0.00078646
0.90435644 0.56682450 0.00078177
0.90562774 0.56712845 0.00077881
0.90691383 0.56743959 0.00077817
0.90818514 0.56776024 0.00078056
0.90945644 0.56809141 0.00078629
0.91072775 0.56843272 0.00079541
0.91201384 0.56878199 0.00080726
0.91328514 0.56913369 0.00081949
0.91455645 0.56948279 0.00083079
0.91582775 0.56982462 0.00083979
0.91711384 0.57015386 0.00084484
0.91838515 0.57046576 0.00084473
0.91965645 0.57075694 0.00083867
0.92094254 0.57102554 0.00082626
0.92221385 0.57127254 0.00080781
0.92348515 0.57150533 0.00078642
0.92475646 0.57173236 0.00076520
0.92604254 0.57196048 0.00074646
0.92731385 0.57219392 0.00073139
0.92858516 0.57243331 0.00071943
0.92985646 0.57267845 0.00070984
0.93114255 0.57292909 0.00070194
0.93241385 0.57318537 0.00069538
0.93368516 0.57344632 0.00068916
0.93495647 0.57370959 0.00068162
0.93624255 0.57397236 0.00067101
0.93751386 0.57423091 0.00065587
0.93878516 0.57448030 0.00063538
0.94005647 0.57471376 0.00060804
0.94134256 0.57492783 0.00057411
0.94261386 0.57512721 0.00053724
0.94388517 0.57531966 0.00050136
0.94515647 0.57551139 0.00046872
0.94644256 0.57570620 0.00043991
0.94771387 0.57590728 0.00041536
0.94898517 0.57611788 0.00039522
0.95025648 0.57634064 0.00037932
0.95154257 0.57657832 0.00036776
0.95281387 0.57683298 0.00036075
0.95408518 0.57710597 0.00035904
0.95535648 0.57739489 0.00036267
0.95664257 0.57769005 0.00036875
0.95791388 0.57797831 0.00037253
0.95918518 0.57824796 0.00036963
0.96045649 0.57849419 0.00035862
0.96174258 0.57872026 0.00034167
0.96301388 0.57893242 0.00032192
0.96428519 0.57913623 0.00030149
0.96555649 0.57933601 0.00028202
0.96682780 0.57953652 0.00026520
0.96811389 0.57974271 0.00025195
0.96938519 0.57995838 0.00024223
0.97065650 0.58018579 0.00023533
0.97192780 0.58042579 0.00023069
0.97321389 0.58067791 0.00022815
0.97448520 0.58094100 0.00022813
0.97575650 0.58121285 0.00023135
0.97702781 0.58148920 0.00023741
0.97829911 0.58176565 0.00024544
0.97958520 0.58203761 0.00025410
0.98085651 0.58230160 0.00026185
0.98212781 0.58255631 0.00026794
0.98339912 0.58280193 0.00027222
0.98468520 0.58304047 0.00027529
0.98595651 0.58327390 0.00027771
0.98722781 0.58350429 0.00028007
0.98849912 0.58373410 0.00028317
0.98977043 0.58396572 0.00028784
0.99105651 0.58420119 0.00029484
0.99232782 0.58444151 0.00030442
0.99359912 0.58468708 0.00031657
0.99487043 0.58493811 0.00033122
0.99614174 0.58519560 0.00034887
0.99742782 0.58546127 0.00037063
0.99869913 0.58573662 0.00039756
0.99997043 0.58602171 0.00042989
1.00124174 0.58631426 0.00046637
1.00251305 0.58661167 0.00050557
1.00378435 0.58691161 0.00054627
1.00507044 0.58721221 0.00058753
1.00634174 0.58751280 0.00062912
1.00761305 0.58781315 0.00067101
1.00888436 0.58811305 0.00071314
1.01015566 0.58841222 0.00075534
1.01144175 0.58871037 0.00079744
1.01271305 0.58900693 0.00083907
1.01398436 0.58930130 0.00087980
1.01525567 0.58959276 0.00091918
1.01652697 0.58988036 0.00095660
1.01779828 0.59016297 0.00099130
1.01908436 0.59043962 0.00102263
1.02035567 0.59071029 0.00105061
1.02162698 0.59097670 0.00107638
1.02289828 0.59124221 0.00110217
1.02416959 0.59151071 0.00113050
1.02545567 0.59178531 0.00116335
1.02672698 0.59206712 0.00120136
1.02799829 0.59235514 0.00124381
1.02926959 0.59264738 0.00128934
1.03054090 0.59294193 0.00133668
1.03181220 0.59323701 0.00138473
1.03309829 0.59353038 0.00143200
1.03436960 0.59381972 0.00147708
1.03564090 0.59410275 0.00151855
1.03691221 0.59437803 0.00155549
1.03818351 0.59464594 0.00158821
1.03945482 0.59490692 0.00161701
1.04072612 0.59516137 0.00164208
1.04201221 0.59540984 0.00166373
1.04328352 0.59565264 0.00168210
1.04455482 0.59589028 0.00169744
1.04582613 0.59612391 0.00171051
1.04709743 0.59635539 0.00172252
1.04836874 0.59658670 0.00173482
1.04965483 0.59681934 0.00174844
1.05092613 0.59705421 0.00176404
1.05219744 0.59729136 0.00178170
1.05346874 0.59752951 0.00180063
1.05474005 0.59776644 0.00181944
1.05601135 0.59799948 0.00183642
1.05728266 0.59822508 0.00184929
1.05856875 0.59843981 0.00185590
1.05984005 0.59864048 0.00185422
1.06111136 0.59882562 0.00184332
1.06238266 0.59899735 0.00182463
1.06365397 0.59915755 0.00179934
1.06492527 0.59930751 0.00176820
1.06619658 0.59944862 0.00173209
1.06746788 0.59958251 0.00169206
1.06875397 0.59971218 0.00165009
1.07002528 0.59984114 0.00160854
1.07129658 0.59997287 0.00156974
1.07256789 0.60011023 0.00153559
1.07383919 0.60025549 0.00150757
1.07511050 0.60041028 0.00148671
1.07638181 0.60057524 0.00147336
1.07766789 0.60074817 0.00146584
1.07893920 0.60092277 0.00145982
1.08021050 0.60109071 0.00144972
1.08148181 0.60124628 0.00143183
1.08275312 0.60138927 0.00140629
1.08402442 0.60152269 0.00137526
1.08529573 0.60164996 0.00134111
1.08656703 0.60177255 0.00130479
1.08783834 0.60189125 0.00126676
1.08912443 0.60200728 0.00122773
1.09039573 0.60212161 0.00118831
1.09166704 0.60223518 0.00114905
1.09293834 0.60234853 0.00111031
1.09420965 0.60246208 0.00107232
1.09548095 0.60257609 0.00103524
1.09675226 0.60269107 0.00099940
1.09802356 0.60280768 0.00096519
1.09930965 0.60292645 0.00093296
1.10058096 0.60304781 0.00090295
1.10185226 0.60317189 0.00087514
1.10312357 0.60329857 0.00084944
1.10439487 0.60342790 0.00082583
1.10566618 0.60355993 0.00080433
1.10693748 0.60369465 0.00078492
1.10820879 0.60383195 0.00076754
1.10948010 0.60397148 0.00075199
1.11075140 0.60411263 0.00073789
1.11203749 0.60425452 0.00072469
1.11330879 0.60439617 0.00071179
1.11458010 0.60453656 0.00069853
1.11585141 0.60467474 0.00068429
1.11712271 0.60480964 0.00066835
1.11839402 0.60494068 0.00065026
1.11966532 0.60506898 0.00063063
1.12093663 0.60519798 0.00061158
1.12220793 0.60533469 0.00059739
1.12347924 0.60548825 0.00059340
1.12475054 0.60566466 0.00060298
1.12603663 0.60586277 0.00062525
1.12730794 0.60607533 0.00065582
1.12857924 0.60629322 0.00068940
1.12985055 0.60650678 0.00072092
1.13112185 0.60670661 0.00074545
1.13239316 0.60688235 0.00075716
1.13366446 0.60702338 0.00074978
1.13493577 0.60712340 0.00071907
1.13620707 0.60717793 0.00066132
1.13747838 0.60718792 0.00058368
1.13874969 0.60716415 0.00050149
1.14002099 0.60713092 0.00043946
1.14130708 0.60711123 0.00040957
1.14257838 0.60711434 0.00040381
1.14384969 0.60714705 0.00041279
1.14512100 0.60721302 0.00042594
1.14639230 0.60730750 0.00043428
1.14766361 0.60741655 0.00043451
1.14893491 0.60753527 0.00042627
1.15020622 0.60767230 0.00041307
1.15147752 0.60783909 0.00040134
1.15274883 0.60804110 0.00039123
1.15402013 0.60828793 0.00039045
1.15529144 0.60851531 0.00039793
1.15656274 0.60872634 0.00040892
1.15783405 0.60894118 0.00042372
1.15912014 0.60915952 0.00044246
1.16039144 0.60938101 0.00046512
1.16166275 0.60960529 0.00049154
1.16293405 0.60983197 0.00052144
1.16420536 0.61006066 0.00055446
1.16547667 0.61029093 0.00059021
1.16674797 0.61052234 0.00062827
1.16801928 0.61075445 0.00066821
1.16929058 0.61098676 0.00070961
1.17056189 0.61121881 0.00075206
1.17183319 0.61145010 0.00079515
1.17310450 0.61168010 0.00083848
1.17437580 0.61190830 0.00088168
1.17564711 0.61213417 0.00092438
1.17691841 0.61235717 0.00096620
1.17818972 0.61257675 0.00100680
1.17946103 0.61279236 0.00104584
1.18074711 0.61300344 0.00108297
1.18201842 0.61320944 0.00111787
1.18328972 0.61340979 0.00115023
1.18456103 0.61360395 0.00117972
1.18583234 0.61379135 0.00120605
1.18710364 0.61397145 0.00122893
1.18837495 0.61414371 0.00124809
1.18964625 0.61430759 0.00126325
1.19091756 0.61446258 0.00127417
1.19218886 0.61460815 0.00128062
1.19346017 0.61474382 0.00128239
1.19473147 0.61486912 0.00127928
1.19600278 0.61498357 0.00127113
1.19727408 0.61508676 0.00125783
1.19854539 0.61517825 0.00123926
1.19981670 0.61525768 0.00121539
1.20108800 0.61532469 0.00118622
1.20235931 0.61537894 0.00115183
1.20363061 0.61542015 0.00111239
1.20490192 0.61544807 0.00106816
1.20617322 0.61546248 0.00101959
1.20744453 0.61546321 0.00096731
1.20873062 0.61545014 0.00091223
1.21000192 0.61542319 0.00085566
1.21127323 0.61538232 0.00079946
1.21254453 0.61532757 0.00074622
1.21381584 0.61525901 0.00069946
1.21508714 0.61517681 0.00066370
1.21635845 0.61508115 0.00064414
1.21762975 0.61497232 0.00064561
1.21890106 0.61485065 0.00067124
1.22017237 0.61471657 0.00072137
1.22144367 0.61457057 0.00079394
1.22271498 0.61441322 0.00088554
1.22398628 0.61424518 0.00099261
1.22525759 0.61406719 0.00111197
1.22652889 0.61388010 0.00124095
1.22780020 0.61368482 0.00137739
1.22907150 0.61348239 0.00151946
1.23034281 0.61327393 0.00166558
1.23161411 0.61306069 0.00181432
1.23288542 0.61284400 0.00196438
1.23415673 0.61262534 0.00211445
1.23542803 0.61240627 0.00226330
1.23669934 0.61218850 0.00240964
1.23797064 0.61197384 0.00255217
1.23924195 0.61176427 0.00268956
1.24051325 0.61156186 0.00282042
1.24178456 0.61136885 0.00294330
1.24305586 0.61118761 0.00305672
1.24432717 0.61102067 0.00315908
1.24559847 0.61087069 0.00324877
1.24686978 0.61074050 0.00332407
1.24814109 0.61063311 0.00338321
1.24941239 0.61055165 0.00342436
1.25068370 0.61049948 0.00344563
1.25195500 0.61048007 0.00344507
1.25322631 0.61049714 0.00342073
1.25449761 0.61055453 0.00337064
1.25576892 0.61065632 0.00329288
1.25704022 0.61080676 0.00318568
1.25831153 0.61101031 0.00304751
1.25958283 0.61127163 0.00287737
1.26085414 0.61159559 0.00267518
1.26212545 0.61198728 0.00244266
1.26339675 0.61245202 0.00218510
1.26466806 0.61299534 0.00191504
1.26593936 0.61362301 0.00166028
1.26721067 0.61434105 0.00147757
1.26848197 0.61515569 0.00145688
1.26975328 0.61607344 0.00166998
1.27102458 0.61710106 0.00210754
1.27229589 0.61824555 0.00271889
1.27356719 0.61951421 0.00346565
1.27483850 0.62091458 0.00432822
1.27610981 0.62245449 0.00529838
1.27738111 0.62414206 0.00637383
1.27865242 0.62598569 0.00755547
1.27992372 0.62799408 0.00884596
1.28119503 0.63017623 0.01024903
-0.96316762 0.62391571 0.00774315
-0.96189631 0.62152927 0.00793990
-0.96062353 0.62080090 0.00758940
-0.95934927 0.62020181 0.00750084
-0.95807353 0.61944542 0.00726506
-0.95679779 0.61809831 0.00673613
-0.95551909 0.61563254 0.00548145
-0.95423744 0.61041040 0.00226403
-0.95295431 0.59617582 0.00508350
-0.95167118 0.57736994 0.00926811
-0.95038804 0.57578282 0.00850410
-0.94910048 0.59321424 0.00643435
-0.94781143 0.61046169 0.00535109
-0.94651943 0.62095525 0.00464924
-0.94522743 0.62791729 0.00419709
-0.94393247 0.63304271 0.00376694
-0.94263604 0.63766734 0.00343565
-0.94133960 0.64210847 0.00315216
-0.94004021 0.64648113 0.00290613
-0.93873934 0.65066260 0.00270648
-0.93743699 0.65457944 0.00253800
-0.93613316 0.65824000 0.00239085
-0.93482786 0.66168723 0.00226101
-0.93351959 0.66494689 0.00214447
-0.93221133 0.66804497 0.00203953
-0.93090011 0.67100339 0.00194410
-0.92958890 0.67383955 0.00185734
-0.92827472 0.67656814 0.00177746
-0.92695907 0.67920226 0.00170451
-0.92564341 0.68175141 0.00163520
-0.92432480 0.68422599 0.00157538
-0.92300472 0.68663277 0.00151600
-0.92168315 0.68897853 0.00146230
-0.92036010 0.69126328 0.00141252
-0.91903410 0.69349379 0.00136415
-0.91770810 0.69567232 0.00131738
-0.91638062 0.69778757 0.00127427
-0.91505167 0.69983277 0.00123346
-0.91371975 0.70182147 0.00119076
-0.91238784 0.70378079 0.00115147
-0.91105297 0.70571525 0.00111324
-0.90971810 0.70762938 0.00108070
-0.90838027 0.70952542 0.00104369
-0.90704096 0.71140113 0.00101235
-0.90570166 0.71325650 0.00098677
-0.90435940 0.71509831 0.00095948
-0.90301565 0.71691751 0.00093197
-0.90167044 0.71872542 0.00090515
-0.90032374 0.72051751 0.00088147
-0.89897556 0.72229379 0.00085775
-0.89762591 0.72405650 0.00083743
-0.89627478 0.72581017 0.00081463
-0.89492217 0.72754802 0.00079744
-0.89356808 0.72927910 0.00077783
-0.89221251 0.73099435 0.00075838
-0.89085547 0.73270508 0.00073914
-0.88949695 0.73440452 0.00072290
-0.88813547 0.73609266 0.00070674
-0.88677399 0.73777627 0.00069360
-0.88541103 0.73944859 0.00067806
-0.88404659 0.74111412 0.00066506
-0.88267920 0.74277062 0.00064708
-0.88131181 0.74442260 0.00063440
-0.87994294 0.74606780 0.00062188
-0.87857259 0.74770621 0.00060952
-0.87719928 0.74933785 0.00059734
-0.87582598 0.75096271 0.00058533
-0.87445120 0.75258531 0.00057587
-0.87307345 0.75419887 0.00056729
-0.87169571 0.75581243 0.00055506
-0.87031650 0.75741469 0.00054604
-0.86893580 0.75901469 0.00053407
-0.86755215 0.76061017 0.00052535
-0.86616849 0.76220339 0.00051893
-0.86478336 0.76378983 0.00050737
-0.86339675 0.76537175 0.00049913
-0.86200866 0.76695141 0.00049308
-0.86061762 0.76852655 0.00048519
-0.85922657 0.77009944 0.00047941
-0.85783405 0.77167006 0.00047057
-0.85644005 0.77323390 0.00046185
-0.85504457 0.77479774 0.00045325
-0.85364761 0.77635706 0.00044798
-0.85224918 0.77791186 0.00044136
-0.85084926 0.77946441 0.00043633
-0.84944787 0.78101921 0.00042987
-0.84804648 0.78256723 0.00042347
-0.84664213 0.78411299 0.00041882
-0.84523630 0.78565876 0.00040942
-0.84382899 0.78720226 0.00040649
-0.84242169 0.78874576 0.00039906
-0.84101143 0.79028701 0.00039269
-0.83960116 0.79183051 0.00038997
-0.83818795 0.79337175 0.00038417
-0.83677473 0.79491525 0.00037654
-0.83536003 0.79645424 0.00037212
-0.83394238 0.79800000 0.00036773
-0.83252472 0.79954576 0.00036337
-0.83110559 0.80108927 0.00035589
-0.82968498 0.80263729 0.00035389
-0.82826289 0.80418305 0.00034957
-0.82684081 0.80573107 0.00034326
-0.82541576 0.80727458 0.00034011
-0.82398924 0.80881808 0.00033696
-0.82256272 0.81035480 0.00033381
-0.82113324 0.81188701 0.00032863
-0.81970376 0.81341695 0.00032547
-0.81827280 0.81493333 0.00032232
-0.81684036 0.81644068 0.00032030
-0.81540645 0.81793898 0.00032030
-0.81397106 0.81942147 0.00031714
-0.81253418 0.82088814 0.00031601
-0.81109584 0.82233898 0.00031601
-0.80965749 0.82377401 0.00031286
-0.80821618 0.82518192 0.00030971
-0.80677488 0.82657401 0.00030862
-0.80533209 0.82794576 0.00030756
-0.80388783 0.82929266 0.00030553
-0.80244209 0.83062373 0.00030456
-0.80099487 0.83193446 0.00030362
-0.79954765 0.83322712 0.00030183
-0.79809748 0.83450395 0.00029709
-0.79664730 0.83577175 0.00029325
-0.79519565 0.83702373 0.00029181
-0.79374252 0.83826667 0.00028749
-0.79228791 0.83950282 0.00028691
-0.79083182 0.84073220 0.00028286
-0.78937573 0.84195932 0.00027942
-0.78791669 0.84318644 0.00027606
-0.78645764 0.84440904 0.00027245
-0.78499712 0.84563616 0.00026928
-0.78353512 0.84686554 0.00026353
-0.78207164 0.84809718 0.00026066
-0.78060816 0.84933785 0.00025765
-0.77914320 0.85058531 0.00025212
-0.77767528 0.85184181 0.00024646
-0.77620885 0.85310508 0.00024375
-0.77473946 0.85437740 0.00024093
-0.77326859 0.85565424 0.00023822
-0.77179771 0.85693333 0.00023285
-0.77032537 0.85821243 0.00022752
-0.76885154 0.85948927 0.00022488
-0.76737623 0.86076384 0.00022255
-0.76590093 0.86203164 0.00021704
-0.76442266 0.86329040 0.00021740
-0.76294440 0.86453785 0.00021527
-0.76146466 0.86577401 0.00021277
-0.75998492 0.86699435 0.00021081
-0.75850222 0.86819887 0.00021139
-0.75701953 0.86938079 0.00020899
-0.75553535 0.87054463 0.00020965
-0.75405118 0.87168362 0.00020965
-0.75256405 0.87280226 0.00020965
-0.75107691 0.87389379 0.00020965
-0.74958830 0.87496045 0.00020899
-0.74809822 0.87600452 0.00020899
-0.74660813 0.87702373 0.00020838
-0.74511656 0.87802486 0.00020536
-0.74362352 0.87900565 0.00020432
-0.74212899 0.87997062 0.00020387
-0.74063447 0.88092203 0.00020347
-0.73913847 0.88186215 0.00019730
-0.73764099 0.88279322 0.00019704
-0.73614351 0.88371525 0.00019398
-0.73464307 0.88463277 0.00019385
-0.73314412 0.88555254 0.00019104
-0.73164220 0.88647006 0.00018545
-0.73014029 0.88739661 0.00018267
-0.72863542 0.88832768 0.00017717
-0.72713202 0.88926780 0.00017160
-0.72562567 0.89022599 0.00016884
-0.72411933 0.89119548 0.00016884
-0.72261150 0.89217627 0.00016890
-0.72110367 0.89313898 0.00016890
-0.71959436 0.89407684 0.00017172
-0.71808358 0.89499435 0.00016902
-0.71657132 0.89588927 0.00016902
-0.71505906 0.89677062 0.00016902
-0.71354532 0.89764068 0.00016634
-0.71203158 0.89849718 0.00016619
-0.71051488 0.89934237 0.00016337
-0.70899966 0.90018305 0.00016337
-0.70748148 0.90101469 0.00016056
-0.70596331 0.90183277 0.00015777
-0.70444366 0.90264633 0.00015777
-0.70292400 0.90345537 0.00015777
-0.70140287 0.90425763 0.00015500
-0.69988026 0.90505311 0.00015503
-0.69835765 0.90584181 0.00015224
-0.69683356 0.90662599 0.00014949
-0.69530800 0.90740113 0.00014960
-0.69378243 0.90817627 0.00014677
-0.69225538 0.90894237 0.00014677
-0.69072834 0.90970621 0.00014407
-0.68919982 0.91046102 0.00014424
-0.68766982 0.91121582 0.00014138
-0.68613981 0.91196158 0.00014138
-0.68460833 0.91270508 0.00013872
-0.68307685 0.91344407 0.00013872
-0.68154390 0.91417401 0.00013608
-0.68001094 0.91490169 0.00013320
-0.67847650 0.91562712 0.00013320
-0.67694059 0.91634350 0.00013057
-0.67540467 0.91705537 0.00013057
-0.67386728 0.91776497 0.00013033
-0.67232841 0.91846780 0.00012768
-0.67078954 0.91916610 0.00012768
-0.66925067 0.91985989 0.00012481
-0.66771032 0.92054689 0.00012195
-0.66616849 0.92123164 0.00012195
-0.66462666 0.92190734 0.00011928
-0.66308484 0.92257853 0.00011928
-0.66154005 0.92324520 0.00011642
-0.65999675 0.92390282 0.00011642
-0.65845049 0.92455819 0.00011629
-0.65690570 0.92520226 0.00011629
-0.65535796 0.92584407 0.00011358
-0.65381022 0.92647910 0.00011349
-0.65226248 0.92710282 0.00011349
-0.65071326 0.92771751 0.00011076
-0.64916404 0.92832542 0.00011358
-0.64761335 0.92892203 0.00011358
-0.64606265 0.92950508 0.00011358
-0.64451047 0.93007910 0.00011090
-0.64295830 0.93063955 0.00010824
-0.64140464 0.93119322 0.00010561
-0.63985099 0.93174915 0.00010561
-0.63829586 0.93230960 0.00010302
-0.63674073 0.93287232 0.00010302
-0.63518412 0.93343051 0.00010010
-0.63362751 0.93399322 0.00010010
-0.63207090 0.93454915 0.00010010
-0.63051133 0.93510282 0.00009752
-0.62895324 0.93565424 0.00009459
-0.62739368 0.93620113 0.00009432
-0.62583411 0.93674350 0.00009432
-0.62427306 0.93728362 0.00009169
-0.62271202 0.93781695 0.00009146
-0.62114950 0.93834576 0.00009146
-0.61958697 0.93887006 0.00008863
-0.61802445 0.93939209 0.00008863
-0.61646045 0.93990508 0.00008594
-0.61489497 0.94041130 0.00008582
-0.61333097 0.94091299 0.00008582
-0.61176401 0.94141469 0.00008582
-0.61019853 0.94190508 0.00008303
-0.60863157 0.94239096 0.00008582
-0.60706461 0.94287458 0.00008303
-0.60549618 0.94334915 0.00008303
-0.60392774 0.94381695 0.00008303
-0.60235783 0.94428023 0.00008028
-0.60078939 0.94473446 0.00008028
-0.59921800 0.94518870 0.00008028
-0.59764808 0.94563616 0.00008028
-0.59607669 0.94607684 0.00008028
-0.59450530 0.94651299 0.00007756
-0.59293243 0.94694237 0.00007750
-0.59135956 0.94736723 0.00007756
-0.58978669 0.94778757 0.00007756
-0.58821234 0.94820565 0.00007475
-0.58663799 0.94861243 0.00007475
-0.58506364 0.94901921 0.00007475
-0.58348781 0.94941921 0.00007475
-0.58191198 0.94981695 0.00007196
-0.58033616 0.95020565 0.00007475
-0.57875885 0.95059661 0.00007196
-0.57718302 0.95097627 0.00007196
-0.57560424 0.95135593 0.00007196
-0.57402693 0.95173333 0.00006921
-0.57244815 0.95210621 0.00006921
-0.57086937 0.95247684 0.00006921
-0.56929058 0.95284294 0.00006650
-0.56771032 0.95320452 0.00006921
-0.56613006 0.95356610 0.00006643
-0.56454980 0.95392542 0.00006643
-0.56296805 0.95428023 0.00006650
-0.56138779 0.95463503 0.00006368
-0.55980605 0.95498757 0.00006368
-0.55822283 0.95534011 0.00006368
-0.55664109 0.95569492 0.00006089
-0.55505787 0.95604520 0.00005815
-0.55347466 0.95639774 0.00005815
-0.55189144 0.95675254 0.00005536
-0.55030822 0.95710508 0.00005536
-0.54872352 0.95746441 0.00005281
-0.54713882 0.95782599 0.00005572
-0.54555413 0.95818531 0.00005572
-0.54396943 0.95853333 0.00005867
-0.54238325 0.95886780 0.00005618
-0.54079708 0.95919322 0.00005618
-0.53921090 0.95951186 0.00005618
-0.53762473 0.95982147 0.00005681
-0.53603855 0.96012429 0.00005376
-0.53445090 0.96042260 0.00005376
-0.53286472 0.96071864 0.00005618
-0.53127707 0.96100791 0.00005319
-0.52968942 0.96129492 0.00005618
-0.52810029 0.96157740 0.00005319
-0.52651263 0.96185989 0.00005376
-0.52492498 0.96213559 0.00005073
-0.52333585 0.96241130 0.00005319
-0.52174671 0.96268249 0.00005319
-0.52015758 0.96295141 0.00005023
-0.51856845 0.96322034 0.00005073
-0.51697932 0.96348475 0.00005073
-0.51538871 0.96374915 0.00005073
-0.51379958 0.96400678 0.00005073
-0.51220897 0.96426893 0.00004773
-0.51061836 0.96452655 0.00004773
-0.50902775 0.96478192 0.00004836
-0.50743714 0.96503503 0.00004773
-0.50584653 0.96528588 0.00004773
-0.50425592 0.96553446 0.00004836
-0.50266383 0.96578305 0.00004531
-0.50107322 0.96602712 0.00004531
-0.49948261 0.96627119 0.00004531
-0.49789052 0.96651525 0.00004531
-0.49629843 0.96675480 0.00004300
-0.49470782 0.96699435 0.00004609
-0.49311573 0.96722938 0.00004300
-0.49152364 0.96746441 0.00004394
-0.48993156 0.96769492 0.00004394
-0.48833947 0.96792542 0.00004394
-0.48674738 0.96815141 0.00004191
-0.48515529 0.96837966 0.00004394
-0.48356320 0.96859887 0.00004191
-0.48196964 0.96881808 0.00004508
-0.48037755 0.96903503 0.00004508
-0.47878546 0.96924746 0.00004394
-0.47719337 0.96945763 0.00004394
-0.47559980 0.96966554 0.00004508
-0.47400772 0.96986441 0.00004394
-0.47241563 0.97006328 0.00004708
-0.47082206 0.97025311 0.00004708
-0.46922997 0.97044068 0.00004394
-0.46763788 0.97061695 0.00004394
-0.46604432 0.97079322 0.00004394
-0.46445223 0.97096723 0.00004080
-0.46286014 0.97113898 0.00004394
-0.46126658 0.97131299 0.00004080
-0.45967449 0.97149153 0.00003992
-0.45808240 0.97167006 0.00003768
-0.45649031 0.97184859 0.00004080
-0.45489822 0.97202486 0.00004080
-0.45330613 0.97219887 0.00003768
-0.45171257 0.97237514 0.00003768
-0.45012048 0.97255141 0.00003768
-0.44852839 0.97272316 0.00004080
-0.44693778 0.97289718 0.00003768
-0.44534569 0.97306667 0.00003768
-0.44375360 0.97323616 0.00003768
-0.44216151 0.97340565 0.00003768
-0.44057090 0.97357288 0.00003875
-0.43897882 0.97373785 0.00003768
-0.43738821 0.97390056 0.00003768
-0.43579612 0.97406328 0.00003768
-0.43420551 0.97422373 0.00003875
-0.43261490 0.97438418 0.00003559
-0.43102429 0.97454237 0.00003875
-0.42943368 0.97469831 0.00003875
-0.42784307 0.97485198 0.00003559
-0.42625394 0.97500791 0.00003559
-0.42466333 0.97515706 0.00003559
-0.42307419 0.97530621 0.00003559
-0.42148358 0.97545537 0.00003559
-0.41989445 0.97560226 0.00003686
-0.41830532 0.97574689 0.00003559
-0.41671619 0.97588927 0.00003559
-0.41512853 0.97603164 0.00003559
-0.41353940 0.97617401 0.00003559
-0.41195175 0.97630960 0.00003559
-0.41036262 0.97644972 0.00003686
-0.40877496 0.97658531 0.00003686
-0.40718731 0.97671638 0.00003559
-0.40560114 0.97684972 0.00003686
-0.40401348 0.97698079 0.00003559
-0.40242731 0.97710960 0.00003559
-0.40084113 0.97723842 0.00003559
-0.39925496 0.97736497 0.00003686
-0.39766878 0.97748927 0.00003559
-0.39608261 0.97761130 0.00003559
-0.39449791 0.97773333 0.00003559
-0.39291321 0.97785537 0.00003559
-0.39132851 0.97797740 0.00003559
-0.38974382 0.97809266 0.00003559
-0.38816060 0.97820791 0.00003559
-0.38657738 0.97832316 0.00003559
-0.38499416 0.97843842 0.00003559
-0.38341094 0.97855367 0.00003559
-0.38182920 0.97866215 0.00003559
-0.38024598 0.97877288 0.00003457
-0.37866424 0.97888136 0.00003457
-0.37708398 0.97898983 0.00003457
-0.37550224 0.97909605 0.00003559
-0.37392198 0.97920000 0.00003457
-0.37234172 0.97930395 0.00003244
-0.37076145 0.97940565 0.00003244
-0.36918267 0.97950734 0.00003244
-0.36760388 0.97960904 0.00003244
-0.36602510 0.97971073 0.00003244
-0.36444780 0.97981243 0.00003244
-0.36286901 0.97991186 0.00003457
-0.36129171 0.98001356 0.00003457
-0.35971588 0.98011299 0.00003148
-0.35814005 0.98021017 0.00003457
-0.35656422 0.98030960 0.00003148
-0.35498840 0.98040452 0.00003148
-0.35341405 0.98050169 0.00003457
-0.35183970 0.98059887 0.00003382
-0.35026535 0.98069379 0.00003382
-0.34869248 0.98078870 0.00003382
-0.34711961 0.98087910 0.00003148
-0.34554674 0.98097401 0.00003148
-0.34397534 0.98106667 0.00003382
-0.34240395 0.98115706 0.00003148
-0.34083256 0.98124746 0.00003082
-0.33926264 0.98133785 0.00003382
-0.33769273 0.98142599 0.00003382
-0.33612429 0.98151412 0.00003382
-0.33455586 0.98160226 0.00003382
-0.33298742 0.98168814 0.00003082
-0.33142046 0.98177175 0.00003382
-0.32985350 0.98185763 0.00003082
-0.32828655 0.98194124 0.00003382
-0.32672107 0.98202486 0.00003337
-0.32515559 0.98210621 0.00003337
-0.32359159 0.98218757 0.00003337
-0.32202758 0.98226893 0.00003337
-0.32046358 0.98234802 0.00003049
-0.31890106 0.98242486 0.00003337
-0.31734002 0.98250395 0.00003049
-0.31577749 0.98258079 0.00003337
-0.31421793 0.98265537 0.00003337
-0.31265688 0.98273220 0.00003321
-0.31109731 0.98280678 0.00003321
-0.30953923 0.98287458 0.00003321
-0.30798114 0.98294689 0.00003049
-0.30642305 0.98301695 0.00003321
-0.30486644 0.98308475 0.00003082
-0.30330983 0.98315028 0.00003049
-0.30175470 0.98322034 0.00003082
-0.30019957 0.98328814 0.00003082
-0.29864591 0.98336271 0.00003082
-0.29709226 0.98343277 0.00002786
-0.29554008 0.98350960 0.00002841
-0.29398791 0.98358644 0.00003082
-0.29243721 0.98366102 0.00003082
-0.29088651 0.98374011 0.00002841
-0.28933730 0.98382147 0.00002841
-0.28778808 0.98390056 0.00003148
-0.28623886 0.98397966 0.00003082
-0.28469112 0.98405876 0.00002841
-0.28314485 0.98414011 0.00002841
-0.28159859 0.98422147 0.00002841
-0.28005381 0.98430282 0.00002841
-0.27850902 0.98438418 0.00002841
-0.27696572 0.98446554 0.00002841
-0.27542241 0.98454689 0.00002841
-0.27388059 0.98463051 0.00002929
-0.27234024 0.98471186 0.00002929
-0.27079989 0.98479548 0.00002616
-0.26925954 0.98487910 0.00002841
-0.26772067 0.98496045 0.00002841
-0.26618327 0.98504181 0.00002841
-0.26464588 0.98512316 0.00002841
-0.26310997 0.98520452 0.00002841
-0.26157405 0.98528588 0.00002841
-0.26003962 0.98536949 0.00002537
-0.25850518 0.98545311 0.00002616
-0.25697222 0.98553446 0.00002616
-0.25544074 0.98561582 0.00002616
-0.25390926 0.98570169 0.00002537
-0.25237926 0.98578305 0.00002537
-0.25084926 0.98586667 0.00002616
-0.24932074 0.98595254 0.00002537
-0.24779369 0.98603390 0.00002537
-0.24626665 0.98612203 0.00002537
-0.24474108 0.98621017 0.00002537
-0.24321552 0.98629605 0.00002496
-0.24169143 0.98638418 0.00002496
-0.24016882 0.98647458 0.00002214
-0.23864621 0.98656723 0.00002496
-0.23712508 0.98666215 0.00002496
-0.23560542 0.98675254 0.00002768
-0.23408577 0.98683842 0.00002496
-0.23256759 0.98691299 0.00002496
-0.23104942 0.98698079 0.00002496
-0.22953272 0.98704859 0.00002496
-0.22801750 0.98710960 0.00002496
-0.22650376 0.98717062 0.00002496
-0.22499002 0.98722938 0.00002786
-0.22347628 0.98728814 0.00002537
-0.22196550 0.98734689 0.00002496
-0.22045471 0.98740339 0.00002537
-0.21894541 0.98746215 0.00002305
-0.21743610 0.98751864 0.00002537
-0.21592827 0.98757966 0.00002537
-0.21442193 0.98763842 0.00002305
-0.21291705 0.98769718 0.00002616
-0.21141218 0.98775819 0.00002616
-0.20990879 0.98781695 0.00002413
-0.20840540 0.98787797 0.00002413
-0.20690496 0.98793898 0.00002413
-0.20540453 0.98800000 0.00002413
-0.20390557 0.98806328 0.00002096
-0.20240661 0.98812655 0.00002305
-0.20090913 0.98818983 0.00002413
-0.19941313 0.98825311 0.00002096
-0.19791861 0.98831864 0.00002413
-0.19642408 0.98838644 0.00002413
-0.19493104 0.98844972 0.00002096
-0.19343947 0.98851751 0.00002096
-0.19194791 0.98858531 0.00002096
-0.19045930 0.98865311 0.00002096
-0.18897069 0.98872090 0.00002096
-0.18748355 0.98879096 0.00002237
-0.18599642 0.98885876 0.00002237
-0.18451077 0.98892429 0.00002096
-0.18302659 0.98899209 0.00002096
-0.18154390 0.98905989 0.00002096
-0.18006268 0.98912316 0.00002237
-0.17858146 0.98918870 0.00002096
-0.17710172 0.98925650 0.00002096
-0.17562346 0.98931977 0.00002237
-0.17414667 0.98938531 0.00002096
-0.17266989 0.98944859 0.00002237
-0.17119606 0.98951412 0.00002096
-0.16972223 0.98957740 0.00002237
-0.16824841 0.98964068 0.00001918
-0.16677754 0.98970621 0.00002237
-0.16530667 0.98976723 0.00002237
-0.16383875 0.98983051 0.00001918
-0.16237084 0.98989605 0.00002237
-0.16090440 0.98995706 0.00002237
-0.15943796 0.99002034 0.00001918
-0.15797449 0.99008362 0.00002096
-0.15651101 0.99014689 0.00002237
-0.15504900 0.99021017 0.00001918
-0.15358848 0.99027345 0.00002096
-0.15212944 0.99033672 0.00002237
-0.15067039 0.99040000 0.00001918
-0.14921430 0.99046328 0.00002096
-0.14775822 0.99052429 0.00002096
-0.14630375 0.99058983 0.00001918
-0.14485062 0.99065311 0.00002096
-0.14339867 0.99071638 0.00001779
-0.14194791 0.99078192 0.00002096
-0.14049847 0.99084520 0.00001779
-0.13905022 0.99091073 0.00002096
-0.13760344 0.99097401 0.00001779
-0.13615770 0.99103955 0.00002096
-0.13471344 0.99110508 0.00001996
-0.13327021 0.99117062 0.00001779
-0.13182846 0.99123616 0.00002096
-0.13038804 0.99130169 0.00001996
-0.12894881 0.99136949 0.00001996
-0.12751090 0.99143503 0.00001779
-0.12607433 0.99150282 0.00001779
-0.12463893 0.99157062 0.00001779
-0.12320502 0.99164068 0.00001996
-0.12177229 0.99170847 0.00001996
-0.12034104 0.99177627 0.00001996
-0.11891096 0.99184859 0.00001779
-0.11748222 0.99191864 0.00001996
-0.11605496 0.99199096 0.00001779
-0.11462888 0.99206102 0.00001996
-0.11320413 0.99213559 0.00001996
-0.11178086 0.99220791 0.00001779
-0.11035892 0.99228249 0.00001779
-0.10893816 0.99235706 0.00001779
-0.10751888 0.99243164 0.00001779
-0.10610108 0.99250395 0.00001691
-0.10468446 0.99257627 0.00001996
-0.10326932 0.99264859 0.00001779
-0.10185551 0.99272090 0.00001691
-0.10044304 0.99279096 0.00001779
-0.09903203 0.99286328 0.00001691
-0.09762236 0.99293785 0.00001691
-0.09621417 0.99301243 0.00001691
-0.09480731 0.99308249 0.00001779
-0.09340178 0.99315706 0.00001779
-0.09199772 0.99323164 0.00001779
-0.09059500 0.99330621 0.00001779
-0.08919376 0.99338305 0.00001465
-0.08779384 0.99345763 0.00001465
-0.08639541 0.99353446 0.00001691
-0.08499845 0.99360904 0.00001691
-0.08360282 0.99368362 0.00001691
-0.08220867 0.99376271 0.00001465
-0.08081600 0.99383955 0.00001691
-0.07942466 0.99391638 0.00001393
-0.07803480 0.99399322 0.00001465
-0.07664641 0.99407232 0.00001393
-0.07525951 0.99414915 0.00001465
-0.07387393 0.99422825 0.00001393
-0.07248984 0.99430508 0.00001465
-0.07110722 0.99438192 0.00001152
-0.06972608 0.99446102 0.00001465
-0.06834642 0.99453559 0.00001465
-0.06696823 0.99461243 0.00001152
-0.06559138 0.99468475 0.00001465
-0.06421615 0.99475028 0.00001393
-0.06284240 0.99481130 0.00001393
-0.06146998 0.99487232 0.00001393
-0.06009919 0.99493107 0.00001152
-0.05872988 0.99499209 0.00001152
-0.05736204 0.99505537 0.00001393
-0.05599568 0.99511638 0.00001393
-0.05463080 0.99517966 0.00001661
-0.05326740 0.99524520 0.00001393
-0.05190548 0.99530847 0.00001661
-0.05054518 0.99537175 0.00001944
-0.04918636 0.99543955 0.00001944
-0.04782902 0.99551412 0.00001944
-0.04647316 0.99560226 0.00001944
-0.04511893 0.99573107 0.00001944
-0.04376617 0.99590282 0.00002237
-0.04241504 0.99607910 0.00002237
-0.04106524 0.99625085 0.00001996
-0.03971706 0.99641582 0.00001944
-0.03837051 0.99657627 0.00001996
-0.03702529 0.99673672 0.00001691
-0.03568185 0.99689266 0.00001691
-0.03433973 0.99705311 0.00001779
-0.03299939 0.99721582 0.00001779
-0.03166038 0.99738305 0.00001996
-0.03032315 0.99756158 0.00002305
-0.02898739 0.99776271 0.00002413
-0.02765326 0.99801582 0.00002731
-0.02632105 0.99832542 0.00003367
-0.02499002 0.99864407 0.00003367
-0.02366047 0.99894011 0.00003049
-0.02233255 0.99919322 0.00002876
-0.02100625 0.99941017 0.00002413
-0.01968143 0.99958870 0.00002237
-0.01835824 0.99973559 0.00001918
-0.01703653 0.99984859 0.00001598
-0.01571644 0.99992768 0.00001278
-0.01439801 0.99998192 0.00001278
-0.01308110 1.00001582 0.00001278
-0.01176578 1.00002260 0.00001278
-0.01045207 1.00000678 0.00000959
-0.00913993 0.99997288 0.00000959
-0.00782941 0.99991186 0.00000959
-0.00652048 0.99983277 0.00001278
-0.00521317 0.99971977 0.00001598
-0.00390746 0.99958644 0.00002413
-0.00260335 0.99938079 0.00002557
-0.00130087 0.99915254 0.00003835
-0.00000000 0.99868023 0.00001779
