# s/c    P_w
1.28119503 0.58394836
1.27992372 0.58512576
1.27865242 0.58602239
1.27738111 0.58665370
1.27610981 0.58703466
1.27483850 0.58717974
1.27356719 0.58710293
1.27229589 0.58681776
1.27102458 0.58633731
1.26975328 0.58567418
1.26848197 0.58484056
1.26721067 0.58384820
1.26593936 0.58270841
1.26466806 0.58143212
1.26339675 0.58002981
1.26212545 0.57851160
1.26085414 0.57688721
1.25958283 0.57516596
1.25831153 0.57335683
1.25704022 0.57146842
1.25576892 0.56950896
1.25449761 0.56748636
1.25322631 0.56540818
1.25195500 0.56328162
1.25068370 0.56111361
1.24941239 0.55891071
1.24814109 0.55667921
1.24686978 0.55442508
1.24559847 0.55215399
1.24432717 0.54987135
1.24305586 0.54758225
1.24178456 0.54529155
1.24051325 0.54300383
1.23924195 0.54072339
1.23797064 0.53845431
1.23669934 0.53620041
1.23542803 0.53396529
1.23415673 0.53175228
1.23288542 0.52956454
1.23161411 0.52740497
1.23034281 0.52527629
1.22907150 0.52318098
1.22780020 0.52112135
1.22652889 0.51909952
1.22525759 0.51711742
1.22398628 0.51517678
1.22271498 0.51327917
1.22144367 0.51142602
1.22017237 0.50961855
1.21890106 0.50785786
1.21762975 0.50614489
1.21635845 0.50448042
1.21508714 0.50286512
1.21381584 0.50129950
1.21254453 0.49978395
1.21127323 0.49831874
1.21000192 0.49690403
1.20873062 0.49553986
1.20744453 0.49422614
1.20617322 0.49296272
1.20490192 0.49174931
1.20363061 0.49058557
1.20235931 0.48947103
1.20108800 0.48840516
1.19981670 0.48738734
1.19854539 0.48641690
1.19727408 0.48549305
1.19600278 0.48461499
1.19473147 0.48378182
1.19346017 0.48299259
1.19218886 0.48224631
1.19091756 0.48154193
1.18964625 0.48087834
1.18837495 0.48025442
1.18710364 0.47966899
1.18583234 0.47912083
1.18456103 0.47860871
1.18328972 0.47813136
1.18201842 0.47768747
1.18074711 0.47727574
1.17946103 0.47689484
1.17818972 0.47654342
1.17691841 0.47622011
1.17564711 0.47592356
1.17437580 0.47565239
1.17310450 0.47540522
1.17183319 0.47518068
1.17056189 0.47497739
1.16929058 0.47479399
1.16801928 0.47462913
1.16674797 0.47448144
1.16547667 0.47434959
1.16420536 0.47423226
1.16293405 0.47412815
1.16166275 0.47403596
1.16039144 0.47395444
1.15912014 0.47388233
1.15783405 0.47381843
1.15656274 0.47376154
1.15529144 0.47371050
1.15402013 0.47369266
1.15274883 0.47370814
1.15147752 0.47374052
1.15020622 0.47378408
1.14893491 0.47382167
1.14766361 0.47384294
1.14639230 0.47384945
1.14512100 0.47384851
1.14384969 0.47384899
1.14257838 0.47384990
1.14130708 0.47384740
1.14002099 0.47383810
1.13874969 0.47381532
1.13747838 0.47376994
1.13620707 0.47369783
1.13493577 0.47359919
1.13366446 0.47347615
1.13239316 0.47333145
1.13112185 0.47316813
1.12985055 0.47298890
1.12857924 0.47279629
1.12730794 0.47259213
1.12603663 0.47237786
1.12475054 0.47215415
1.12347924 0.47192088
1.12220793 0.47167656
1.12093663 0.47141886
1.11966532 0.47114481
1.11839402 0.47085142
1.11712271 0.47053814
1.11585141 0.47020597
1.11458010 0.46985666
1.11330879 0.46949292
1.11203749 0.46911768
1.11075140 0.46873408
1.10948010 0.46834522
1.10820879 0.46795411
1.10693748 0.46756357
1.10566618 0.46717615
1.10439487 0.46679417
1.10312357 0.46641962
1.10185226 0.46605429
1.10058096 0.46569957
1.09930965 0.46535645
1.09802356 0.46502569
1.09675226 0.46470741
1.09548095 0.46440138
1.09420965 0.46410703
1.09293834 0.46382344
1.09166704 0.46354947
1.09039573 0.46328376
1.08912443 0.46302460
1.08783834 0.46277004
1.08656703 0.46251768
1.08529573 0.46226479
1.08402442 0.46200858
1.08275312 0.46174608
1.08148181 0.46147425
1.08021050 0.46119085
1.07893920 0.46089603
1.07766789 0.46059206
1.07638181 0.46028151
1.07511050 0.45996634
1.07383919 0.45964737
1.07256789 0.45932509
1.07129658 0.45900038
1.07002528 0.45867404
1.06875397 0.45834635
1.06746788 0.45801673
1.06619658 0.45768433
1.06492527 0.45734822
1.06365397 0.45700767
1.06238266 0.45666167
1.06111136 0.45630832
1.05984005 0.45594663
1.05856875 0.45557643
1.05728266 0.45519875
1.05601135 0.45481597
1.05474005 0.45443067
1.05346874 0.45404528
1.05219744 0.45366193
1.05092613 0.45328250
1.04965483 0.45290852
1.04836874 0.45254115
1.04709743 0.45218093
1.04582613 0.45182788
1.04455482 0.45148181
1.04328352 0.45114223
1.04201221 0.45080862
1.04072612 0.45048038
1.03945482 0.45015676
1.03818351 0.44983728
1.03691221 0.44952160
1.03564090 0.44920954
1.03436960 0.44890152
1.03309829 0.44859859
1.03181220 0.44830226
1.03054090 0.44801401
1.02926959 0.44773515
1.02799829 0.44746675
1.02672698 0.44720972
1.02545567 0.44696475
1.02416959 0.44673191
1.02289828 0.44651046
1.02162698 0.44629918
1.02035567 0.44609680
1.01908436 0.44590269
1.01779828 0.44571671
1.01652697 0.44553907
1.01525567 0.44537017
1.01398436 0.44521046
1.01271305 0.44506038
1.01144175 0.44492027
1.01015566 0.44479040
1.00888436 0.44467102
1.00761305 0.44456233
1.00634174 0.44446461
1.00507044 0.44437816
1.00378435 0.44430352
1.00251305 0.44424157
1.00124174 0.44419354
0.99997043 0.44416082
0.99869913 0.44414444
0.99742782 0.44414479
0.99614174 0.44416172
0.99487043 0.44419423
0.99359912 0.44424101
0.99232782 0.44430053
0.99105651 0.44437115
0.98977043 0.44445105
0.98849912 0.44453838
0.98722781 0.44463113
0.98595651 0.44472679
0.98468520 0.44482358
0.98339912 0.44491997
0.98212781 0.44501473
0.98085651 0.44510755
0.97958520 0.44519908
0.97829911 0.44529119
0.97702781 0.44538667
0.97575650 0.44548839
0.97448520 0.44559873
0.97321389 0.44571897
0.97192780 0.44584937
0.97065650 0.44598984
0.96938519 0.44613914
0.96811389 0.44629561
0.96682780 0.44645730
0.96555649 0.44662159
0.96428519 0.44678616
0.96301388 0.44694873
0.96174258 0.44710699
0.96045649 0.44725874
0.95918518 0.44740236
0.95791388 0.44753876
0.95664257 0.44767223
0.95535648 0.44780827
0.95408518 0.44795104
0.95281387 0.44810233
0.95154257 0.44826207
0.95025648 0.44842946
0.94898517 0.44860274
0.94771387 0.44878000
0.94644256 0.44895904
0.94515647 0.44913700
0.94388517 0.44931136
0.94261386 0.44947947
0.94134256 0.44963837
0.94005647 0.44978566
0.93878516 0.44992156
0.93751386 0.45004985
0.93624255 0.45017524
0.93495647 0.45030121
0.93368516 0.45042962
0.93241385 0.45056105
0.93114255 0.45069523
0.92985646 0.45083161
0.92858516 0.45096957
0.92731385 0.45110841
0.92604254 0.45124729
0.92475646 0.45138492
0.92348515 0.45151909
0.92221385 0.45164635
0.92094254 0.45176325
0.91965645 0.45186815
0.91838515 0.45196165
0.91711384 0.45204626
0.91582775 0.45212574
0.91455645 0.45220410
0.91328514 0.45228533
0.91201384 0.45237271
0.91072775 0.45246875
0.90945644 0.45257556
0.90818514 0.45269371
0.90691383 0.45282283
0.90562774 0.45296216
0.90435644 0.45311023
0.90308513 0.45326565
0.90179905 0.45342685
0.90052774 0.45359191
0.89925643 0.45375952
0.89797035 0.45392842
0.89669904 0.45409744
0.89542774 0.45426607
0.89415643 0.45443464
0.89287034 0.45460468
0.89159904 0.45477868
0.89032773 0.45495948
0.88904164 0.45515004
0.88777034 0.45535349
0.88649903 0.45557269
0.88521294 0.45581026
0.88394164 0.45606792
0.88267033 0.45634626
0.88138424 0.45664541
0.88011294 0.45696500
0.87884163 0.45730374
0.87757033 0.45765937
0.87628424 0.45802888
0.87501293 0.45840840
0.87374163 0.45879322
0.87245554 0.45917807
0.87118424 0.45955752
0.86991293 0.45992713
0.86862684 0.46028371
0.86735554 0.46062628
0.86608423 0.46095603
0.86479814 0.46127642
0.86352684 0.46159308
0.86225553 0.46191080
0.86096944 0.46223318
0.85969814 0.46256218
0.85842683 0.46289809
0.85714075 0.46324050
0.85586944 0.46358812
0.85459813 0.46393928
0.85331205 0.46429170
0.85204074 0.46464279
0.85076944 0.46499055
0.84948335 0.46533482
0.84821204 0.46567816
0.84692595 0.46602449
0.84565465 0.46637721
0.84438334 0.46673811
0.84309725 0.46710725
0.84182595 0.46748397
0.84055464 0.46786675
0.83926856 0.46825368
0.83799725 0.46864287
0.83672594 0.46903232
0.83543986 0.46942018
0.83416855 0.46980486
0.83288246 0.47018512
0.83161116 0.47056033
0.83033985 0.47093061
0.82905376 0.47129674
0.82778246 0.47166051
0.82651115 0.47202485
0.82522507 0.47239312
0.82395376 0.47276691
0.82266767 0.47314524
0.82139637 0.47352575
0.82012506 0.47390560
0.81883897 0.47428259
0.81756767 0.47465503
0.81628158 0.47502121
0.81501027 0.47537951
0.81373897 0.47572856
0.81245288 0.47606812
0.81118157 0.47639910
0.80989549 0.47672318
0.80862418 0.47704172
0.80735288 0.47735600
0.80606679 0.47766852
0.80479548 0.47798172
0.80350939 0.47829789
0.80223809 0.47861852
0.80096678 0.47894348
0.79968070 0.47927164
0.79840939 0.47960114
0.79712330 0.47992970
0.79585200 0.48025488
0.79458069 0.48057459
0.79329460 0.48088737
0.79202330 0.48119280
0.79073721 0.48149130
0.78946590 0.48178375
0.78817982 0.48207141
0.78690851 0.48235556
0.78563720 0.48263763
0.78435112 0.48291925
0.78307981 0.48320242
0.78179372 0.48348904
0.78052242 0.48378057
0.77923633 0.48407765
0.77796502 0.48437917
0.77669372 0.48468295
0.77540763 0.48498630
0.77413633 0.48528604
0.77285024 0.48557865
0.77157893 0.48586022
0.77029284 0.48612676
0.76902154 0.48637535
0.76773545 0.48660532
0.76646414 0.48681803
0.76517806 0.48701574
0.76390675 0.48720032
0.76263545 0.48737309
0.76134936 0.48753500
0.76007805 0.48768669
0.75879196 0.48782867
0.75752066 0.48796143
0.75623457 0.48808555
0.75496327 0.48820181
0.75367718 0.48831119
0.75240587 0.48841491
0.75111978 0.48851442
0.74984848 0.48861136
0.74856239 0.48870733
0.74729108 0.48880359
0.74600500 0.48890071
0.74473369 0.48899850
0.74344760 0.48909633
0.74217630 0.48919338
0.74089021 0.48928874
0.73961890 0.48938189
0.73833282 0.48947244
0.73706151 0.48956023
0.73577542 0.48964524
0.73450412 0.48972823
0.73321803 0.48981057
0.73194672 0.48989486
0.73066064 0.48998540
0.72938933 0.49008482
0.72810324 0.49019437
0.72683194 0.49031393
0.72554585 0.49044184
0.72427454 0.49057615
0.72298845 0.49071507
0.72171715 0.49085743
0.72043106 0.49100168
0.71915976 0.49114528
0.71787367 0.49128551
0.71660236 0.49141974
0.71531627 0.49154755
0.71404497 0.49167370
0.71275888 0.49180465
0.71148758 0.49194514
0.71020149 0.49209719
0.70893018 0.49226040
0.70764409 0.49243432
0.70635801 0.49261898
0.70508670 0.49281545
0.70380061 0.49302548
0.70252931 0.49324939
0.70124322 0.49348338
0.69997191 0.49372043
0.69868582 0.49395529
0.69741452 0.49418715
0.69612843 0.49441883
0.69484234 0.49465393
0.69357104 0.49489505
0.69228495 0.49514307
0.69101364 0.49539763
0.68972756 0.49565805
0.68845625 0.49592310
0.68717016 0.49619114
0.68589886 0.49646252
0.68461277 0.49674328
0.68332668 0.49704220
0.68205538 0.49736532
0.68076929 0.49771427
0.67949798 0.49808804
0.67821189 0.49848563
0.67692581 0.49890455
0.67565450 0.49934267
0.67436841 0.49979472
0.67309711 0.50024923
0.67181102 0.50069699
0.67053971 0.50113293
0.66925363 0.50155712
0.66796754 0.50197446
0.66669623 0.50239227
0.66541014 0.50281913
0.66413884 0.50326243
0.66285275 0.50372613
0.66156666 0.50421002
0.66029536 0.50471099
0.65900927 0.50522492
0.65772318 0.50574919
0.65645188 0.50628231
0.65516579 0.50682203
0.65389448 0.50736475
0.65260839 0.50790669
0.65132231 0.50844420
0.65005100 0.50897344
0.64876491 0.50949125
0.64749361 0.50999447
0.64620752 0.51048067
0.64492143 0.51094831
0.64365012 0.51139537
0.64236404 0.51182064
0.64107795 0.51222326
0.63980664 0.51260415
0.63852056 0.51296885
0.63723447 0.51332585
0.63596316 0.51368450
0.63467707 0.51405212
0.63339099 0.51443417
0.63211968 0.51483445
0.63083359 0.51525307
0.62954750 0.51568740
0.62827620 0.51613202
0.62699011 0.51657658
0.62571880 0.51700773
0.62443272 0.51741807
0.62314663 0.51780812
0.62187532 0.51818309
0.62058924 0.51854864
0.61930315 0.51890789
0.61801706 0.51926198
0.61674575 0.51961053
0.61545967 0.51995305
0.61417358 0.52028713
0.61290227 0.52060984
0.61161618 0.52092203
0.61033010 0.52123075
0.60905879 0.52154620
0.60777270 0.52187731
0.60648661 0.52222766
0.60521531 0.52259330
0.60392922 0.52296470
0.60264313 0.52332880
0.60137183 0.52367585
0.60008574 0.52400130
0.59879965 0.52430651
0.59751356 0.52459928
0.59624226 0.52489013
0.59495617 0.52518968
0.59367008 0.52550468
0.59239878 0.52583505
0.59111269 0.52617393
0.58982660 0.52651352
0.58854051 0.52685336
0.58726921 0.52719764
0.58598312 0.52755219
0.58469703 0.52792394
0.58341094 0.52831343
0.58213964 0.52871771
0.58085355 0.52912947
0.57956746 0.52953380
0.57829616 0.52991637
0.57701007 0.53026926
0.57572398 0.53059360
0.57443789 0.53089771
0.57316659 0.53119344
0.57188050 0.53149200
0.57059441 0.53180225
0.56930832 0.53213024
0.56803702 0.53247603
0.56675093 0.53283642
0.56546484 0.53320626
0.56417875 0.53357907
0.56289266 0.53394673
0.56162136 0.53430046
0.56033527 0.53463635
0.55904918 0.53495750
0.55776309 0.53527320
0.55649179 0.53559210
0.55520570 0.53591789
0.55391961 0.53624561
0.55263352 0.53656343
0.55134744 0.53686142
0.55007613 0.53714029
0.54879004 0.53740777
0.54750395 0.53767441
0.54621787 0.53795080
0.54494656 0.53823651
0.54366047 0.53852403
0.54237438 0.53880335
0.54108830 0.53906510
0.53980221 0.53930606
0.53853090 0.53953740
0.53724481 0.53977827
0.53595873 0.54003940
0.53467264 0.54032375
0.53338655 0.54062252
0.53210046 0.54091555
0.53082916 0.54119651
0.52954307 0.54147435
0.52825698 0.54176635
0.52697089 0.54209068
0.52568480 0.54244889
0.52439872 0.54283631
0.52312741 0.54324013
0.52184132 0.54363974
0.52055524 0.54402735
0.51926915 0.54440509
0.51798306 0.54478127
0.51669697 0.54516787
0.51542567 0.54557355
0.51413958 0.54600339
0.51285349 0.54645771
0.51156740 0.54693275
0.51028131 0.54742169
0.50899523 0.54791879
0.50770914 0.54842243
0.50643783 0.54893476
0.50515174 0.54946020
0.50386566 0.55000260
0.50257957 0.55056161
0.50129348 0.55113455
0.50000739 0.55171764
0.49872130 0.55230573
0.49743522 0.55289529
0.49616391 0.55348424
0.49487782 0.55407228
0.49359173 0.55466166
0.49230565 0.55525579
0.49101956 0.55585865
0.48973347 0.55647410
0.48844738 0.55710508
0.48716129 0.55775342
0.48587521 0.55841846
0.48460390 0.55909522
0.48331781 0.55977369
0.48203172 0.56044444
0.48074564 0.56110816
0.47945955 0.56177433
0.47817346 0.56245252
0.47688737 0.56314849
0.47560128 0.56386198
0.47431520 0.56458591
0.47302911 0.56531056
0.47174302 0.56602768
0.47045693 0.56673278
0.46917084 0.56743358
0.46789954 0.56814719
0.46661345 0.56888536
0.46532736 0.56964789
0.46404127 0.57041076
0.46275519 0.57113892
0.46146910 0.57184045
0.46018301 0.57255262
0.45889692 0.57330180
0.45761083 0.57409986
0.45632474 0.57493978
0.45503866 0.57581069
0.45375257 0.57671027
0.45246648 0.57763605
0.45118039 0.57858799
0.44989430 0.57954158
0.44860822 0.58044753
0.44732213 0.58129194
0.44603604 0.58209781
0.44474995 0.58289439
0.44346386 0.58370047
0.44217778 0.58451717
0.44089169 0.58533415
0.43960560 0.58613984
0.43831951 0.58692742
0.43703342 0.58769455
0.43574734 0.58844062
0.43446125 0.58916559
0.43317516 0.58986972
0.43188907 0.59055414
0.43060298 0.59122313
0.42931690 0.59188329
0.42803081 0.59253974
0.42674472 0.59319435
0.42545863 0.59384916
0.42417254 0.59451202
0.42288645 0.59518848
0.42160037 0.59587799
0.42031428 0.59655251
0.41902819 0.59715231
0.41774210 0.59765963
0.41645601 0.59810509
0.41516993 0.59852223
0.41388384 0.59892765
0.41259775 0.59932056
0.41131166 0.59971063
0.41002557 0.60011258
0.40873949 0.60052728
0.40745340 0.60093866
0.40616731 0.60133345
0.40488122 0.60171649
0.40359513 0.60210624
0.40230905 0.60252854
0.40102296 0.60300275
0.39973687 0.60352051
0.39843600 0.60405168
0.39714991 0.60456885
0.39586382 0.60505961
0.39457773 0.60552509
0.39329165 0.60597028
0.39200556 0.60639778
0.39071947 0.60680653
0.38943338 0.60719611
0.38814729 0.60757169
0.38686121 0.60794358
0.38557512 0.60832264
0.38428903 0.60871878
0.38298816 0.60913881
0.38170207 0.60957743
0.38041598 0.61001388
0.37912989 0.61042743
0.37784381 0.61081440
0.37655772 0.61118496
0.37527163 0.61154898
0.37398554 0.61191063
0.37269945 0.61226868
0.37139858 0.61261575
0.37011250 0.61294792
0.36882641 0.61327549
0.36754032 0.61361319
0.36625423 0.61396857
0.36496814 0.61433712
0.36368206 0.61470620
0.36238118 0.61506440
0.36109510 0.61540555
0.35980901 0.61573037
0.35852292 0.61603849
0.35723683 0.61632531
0.35595074 0.61659201
0.35466466 0.61684910
0.35336379 0.61710891
0.35207770 0.61737912
0.35079161 0.61765964
0.34950552 0.61794711
0.34821943 0.61823884
0.34693335 0.61852684
0.34563247 0.61880115
0.34434639 0.61905541
0.34306030 0.61928864
0.34177421 0.61950441
0.34048812 0.61970821
0.33918725 0.61990672
0.33790116 0.62010620
0.33661508 0.62031201
0.33532899 0.62052746
0.33404290 0.62075713
0.33275681 0.62100666
0.33145594 0.62127672
0.33016985 0.62156381
0.32888376 0.62186062
0.32759768 0.62215530
0.32629681 0.62243928
0.32501072 0.62270613
0.32372463 0.62295469
0.32243854 0.62319618
0.32115245 0.62344954
0.31985158 0.62373599
0.31856549 0.62407474
0.31727941 0.62447854
0.31599332 0.62494609
0.31469245 0.62546723
0.31340636 0.62603936
0.31212027 0.62666732
0.31083418 0.62735234
0.30953331 0.62808057
0.30824722 0.62883245
0.30696114 0.62960013
0.30567505 0.63039441
0.30437418 0.63124071
0.30308809 0.63216331
0.30180200 0.63317389
0.30051591 0.63426782
0.29921504 0.63543098
0.29792895 0.63664746
0.29664287 0.63790998
0.29534200 0.63922651
0.29405591 0.64061511
0.29276982 0.64208884
0.29148373 0.64365144
0.29018286 0.64529176
0.28889677 0.64698042
0.28761068 0.64869030
0.28630981 0.65043454
0.28502373 0.65224564
0.28373764 0.65414408
0.28243677 0.65612857
0.28115068 0.65816222
0.27986459 0.66021795
0.27857850 0.66229423
0.27727763 0.66439488
0.27599154 0.66653079
0.27470546 0.66872468
0.27340459 0.67099168
0.27211850 0.67333210
0.27083241 0.67573111
0.26953154 0.67815931
0.26824545 0.68059636
0.26695936 0.68303493
0.26565849 0.68548492
0.26437240 0.68797001
0.26307153 0.69050106
0.26178545 0.69307712
0.26049936 0.69569375
0.25919849 0.69834546
0.25791240 0.70102983
0.25662631 0.70374508
0.25532544 0.70649098
0.25403935 0.70926899
0.25275326 0.71208188
0.25145239 0.71492893
0.25016630 0.71780507
0.24886543 0.72070604
0.24757935 0.72362931
0.24629326 0.72657237
0.24499239 0.72953317
0.24370630 0.73250608
0.24240543 0.73548181
0.24111934 0.73845530
0.23983325 0.74142856
0.23853238 0.74441020
0.23724629 0.74740936
0.23594542 0.75042833
0.23465933 0.75346117
0.23337325 0.75649550
0.23207238 0.75951873
0.23078629 0.76252245
0.22948542 0.76550099
0.22819933 0.76844881
0.22689846 0.77136133
0.22561237 0.77424106
0.22432628 0.77709702
0.22302541 0.77993413
0.22173932 0.78274956
0.22043845 0.78553670
0.21915236 0.78828849
0.21785149 0.79099973
0.21656541 0.79366922
0.21526454 0.79629925
0.21397845 0.79889368
0.21267758 0.80145941
0.21139149 0.80399651
0.21009062 0.80649246
0.20880453 0.80893107
0.20750366 0.81130022
0.20621757 0.81361538
0.20493148 0.81592229
0.20363061 0.81823961
0.20234452 0.82055550
0.20104365 0.82285736
0.19975757 0.82513327
0.19845669 0.82738158
0.19717061 0.82960288
0.19586974 0.83178802
0.19458365 0.83392493
0.19328278 0.83599346
0.19199669 0.83799810
0.19069582 0.83998421
0.18939495 0.84198025
0.18810886 0.84398070
0.18680799 0.84596716
0.18552190 0.84792441
0.18422103 0.84984983
0.18293494 0.85175082
0.18163407 0.85363662
0.18034798 0.85551295
0.17904711 0.85738233
0.17776102 0.85924667
0.17646015 0.86110850
0.17517407 0.86297190
0.17387319 0.86484163
0.17257232 0.86672219
0.17128624 0.86861723
0.16998537 0.87052826
0.16869928 0.87245417
0.16739841 0.87438756
0.16611232 0.87630859
0.16481145 0.87819146
0.16351058 0.88000680
0.16222449 0.88175349
0.16092362 0.88348025
0.15963753 0.88521884
0.15833666 0.88696559
0.15703579 0.88870786
0.15574970 0.89044338
0.15444883 0.89218549
0.15316274 0.89393442
0.15186187 0.89567840
0.15056100 0.89741288
0.14927491 0.89915167
0.14797404 0.90091398
0.14668795 0.90270722
0.14538708 0.90452366
0.14408621 0.90633892
0.14280012 0.90811940
0.14149925 0.90984868
0.14019838 0.91153568
0.13891229 0.91319783
0.13761142 0.91484746
0.13632534 0.91648699
0.13502447 0.91811444
0.13372359 0.91972891
0.13243751 0.92133321
0.13113664 0.92293098
0.12983577 0.92451685
0.12854968 0.92522328
0.12724881 0.92669370
0.12594794 0.92814441
0.12466185 0.92957525
0.12336098 0.93098608
0.12206011 0.93237677
0.12075924 0.93374723
0.11947315 0.93509736
0.11817228 0.93642708
0.11687141 0.93773634
0.11558532 0.93902510
0.11428445 0.94029334
0.11298358 0.94154104
0.11169749 0.94276823
0.11039662 0.94397493
0.10909575 0.94516119
0.10779488 0.94632708
0.10650879 0.94747268
0.10520792 0.94859808
0.10390705 0.94970342
0.10260618 0.95078881
0.10132009 0.95185442
0.10001922 0.95290041
0.09871835 0.95392698
0.09743226 0.95493431
0.09613139 0.95592264
0.09483052 0.95689220
0.09352965 0.95784323
0.09224356 0.95877601
0.09094269 0.95969081
0.08964182 0.96058794
0.08834095 0.96146769
0.08704008 0.96233040
0.08575399 0.96317640
0.08445312 0.96400604
0.08315225 0.96481967
0.08185138 0.96561768
0.08056529 0.96640044
0.07926442 0.96716835
0.07796355 0.96792181
0.07666268 0.96866123
0.07536180 0.96938703
0.07407572 0.97009963
0.07277485 0.97079947
0.07147398 0.97148698
0.07017310 0.97216261
0.06887223 0.97282680
0.06757136 0.97348001
0.06628528 0.97412267
0.06498440 0.97475525
0.06368353 0.97537819
0.06238266 0.97599194
0.06108179 0.97659695
0.05978092 0.97719366
0.05849483 0.97778252
0.05719396 0.97836395
0.05589309 0.97893838
0.05459222 0.97950623
0.05329135 0.98006790
0.05199048 0.98062380
0.05068961 0.98117431
0.04940352 0.98171979
0.04810265 0.98226062
0.04680178 0.98279712
0.04550091 0.98332961
0.04420004 0.98385841
0.04289917 0.98438379
0.04159830 0.98490602
0.04029743 0.98542532
0.03901134 0.98594192
0.03771047 0.98645598
0.03640960 0.98696768
0.03510873 0.98747712
0.03380786 0.98798441
0.03250698 0.98848960
0.03120611 0.98899270
0.02990524 0.98949372
0.02860437 0.98999258
0.02730350 0.99048920
0.02600263 0.99098343
0.02470176 0.99147510
0.02341567 0.99196396
0.02211480 0.99244973
0.02081393 0.99293209
0.01951306 0.99341065
0.01821219 0.99388496
0.01691132 0.99435453
0.01561045 0.99481881
0.01430958 0.99527716
0.01300871 0.99572891
0.01170784 0.99617331
0.01040697 0.99660954
0.00910609 0.99703671
0.00780522 0.99745386
0.00650435 0.99785995
0.00520348 0.99825386
0.00390261 0.99863441
0.00260174 0.99900030
0.00130087 0.99935019
0.00000000 0.99968261
-0.00000000 0.99867168
-0.00130087 0.99911654
-0.00260335 0.99935464
-0.00390746 0.99956767
-0.00521317 0.99971178
-0.00652048 0.99982456
-0.00782941 0.99990602
-0.00913993 0.99996867
-0.01045207 1.00000000
-0.01176578 1.00001253
-0.01308110 1.00000627
-0.01439801 0.99997494
-0.01571644 0.99991855
-0.01703653 0.99983083
-0.01835824 0.99971178
-0.01968143 0.99956767
-0.02100625 0.99937970
-0.02233255 0.99916040
-0.02366047 0.99889724
-0.02499002 0.99860276
-0.02632105 0.99828321
-0.02765326 0.99796992
-0.02898739 0.99771303
-0.03032315 0.99750627
-0.03166038 0.99731830
-0.03299939 0.99714912
-0.03433973 0.99697995
-0.03568185 0.99681704
-0.03702529 0.99665414
-0.03837051 0.99649123
-0.03971706 0.99632832
-0.04106524 0.99616541
-0.04241504 0.99598997
-0.04376617 0.99581454
-0.04511893 0.99565163
-0.04647316 0.99551378
-0.04782902 0.99541353
-0.04918636 0.99533208
-0.05054518 0.99526316
-0.05190548 0.99519424
-0.05326740 0.99512531
-0.05463080 0.99505639
-0.05599568 0.99499373
-0.05736204 0.99493108
-0.05872988 0.99486216
-0.06009919 0.99479950
-0.06146998 0.99473684
-0.06284240 0.99467419
-0.06421615 0.99461153
-0.06559138 0.99454887
-0.06696823 0.99447368
-0.06834642 0.99439850
-0.06972608 0.99432331
-0.07110722 0.99424185
-0.07248984 0.99416667
-0.07387393 0.99408521
-0.07525951 0.99400376
-0.07664641 0.99392857
-0.07803480 0.99384712
-0.07942466 0.99377193
-0.08081600 0.99369048
-0.08220867 0.99360902
-0.08360282 0.99353383
-0.08499845 0.99345238
-0.08639541 0.99337719
-0.08779384 0.99330201
-0.08919376 0.99322055
-0.09059500 0.99314536
-0.09199772 0.99307018
-0.09340178 0.99299499
-0.09480731 0.99291980
-0.09621417 0.99284461
-0.09762236 0.99276942
-0.09903203 0.99269424
-0.10044304 0.99261905
-0.10185551 0.99254386
-0.10326932 0.99246867
-0.10468446 0.99239975
-0.10610108 0.99232456
-0.10751888 0.99224937
-0.10893816 0.99217419
-0.11035892 0.99209900
-0.11178086 0.99202381
-0.11320413 0.99194862
-0.11462888 0.99187343
-0.11605496 0.99179825
-0.11748222 0.99172932
-0.11891096 0.99165414
-0.12034104 0.99158521
-0.12177229 0.99151003
-0.12320502 0.99144110
-0.12463893 0.99137218
-0.12607433 0.99130326
-0.12751090 0.99123434
-0.12894881 0.99116541
-0.13038804 0.99109649
-0.13182846 0.99102757
-0.13327021 0.99095865
-0.13471344 0.99088972
-0.13615770 0.99082707
-0.13760344 0.99075815
-0.13905022 0.99068922
-0.14049847 0.99062657
-0.14194791 0.99055764
-0.14339867 0.99049499
-0.14485062 0.99042607
-0.14630375 0.99036341
-0.14775822 0.99030075
-0.14921430 0.99023183
-0.15067039 0.99016917
-0.15212944 0.99010652
-0.15358848 0.99003759
-0.15504900 0.98997494
-0.15651101 0.98991228
-0.15797449 0.98984336
-0.15943796 0.98978070
-0.16090440 0.98971805
-0.16237084 0.98964912
-0.16383875 0.98958647
-0.16530667 0.98952381
-0.16677754 0.98945489
-0.16824841 0.98939223
-0.16972223 0.98932331
-0.17119606 0.98926065
-0.17266989 0.98919173
-0.17414667 0.98912907
-0.17562346 0.98906015
-0.17710172 0.98899749
-0.17858146 0.98892857
-0.18006268 0.98885965
-0.18154390 0.98879699
-0.18302659 0.98872807
-0.18451077 0.98865915
-0.18599642 0.98859023
-0.18748355 0.98852130
-0.18897069 0.98845238
-0.19045930 0.98838346
-0.19194791 0.98831454
-0.19343947 0.98824561
-0.19493104 0.98817669
-0.19642408 0.98810777
-0.19791861 0.98803885
-0.19941313 0.98797619
-0.20090913 0.98790727
-0.20240661 0.98784461
-0.20390557 0.98777569
-0.20540453 0.98771303
-0.20690496 0.98765038
-0.20840540 0.98758772
-0.20990879 0.98752506
-0.21141218 0.98746241
-0.21291705 0.98739975
-0.21442193 0.98733709
-0.21592827 0.98727444
-0.21743610 0.98721178
-0.21894541 0.98715539
-0.22045471 0.98709273
-0.22196550 0.98703008
-0.22347628 0.98697368
-0.22499002 0.98691103
-0.22650376 0.98684837
-0.22801750 0.98678571
-0.22953272 0.98672306
-0.23104942 0.98665414
-0.23256759 0.98658521
-0.23408577 0.98651003
-0.23560542 0.98642857
-0.23712508 0.98634085
-0.23864621 0.98624687
-0.24016882 0.98615915
-0.24169143 0.98606516
-0.24321552 0.98597744
-0.24474108 0.98588346
-0.24626665 0.98579574
-0.24779369 0.98570802
-0.24932074 0.98562030
-0.25084926 0.98553258
-0.25237926 0.98545113
-0.25390926 0.98536341
-0.25544074 0.98527569
-0.25697222 0.98519424
-0.25850518 0.98510652
-0.26003962 0.98502506
-0.26157405 0.98493734
-0.26310997 0.98485589
-0.26464588 0.98476817
-0.26618327 0.98468672
-0.26772067 0.98459900
-0.26925954 0.98451754
-0.27079989 0.98442982
-0.27234024 0.98434837
-0.27388059 0.98426692
-0.27542241 0.98417920
-0.27696572 0.98409774
-0.27850902 0.98401003
-0.28005381 0.98392857
-0.28159859 0.98384712
-0.28314485 0.98375940
-0.28469112 0.98367794
-0.28623886 0.98359649
-0.28778808 0.98351504
-0.28933730 0.98343358
-0.29088651 0.98335213
-0.29243721 0.98327068
-0.29398791 0.98318922
-0.29554008 0.98311404
-0.29709226 0.98303258
-0.29864591 0.98295739
-0.30019957 0.98288221
-0.30175470 0.98280702
-0.30330983 0.98273810
-0.30486644 0.98266917
-0.30642305 0.98259398
-0.30798114 0.98252506
-0.30953923 0.98244987
-0.31109731 0.98237469
-0.31265688 0.98229950
-0.31421793 0.98222431
-0.31577749 0.98214912
-0.31734002 0.98206767
-0.31890106 0.98199248
-0.32046358 0.98191103
-0.32202758 0.98182957
-0.32359159 0.98174812
-0.32515559 0.98166667
-0.32672107 0.98157895
-0.32828655 0.98149749
-0.32985350 0.98140977
-0.33142046 0.98132206
-0.33298742 0.98124060
-0.33455586 0.98114662
-0.33612429 0.98105890
-0.33769273 0.98097118
-0.33926264 0.98087719
-0.34083256 0.98078947
-0.34240395 0.98069549
-0.34397534 0.98060150
-0.34554674 0.98050752
-0.34711961 0.98041353
-0.34869248 0.98031955
-0.35026535 0.98021930
-0.35183970 0.98012531
-0.35341405 0.98002506
-0.35498840 0.97993108
-0.35656422 0.97983083
-0.35814005 0.97973058
-0.35971588 0.97963033
-0.36129171 0.97952381
-0.36286901 0.97942356
-0.36444780 0.97932331
-0.36602510 0.97921679
-0.36760388 0.97911654
-0.36918267 0.97901003
-0.37076145 0.97890351
-0.37234172 0.97879699
-0.37392198 0.97869048
-0.37550224 0.97858396
-0.37708398 0.97847744
-0.37866424 0.97836466
-0.38024598 0.97825188
-0.38182920 0.97813910
-0.38341094 0.97802632
-0.38499416 0.97791353
-0.38657738 0.97779449
-0.38816060 0.97767544
-0.38974382 0.97755639
-0.39132851 0.97743734
-0.39291321 0.97731830
-0.39449791 0.97719298
-0.39608261 0.97706767
-0.39766878 0.97694236
-0.39925496 0.97681078
-0.40084113 0.97668546
-0.40242731 0.97655388
-0.40401348 0.97642231
-0.40560114 0.97628446
-0.40718731 0.97615288
-0.40877496 0.97601504
-0.41036262 0.97587719
-0.41195175 0.97573308
-0.41353940 0.97559524
-0.41512853 0.97545113
-0.41671619 0.97530075
-0.41830532 0.97515664
-0.41989445 0.97500627
-0.42148358 0.97485589
-0.42307419 0.97470551
-0.42466333 0.97455514
-0.42625394 0.97439850
-0.42784307 0.97424185
-0.42943368 0.97408521
-0.43102429 0.97392231
-0.43261490 0.97375940
-0.43420551 0.97359649
-0.43579612 0.97343358
-0.43738821 0.97326441
-0.43897882 0.97309524
-0.44057090 0.97292607
-0.44216151 0.97275689
-0.44375360 0.97258145
-0.44534569 0.97241228
-0.44693778 0.97223684
-0.44852839 0.97205514
-0.45012048 0.97187970
-0.45171257 0.97169799
-0.45330613 0.97152256
-0.45489822 0.97134085
-0.45649031 0.97115915
-0.45808240 0.97097744
-0.45967449 0.97078947
-0.46126658 0.97060777
-0.46286014 0.97042607
-0.46445223 0.97024436
-0.46604432 0.97006266
-0.46763788 0.96988095
-0.46922997 0.96969925
-0.47082206 0.96951128
-0.47241563 0.96931078
-0.47400772 0.96911028
-0.47559980 0.96890977
-0.47719337 0.96869674
-0.47878546 0.96848371
-0.48037755 0.96826441
-0.48196964 0.96804511
-0.48356320 0.96781955
-0.48515529 0.96759398
-0.48674738 0.96736216
-0.48833947 0.96713033
-0.48993156 0.96689850
-0.49152364 0.96666040
-0.49311573 0.96641604
-0.49470782 0.96617794
-0.49629843 0.96592732
-0.49789052 0.96568296
-0.49948261 0.96543233
-0.50107322 0.96518170
-0.50266383 0.96493108
-0.50425592 0.96467419
-0.50584653 0.96441729
-0.50743714 0.96416040
-0.50902775 0.96389724
-0.51061836 0.96363409
-0.51220897 0.96337093
-0.51379958 0.96310150
-0.51538871 0.96283208
-0.51697932 0.96256266
-0.51856845 0.96229323
-0.52015758 0.96201754
-0.52174671 0.96173559
-0.52333585 0.96145990
-0.52492498 0.96117168
-0.52651263 0.96088972
-0.52810029 0.96060150
-0.52968942 0.96030702
-0.53127707 0.96001253
-0.53286472 0.95971178
-0.53445090 0.95941103
-0.53603855 0.95910401
-0.53762473 0.95879073
-0.53921090 0.95847118
-0.54079708 0.95814536
-0.54238325 0.95781328
-0.54396943 0.95746867
-0.54555413 0.95711779
-0.54713882 0.95675439
-0.54872352 0.95638471
-0.55030822 0.95602130
-0.55189144 0.95565163
-0.55347466 0.95528822
-0.55505787 0.95492481
-0.55664109 0.95455514
-0.55822283 0.95419173
-0.55980605 0.95382832
-0.56138779 0.95346491
-0.56296805 0.95309524
-0.56454980 0.95272556
-0.56613006 0.95235589
-0.56771032 0.95198622
-0.56929058 0.95161028
-0.57086937 0.95122807
-0.57244815 0.95085213
-0.57402693 0.95046366
-0.57560424 0.95007519
-0.57718302 0.94968672
-0.57875885 0.94929198
-0.58033616 0.94889098
-0.58191198 0.94848997
-0.58348781 0.94807644
-0.58506364 0.94766917
-0.58663799 0.94724937
-0.58821234 0.94682957
-0.58978669 0.94639724
-0.59135956 0.94596491
-0.59293243 0.94552632
-0.59450530 0.94508772
-0.59607669 0.94463659
-0.59764808 0.94418546
-0.59921800 0.94372180
-0.60078939 0.94325815
-0.60235783 0.94278195
-0.60392774 0.94230576
-0.60549618 0.94182331
-0.60706461 0.94133459
-0.60863157 0.94083960
-0.61019853 0.94033835
-0.61176401 0.93983083
-0.61333097 0.93931704
-0.61489497 0.93880326
-0.61646045 0.93827694
-0.61802445 0.93774436
-0.61958697 0.93721178
-0.62114950 0.93667293
-0.62271202 0.93612782
-0.62427306 0.93557644
-0.62583411 0.93501880
-0.62739368 0.93446115
-0.62895324 0.93389098
-0.63051133 0.93332707
-0.63207090 0.93275063
-0.63362751 0.93217419
-0.63518412 0.93159774
-0.63674073 0.93102130
-0.63829586 0.93043860
-0.63985099 0.92985589
-0.64140464 0.92927945
-0.64295830 0.92869674
-0.64451047 0.92811404
-0.64606265 0.92752506
-0.64761335 0.92692356
-0.64916404 0.92630952
-0.65071326 0.92568296
-0.65226248 0.92505013
-0.65381022 0.92440476
-0.65535796 0.92375313
-0.65690570 0.92309524
-0.65845049 0.92242481
-0.65999675 0.92175439
-0.66154005 0.92107143
-0.66308484 0.92038221
-0.66462666 0.91968672
-0.66616849 0.91899123
-0.66771032 0.91828321
-0.66925067 0.91756892
-0.67078954 0.91685464
-0.67232841 0.91613409
-0.67386728 0.91540727
-0.67540467 0.91467419
-0.67694059 0.91393484
-0.67847650 0.91318922
-0.68001094 0.91244361
-0.68154390 0.91168546
-0.68307685 0.91092732
-0.68460833 0.91016291
-0.68613981 0.90939850
-0.68766982 0.90862155
-0.68919982 0.90784461
-0.69072834 0.90705514
-0.69225538 0.90626566
-0.69378243 0.90546992
-0.69530800 0.90467419
-0.69683356 0.90386591
-0.69835765 0.90305138
-0.69988026 0.90223684
-0.70140287 0.90140977
-0.70292400 0.90057644
-0.70444366 0.89974311
-0.70596331 0.89889724
-0.70748148 0.89804511
-0.70899966 0.89718045
-0.71051488 0.89631579
-0.71203158 0.89543860
-0.71354532 0.89454887
-0.71505906 0.89364662
-0.71657132 0.89273183
-0.71808358 0.89180451
-0.71959436 0.89085840
-0.72110367 0.88989348
-0.72261150 0.88890351
-0.72411933 0.88790100
-0.72562567 0.88689223
-0.72713202 0.88589599
-0.72863542 0.88491228
-0.73014029 0.88394110
-0.73164220 0.88296992
-0.73314412 0.88201128
-0.73464307 0.88104637
-0.73614351 0.88008772
-0.73764099 0.87912281
-0.73913847 0.87815163
-0.74063447 0.87717419
-0.74212899 0.87618421
-0.74362352 0.87518170
-0.74511656 0.87416040
-0.74660813 0.87312030
-0.74809822 0.87206140
-0.74958830 0.87097744
-0.75107691 0.86987469
-0.75256405 0.86874687
-0.75405118 0.86758772
-0.75553535 0.86640977
-0.75701953 0.86520677
-0.75850222 0.86397870
-0.75998492 0.86273183
-0.76146466 0.86146617
-0.76294440 0.86018797
-0.76442266 0.85889098
-0.76590093 0.85758145
-0.76737623 0.85625940
-0.76885154 0.85493108
-0.77032537 0.85360276
-0.77179771 0.85226817
-0.77326859 0.85092732
-0.77473946 0.84959900
-0.77620885 0.84826441
-0.77767528 0.84694236
-0.77914320 0.84562657
-0.78060816 0.84431704
-0.78207164 0.84301378
-0.78353512 0.84171679
-0.78499712 0.84042607
-0.78645764 0.83914160
-0.78791669 0.83785714
-0.78937573 0.83657268
-0.79083182 0.83528195
-0.79228791 0.83399123
-0.79374252 0.83269424
-0.79519565 0.83139098
-0.79664730 0.83008145
-0.79809748 0.82875313
-0.79954765 0.82741855
-0.80099487 0.82606516
-0.80244209 0.82469298
-0.80388783 0.82330201
-0.80533209 0.82189223
-0.80677488 0.82046366
-0.80821618 0.81901003
-0.80965749 0.81753759
-0.81109584 0.81604010
-0.81253418 0.81452381
-0.81397106 0.81298872
-0.81540645 0.81143484
-0.81684036 0.80986842
-0.81827280 0.80828947
-0.81970376 0.80669173
-0.82113324 0.80508772
-0.82256272 0.80347744
-0.82398924 0.80186090
-0.82541576 0.80023810
-0.82684081 0.79860902
-0.82826289 0.79697995
-0.82968498 0.79535088
-0.83110559 0.79371554
-0.83252472 0.79208647
-0.83394238 0.79045113
-0.83536003 0.78882206
-0.83677473 0.78719298
-0.83818795 0.78555764
-0.83960116 0.78392857
-0.84101143 0.78229323
-0.84242169 0.78066416
-0.84382899 0.77902882
-0.84523630 0.77739348
-0.84664213 0.77575815
-0.84804648 0.77411654
-0.84944787 0.77247494
-0.85084926 0.77082707
-0.85224918 0.76917920
-0.85364761 0.76753133
-0.85504457 0.76587093
-0.85644005 0.76421679
-0.85783405 0.76255013
-0.85922657 0.76088346
-0.86061762 0.75921053
-0.86200866 0.75753759
-0.86339675 0.75585213
-0.86478336 0.75416667
-0.86616849 0.75248120
-0.86755215 0.75078321
-0.86893580 0.74907895
-0.87031650 0.74737469
-0.87169571 0.74566416
-0.87307345 0.74394110
-0.87445120 0.74221805
-0.87582598 0.74048246
-0.87719928 0.73874687
-0.87857259 0.73699875
-0.87994294 0.73525063
-0.88131181 0.73348371
-0.88267920 0.73171679
-0.88404659 0.72994361
-0.88541103 0.72815163
-0.88677399 0.72635965
-0.88813547 0.72455514
-0.88949695 0.72273810
-0.89085547 0.72091479
-0.89221251 0.71907895
-0.89356808 0.71723058
-0.89492217 0.71536967
-0.89627478 0.71349624
-0.89762591 0.71161028
-0.89897556 0.70970551
-0.90032374 0.70778822
-0.90167044 0.70585840
-0.90301565 0.70390977
-0.90435940 0.70194236
-0.90570166 0.69995614
-0.90704096 0.69795113
-0.90838027 0.69592105
-0.90971810 0.69387218
-0.91105297 0.69179825
-0.91238784 0.68969925
-0.91371975 0.68758145
-0.91505167 0.68541980
-0.91638062 0.68320802
-0.91770810 0.68093358
-0.91903410 0.67859023
-0.92036010 0.67619048
-0.92168315 0.67372807
-0.92300472 0.67120301
-0.92432480 0.66860902
-0.92564341 0.66593985
-0.92695907 0.66319549
-0.92827472 0.66035714
-0.92958890 0.65742481
-0.93090011 0.65437970
-0.93221133 0.65120927
-0.93351959 0.64789474
-0.93482786 0.64441729
-0.93613316 0.64075188
-0.93743699 0.63687970
-0.93873934 0.63275689
-0.94004021 0.62838346
-0.94133960 0.62380576
-0.94263604 0.61911090
-0.94393247 0.61418358
-0.94522743 0.60881078
-0.94651943 0.60182456
-0.94781143 0.59202820
-0.94910048 0.57688784
-0.95038804 0.56217857
-0.95167118 0.56220489
-0.95295431 0.57290351
-0.95423744 0.57947243
-0.95551909 0.58122995
-0.95679779 0.58216729
-0.95807353 0.58267669
-0.95934927 0.58307331
-0.96062353 0.58361591
-0.96189631 0.58440727
-0.96316762 0.58668170
