# s/c    P_w
1.28119503 0.64534066
1.27992372 0.64347522
1.27865242 0.64177020
1.27738111 0.64021700
1.27610981 0.63880733
1.27483850 0.63753317
1.27356719 0.63638679
1.27229589 0.63536073
1.27102458 0.63444783
1.26975328 0.63364115
1.26848197 0.63293404
1.26721067 0.63232009
1.26593936 0.63179314
1.26466806 0.63134727
1.26339675 0.63097681
1.26212545 0.63067630
1.26085414 0.63044052
1.25958283 0.63026446
1.25831153 0.63014334
1.25704022 0.63007257
1.25576892 0.63004777
1.25449761 0.63006477
1.25322631 0.63011959
1.25195500 0.63020843
1.25068370 0.63032769
1.24941239 0.63047392
1.24814109 0.63064388
1.24686978 0.63083448
1.24559847 0.63104279
1.24432717 0.63126606
1.24305586 0.63150167
1.24178456 0.63174718
1.24051325 0.63200027
1.23924195 0.63225879
1.23797064 0.63252069
1.23669934 0.63278408
1.23542803 0.63304721
1.23415673 0.63330842
1.23288542 0.63356619
1.23161411 0.63381913
1.23034281 0.63406594
1.22907150 0.63430544
1.22780020 0.63453655
1.22652889 0.63475830
1.22525759 0.63496980
1.22398628 0.63517027
1.22271498 0.63535901
1.22144367 0.63553542
1.22017237 0.63569895
1.21890106 0.63584918
1.21762975 0.63598571
1.21635845 0.63610826
1.21508714 0.63621658
1.21381584 0.63631052
1.21254453 0.63638996
1.21127323 0.63645486
1.21000192 0.63650523
1.20873062 0.63654114
1.20744453 0.63656269
1.20617322 0.63657005
1.20490192 0.63656343
1.20363061 0.63654307
1.20235931 0.63650925
1.20108800 0.63646230
1.19981670 0.63640256
1.19854539 0.63633043
1.19727408 0.63624632
1.19600278 0.63615066
1.19473147 0.63604392
1.19346017 0.63592657
1.19218886 0.63579913
1.19091756 0.63566211
1.18964625 0.63551603
1.18837495 0.63536145
1.18710364 0.63519892
1.18583234 0.63502900
1.18456103 0.63485226
1.18328972 0.63466927
1.18201842 0.63448060
1.18074711 0.63428684
1.17946103 0.63408855
1.17818972 0.63388630
1.17691841 0.63368067
1.17564711 0.63347221
1.17437580 0.63326149
1.17310450 0.63304903
1.17183319 0.63283538
1.17056189 0.63262106
1.16929058 0.63240658
1.16801928 0.63219244
1.16674797 0.63197911
1.16547667 0.63176706
1.16420536 0.63155675
1.16293405 0.63134859
1.16166275 0.63114300
1.16039144 0.63094038
1.15912014 0.63074108
1.15783405 0.63054546
1.15656274 0.63035384
1.15529144 0.63016653
1.15402013 0.62989445
1.15274883 0.62973363
1.15147752 0.62960743
1.15020622 0.62950883
1.14893491 0.62942204
1.14766361 0.62933689
1.14639230 0.62925999
1.14512100 0.62920498
1.14384969 0.62917849
1.14257838 0.62917750
1.14130708 0.62919413
1.14002099 0.62922445
1.13874969 0.62925677
1.13747838 0.62927288
1.13620707 0.62925578
1.13493577 0.62919123
1.13366446 0.62908041
1.13239316 0.62892846
1.13112185 0.62874547
1.12985055 0.62854486
1.12857924 0.62833757
1.12730794 0.62813414
1.12603663 0.62794516
1.12475054 0.62777879
1.12347924 0.62763889
1.12220793 0.62752254
1.12093663 0.62742216
1.11966532 0.62732866
1.11839402 0.62723541
1.11712271 0.62713906
1.11585141 0.62703833
1.11458010 0.62693399
1.11330879 0.62682707
1.11203749 0.62671856
1.11075140 0.62660968
1.10948010 0.62650139
1.10820879 0.62639459
1.10693748 0.62628985
1.10566618 0.62618753
1.10439487 0.62608768
1.10312357 0.62599039
1.10185226 0.62589555
1.10058096 0.62580313
1.09930965 0.62571345
1.09802356 0.62562634
1.09675226 0.62554156
1.09548095 0.62545885
1.09420965 0.62537790
1.09293834 0.62529846
1.09166704 0.62522008
1.09039573 0.62514224
1.08912443 0.62506422
1.08783834 0.62498495
1.08656703 0.62490328
1.08529573 0.62481797
1.08402442 0.62472778
1.08275312 0.62463068
1.08148181 0.62452312
1.08021050 0.62440206
1.07893920 0.62426843
1.07766789 0.62412903
1.07638181 0.62399267
1.07511050 0.62386544
1.07383919 0.62374941
1.07256789 0.62364358
1.07129658 0.62354558
1.07002528 0.62345217
1.06875397 0.62335940
1.06746788 0.62326317
1.06619658 0.62316001
1.06492527 0.62304772
1.06365397 0.62292530
1.06238266 0.62279170
1.06111136 0.62264583
1.05984005 0.62248570
1.05856875 0.62230931
1.05728266 0.62211840
1.05601135 0.62191672
1.05474005 0.62170806
1.05346874 0.62149620
1.05219744 0.62128319
1.05092613 0.62106983
1.04965483 0.62085694
1.04836874 0.62064421
1.04709743 0.62043050
1.04582613 0.62021427
1.04455482 0.61999382
1.04328352 0.61976820
1.04201221 0.61953694
1.04072612 0.61929972
1.03945482 0.61905613
1.03818351 0.61880565
1.03691221 0.61854790
1.03564090 0.61828261
1.03436960 0.61800973
1.03309829 0.61773105
1.03181220 0.61744921
1.03054090 0.61716670
1.02926959 0.61688590
1.02799829 0.61660881
1.02672698 0.61633734
1.02545567 0.61607311
1.02416959 0.61581648
1.02289828 0.61556531
1.02162698 0.61531534
1.02035567 0.61506204
1.01908436 0.61480266
1.01779828 0.61453665
1.01652697 0.61426479
1.01525567 0.61398827
1.01398436 0.61370825
1.01271305 0.61342579
1.01144175 0.61314165
1.01015566 0.61285670
1.00888436 0.61257154
1.00761305 0.61228639
1.00634174 0.61200160
1.00507044 0.61171732
1.00378435 0.61143379
1.00251305 0.61115161
1.00124174 0.61087268
0.99997043 0.61059935
0.99869913 0.61033383
0.99742782 0.61007794
0.99614174 0.60983095
0.99487043 0.60959171
0.99359912 0.60935996
0.99232782 0.60913546
0.99105651 0.60891794
0.98977043 0.60870670
0.98849912 0.60850024
0.98722781 0.60829627
0.98595651 0.60809236
0.98468520 0.60788601
0.98339912 0.60767512
0.98212781 0.60745768
0.98085651 0.60723202
0.97958520 0.60699814
0.97829911 0.60675760
0.97702781 0.60651435
0.97575650 0.60627307
0.97448520 0.60603839
0.97321389 0.60581502
0.97192780 0.60560489
0.97065650 0.60540896
0.96938519 0.60522735
0.96811389 0.60505823
0.96682780 0.60489786
0.96555649 0.60474096
0.96428519 0.60458220
0.96301388 0.60441729
0.96174258 0.60424200
0.96045649 0.60405056
0.95918518 0.60383746
0.95791388 0.60360115
0.95664257 0.60335036
0.95535648 0.60309925
0.95408518 0.60286005
0.95281387 0.60263980
0.95154257 0.60243861
0.95025648 0.60225481
0.94898517 0.60208636
0.94771387 0.60193101
0.94644256 0.60178626
0.94515647 0.60164841
0.94388517 0.60151415
0.94261386 0.60137906
0.94134256 0.60123536
0.94005647 0.60107456
0.93878516 0.60089080
0.93751386 0.60068563
0.93624255 0.60046607
0.93495647 0.60023987
0.93368516 0.60001427
0.93241385 0.59979331
0.93114255 0.59957846
0.92985646 0.59936999
0.92858516 0.59916794
0.92731385 0.59897259
0.92604254 0.59878364
0.92475646 0.59859968
0.92348515 0.59841599
0.92221385 0.59822554
0.92094254 0.59802053
0.91965645 0.59779402
0.91838515 0.59754513
0.91711384 0.59727572
0.91582775 0.59698897
0.91455645 0.59668954
0.91328514 0.59638268
0.91201384 0.59607352
0.91072775 0.59576715
0.90945644 0.59546909
0.90818514 0.59518157
0.90691383 0.59490492
0.90562774 0.59463818
0.90435644 0.59437903
0.90308513 0.59412490
0.90179905 0.59387300
0.90052774 0.59362053
0.89925643 0.59336516
0.89797035 0.59310454
0.89669904 0.59283542
0.89542774 0.59255528
0.89415643 0.59226216
0.89287034 0.59195517
0.89159904 0.59163508
0.89032773 0.59130317
0.88904164 0.59096256
0.88777034 0.59061881
0.88649903 0.59027890
0.88521294 0.58994972
0.88394164 0.58963588
0.88267033 0.58934158
0.88138424 0.58907149
0.88011294 0.58882915
0.87884163 0.58861641
0.87757033 0.58843295
0.87628424 0.58827610
0.87501293 0.58814057
0.87374163 0.58801940
0.87245554 0.58790433
0.87118424 0.58778558
0.86991293 0.58765301
0.86862684 0.58749846
0.86735554 0.58731806
0.86608423 0.58711276
0.86479814 0.58688887
0.86352684 0.58665507
0.86225553 0.58642123
0.86096944 0.58619729
0.85969814 0.58598679
0.85842683 0.58579021
0.85714075 0.58560667
0.85586944 0.58543350
0.85459813 0.58526713
0.85331205 0.58510374
0.85204074 0.58493835
0.85076944 0.58476372
0.84948335 0.58457802
0.84821204 0.58438512
0.84692595 0.58419261
0.84565465 0.58400858
0.84438334 0.58383754
0.84309725 0.58368182
0.84182595 0.58354120
0.84055464 0.58341384
0.83926856 0.58329746
0.83799725 0.58318932
0.83672594 0.58308654
0.83543986 0.58298605
0.83416855 0.58288492
0.83288246 0.58278066
0.83161116 0.58267126
0.83033985 0.58255542
0.82905376 0.58243269
0.82778246 0.58230480
0.82651115 0.58217735
0.82522507 0.58205881
0.82395376 0.58195620
0.82266767 0.58187088
0.82139637 0.58179949
0.82012506 0.58173715
0.81883897 0.58168007
0.81756767 0.58162579
0.81628158 0.58157162
0.81501027 0.58151404
0.81373897 0.58144960
0.81245288 0.58137655
0.81118157 0.58129528
0.80989549 0.58120761
0.80862418 0.58111470
0.80735288 0.58101794
0.80606679 0.58091984
0.80479548 0.58082441
0.80350939 0.58073733
0.80223809 0.58066177
0.80096678 0.58059850
0.79968070 0.58054724
0.79840939 0.58050587
0.79712330 0.58047228
0.79585200 0.58044345
0.79458069 0.58041488
0.79329460 0.58038413
0.79202330 0.58034972
0.79073721 0.58031071
0.78946590 0.58026734
0.78817982 0.58022005
0.78690851 0.58016975
0.78563720 0.58011738
0.78435112 0.58006476
0.78307981 0.58001509
0.78179372 0.57997334
0.78052242 0.57994542
0.77923633 0.57993470
0.77796502 0.57994153
0.77669372 0.57996457
0.77540763 0.58000113
0.77413633 0.58004771
0.77285024 0.58009992
0.77157893 0.58015205
0.77029284 0.58019625
0.76902154 0.58022556
0.76773545 0.58023792
0.76646414 0.58023552
0.76517806 0.58022202
0.76390675 0.58020019
0.76263545 0.58017135
0.76134936 0.58013601
0.76007805 0.58009403
0.75879196 0.58004484
0.75752066 0.57998778
0.75623457 0.57992232
0.75496327 0.57984801
0.75367718 0.57976474
0.75240587 0.57967314
0.75111978 0.57957431
0.74984848 0.57947019
0.74856239 0.57936348
0.74729108 0.57925702
0.74600500 0.57915244
0.74473369 0.57905036
0.74344760 0.57895007
0.74217630 0.57884924
0.74089021 0.57874625
0.73961890 0.57863953
0.73833282 0.57852721
0.73706151 0.57840763
0.73577542 0.57827877
0.73450412 0.57813882
0.73321803 0.57798837
0.73194672 0.57783247
0.73066064 0.57768015
0.72938933 0.57754086
0.72810324 0.57741824
0.72683194 0.57730956
0.72554585 0.57720870
0.72427454 0.57710975
0.72298845 0.57701072
0.72171715 0.57691116
0.72043106 0.57681049
0.71915976 0.57670615
0.71787367 0.57659120
0.71660236 0.57645669
0.71531627 0.57629541
0.71404497 0.57611275
0.71275888 0.57592299
0.71148758 0.57573950
0.71020149 0.57557088
0.70893018 0.57541637
0.70764409 0.57527302
0.70635801 0.57513852
0.70508670 0.57501267
0.70380061 0.57489751
0.70252931 0.57479557
0.70124322 0.57470215
0.69997191 0.57460351
0.69868582 0.57448932
0.69741452 0.57435557
0.69612843 0.57420743
0.69484234 0.57405269
0.69357104 0.57389602
0.69228495 0.57374030
0.69101364 0.57358366
0.68972756 0.57342379
0.68845625 0.57325637
0.68717016 0.57307335
0.68589886 0.57287170
0.68461277 0.57266047
0.68332668 0.57245898
0.68205538 0.57228298
0.68076929 0.57213787
0.67949798 0.57202439
0.67821189 0.57194224
0.67692581 0.57189265
0.67565450 0.57187574
0.67436841 0.57188566
0.67309711 0.57190505
0.67181102 0.57191127
0.67053971 0.57189227
0.66925363 0.57184518
0.66796754 0.57177441
0.66669623 0.57169100
0.66541014 0.57161030
0.66413884 0.57155130
0.66285275 0.57152440
0.66156666 0.57153052
0.66029536 0.57156477
0.65900927 0.57162022
0.65772318 0.57169589
0.65645188 0.57179399
0.65516579 0.57191490
0.65389448 0.57205468
0.65260839 0.57220829
0.65132231 0.57237040
0.65005100 0.57253529
0.64876491 0.57269808
0.64749361 0.57285391
0.64620752 0.57299851
0.64492143 0.57312768
0.64365012 0.57323775
0.64236404 0.57332426
0.64107795 0.57338158
0.63980664 0.57340749
0.63852056 0.57340716
0.63723447 0.57339166
0.63596316 0.57337571
0.63467707 0.57337170
0.63339099 0.57339217
0.63211968 0.57345048
0.63083359 0.57355154
0.62954750 0.57369569
0.62827620 0.57387858
0.62699011 0.57408251
0.62571880 0.57428264
0.62443272 0.57446295
0.62314663 0.57462085
0.62187532 0.57476159
0.62058924 0.57489345
0.61930315 0.57502345
0.61801706 0.57515172
0.61674575 0.57527770
0.61545967 0.57540161
0.61417358 0.57551882
0.61290227 0.57562355
0.61161618 0.57571430
0.61033010 0.57579960
0.60905879 0.57589767
0.60777270 0.57602993
0.60648661 0.57620724
0.60521531 0.57642142
0.60392922 0.57665694
0.60264313 0.57689280
0.60137183 0.57710668
0.60008574 0.57728819
0.59879965 0.57743674
0.59751356 0.57755931
0.59624226 0.57767064
0.59495617 0.57779177
0.59367008 0.57793915
0.59239878 0.57811488
0.59111269 0.57830664
0.58982660 0.57849693
0.58854051 0.57868194
0.58726921 0.57886728
0.58598312 0.57906515
0.58469703 0.57929312
0.58341094 0.57955840
0.58213964 0.57985772
0.58085355 0.58018158
0.57956746 0.58050819
0.57829616 0.58080979
0.57701007 0.58107449
0.57572398 0.58130154
0.57443789 0.58149674
0.57316659 0.58167384
0.57188050 0.58184770
0.57059441 0.58203552
0.56930832 0.58225322
0.56803702 0.58250645
0.56675093 0.58279238
0.56546484 0.58310321
0.56417875 0.58342835
0.56289266 0.58375289
0.56162136 0.58405816
0.56033527 0.58433515
0.55904918 0.58458532
0.55776309 0.58482569
0.55649179 0.58507999
0.55520570 0.58535627
0.55391961 0.58564744
0.55263352 0.58593352
0.55134744 0.58619164
0.55007613 0.58641828
0.54879004 0.58662298
0.54750395 0.58682562
0.54621787 0.58705424
0.54494656 0.58731014
0.54366047 0.58757804
0.54237438 0.58783880
0.54108830 0.58806639
0.53980221 0.58824526
0.53853090 0.58839072
0.53724481 0.58854121
0.53595873 0.58872190
0.53467264 0.58893972
0.53338655 0.58917705
0.53210046 0.58939281
0.53082916 0.58956722
0.52954307 0.58971025
0.52825698 0.58985571
0.52697089 0.59004647
0.52568480 0.59029464
0.52439872 0.59059199
0.52312741 0.59091359
0.52184132 0.59122037
0.52055524 0.59149300
0.51926915 0.59173073
0.51798306 0.59194387
0.51669697 0.59215328
0.51542567 0.59237868
0.51413958 0.59263272
0.51285349 0.59291746
0.51156740 0.59322708
0.51028131 0.59354964
0.50899523 0.59387047
0.50770914 0.59418496
0.50643783 0.59449719
0.50515174 0.59481685
0.50386566 0.59515571
0.50257957 0.59551576
0.50129348 0.59589250
0.50000739 0.59627981
0.49872130 0.59666959
0.49743522 0.59705339
0.49616391 0.59742629
0.49487782 0.59778637
0.49359173 0.59813527
0.49230565 0.59847793
0.49101956 0.59882081
0.48973347 0.59917273
0.48844738 0.59954152
0.48716129 0.59993426
0.48587521 0.60035035
0.48460390 0.60078027
0.48331781 0.60120539
0.48203172 0.60160421
0.48074564 0.60197829
0.47945955 0.60234524
0.47817346 0.60272524
0.47688737 0.60313463
0.47560128 0.60357706
0.47431520 0.60404175
0.47302911 0.60450573
0.47174302 0.60494877
0.47045693 0.60535803
0.46917084 0.60574211
0.46789954 0.60613656
0.46661345 0.60656709
0.46532736 0.60703614
0.46404127 0.60750421
0.46275519 0.60790374
0.46146910 0.60823742
0.46018301 0.60856392
0.45889692 0.60893832
0.45761083 0.60939400
0.45632474 0.60992018
0.45503866 0.61049472
0.45375257 0.61111726
0.45246648 0.61179116
0.45118039 0.61252361
0.44989430 0.61327626
0.44860822 0.61396382
0.44732213 0.61455795
0.44603604 0.61508819
0.44474995 0.61560523
0.44346386 0.61614618
0.44217778 0.61671632
0.44089169 0.61730339
0.43960560 0.61788820
0.43831951 0.61846137
0.43703342 0.61901939
0.43574734 0.61955778
0.43446125 0.62007534
0.43317516 0.62056935
0.43188907 0.62103845
0.43060298 0.62148926
0.42931690 0.62193393
0.42803081 0.62238326
0.42674472 0.62283923
0.42545863 0.62330323
0.42417254 0.62379210
0.42288645 0.62431690
0.42160037 0.62487925
0.42031428 0.62543934
0.41902819 0.62591149
0.41774210 0.62626661
0.41645601 0.62653988
0.41516993 0.62677955
0.41388384 0.62700967
0.41259775 0.62722951
0.41131166 0.62745303
0.41002557 0.62770097
0.40873949 0.62797458
0.40745340 0.62824822
0.40616731 0.62849876
0.40488122 0.62872670
0.40359513 0.62895321
0.40230905 0.62921741
0.40102296 0.62954807
0.39973687 0.62993704
0.39843600 0.63034972
0.39714991 0.63075172
0.39586382 0.63112895
0.39457773 0.63148291
0.39329165 0.63181816
0.39200556 0.63213659
0.39071947 0.63243491
0.38943338 0.63270985
0.38814729 0.63296458
0.38686121 0.63320714
0.38557512 0.63344807
0.38428903 0.63370138
0.38298816 0.63397938
0.38170207 0.63428174
0.38041598 0.63459180
0.37912989 0.63489041
0.37784381 0.63517588
0.37655772 0.63545738
0.37527163 0.63573846
0.37398554 0.63601819
0.37269945 0.63628950
0.37139858 0.63653907
0.37011250 0.63676325
0.36882641 0.63697929
0.36754032 0.63721050
0.36625423 0.63746894
0.36496814 0.63775079
0.36368206 0.63803981
0.36238118 0.63831779
0.36109510 0.63857629
0.35980901 0.63881377
0.35852292 0.63902733
0.35723683 0.63921384
0.35595074 0.63937848
0.35466466 0.63953889
0.35336379 0.63971457
0.35207770 0.63991484
0.35079161 0.64013293
0.34950552 0.64035614
0.34821943 0.64057816
0.34693335 0.64078762
0.34563247 0.64097280
0.34434639 0.64113461
0.34306030 0.64127666
0.34177421 0.64140554
0.34048812 0.64152914
0.33918725 0.64165247
0.33790116 0.64177763
0.33661508 0.64190269
0.33532899 0.64202780
0.33404290 0.64216096
0.33275681 0.64231761
0.33145594 0.64250582
0.33016985 0.64272608
0.32888376 0.64296983
0.32759768 0.64321597
0.32629681 0.64344532
0.32501072 0.64364469
0.32372463 0.64380637
0.32243854 0.64394013
0.32115245 0.64407393
0.31985158 0.64423331
0.31856549 0.64444202
0.31727941 0.64472092
0.31599332 0.64507460
0.31469245 0.64549782
0.31340636 0.64598629
0.31212027 0.64653745
0.31083418 0.64714485
0.30953331 0.64778951
0.30824722 0.64844882
0.30696114 0.64911250
0.30567505 0.64979168
0.30437418 0.65051782
0.30308809 0.65132064
0.30180200 0.65221849
0.30051591 0.65320549
0.29921504 0.65425522
0.29792895 0.65534441
0.29664287 0.65646258
0.29534200 0.65762148
0.29405591 0.65885279
0.29276982 0.66017949
0.29148373 0.66161186
0.29018286 0.66313610
0.28889677 0.66470512
0.28761068 0.66628258
0.28630981 0.66787794
0.28502373 0.66952297
0.28373764 0.67125126
0.28243677 0.67307922
0.28115068 0.67497840
0.27986459 0.67690896
0.27857850 0.67885097
0.27727763 0.68079390
0.27599154 0.68274608
0.27470546 0.68474728
0.27340459 0.68683301
0.27211850 0.68901735
0.27083241 0.69128329
0.26953154 0.69358291
0.26824545 0.69587978
0.26695936 0.69815643
0.26565849 0.70042233
0.26437240 0.70271247
0.26307153 0.70504954
0.26178545 0.70744149
0.26049936 0.70988935
0.25919849 0.71238503
0.25791240 0.71491672
0.25662631 0.71747400
0.25532544 0.72005227
0.25403935 0.72265151
0.25275326 0.72527636
0.25145239 0.72793499
0.25016630 0.73062902
0.24886543 0.73335738
0.24757935 0.73611607
0.24629326 0.73889524
0.24499239 0.74168809
0.24370630 0.74448759
0.24240543 0.74728414
0.24111934 0.75007345
0.23983325 0.75286154
0.23853238 0.75566036
0.23724629 0.75848263
0.23594542 0.76133477
0.23465933 0.76421383
0.23337325 0.76710928
0.23207238 0.77000667
0.23078629 0.77289230
0.22948542 0.77575071
0.22819933 0.77856896
0.22689846 0.78133922
0.22561237 0.78406737
0.22432628 0.78677547
0.22302541 0.78947409
0.22173932 0.79216038
0.22043845 0.79482515
0.21915236 0.79745580
0.21785149 0.80004279
0.21656541 0.80258274
0.21526454 0.80508146
0.21397845 0.80754852
0.21267758 0.80999973
0.21139149 0.81244120
0.21009062 0.81484707
0.20880453 0.81718224
0.20750366 0.81941924
0.20621757 0.82157560
0.20493148 0.82372752
0.20363061 0.82591283
0.20234452 0.82811975
0.20104365 0.83032858
0.19975757 0.83251542
0.19845669 0.83468159
0.19717061 0.83683653
0.19586974 0.83896373
0.19458365 0.84103846
0.19328278 0.84301935
0.19199669 0.84490662
0.19069582 0.84677379
0.18939495 0.84866983
0.18810886 0.85059338
0.18680799 0.85251167
0.18552190 0.85439490
0.18422103 0.85623642
0.18293494 0.85804484
0.18163407 0.85983649
0.18034798 0.86161880
0.17904711 0.86339395
0.17776102 0.86516422
0.17646015 0.86693125
0.17517407 0.86869904
0.17387319 0.87047279
0.17257232 0.87225795
0.17128624 0.87406059
0.16998537 0.87588514
0.16869928 0.87773606
0.16739841 0.87961033
0.16611232 0.88148029
0.16481145 0.88331031
0.16351058 0.88505899
0.16222449 0.88672189
0.16092362 0.88836285
0.15963753 0.89002152
0.15833666 0.89169196
0.15703579 0.89335710
0.15574970 0.89501297
0.15444883 0.89667671
0.15316274 0.89834955
0.15186187 0.90001505
0.15056100 0.90166555
0.14927491 0.90331701
0.14797404 0.90499322
0.14668795 0.90670672
0.14538708 0.90845387
0.14408621 0.91020569
0.14280012 0.91192123
0.14149925 0.91358081
0.14019838 0.91519364
0.13891229 0.91678178
0.13761142 0.91835883
0.13632534 0.91992675
0.13502447 0.92148311
0.13372359 0.92302651
0.13243751 0.92456034
0.13113664 0.92608965
0.12983577 0.92761038
0.12854968 0.92828514
0.12724881 0.92969316
0.12594794 0.93108239
0.12466185 0.93245270
0.12336098 0.93380394
0.12206011 0.93513599
0.12075924 0.93644875
0.11947315 0.93774214
0.11817228 0.93901608
0.11687141 0.94027051
0.11558532 0.94150539
0.11428445 0.94272070
0.11298358 0.94391644
0.11169749 0.94509260
0.11039662 0.94624922
0.10909575 0.94738635
0.10779488 0.94850403
0.10650879 0.94960235
0.10520792 0.95068139
0.10390705 0.95174128
0.10260618 0.95278212
0.10132009 0.95380407
0.10001922 0.95480729
0.09871835 0.95579194
0.09743226 0.95675822
0.09613139 0.95770633
0.09483052 0.95863649
0.09352965 0.95954894
0.09224356 0.96044393
0.09094269 0.96132172
0.08964182 0.96218260
0.08834095 0.96302684
0.08704008 0.96385476
0.08575399 0.96466668
0.08445312 0.96546292
0.08315225 0.96624382
0.08185138 0.96700973
0.08056529 0.96776102
0.07926442 0.96849806
0.07796355 0.96922122
0.07666268 0.96993090
0.07536180 0.97062749
0.07407572 0.97131139
0.07277485 0.97198302
0.07147398 0.97264279
0.07017310 0.97329112
0.06887223 0.97392842
0.06757136 0.97455514
0.06628528 0.97517168
0.06498440 0.97577849
0.06368353 0.97637600
0.06238266 0.97696462
0.06108179 0.97754479
0.05978092 0.97811693
0.05849483 0.97868145
0.05719396 0.97923878
0.05589309 0.97978931
0.05459222 0.98033346
0.05329135 0.98087160
0.05199048 0.98140413
0.05068961 0.98193140
0.04940352 0.98245379
0.04810265 0.98297164
0.04680178 0.98348526
0.04550091 0.98399499
0.04420004 0.98450110
0.04289917 0.98500389
0.04159830 0.98550360
0.04029743 0.98600046
0.03901134 0.98649470
0.03771047 0.98698649
0.03640960 0.98747599
0.03510873 0.98796333
0.03380786 0.98844861
0.03250698 0.98893190
0.03120611 0.98941324
0.02990524 0.98989263
0.02860437 0.99037003
0.02730350 0.99084537
0.02600263 0.99131854
0.02470176 0.99178937
0.02341567 0.99225767
0.02211480 0.99272319
0.02081393 0.99318565
0.01951306 0.99364470
0.01821219 0.99409994
0.01691132 0.99455093
0.01561045 0.99499717
0.01430958 0.99543810
0.01300871 0.99587309
0.01170784 0.99630148
0.01040697 0.99672251
0.00910609 0.99713538
0.00780522 0.99753920
0.00650435 0.99793303
0.00520348 0.99831586
0.00390261 0.99868657
0.00260174 0.99904401
0.00130087 0.99938692
0.00000000 0.99971396
-0.00000000 0.99871777
-0.00130087 0.99914286
-0.00260335 0.99937282
-0.00390746 0.99957491
-0.00521317 0.99971429
-0.00652048 0.99982578
-0.00782941 0.99990244
-0.00913993 0.99996516
-0.01045207 1.00000000
-0.01176578 1.00001394
-0.01308110 1.00000697
-0.01439801 0.99997909
-0.01571644 0.99992334
-0.01703653 0.99983972
-0.01835824 0.99973519
-0.01968143 0.99959582
-0.02100625 0.99942160
-0.02233255 0.99920557
-0.02366047 0.99896167
-0.02499002 0.99868293
-0.02632105 0.99837631
-0.02765326 0.99808362
-0.02898739 0.99783275
-0.03032315 0.99763066
-0.03166038 0.99745645
-0.03299939 0.99728920
-0.03433973 0.99712892
-0.03568185 0.99697561
-0.03702529 0.99681533
-0.03837051 0.99666202
-0.03971706 0.99650871
-0.04106524 0.99634843
-0.04241504 0.99618815
-0.04376617 0.99601394
-0.04511893 0.99586063
-0.04647316 0.99572822
-0.04782902 0.99563066
-0.04918636 0.99555401
-0.05054518 0.99548432
-0.05190548 0.99541463
-0.05326740 0.99535192
-0.05463080 0.99528920
-0.05599568 0.99522648
-0.05736204 0.99516376
-0.05872988 0.99510105
-0.06009919 0.99503833
-0.06146998 0.99498258
-0.06284240 0.99491986
-0.06421615 0.99485714
-0.06559138 0.99479443
-0.06696823 0.99472474
-0.06834642 0.99465505
-0.06972608 0.99457840
-0.07110722 0.99450174
-0.07248984 0.99443206
-0.07387393 0.99435540
-0.07525951 0.99427875
-0.07664641 0.99420209
-0.07803480 0.99412544
-0.07942466 0.99404878
-0.08081600 0.99397909
-0.08220867 0.99390244
-0.08360282 0.99382578
-0.08499845 0.99374913
-0.08639541 0.99367944
-0.08779384 0.99360279
-0.08919376 0.99353310
-0.09059500 0.99345645
-0.09199772 0.99337979
-0.09340178 0.99331010
-0.09480731 0.99324042
-0.09621417 0.99316376
-0.09762236 0.99309408
-0.09903203 0.99302439
-0.10044304 0.99295470
-0.10185551 0.99287805
-0.10326932 0.99280836
-0.10468446 0.99273868
-0.10610108 0.99266899
-0.10751888 0.99259930
-0.10893816 0.99252962
-0.11035892 0.99245296
-0.11178086 0.99238328
-0.11320413 0.99231359
-0.11462888 0.99223693
-0.11605496 0.99216725
-0.11748222 0.99209756
-0.11891096 0.99202787
-0.12034104 0.99196516
-0.12177229 0.99189547
-0.12320502 0.99182578
-0.12463893 0.99175610
-0.12607433 0.99169338
-0.12751090 0.99162369
-0.12894881 0.99156098
-0.13038804 0.99149826
-0.13182846 0.99142857
-0.13327021 0.99136585
-0.13471344 0.99130314
-0.13615770 0.99124042
-0.13760344 0.99117073
-0.13905022 0.99110801
-0.14049847 0.99104530
-0.14194791 0.99098258
-0.14339867 0.99091986
-0.14485062 0.99085714
-0.14630375 0.99079443
-0.14775822 0.99073171
-0.14921430 0.99066899
-0.15067039 0.99061324
-0.15212944 0.99055052
-0.15358848 0.99048780
-0.15504900 0.99042509
-0.15651101 0.99036237
-0.15797449 0.99029965
-0.15943796 0.99023693
-0.16090440 0.99017422
-0.16237084 0.99011847
-0.16383875 0.99005575
-0.16530667 0.98999303
-0.16677754 0.98993031
-0.16824841 0.98986760
-0.16972223 0.98980488
-0.17119606 0.98974216
-0.17266989 0.98967944
-0.17414667 0.98961672
-0.17562346 0.98955401
-0.17710172 0.98949129
-0.17858146 0.98942857
-0.18006268 0.98936585
-0.18154390 0.98929617
-0.18302659 0.98923345
-0.18451077 0.98917073
-0.18599642 0.98910105
-0.18748355 0.98903833
-0.18897069 0.98897561
-0.19045930 0.98890592
-0.19194791 0.98883624
-0.19343947 0.98877352
-0.19493104 0.98871080
-0.19642408 0.98864111
-0.19791861 0.98857840
-0.19941313 0.98851568
-0.20090913 0.98845296
-0.20240661 0.98839024
-0.20390557 0.98832753
-0.20540453 0.98826481
-0.20690496 0.98820209
-0.20840540 0.98814634
-0.20990879 0.98808362
-0.21141218 0.98802787
-0.21291705 0.98796516
-0.21442193 0.98790941
-0.21592827 0.98784669
-0.21743610 0.98779094
-0.21894541 0.98773519
-0.22045471 0.98767247
-0.22196550 0.98761672
-0.22347628 0.98756098
-0.22499002 0.98749826
-0.22650376 0.98744251
-0.22801750 0.98737979
-0.22953272 0.98732404
-0.23104942 0.98725436
-0.23256759 0.98719164
-0.23408577 0.98711498
-0.23560542 0.98703833
-0.23712508 0.98695470
-0.23864621 0.98687108
-0.24016882 0.98678049
-0.24169143 0.98669686
-0.24321552 0.98661324
-0.24474108 0.98652265
-0.24626665 0.98643902
-0.24779369 0.98635540
-0.24932074 0.98627178
-0.25084926 0.98618815
-0.25237926 0.98611150
-0.25390926 0.98602787
-0.25544074 0.98594425
-0.25697222 0.98586760
-0.25850518 0.98578397
-0.26003962 0.98570035
-0.26157405 0.98562369
-0.26310997 0.98554007
-0.26464588 0.98546341
-0.26618327 0.98537979
-0.26772067 0.98530314
-0.26925954 0.98521951
-0.27079989 0.98514286
-0.27234024 0.98505923
-0.27388059 0.98498258
-0.27542241 0.98489895
-0.27696572 0.98482230
-0.27850902 0.98473868
-0.28005381 0.98466202
-0.28159859 0.98458537
-0.28314485 0.98450174
-0.28469112 0.98442509
-0.28623886 0.98434843
-0.28778808 0.98426481
-0.28933730 0.98418815
-0.29088651 0.98411150
-0.29243721 0.98403484
-0.29398791 0.98395819
-0.29554008 0.98388153
-0.29709226 0.98381185
-0.29864591 0.98373519
-0.30019957 0.98366551
-0.30175470 0.98359582
-0.30330983 0.98352613
-0.30486644 0.98346341
-0.30642305 0.98339373
-0.30798114 0.98332404
-0.30953923 0.98325436
-0.31109731 0.98318467
-0.31265688 0.98311498
-0.31421793 0.98304530
-0.31577749 0.98296864
-0.31734002 0.98289199
-0.31890106 0.98282230
-0.32046358 0.98274564
-0.32202758 0.98266899
-0.32359159 0.98258537
-0.32515559 0.98250871
-0.32672107 0.98243206
-0.32828655 0.98234843
-0.32985350 0.98227178
-0.33142046 0.98218815
-0.33298742 0.98210453
-0.33455586 0.98202091
-0.33612429 0.98193728
-0.33769273 0.98184669
-0.33926264 0.98176307
-0.34083256 0.98167944
-0.34240395 0.98158885
-0.34397534 0.98149826
-0.34554674 0.98140767
-0.34711961 0.98131707
-0.34869248 0.98122648
-0.35026535 0.98113589
-0.35183970 0.98104530
-0.35341405 0.98095470
-0.35498840 0.98085714
-0.35656422 0.98076655
-0.35814005 0.98066899
-0.35971588 0.98057143
-0.36129171 0.98047387
-0.36286901 0.98037631
-0.36444780 0.98027875
-0.36602510 0.98018118
-0.36760388 0.98008362
-0.36918267 0.97998606
-0.37076145 0.97988153
-0.37234172 0.97978397
-0.37392198 0.97967944
-0.37550224 0.97958188
-0.37708398 0.97947735
-0.37866424 0.97937282
-0.38024598 0.97926829
-0.38182920 0.97915679
-0.38341094 0.97905226
-0.38499416 0.97894077
-0.38657738 0.97882927
-0.38816060 0.97871777
-0.38974382 0.97859930
-0.39132851 0.97848780
-0.39291321 0.97836934
-0.39449791 0.97825087
-0.39608261 0.97813240
-0.39766878 0.97801394
-0.39925496 0.97788850
-0.40084113 0.97777003
-0.40242731 0.97764460
-0.40401348 0.97751916
-0.40560114 0.97738676
-0.40718731 0.97726132
-0.40877496 0.97712892
-0.41036262 0.97699652
-0.41195175 0.97686411
-0.41353940 0.97672474
-0.41512853 0.97659233
-0.41671619 0.97645296
-0.41830532 0.97631359
-0.41989445 0.97617422
-0.42148358 0.97602787
-0.42307419 0.97588153
-0.42466333 0.97573519
-0.42625394 0.97558885
-0.42784307 0.97544251
-0.42943368 0.97528920
-0.43102429 0.97513589
-0.43261490 0.97498258
-0.43420551 0.97482927
-0.43579612 0.97466899
-0.43738821 0.97450871
-0.43897882 0.97434843
-0.44057090 0.97418815
-0.44216151 0.97402787
-0.44375360 0.97386063
-0.44534569 0.97369338
-0.44693778 0.97352613
-0.44852839 0.97335889
-0.45012048 0.97319164
-0.45171257 0.97302439
-0.45330613 0.97285017
-0.45489822 0.97267596
-0.45649031 0.97250174
-0.45808240 0.97233449
-0.45967449 0.97216028
-0.46126658 0.97198606
-0.46286014 0.97181185
-0.46445223 0.97163763
-0.46604432 0.97147038
-0.46763788 0.97129617
-0.46922997 0.97112195
-0.47082206 0.97094077
-0.47241563 0.97075261
-0.47400772 0.97056446
-0.47559980 0.97036934
-0.47719337 0.97016725
-0.47878546 0.96996516
-0.48037755 0.96975610
-0.48196964 0.96954704
-0.48356320 0.96933101
-0.48515529 0.96911498
-0.48674738 0.96889895
-0.48833947 0.96867596
-0.48993156 0.96845296
-0.49152364 0.96822300
-0.49311573 0.96800000
-0.49470782 0.96777003
-0.49629843 0.96753310
-0.49789052 0.96730314
-0.49948261 0.96706620
-0.50107322 0.96682927
-0.50266383 0.96658537
-0.50425592 0.96634146
-0.50584653 0.96609756
-0.50743714 0.96585366
-0.50902775 0.96560976
-0.51061836 0.96535889
-0.51220897 0.96510801
-0.51379958 0.96485714
-0.51538871 0.96459930
-0.51697932 0.96434146
-0.51856845 0.96408362
-0.52015758 0.96382578
-0.52174671 0.96356098
-0.52333585 0.96329617
-0.52492498 0.96302439
-0.52651263 0.96275261
-0.52810029 0.96248084
-0.52968942 0.96220209
-0.53127707 0.96192334
-0.53286472 0.96163763
-0.53445090 0.96135192
-0.53603855 0.96105923
-0.53762473 0.96076655
-0.53921090 0.96045993
-0.54079708 0.96015331
-0.54238325 0.95983972
-0.54396943 0.95951220
-0.54555413 0.95917770
-0.54713882 0.95882927
-0.54872352 0.95848084
-0.55030822 0.95813240
-0.55189144 0.95778397
-0.55347466 0.95744251
-0.55505787 0.95709408
-0.55664109 0.95675261
-0.55822283 0.95641115
-0.55980605 0.95606272
-0.56138779 0.95572125
-0.56296805 0.95537282
-0.56454980 0.95502439
-0.56613006 0.95467596
-0.56771032 0.95432056
-0.56929058 0.95396516
-0.57086937 0.95360976
-0.57244815 0.95324739
-0.57402693 0.95288502
-0.57560424 0.95251568
-0.57718302 0.95214634
-0.57875885 0.95177700
-0.58033616 0.95140070
-0.58191198 0.95101742
-0.58348781 0.95062718
-0.58506364 0.95023693
-0.58663799 0.94984669
-0.58821234 0.94944251
-0.58978669 0.94903833
-0.59135956 0.94863415
-0.59293243 0.94821603
-0.59450530 0.94779791
-0.59607669 0.94737282
-0.59764808 0.94694774
-0.59921800 0.94650871
-0.60078939 0.94606969
-0.60235783 0.94562369
-0.60392774 0.94517073
-0.60549618 0.94471777
-0.60706461 0.94425784
-0.60863157 0.94379094
-0.61019853 0.94331707
-0.61176401 0.94283624
-0.61333097 0.94235540
-0.61489497 0.94186063
-0.61646045 0.94136585
-0.61802445 0.94087108
-0.61958697 0.94036237
-0.62114950 0.93985366
-0.62271202 0.93933798
-0.62427306 0.93881533
-0.62583411 0.93829268
-0.62739368 0.93776307
-0.62895324 0.93723345
-0.63051133 0.93669686
-0.63207090 0.93616028
-0.63362751 0.93561672
-0.63518412 0.93507317
-0.63674073 0.93452962
-0.63829586 0.93397909
-0.63985099 0.93343554
-0.64140464 0.93289199
-0.64295830 0.93234843
-0.64451047 0.93179791
-0.64606265 0.93124042
-0.64761335 0.93067596
-0.64916404 0.93009756
-0.65071326 0.92950523
-0.65226248 0.92890592
-0.65381022 0.92829965
-0.65535796 0.92768641
-0.65690570 0.92706620
-0.65845049 0.92643902
-0.65999675 0.92580488
-0.66154005 0.92516376
-0.66308484 0.92451568
-0.66462666 0.92386063
-0.66616849 0.92320557
-0.66771032 0.92254355
-0.66925067 0.92187456
-0.67078954 0.92119861
-0.67232841 0.92052265
-0.67386728 0.91983972
-0.67540467 0.91914983
-0.67694059 0.91845993
-0.67847650 0.91776307
-0.68001094 0.91705923
-0.68154390 0.91634843
-0.68307685 0.91563763
-0.68460833 0.91491986
-0.68613981 0.91420209
-0.68766982 0.91347735
-0.68919982 0.91274564
-0.69072834 0.91200697
-0.69225538 0.91126829
-0.69378243 0.91052265
-0.69530800 0.90977700
-0.69683356 0.90901742
-0.69835765 0.90825784
-0.69988026 0.90749129
-0.70140287 0.90671777
-0.70292400 0.90594425
-0.70444366 0.90515679
-0.70596331 0.90436934
-0.70748148 0.90356794
-0.70899966 0.90276655
-0.71051488 0.90195122
-0.71203158 0.90112892
-0.71354532 0.90029965
-0.71505906 0.89945645
-0.71657132 0.89859930
-0.71808358 0.89772822
-0.71959436 0.89684321
-0.72110367 0.89593728
-0.72261150 0.89501045
-0.72411933 0.89406969
-0.72562567 0.89312892
-0.72713202 0.89220209
-0.72863542 0.89128223
-0.73014029 0.89038328
-0.73164220 0.88948432
-0.73314412 0.88858537
-0.73464307 0.88769338
-0.73614351 0.88680139
-0.73764099 0.88590244
-0.73913847 0.88500348
-0.74063447 0.88409059
-0.74212899 0.88317073
-0.74362352 0.88222997
-0.74511656 0.88128223
-0.74660813 0.88031359
-0.74809822 0.87932404
-0.74958830 0.87832056
-0.75107691 0.87728920
-0.75256405 0.87622997
-0.75405118 0.87515679
-0.75553535 0.87405575
-0.75701953 0.87293380
-0.75850222 0.87179094
-0.75998492 0.87062718
-0.76146466 0.86944948
-0.76294440 0.86825784
-0.76442266 0.86705226
-0.76590093 0.86583972
-0.76737623 0.86461324
-0.76885154 0.86338676
-0.77032537 0.86215331
-0.77179771 0.86091986
-0.77326859 0.85968641
-0.77473946 0.85845296
-0.77620885 0.85722648
-0.77767528 0.85600000
-0.77914320 0.85478746
-0.78060816 0.85358188
-0.78207164 0.85238328
-0.78353512 0.85119164
-0.78499712 0.85000697
-0.78645764 0.84882230
-0.78791669 0.84763763
-0.78937573 0.84645296
-0.79083182 0.84527526
-0.79228791 0.84408362
-0.79374252 0.84289199
-0.79519565 0.84169338
-0.79664730 0.84048780
-0.79809748 0.83926829
-0.79954765 0.83803484
-0.80099487 0.83679443
-0.80244209 0.83553310
-0.80388783 0.83425087
-0.80533209 0.83295470
-0.80677488 0.83163763
-0.80821618 0.83029965
-0.80965749 0.82894774
-0.81109584 0.82756794
-0.81253418 0.82618118
-0.81397106 0.82477352
-0.81540645 0.82334495
-0.81684036 0.82190941
-0.81827280 0.82046690
-0.81970376 0.81901045
-0.82113324 0.81754704
-0.82256272 0.81607666
-0.82398924 0.81459930
-0.82541576 0.81312195
-0.82684081 0.81163763
-0.82826289 0.81016028
-0.82968498 0.80867596
-0.83110559 0.80719164
-0.83252472 0.80571429
-0.83394238 0.80423693
-0.83536003 0.80275958
-0.83677473 0.80128223
-0.83818795 0.79980488
-0.83960116 0.79833449
-0.84101143 0.79685714
-0.84242169 0.79538676
-0.84382899 0.79390941
-0.84523630 0.79243902
-0.84664213 0.79096167
-0.84804648 0.78948432
-0.84944787 0.78800697
-0.85084926 0.78652962
-0.85224918 0.78505226
-0.85364761 0.78356794
-0.85504457 0.78208362
-0.85644005 0.78059233
-0.85783405 0.77910801
-0.85922657 0.77761672
-0.86061762 0.77611847
-0.86200866 0.77462718
-0.86339675 0.77312195
-0.86478336 0.77162369
-0.86616849 0.77011847
-0.86755215 0.76860627
-0.86893580 0.76709408
-0.87031650 0.76558188
-0.87169571 0.76406272
-0.87307345 0.76253659
-0.87445120 0.76101045
-0.87582598 0.75947735
-0.87719928 0.75794425
-0.87857259 0.75639721
-0.87994294 0.75485714
-0.88131181 0.75330314
-0.88267920 0.75174913
-0.88404659 0.75018815
-0.88541103 0.74862021
-0.88677399 0.74704530
-0.88813547 0.74546341
-0.88949695 0.74387456
-0.89085547 0.74228571
-0.89221251 0.74068293
-0.89356808 0.73907317
-0.89492217 0.73744948
-0.89627478 0.73582578
-0.89762591 0.73418815
-0.89897556 0.73253659
-0.90032374 0.73087805
-0.90167044 0.72920557
-0.90301565 0.72752613
-0.90435940 0.72583275
-0.90570166 0.72411847
-0.90704096 0.72239721
-0.90838027 0.72065505
-0.90971810 0.71889895
-0.91105297 0.71712195
-0.91238784 0.71533101
-0.91371975 0.71351916
-0.91505167 0.71168641
-0.91638062 0.70979791
-0.91770810 0.70785366
-0.91903410 0.70586063
-0.92036010 0.70381185
-0.92168315 0.70172125
-0.92300472 0.69958188
-0.92432480 0.69738676
-0.92564341 0.69513171
-0.92695907 0.69281603
-0.92827472 0.69042997
-0.92958890 0.68796516
-0.93090011 0.68541115
-0.93221133 0.68275540
-0.93351959 0.67998467
-0.93482786 0.67708293
-0.93613316 0.67402787
-0.93743699 0.67080279
-0.93873934 0.66737352
-0.94004021 0.66374146
-0.94133960 0.65996307
-0.94263604 0.65614704
-0.94393247 0.65220627
-0.94522743 0.64792613
-0.94651943 0.64222927
-0.94781143 0.63389129
-0.94910048 0.62040836
-0.95038804 0.60704739
-0.95167118 0.60919791
-0.95295431 0.62241951
-0.95423744 0.63051568
-0.95551909 0.63330732
-0.95679779 0.63490314
-0.95807353 0.63594634
-0.95934927 0.63665923
-0.96062353 0.63727735
-0.96189631 0.63820976
-0.96316762 0.64057979
