# s/c    P_w
1.28119503 0.62699993
1.27992372 0.62505518
1.27865242 0.62327487
1.27738111 0.62165022
1.27610981 0.62017274
1.27483850 0.61883422
1.27356719 0.61762677
1.27229589 0.61654274
1.27102458 0.61557480
1.26975328 0.61471587
1.26848197 0.61395913
1.26721067 0.61329803
1.26593936 0.61272626
1.26466806 0.61223777
1.26339675 0.61182674
1.26212545 0.61148761
1.26085414 0.61121501
1.25958283 0.61100383
1.25831153 0.61084916
1.25704022 0.61074632
1.25576892 0.61069082
1.25449761 0.61067839
1.25322631 0.61070496
1.25195500 0.61076663
1.25068370 0.61085971
1.24941239 0.61098069
1.24814109 0.61112623
1.24686978 0.61129317
1.24559847 0.61147852
1.24432717 0.61167945
1.24305586 0.61189329
1.24178456 0.61211753
1.24051325 0.61234979
1.23924195 0.61258786
1.23797064 0.61282966
1.23669934 0.61307324
1.23542803 0.61331680
1.23415673 0.61355865
1.23288542 0.61379723
1.23161411 0.61403110
1.23034281 0.61425894
1.22907150 0.61447953
1.22780020 0.61469176
1.22652889 0.61489464
1.22525759 0.61508726
1.22398628 0.61526881
1.22271498 0.61543857
1.22144367 0.61559591
1.22017237 0.61574029
1.21890106 0.61587125
1.21762975 0.61598840
1.21635845 0.61609142
1.21508714 0.61618009
1.21381584 0.61625421
1.21254453 0.61631368
1.21127323 0.61635845
1.21000192 0.61638852
1.20873062 0.61640396
1.20744453 0.61640488
1.20617322 0.61639144
1.20490192 0.61636385
1.20363061 0.61632234
1.20235931 0.61626722
1.20108800 0.61619880
1.19981670 0.61611744
1.19854539 0.61602353
1.19727408 0.61591750
1.19600278 0.61579978
1.19473147 0.61567085
1.19346017 0.61553120
1.19218886 0.61538133
1.19091756 0.61522177
1.18964625 0.61505306
1.18837495 0.61487577
1.18710364 0.61469044
1.18583234 0.61449765
1.18456103 0.61429798
1.18328972 0.61409202
1.18201842 0.61388035
1.18074711 0.61366355
1.17946103 0.61344221
1.17818972 0.61321691
1.17691841 0.61298823
1.17564711 0.61275674
1.17437580 0.61252300
1.17310450 0.61228757
1.17183319 0.61205100
1.17056189 0.61181381
1.16929058 0.61157653
1.16801928 0.61133966
1.16674797 0.61110370
1.16547667 0.61086911
1.16420536 0.61063635
1.16293405 0.61040586
1.16166275 0.61017807
1.16039144 0.60995335
1.15912014 0.60973210
1.15783405 0.60951467
1.15656274 0.60930138
1.15529144 0.60909256
1.15402013 0.60878450
1.15274883 0.60860064
1.15147752 0.60845238
1.15020622 0.60833274
1.14893491 0.60822530
1.14766361 0.60811955
1.14639230 0.60802219
1.14512100 0.60794719
1.14384969 0.60790183
1.14257838 0.60788293
1.14130708 0.60788231
1.14002099 0.60789606
1.13874969 0.60791253
1.13747838 0.60791341
1.13620707 0.60788118
1.13493577 0.60780026
1.13366446 0.60767147
1.13239316 0.60749983
1.13112185 0.60729541
1.12985055 0.60707267
1.12857924 0.60684299
1.12730794 0.60661728
1.12603663 0.60640683
1.12475054 0.60622013
1.12347924 0.60606133
1.12220793 0.60592733
1.12093663 0.60581021
1.11966532 0.60570026
1.11839402 0.60559042
1.11712271 0.60547712
1.11585141 0.60535897
1.11458010 0.60523679
1.11330879 0.60511166
1.11203749 0.60498468
1.11075140 0.60485721
1.10948010 0.60473029
1.10820879 0.60460494
1.10693748 0.60448183
1.10566618 0.60436138
1.10439487 0.60424369
1.10312357 0.60412891
1.10185226 0.60401697
1.10058096 0.60390785
1.09930965 0.60380201
1.09802356 0.60369920
1.09675226 0.60359917
1.09548095 0.60350165
1.09420965 0.60340620
1.09293834 0.60331259
1.09166704 0.60322024
1.09039573 0.60312853
1.08912443 0.60303666
1.08783834 0.60294341
1.08656703 0.60284750
1.08529573 0.60274753
1.08402442 0.60264211
1.08275312 0.60252905
1.08148181 0.60240452
1.08021050 0.60226525
1.07893920 0.60211230
1.07766789 0.60195293
1.07638181 0.60179648
1.07511050 0.60164966
1.07383919 0.60151468
1.07256789 0.60139043
1.07129658 0.60127445
1.07002528 0.60116329
1.06875397 0.60105273
1.06746788 0.60093839
1.06619658 0.60081654
1.06492527 0.60068475
1.06365397 0.60054193
1.06238266 0.60038684
1.06111136 0.60021822
1.05984005 0.60003395
1.05856875 0.59983168
1.05728266 0.59961328
1.05601135 0.59938283
1.05474005 0.59914427
1.05346874 0.59890173
1.05219744 0.59865748
1.05092613 0.59841235
1.04965483 0.59816749
1.04836874 0.59792255
1.04709743 0.59767634
1.04582613 0.59742731
1.04455482 0.59717363
1.04328352 0.59691430
1.04201221 0.59664875
1.04072612 0.59637663
1.03945482 0.59609748
1.03818351 0.59581067
1.03691221 0.59551575
1.03564090 0.59521234
1.03436960 0.59490054
1.03309829 0.59458217
1.03181220 0.59426006
1.03054090 0.59393705
1.02926959 0.59361561
1.02799829 0.59329793
1.02672698 0.59298604
1.02545567 0.59268174
1.02416959 0.59238548
1.02289828 0.59209493
1.02162698 0.59180558
1.02035567 0.59151253
1.01908436 0.59121286
1.01779828 0.59090593
1.01652697 0.59059256
1.01525567 0.59027402
1.01398436 0.58995153
1.01271305 0.58962623
1.01144175 0.58929900
1.01015566 0.58897071
1.00888436 0.58864205
1.00761305 0.58831328
1.00634174 0.58798480
1.00507044 0.58765680
1.00378435 0.58732958
1.00251305 0.58700389
1.00124174 0.58668182
0.99997043 0.58636608
0.99869913 0.58605919
0.99742782 0.58576308
0.99614174 0.58547711
0.99487043 0.58520008
0.99359912 0.58493164
0.99232782 0.58467151
0.99105651 0.58441930
0.98977043 0.58417417
0.98849912 0.58393436
0.98722781 0.58369733
0.98595651 0.58346031
0.98468520 0.58322047
0.98339912 0.58297539
0.98212781 0.58272286
0.98085651 0.58246096
0.97958520 0.58218970
0.97829911 0.58191087
0.97702781 0.58162878
0.97575650 0.58134869
0.97448520 0.58107579
0.97321389 0.58081516
0.97192780 0.58056897
0.97065650 0.58033834
0.96938519 0.58012333
0.96811389 0.57992195
0.96682780 0.57973008
0.96555649 0.57954200
0.96428519 0.57935180
0.96301388 0.57915483
0.96174258 0.57894636
0.96045649 0.57871992
0.95918518 0.57846959
0.95791388 0.57819375
0.95664257 0.57790182
0.95535648 0.57760938
0.95408518 0.57732986
0.95281387 0.57707098
0.95154257 0.57683305
0.95025648 0.57661434
0.94898517 0.57641254
0.94771387 0.57622512
0.94644256 0.57604927
0.94515647 0.57588075
0.94388517 0.57571583
0.94261386 0.57554958
0.94134256 0.57537325
0.94005647 0.57517767
0.93878516 0.57495660
0.93751386 0.57471200
0.93624255 0.57445191
0.93495647 0.57418500
0.93368516 0.57391920
0.93241385 0.57365878
0.93114255 0.57340534
0.92985646 0.57315909
0.92858516 0.57291994
0.92731385 0.57268809
0.92604254 0.57246304
0.92475646 0.57224310
0.92348515 0.57202290
0.92221385 0.57179453
0.92094254 0.57154908
0.91965645 0.57127899
0.91838515 0.57098318
0.91711384 0.57066372
0.91582775 0.57032429
0.91455645 0.56997019
0.91328514 0.56960743
0.91201384 0.56924184
0.91072775 0.56887917
0.90945644 0.56852561
0.90818514 0.56818367
0.90691383 0.56785369
0.90562774 0.56753456
0.90435644 0.56722368
0.90308513 0.56691807
0.90179905 0.56661460
0.90052774 0.56630997
0.89925643 0.56600157
0.89797035 0.56568676
0.89669904 0.56536151
0.89542774 0.56502333
0.89415643 0.56467023
0.89287034 0.56430133
0.89159904 0.56391791
0.89032773 0.56352184
0.88904164 0.56311690
0.88777034 0.56270951
0.88649903 0.56230749
0.88521294 0.56191834
0.88394164 0.56154721
0.88267033 0.56119878
0.88138424 0.56087812
0.88011294 0.56058898
0.87884163 0.56033326
0.87757033 0.56011044
0.87628424 0.55991723
0.87501293 0.55974774
0.87374163 0.55959409
0.87245554 0.55944694
0.87118424 0.55929539
0.86991293 0.55912844
0.86862684 0.55893734
0.86735554 0.55871806
0.86608423 0.55847180
0.86479814 0.55820565
0.86352684 0.55792926
0.86225553 0.55765348
0.86096944 0.55738941
0.85969814 0.55714097
0.85842683 0.55690859
0.85714075 0.55669130
0.85586944 0.55648601
0.85459813 0.55628874
0.85331205 0.55609504
0.85204074 0.55589918
0.85076944 0.55569340
0.84948335 0.55547555
0.84821204 0.55524994
0.84692595 0.55502519
0.84565465 0.55481040
0.84438334 0.55461069
0.84309725 0.55442867
0.84182595 0.55426439
0.84055464 0.55411585
0.83926856 0.55398054
0.83799725 0.55385551
0.83672594 0.55373759
0.83543986 0.55362343
0.83416855 0.55350978
0.83288246 0.55339392
0.83161116 0.55327360
0.83033985 0.55314738
0.82905376 0.55301476
0.82778246 0.55287750
0.82651115 0.55274159
0.82522507 0.55261607
0.82395376 0.55250837
0.82266767 0.55241991
0.82139637 0.55234702
0.82012506 0.55228442
0.81883897 0.55222790
0.81756767 0.55217485
0.81628158 0.55212236
0.81501027 0.55206632
0.81373897 0.55200321
0.81245288 0.55193127
0.81118157 0.55185100
0.80989549 0.55176469
0.80862418 0.55167371
0.80735288 0.55157973
0.80606679 0.55148579
0.80479548 0.55139604
0.80350939 0.55131672
0.80223809 0.55125126
0.80096678 0.55120036
0.79968070 0.55116361
0.79840939 0.55113856
0.79712330 0.55112266
0.79585200 0.55111223
0.79458069 0.55110254
0.79329460 0.55109079
0.79202330 0.55107529
0.79073721 0.55105521
0.78946590 0.55103088
0.78817982 0.55100299
0.78690851 0.55097271
0.78563720 0.55094131
0.78435112 0.55091083
0.78307981 0.55088502
0.78179372 0.55086947
0.78052242 0.55087038
0.77923633 0.55089136
0.77796502 0.55093277
0.77669372 0.55099290
0.77540763 0.55106847
0.77413633 0.55115539
0.77285024 0.55124871
0.77157893 0.55134186
0.77029284 0.55142583
0.76902154 0.55149309
0.76773545 0.55154129
0.76646414 0.55157269
0.76517806 0.55159131
0.76390675 0.55160018
0.76263545 0.55160075
0.76134936 0.55159348
0.76007805 0.55157833
0.75879196 0.55155471
0.75752066 0.55152181
0.75623457 0.55147910
0.75496327 0.55142608
0.75367718 0.55136264
0.75240587 0.55128953
0.75111978 0.55120794
0.74984848 0.55112008
0.74856239 0.55102890
0.74729108 0.55093741
0.74600500 0.55084761
0.74473369 0.55076008
0.74344760 0.55067399
0.74217630 0.55058697
0.74089021 0.55049725
0.73961890 0.55040314
0.73833282 0.55030273
0.73706151 0.55019427
0.73577542 0.55007576
0.73450412 0.54994530
0.73321803 0.54980379
0.73194672 0.54965685
0.73066064 0.54951430
0.72938933 0.54938651
0.72810324 0.54927736
0.72683194 0.54918380
0.72554585 0.54909913
0.72427454 0.54901693
0.72298845 0.54893496
0.72171715 0.54885235
0.72043106 0.54876846
0.71915976 0.54868037
0.71787367 0.54858049
0.71660236 0.54845918
0.71531627 0.54830880
0.71404497 0.54813548
0.71275888 0.54795490
0.71148758 0.54778164
0.71020149 0.54762514
0.70893018 0.54748459
0.70764409 0.54735674
0.70635801 0.54723909
0.70508670 0.54713166
0.70380061 0.54703658
0.70252931 0.54695672
0.70124322 0.54688692
0.69997191 0.54681188
0.69868582 0.54672036
0.69741452 0.54660801
0.69612843 0.54648046
0.69484234 0.54634617
0.69357104 0.54621020
0.69228495 0.54607589
0.69101364 0.54594104
0.68972756 0.54580334
0.68845625 0.54565818
0.68717016 0.54549667
0.68589886 0.54531633
0.68461277 0.54512740
0.68332668 0.54495120
0.68205538 0.54480529
0.68076929 0.54469556
0.67949798 0.54462276
0.67821189 0.54458662
0.67692581 0.54458817
0.67565450 0.54462734
0.67436841 0.54469735
0.67309711 0.54477890
0.67181102 0.54484740
0.67053971 0.54488943
0.66925363 0.54490177
0.66796754 0.54488931
0.66669623 0.54486419
0.66541014 0.54484348
0.66413884 0.54484785
0.66285275 0.54488898
0.66156666 0.54496803
0.66029536 0.54507970
0.65900927 0.54521665
0.65772318 0.54537761
0.65645188 0.54556472
0.65516579 0.54577810
0.65389448 0.54601307
0.65260839 0.54626380
0.65132231 0.54652410
0.65005100 0.54678742
0.64876491 0.54704801
0.64749361 0.54730033
0.64620752 0.54753934
0.64492143 0.54776048
0.64365012 0.54795944
0.64236404 0.54813110
0.64107795 0.54827014
0.63980664 0.54837418
0.63852056 0.54844912
0.63723447 0.54850771
0.63596316 0.54856628
0.63467707 0.54863857
0.63339099 0.54873835
0.63211968 0.54888020
0.63083359 0.54906925
0.62954750 0.54930558
0.62827620 0.54958434
0.62699011 0.54988598
0.62571880 0.55018286
0.62443272 0.55045766
0.62314663 0.55070722
0.62187532 0.55093702
0.62058924 0.55115589
0.61930315 0.55137108
0.61801706 0.55158274
0.61674575 0.55179042
0.61545967 0.55199461
0.61417358 0.55219020
0.61290227 0.55237141
0.61161618 0.55253696
0.61033010 0.55269627
0.60905879 0.55286916
0.60777270 0.55307861
0.60648661 0.55333627
0.60521531 0.55363290
0.60392922 0.55395123
0.60264313 0.55426820
0.60137183 0.55455969
0.60008574 0.55481426
0.59879965 0.55503106
0.59751356 0.55521807
0.59624226 0.55539151
0.59495617 0.55557408
0.59367008 0.55578453
0.59239878 0.55602524
0.59111269 0.55628269
0.58982660 0.55653858
0.58854051 0.55678867
0.58726921 0.55703896
0.58598312 0.55730254
0.58469703 0.55759833
0.58341094 0.55793390
0.58213964 0.55830560
0.58085355 0.55870321
0.57956746 0.55910312
0.57829616 0.55947543
0.57701007 0.55980752
0.57572398 0.56009855
0.57443789 0.56035481
0.57316659 0.56059107
0.57188050 0.56082333
0.57059441 0.56107002
0.56930832 0.56134788
0.56803702 0.56166301
0.56675093 0.56201233
0.56546484 0.56238733
0.56417875 0.56277677
0.56289266 0.56316481
0.56162136 0.56353128
0.56033527 0.56386673
0.55904918 0.56417336
0.55776309 0.56446943
0.55649179 0.56478002
0.55520570 0.56511424
0.55391961 0.56546437
0.55263352 0.56580889
0.55134744 0.56612386
0.55007613 0.56640494
0.54879004 0.56666216
0.54750395 0.56691672
0.54621787 0.56719771
0.54494656 0.56750651
0.54366047 0.56782682
0.54237438 0.56813795
0.54108830 0.56841274
0.53980221 0.56863517
0.53853090 0.56882127
0.53724481 0.56901224
0.53595873 0.56923531
0.53467264 0.56949817
0.53338655 0.56978248
0.53210046 0.57004498
0.53082916 0.57026514
0.52954307 0.57045373
0.52825698 0.57064672
0.52697089 0.57088910
0.52568480 0.57119355
0.52439872 0.57155162
0.52312741 0.57193643
0.52184132 0.57230639
0.52055524 0.57264113
0.51926915 0.57293961
0.51798306 0.57321276
0.51669697 0.57348249
0.51542567 0.57376963
0.51413958 0.57408811
0.51285349 0.57444034
0.51156740 0.57482029
0.51028131 0.57521543
0.50899523 0.57561044
0.50770914 0.57600024
0.50643783 0.57638903
0.50515174 0.57678715
0.50386566 0.57720654
0.50257957 0.57764926
0.50129348 0.57811062
0.50000739 0.57858390
0.49872130 0.57906040
0.49743522 0.57953129
0.49616391 0.57999114
0.49487782 0.58043782
0.49359173 0.58087296
0.49230565 0.58130168
0.49101956 0.58173092
0.48973347 0.58216968
0.48844738 0.58262640
0.48716129 0.58310867
0.48587521 0.58361600
0.48460390 0.58413865
0.48331781 0.58465709
0.48203172 0.58514920
0.48074564 0.58561668
0.47945955 0.58607817
0.47817346 0.58655516
0.47688737 0.58706460
0.47560128 0.58761011
0.47431520 0.58817994
0.47302911 0.58874913
0.47174302 0.58929587
0.47045693 0.58980636
0.46917084 0.59028945
0.46789954 0.59078225
0.46661345 0.59131195
0.46532736 0.59188155
0.46404127 0.59244960
0.46275519 0.59294593
0.46146910 0.59337390
0.46018301 0.59379554
0.45889692 0.59426942
0.45761083 0.59483045
0.45632474 0.59546707
0.45503866 0.59615561
0.45375257 0.59689482
0.45246648 0.59768782
0.45118039 0.59854170
0.44989430 0.59941566
0.44860822 0.60022009
0.44732213 0.60092517
0.44603604 0.60156140
0.44474995 0.60218180
0.44346386 0.60282618
0.44217778 0.60350045
0.44089169 0.60419199
0.43960560 0.60488075
0.43831951 0.60555660
0.43703342 0.60621555
0.43574734 0.60685232
0.43446125 0.60746556
0.43317516 0.60805218
0.43188907 0.60861065
0.43060298 0.60914862
0.42931690 0.60967914
0.42803081 0.61021390
0.42674472 0.61075509
0.42545863 0.61130385
0.42417254 0.61187751
0.42288645 0.61248744
0.42160037 0.61313492
0.42031428 0.61377789
0.41902819 0.61432652
0.41774210 0.61475040
0.41645601 0.61508682
0.41516993 0.61538690
0.41388384 0.61567660
0.41259775 0.61595573
0.41131166 0.61623901
0.41002557 0.61654804
0.40873949 0.61688399
0.40745340 0.61721989
0.40616731 0.61753114
0.40488122 0.61781808
0.40359513 0.61810290
0.40230905 0.61842652
0.40102296 0.61881921
0.39973687 0.61927254
0.39843600 0.61975041
0.39714991 0.62021688
0.39586382 0.62065699
0.39457773 0.62107224
0.39329165 0.62146701
0.39200556 0.62184319
0.39071947 0.62219704
0.38943338 0.62252500
0.38814729 0.62283022
0.38686121 0.62312107
0.38557512 0.62340893
0.38428903 0.62370891
0.38298816 0.62403460
0.38170207 0.62438644
0.38041598 0.62474752
0.37912989 0.62509801
0.37784381 0.62543594
0.37655772 0.62577030
0.37527163 0.62610387
0.37398554 0.62643502
0.37269945 0.62675595
0.37139858 0.62705230
0.37011250 0.62732036
0.36882641 0.62757929
0.36754032 0.62785380
0.36625423 0.62815676
0.36496814 0.62848415
0.36368206 0.62881868
0.36238118 0.62914096
0.36109510 0.62944184
0.35980901 0.62971965
0.35852292 0.62997136
0.35723683 0.63019452
0.35595074 0.63039488
0.35466466 0.63059143
0.35336379 0.63080469
0.35207770 0.63104418
0.35079161 0.63130212
0.34950552 0.63156436
0.34821943 0.63182409
0.34693335 0.63206954
0.34563247 0.63228884
0.34434639 0.63248347
0.34306030 0.63265784
0.34177421 0.63281909
0.34048812 0.63297527
0.33918725 0.63313151
0.33790116 0.63328973
0.33661508 0.63344701
0.33532899 0.63360351
0.33404290 0.63376834
0.33275681 0.63395770
0.33145594 0.63418032
0.33016985 0.63443686
0.32888376 0.63471801
0.32759768 0.63500086
0.32629681 0.63526492
0.32501072 0.63549592
0.32372463 0.63568541
0.32243854 0.63584390
0.32115245 0.63600143
0.31985158 0.63618511
0.31856549 0.63642021
0.31727941 0.63672876
0.31599332 0.63711568
0.31469245 0.63757528
0.31340636 0.63810269
0.31212027 0.63869492
0.31083418 0.63934472
0.30953331 0.64003195
0.30824722 0.64073314
0.30696114 0.64143727
0.30567505 0.64215576
0.30437418 0.64292175
0.30308809 0.64376630
0.30180200 0.64470840
0.30051591 0.64574192
0.29921504 0.64683908
0.29792895 0.64797530
0.29664287 0.64913952
0.29534200 0.65034469
0.29405591 0.65162396
0.29276982 0.65300178
0.29148373 0.65448890
0.29018286 0.65607048
0.28889677 0.65769747
0.28761068 0.65933139
0.28630981 0.66098187
0.28502373 0.66268222
0.28373764 0.66446742
0.28243677 0.66635533
0.28115068 0.66831691
0.27986459 0.67031028
0.27857850 0.67231397
0.27727763 0.67431641
0.27599154 0.67632623
0.27470546 0.67838566
0.27340459 0.68053215
0.27211850 0.68278063
0.27083241 0.68511340
0.26953154 0.68748026
0.26824545 0.68984284
0.26695936 0.69218254
0.26565849 0.69450918
0.26437240 0.69685976
0.26307153 0.69925819
0.26178545 0.70171299
0.26049936 0.70422545
0.25919849 0.70678676
0.25791240 0.70938467
0.25662631 0.71200793
0.25532544 0.71465160
0.25403935 0.71731561
0.25275326 0.72000510
0.25145239 0.72272860
0.25016630 0.72548821
0.24886543 0.72828295
0.24757935 0.73110844
0.24629326 0.73395447
0.24499239 0.73681387
0.24370630 0.73967928
0.24240543 0.74254095
0.24111934 0.74539461
0.23983325 0.74824636
0.23853238 0.75110879
0.23724629 0.75399514
0.23594542 0.75691225
0.23465933 0.75985704
0.23337325 0.76281879
0.23207238 0.76578257
0.23078629 0.76873382
0.22948542 0.77165640
0.22819933 0.77453668
0.22689846 0.77736641
0.22561237 0.78015216
0.22432628 0.78291679
0.22302541 0.78567176
0.22173932 0.78841410
0.22043845 0.79113422
0.21915236 0.79381902
0.21785149 0.79645848
0.21656541 0.79904912
0.21526454 0.80159711
0.21397845 0.80411250
0.21267758 0.80661187
0.21139149 0.80910160
0.21009062 0.81155477
0.20880453 0.81393433
0.20750366 0.81621150
0.20621757 0.81840492
0.20493148 0.82059423
0.20363061 0.82281903
0.20234452 0.82506719
0.20104365 0.82731791
0.19975757 0.82954635
0.19845669 0.83175382
0.19717061 0.83395021
0.19586974 0.83611825
0.19458365 0.83823195
0.19328278 0.84024801
0.19199669 0.84216674
0.19069582 0.84406493
0.18939495 0.84599384
0.18810886 0.84795210
0.18680799 0.84990555
0.18552190 0.85182280
0.18422103 0.85369679
0.18293494 0.85553660
0.18163407 0.85735919
0.18034798 0.85917242
0.17904711 0.86097847
0.17776102 0.86277978
0.17646015 0.86457796
0.17517407 0.86637706
0.17387319 0.86818251
0.17257232 0.86999994
0.17128624 0.87183564
0.16998537 0.87369430
0.16869928 0.87558057
0.16739841 0.87749142
0.16611232 0.87939805
0.16481145 0.88126325
0.16351058 0.88304363
0.16222449 0.88473475
0.16092362 0.88640316
0.15963753 0.88809028
0.15833666 0.88978988
0.15703579 0.89148405
0.15574970 0.89316866
0.15444883 0.89486152
0.15316274 0.89656394
0.15186187 0.89825879
0.15056100 0.89993799
0.14927491 0.90161812
0.14797404 0.90332396
0.14668795 0.90506871
0.14538708 0.90684873
0.14408621 0.90863402
0.14280012 0.91038189
0.14149925 0.91207186
0.14019838 0.91371351
0.13891229 0.91532965
0.13761142 0.91693469
0.13632534 0.91853044
0.13502447 0.92011460
0.13372359 0.92168557
0.13243751 0.92324698
0.13113664 0.92480415
0.12983577 0.92635294
0.12854968 0.92704049
0.12724881 0.92847372
0.12594794 0.92988781
0.12466185 0.93128263
0.12336098 0.93265802
0.12206011 0.93401387
0.12075924 0.93535006
0.11947315 0.93666652
0.11817228 0.93796316
0.11687141 0.93923992
0.11558532 0.94049677
0.11428445 0.94173369
0.11298358 0.94295065
0.11169749 0.94414768
0.11039662 0.94532480
0.10909575 0.94648206
0.10779488 0.94761950
0.10650879 0.94873722
0.10520792 0.94983530
0.10390705 0.95091385
0.10260618 0.95197302
0.10132009 0.95301293
0.10001922 0.95403375
0.09871835 0.95503566
0.09743226 0.95601885
0.09613139 0.95698354
0.09483052 0.95792994
0.09352965 0.95885830
0.09224356 0.95976888
0.09094269 0.96066193
0.08964182 0.96153776
0.08834095 0.96239664
0.08704008 0.96323890
0.08575399 0.96406486
0.08445312 0.96487486
0.08315225 0.96566923
0.08185138 0.96644835
0.08056529 0.96721257
0.07926442 0.96796228
0.07796355 0.96869787
0.07666268 0.96941974
0.07536180 0.97012828
0.07407572 0.97082391
0.07277485 0.97150704
0.07147398 0.97217811
0.07017310 0.97283754
0.06887223 0.97348575
0.06757136 0.97412319
0.06628528 0.97475029
0.06498440 0.97536749
0.06368353 0.97597523
0.06238266 0.97657394
0.06108179 0.97716405
0.05978092 0.97774601
0.05849483 0.97832023
0.05719396 0.97888713
0.05589309 0.97944715
0.05459222 0.98000067
0.05329135 0.98054810
0.05199048 0.98108983
0.05068961 0.98162624
0.04940352 0.98215768
0.04810265 0.98268452
0.04680178 0.98320709
0.04550091 0.98372570
0.04420004 0.98424065
0.04289917 0.98475223
0.04159830 0.98526070
0.04029743 0.98576629
0.03901134 0.98626921
0.03771047 0.98676965
0.03640960 0.98726778
0.03510873 0.98776371
0.03380786 0.98825756
0.03250698 0.98874939
0.03120611 0.98923924
0.02990524 0.98972709
0.02860437 0.99021292
0.02730350 0.99069664
0.02600263 0.99117814
0.02470176 0.99165725
0.02341567 0.99213376
0.02211480 0.99260742
0.02081393 0.99307793
0.01951306 0.99354493
0.01821219 0.99400802
0.01691132 0.99446674
0.01561045 0.99492056
0.01430958 0.99536892
0.01300871 0.99581117
0.01170784 0.99624661
0.01040697 0.99667448
0.00910609 0.99709395
0.00780522 0.99750410
0.00650435 0.99790397
0.00520348 0.99829251
0.00390261 0.99866859
0.00260174 0.99903100
0.00130087 0.99937847
0.00000000 0.99970961
-0.00000000 0.99869831
-0.00130087 0.99913220
-0.00260335 0.99936271
-0.00390746 0.99956610
-0.00521317 0.99970847
-0.00652048 0.99982373
-0.00782941 0.99990508
-0.00913993 0.99996610
-0.01045207 1.00000000
-0.01176578 1.00001356
-0.01308110 1.00000678
-0.01439801 0.99997288
-0.01571644 0.99991864
-0.01703653 0.99983729
-0.01835824 0.99972203
-0.01968143 0.99957966
-0.02100625 0.99940339
-0.02233255 0.99918644
-0.02366047 0.99893559
-0.02499002 0.99865085
-0.02632105 0.99833898
-0.02765326 0.99803390
-0.02898739 0.99778305
-0.03032315 0.99757966
-0.03166038 0.99740339
-0.03299939 0.99723390
-0.03433973 0.99707119
-0.03568185 0.99690847
-0.03702529 0.99675254
-0.03837051 0.99659661
-0.03971706 0.99643390
-0.04106524 0.99627119
-0.04241504 0.99610847
-0.04376617 0.99593220
-0.04511893 0.99577627
-0.04647316 0.99564068
-0.04782902 0.99554576
-0.04918636 0.99546441
-0.05054518 0.99538983
-0.05190548 0.99532203
-0.05326740 0.99526102
-0.05463080 0.99519322
-0.05599568 0.99513220
-0.05736204 0.99506441
-0.05872988 0.99500339
-0.06009919 0.99494237
-0.06146998 0.99488136
-0.06284240 0.99482034
-0.06421615 0.99475932
-0.06559138 0.99469153
-0.06696823 0.99462373
-0.06834642 0.99454915
-0.06972608 0.99447458
-0.07110722 0.99440000
-0.07248984 0.99431864
-0.07387393 0.99424407
-0.07525951 0.99416949
-0.07664641 0.99408814
-0.07803480 0.99401356
-0.07942466 0.99393898
-0.08081600 0.99385763
-0.08220867 0.99378305
-0.08360282 0.99370847
-0.08499845 0.99363390
-0.08639541 0.99355254
-0.08779384 0.99347797
-0.08919376 0.99340339
-0.09059500 0.99332881
-0.09199772 0.99325424
-0.09340178 0.99317966
-0.09480731 0.99310508
-0.09621417 0.99303729
-0.09762236 0.99296271
-0.09903203 0.99288814
-0.10044304 0.99281356
-0.10185551 0.99274576
-0.10326932 0.99267119
-0.10468446 0.99260339
-0.10610108 0.99252881
-0.10751888 0.99245424
-0.10893816 0.99238644
-0.11035892 0.99231186
-0.11178086 0.99223729
-0.11320413 0.99216271
-0.11462888 0.99208814
-0.11605496 0.99202034
-0.11748222 0.99194576
-0.11891096 0.99187797
-0.12034104 0.99181017
-0.12177229 0.99173559
-0.12320502 0.99166780
-0.12463893 0.99160000
-0.12607433 0.99153220
-0.12751090 0.99146441
-0.12894881 0.99139661
-0.13038804 0.99133559
-0.13182846 0.99126780
-0.13327021 0.99120000
-0.13471344 0.99113220
-0.13615770 0.99107119
-0.13760344 0.99100339
-0.13905022 0.99094237
-0.14049847 0.99087458
-0.14194791 0.99081356
-0.14339867 0.99074576
-0.14485062 0.99068475
-0.14630375 0.99062373
-0.14775822 0.99055593
-0.14921430 0.99049492
-0.15067039 0.99043390
-0.15212944 0.99036610
-0.15358848 0.99030508
-0.15504900 0.99024407
-0.15651101 0.99017627
-0.15797449 0.99011525
-0.15943796 0.99005424
-0.16090440 0.98999322
-0.16237084 0.98992542
-0.16383875 0.98986441
-0.16530667 0.98980339
-0.16677754 0.98973559
-0.16824841 0.98967458
-0.16972223 0.98961356
-0.17119606 0.98954576
-0.17266989 0.98948475
-0.17414667 0.98941695
-0.17562346 0.98935593
-0.17710172 0.98928814
-0.17858146 0.98922712
-0.18006268 0.98915932
-0.18154390 0.98909153
-0.18302659 0.98903051
-0.18451077 0.98896271
-0.18599642 0.98889492
-0.18748355 0.98882712
-0.18897069 0.98875932
-0.19045930 0.98869153
-0.19194791 0.98862373
-0.19343947 0.98856271
-0.19493104 0.98849492
-0.19642408 0.98842712
-0.19791861 0.98835932
-0.19941313 0.98829831
-0.20090913 0.98823051
-0.20240661 0.98816949
-0.20390557 0.98810169
-0.20540453 0.98804068
-0.20690496 0.98797966
-0.20840540 0.98791864
-0.20990879 0.98785763
-0.21141218 0.98779661
-0.21291705 0.98773559
-0.21442193 0.98767458
-0.21592827 0.98762034
-0.21743610 0.98755932
-0.21894541 0.98749831
-0.22045471 0.98744407
-0.22196550 0.98738305
-0.22347628 0.98732203
-0.22499002 0.98726102
-0.22650376 0.98720678
-0.22801750 0.98714576
-0.22953272 0.98707797
-0.23104942 0.98701695
-0.23256759 0.98694915
-0.23408577 0.98687458
-0.23560542 0.98679322
-0.23712508 0.98670508
-0.23864621 0.98661695
-0.24016882 0.98652881
-0.24169143 0.98644068
-0.24321552 0.98635254
-0.24474108 0.98626441
-0.24626665 0.98618305
-0.24779369 0.98609492
-0.24932074 0.98601356
-0.25084926 0.98592542
-0.25237926 0.98584407
-0.25390926 0.98576271
-0.25544074 0.98567458
-0.25697222 0.98559322
-0.25850518 0.98551186
-0.26003962 0.98543051
-0.26157405 0.98534915
-0.26310997 0.98526780
-0.26464588 0.98517966
-0.26618327 0.98509831
-0.26772067 0.98501695
-0.26925954 0.98493559
-0.27079989 0.98485424
-0.27234024 0.98477288
-0.27388059 0.98469153
-0.27542241 0.98461017
-0.27696572 0.98452881
-0.27850902 0.98444746
-0.28005381 0.98436610
-0.28159859 0.98428475
-0.28314485 0.98420339
-0.28469112 0.98412203
-0.28623886 0.98404746
-0.28778808 0.98396610
-0.28933730 0.98388475
-0.29088651 0.98380339
-0.29243721 0.98372881
-0.29398791 0.98364746
-0.29554008 0.98357288
-0.29709226 0.98349831
-0.29864591 0.98342373
-0.30019957 0.98334915
-0.30175470 0.98328136
-0.30330983 0.98321356
-0.30486644 0.98314576
-0.30642305 0.98307797
-0.30798114 0.98300339
-0.30953923 0.98293559
-0.31109731 0.98286102
-0.31265688 0.98279322
-0.31421793 0.98271864
-0.31577749 0.98264407
-0.31734002 0.98256949
-0.31890106 0.98248814
-0.32046358 0.98241356
-0.32202758 0.98233220
-0.32359159 0.98225085
-0.32515559 0.98217627
-0.32672107 0.98209492
-0.32828655 0.98200678
-0.32985350 0.98192542
-0.33142046 0.98184407
-0.33298742 0.98175593
-0.33455586 0.98167458
-0.33612429 0.98158644
-0.33769273 0.98149831
-0.33926264 0.98141017
-0.34083256 0.98132203
-0.34240395 0.98123390
-0.34397534 0.98114576
-0.34554674 0.98105085
-0.34711961 0.98096271
-0.34869248 0.98086780
-0.35026535 0.98077288
-0.35183970 0.98067797
-0.35341405 0.98058305
-0.35498840 0.98048814
-0.35656422 0.98039322
-0.35814005 0.98029153
-0.35971588 0.98019661
-0.36129171 0.98009492
-0.36286901 0.98000000
-0.36444780 0.97989831
-0.36602510 0.97979661
-0.36760388 0.97969492
-0.36918267 0.97959322
-0.37076145 0.97949153
-0.37234172 0.97938983
-0.37392198 0.97928814
-0.37550224 0.97917966
-0.37708398 0.97907797
-0.37866424 0.97896949
-0.38024598 0.97886102
-0.38182920 0.97875254
-0.38341094 0.97863729
-0.38499416 0.97852881
-0.38657738 0.97841356
-0.38816060 0.97829831
-0.38974382 0.97818305
-0.39132851 0.97806780
-0.39291321 0.97794576
-0.39449791 0.97782373
-0.39608261 0.97770169
-0.39766878 0.97757966
-0.39925496 0.97745763
-0.40084113 0.97732881
-0.40242731 0.97720000
-0.40401348 0.97707119
-0.40560114 0.97694237
-0.40718731 0.97681356
-0.40877496 0.97667797
-0.41036262 0.97654237
-0.41195175 0.97640678
-0.41353940 0.97627119
-0.41512853 0.97612881
-0.41671619 0.97598644
-0.41830532 0.97584407
-0.41989445 0.97570169
-0.42148358 0.97555254
-0.42307419 0.97540339
-0.42466333 0.97525424
-0.42625394 0.97510508
-0.42784307 0.97495593
-0.42943368 0.97480000
-0.43102429 0.97464407
-0.43261490 0.97448814
-0.43420551 0.97432542
-0.43579612 0.97416271
-0.43738821 0.97400678
-0.43897882 0.97383729
-0.44057090 0.97367458
-0.44216151 0.97351186
-0.44375360 0.97334237
-0.44534569 0.97317288
-0.44693778 0.97300339
-0.44852839 0.97282712
-0.45012048 0.97265763
-0.45171257 0.97248136
-0.45330613 0.97230508
-0.45489822 0.97212881
-0.45649031 0.97195254
-0.45808240 0.97177627
-0.45967449 0.97160000
-0.46126658 0.97142373
-0.46286014 0.97124746
-0.46445223 0.97107119
-0.46604432 0.97089492
-0.46763788 0.97071864
-0.46922997 0.97054237
-0.47082206 0.97035932
-0.47241563 0.97016949
-0.47400772 0.96997288
-0.47559980 0.96976949
-0.47719337 0.96956610
-0.47878546 0.96935593
-0.48037755 0.96914576
-0.48196964 0.96892881
-0.48356320 0.96871186
-0.48515529 0.96849492
-0.48674738 0.96827119
-0.48833947 0.96804068
-0.48993156 0.96781695
-0.49152364 0.96757966
-0.49311573 0.96734915
-0.49470782 0.96711186
-0.49629843 0.96687458
-0.49789052 0.96663729
-0.49948261 0.96639322
-0.50107322 0.96614915
-0.50266383 0.96590508
-0.50425592 0.96566102
-0.50584653 0.96541017
-0.50743714 0.96515932
-0.50902775 0.96490847
-0.51061836 0.96465085
-0.51220897 0.96439322
-0.51379958 0.96413559
-0.51538871 0.96387797
-0.51697932 0.96361356
-0.51856845 0.96334915
-0.52015758 0.96307797
-0.52174671 0.96281356
-0.52333585 0.96254237
-0.52492498 0.96226441
-0.52651263 0.96198644
-0.52810029 0.96170847
-0.52968942 0.96142373
-0.53127707 0.96113898
-0.53286472 0.96084746
-0.53445090 0.96055593
-0.53603855 0.96025763
-0.53762473 0.95995254
-0.53921090 0.95964746
-0.54079708 0.95932881
-0.54238325 0.95900339
-0.54396943 0.95867119
-0.54555413 0.95833220
-0.54713882 0.95797288
-0.54872352 0.95762034
-0.55030822 0.95726102
-0.55189144 0.95690847
-0.55347466 0.95654915
-0.55505787 0.95620339
-0.55664109 0.95585085
-0.55822283 0.95549831
-0.55980605 0.95514576
-0.56138779 0.95479322
-0.56296805 0.95443390
-0.56454980 0.95408136
-0.56613006 0.95372203
-0.56771032 0.95336271
-0.56929058 0.95299661
-0.57086937 0.95263051
-0.57244815 0.95226441
-0.57402693 0.95189153
-0.57560424 0.95151864
-0.57718302 0.95113898
-0.57875885 0.95075254
-0.58033616 0.95036610
-0.58191198 0.94997966
-0.58348781 0.94958644
-0.58506364 0.94918644
-0.58663799 0.94877966
-0.58821234 0.94837288
-0.58978669 0.94795932
-0.59135956 0.94753898
-0.59293243 0.94711186
-0.59450530 0.94668475
-0.59607669 0.94625085
-0.59764808 0.94581017
-0.59921800 0.94536271
-0.60078939 0.94491525
-0.60235783 0.94446102
-0.60392774 0.94399322
-0.60549618 0.94352542
-0.60706461 0.94305763
-0.60863157 0.94257627
-0.61019853 0.94209492
-0.61176401 0.94160000
-0.61333097 0.94110508
-0.61489497 0.94060339
-0.61646045 0.94009492
-0.61802445 0.93958644
-0.61958697 0.93906441
-0.62114950 0.93854237
-0.62271202 0.93802034
-0.62427306 0.93748475
-0.62583411 0.93694915
-0.62739368 0.93640678
-0.62895324 0.93585763
-0.63051133 0.93530847
-0.63207090 0.93475932
-0.63362751 0.93420339
-0.63518412 0.93364746
-0.63674073 0.93308475
-0.63829586 0.93252203
-0.63985099 0.93196610
-0.64140464 0.93141017
-0.64295830 0.93084746
-0.64451047 0.93029153
-0.64606265 0.92972203
-0.64761335 0.92913898
-0.64916404 0.92854237
-0.65071326 0.92793898
-0.65226248 0.92732203
-0.65381022 0.92670508
-0.65535796 0.92607458
-0.65690570 0.92543729
-0.65845049 0.92479322
-0.65999675 0.92413559
-0.66154005 0.92347797
-0.66308484 0.92282034
-0.66462666 0.92214915
-0.66616849 0.92147119
-0.66771032 0.92079322
-0.66925067 0.92010847
-0.67078954 0.91941695
-0.67232841 0.91871864
-0.67386728 0.91801356
-0.67540467 0.91730847
-0.67694059 0.91659661
-0.67847650 0.91588475
-0.68001094 0.91515932
-0.68154390 0.91443390
-0.68307685 0.91370169
-0.68460833 0.91296949
-0.68613981 0.91223051
-0.68766982 0.91148475
-0.68919982 0.91073220
-0.69072834 0.90997288
-0.69225538 0.90921356
-0.69378243 0.90844746
-0.69530800 0.90768136
-0.69683356 0.90690169
-0.69835765 0.90612203
-0.69988026 0.90532881
-0.70140287 0.90453559
-0.70292400 0.90373559
-0.70444366 0.90293559
-0.70596331 0.90212203
-0.70748148 0.90130169
-0.70899966 0.90047458
-0.71051488 0.89963390
-0.71203158 0.89878644
-0.71354532 0.89793220
-0.71505906 0.89706441
-0.71657132 0.89618983
-0.71808358 0.89529492
-0.71959436 0.89438644
-0.72110367 0.89345085
-0.72261150 0.89249492
-0.72411933 0.89152542
-0.72562567 0.89055593
-0.72713202 0.88960000
-0.72863542 0.88865763
-0.73014029 0.88772881
-0.73164220 0.88680000
-0.73314412 0.88587797
-0.73464307 0.88496271
-0.73614351 0.88404068
-0.73764099 0.88311864
-0.73913847 0.88218983
-0.74063447 0.88124746
-0.74212899 0.88029831
-0.74362352 0.87933559
-0.74511656 0.87835932
-0.74660813 0.87735593
-0.74809822 0.87633898
-0.74958830 0.87530169
-0.75107691 0.87423729
-0.75256405 0.87314576
-0.75405118 0.87203390
-0.75553535 0.87090169
-0.75701953 0.86974237
-0.75850222 0.86856271
-0.75998492 0.86736949
-0.76146466 0.86615593
-0.76294440 0.86492203
-0.76442266 0.86368136
-0.76590093 0.86242034
-0.76737623 0.86115932
-0.76885154 0.85989153
-0.77032537 0.85861695
-0.77179771 0.85734237
-0.77326859 0.85606780
-0.77473946 0.85479322
-0.77620885 0.85352542
-0.77767528 0.85226441
-0.77914320 0.85101017
-0.78060816 0.84976271
-0.78207164 0.84852203
-0.78353512 0.84728814
-0.78499712 0.84606102
-0.78645764 0.84484068
-0.78791669 0.84361356
-0.78937573 0.84239322
-0.79083182 0.84116610
-0.79228791 0.83993220
-0.79374252 0.83869831
-0.79519565 0.83745763
-0.79664730 0.83620339
-0.79809748 0.83494237
-0.79954765 0.83366780
-0.80099487 0.83237966
-0.80244209 0.83107119
-0.80388783 0.82974237
-0.80533209 0.82840000
-0.80677488 0.82703051
-0.80821618 0.82564746
-0.80965749 0.82423729
-0.81109584 0.82281356
-0.81253418 0.82136271
-0.81397106 0.81990508
-0.81540645 0.81842712
-0.81684036 0.81693559
-0.81827280 0.81543051
-0.81970376 0.81391864
-0.82113324 0.81239322
-0.82256272 0.81086780
-0.82398924 0.80932881
-0.82541576 0.80779661
-0.82684081 0.80625085
-0.82826289 0.80471186
-0.82968498 0.80316610
-0.83110559 0.80162712
-0.83252472 0.80008136
-0.83394238 0.79854237
-0.83536003 0.79700339
-0.83677473 0.79546441
-0.83818795 0.79392542
-0.83960116 0.79238644
-0.84101143 0.79084746
-0.84242169 0.78930847
-0.84382899 0.78776949
-0.84523630 0.78623051
-0.84664213 0.78468475
-0.84804648 0.78313898
-0.84944787 0.78160000
-0.85084926 0.78004746
-0.85224918 0.77850169
-0.85364761 0.77694915
-0.85504457 0.77538983
-0.85644005 0.77383051
-0.85783405 0.77227119
-0.85922657 0.77070508
-0.86061762 0.76913898
-0.86200866 0.76756610
-0.86339675 0.76599322
-0.86478336 0.76441356
-0.86616849 0.76283390
-0.86755215 0.76124068
-0.86893580 0.75965424
-0.87031650 0.75805424
-0.87169571 0.75645424
-0.87307345 0.75485424
-0.87445120 0.75324068
-0.87582598 0.75162712
-0.87719928 0.75000678
-0.87857259 0.74837966
-0.87994294 0.74674576
-0.88131181 0.74511186
-0.88267920 0.74346441
-0.88404659 0.74181017
-0.88541103 0.74015593
-0.88677399 0.73848814
-0.88813547 0.73681356
-0.88949695 0.73513220
-0.89085547 0.73343729
-0.89221251 0.73174237
-0.89356808 0.73002712
-0.89492217 0.72831186
-0.89627478 0.72657627
-0.89762591 0.72484068
-0.89897556 0.72308475
-0.90032374 0.72131525
-0.90167044 0.71953898
-0.90301565 0.71774237
-0.90435940 0.71593220
-0.90570166 0.71410847
-0.90704096 0.71226441
-0.90838027 0.71040000
-0.90971810 0.70852203
-0.91105297 0.70662373
-0.91238784 0.70470508
-0.91371975 0.70276610
-0.91505167 0.70079322
-0.91638062 0.69876610
-0.91770810 0.69668475
-0.91903410 0.69453559
-0.92036010 0.69233898
-0.92168315 0.69008814
-0.92300472 0.68777627
-0.92432480 0.68541017
-0.92564341 0.68298305
-0.92695907 0.68048136
-0.92827472 0.67790102
-0.92958890 0.67523322
-0.93090011 0.67246644
-0.93221133 0.66958712
-0.93351959 0.66657831
-0.93482786 0.66342373
-0.93613316 0.66009898
-0.93743699 0.65658237
-0.93873934 0.65283864
-0.94004021 0.64886644
-0.94133960 0.64472407
-0.94263604 0.64052678
-0.94393247 0.63617966
-0.94522743 0.63143729
-0.94651943 0.62513966
-0.94781143 0.61591864
-0.94910048 0.60109288
-0.95038804 0.58638847
-0.95167118 0.58848000
-0.95295431 0.60265831
-0.95423744 0.61132000
-0.95551909 0.61425966
-0.95679779 0.61594576
-0.95807353 0.61704746
-0.95934927 0.61780610
-0.96062353 0.61846169
-0.96189631 0.61943390
-0.96316762 0.62190373
