# s/c    P_stat
1.28119503 0.58858375
1.27992372 0.58704925
1.27865242 0.58559915
1.27738111 0.58423093
1.27610981 0.58294204
1.27483850 0.58172990
1.27356719 0.58059194
1.27229589 0.57952557
1.27102458 0.57852819
1.26975328 0.57759719
1.26848197 0.57672998
1.26721067 0.57592394
1.26593936 0.57517646
1.26466806 0.57448494
1.26339675 0.57384679
1.26212545 0.57325940
1.26085414 0.57272019
1.25958283 0.57222661
1.25831153 0.57177609
1.25704022 0.57136609
1.25576892 0.57099410
1.25449761 0.57065760
1.25322631 0.57035411
1.25195500 0.57008119
1.25068370 0.56983640
1.24941239 0.56961733
1.24814109 0.56942160
1.24686978 0.56924687
1.24559847 0.56909082
1.24432717 0.56895118
1.24305586 0.56882569
1.24178456 0.56871214
1.24051325 0.56860836
1.23924195 0.56851221
1.23797064 0.56842161
1.23669934 0.56833449
1.23542803 0.56824886
1.23415673 0.56816274
1.23288542 0.56807421
1.23161411 0.56798140
1.23034281 0.56788249
1.22907150 0.56777569
1.22780020 0.56765928
1.22652889 0.56753158
1.22525759 0.56739097
1.22398628 0.56723586
1.22271498 0.56706474
1.22144367 0.56687614
1.22017237 0.56666865
1.21890106 0.56644090
1.21762975 0.56619159
1.21635845 0.56591949
1.21508714 0.56562339
1.21381584 0.56530217
1.21254453 0.56495475
1.21127323 0.56458012
1.21000192 0.56417731
1.20873062 0.56374544
1.20744453 0.56328366
1.20617322 0.56279119
1.20490192 0.56226731
1.20363061 0.56171137
1.20235931 0.56112276
1.20108800 0.56050094
1.19981670 0.55984544
1.19854539 0.55915583
1.19727408 0.55843175
1.19600278 0.55767291
1.19473147 0.55687906
1.19346017 0.55605003
1.19218886 0.55518569
1.19091756 0.55428599
1.18964625 0.55335091
1.18837495 0.55238052
1.18710364 0.55137492
1.18583234 0.55033430
1.18456103 0.54925887
1.18328972 0.54814892
1.18201842 0.54700480
1.18074711 0.54582690
1.17946103 0.54461566
1.17818972 0.54337160
1.17691841 0.54209527
1.17564711 0.54078729
1.17437580 0.53944830
1.17310450 0.53807904
1.17183319 0.53668025
1.17056189 0.53525276
1.16929058 0.53379741
1.16801928 0.53231512
1.16674797 0.53080683
1.16547667 0.52927355
1.16420536 0.52771631
1.16293405 0.52613620
1.16166275 0.52453433
1.16039144 0.52291187
1.15912014 0.52127002
1.15783405 0.51961001
1.15656274 0.51793312
1.15529144 0.51624065
1.15402013 0.51358367
1.15274883 0.51177802
1.15147752 0.50998251
1.15020622 0.50819191
1.14893491 0.50639404
1.14766361 0.50458428
1.14639230 0.50277204
1.14512100 0.50097241
1.14384969 0.49919243
1.14257838 0.49742794
1.14130708 0.49566886
1.14002099 0.49391321
1.13874969 0.49215676
1.13747838 0.49039139
1.13620707 0.48861104
1.13493577 0.48681220
1.13366446 0.48500137
1.13239316 0.48318770
1.13112185 0.48138211
1.12985055 0.47959695
1.12857924 0.47784391
1.12730794 0.47613269
1.12603663 0.47447332
1.12475054 0.47287429
1.12347924 0.47133941
1.12220793 0.46986386
1.12093663 0.46843561
1.11966532 0.46703943
1.11839402 0.46566209
1.11712271 0.46429978
1.11585141 0.46295440
1.11458010 0.46163011
1.11330879 0.46033295
1.11203749 0.45906889
1.11075140 0.45784380
1.10948010 0.45666287
1.10820879 0.45553062
1.10693748 0.45445058
1.10566618 0.45342524
1.10439487 0.45245634
1.10312357 0.45154489
1.10185226 0.45069188
1.10058096 0.44989752
1.09930965 0.44916174
1.09802356 0.44848469
1.09675226 0.44786448
1.09548095 0.44729859
1.09420965 0.44678422
1.09293834 0.44631771
1.09166704 0.44589532
1.09039573 0.44551293
1.08912443 0.44516611
1.08783834 0.44484975
1.08656703 0.44455884
1.08529573 0.44428835
1.08402442 0.44403272
1.08275312 0.44378638
1.08148181 0.44354225
1.08021050 0.44329374
1.07893920 0.44304242
1.07766789 0.44280047
1.07638181 0.44258288
1.07511050 0.44239999
1.07383919 0.44225484
1.07256789 0.44214469
1.07129658 0.44206468
1.07002528 0.44200873
1.06875397 0.44196991
1.06746788 0.44194120
1.06619658 0.44191606
1.06492527 0.44188920
1.06365397 0.44185581
1.06238266 0.44181172
1.06111136 0.44175117
1.05984005 0.44166643
1.05856875 0.44155456
1.05728266 0.44141744
1.05601135 0.44126038
1.05474005 0.44109053
1.05346874 0.44091372
1.05219744 0.44073480
1.05092613 0.44055748
1.04965483 0.44038507
1.04836874 0.44022034
1.04709743 0.44006324
1.04582613 0.43991241
1.04455482 0.43976618
1.04328352 0.43962241
1.04201221 0.43947924
1.04072612 0.43933449
1.03945482 0.43918645
1.03818351 0.43903337
1.03691221 0.43887326
1.03564090 0.43870542
1.03436960 0.43853045
1.03309829 0.43835129
1.03181220 0.43817267
1.03054090 0.43799965
1.02926959 0.43783629
1.02799829 0.43768625
1.02672698 0.43755358
1.02545567 0.43744072
1.02416959 0.43734827
1.02289828 0.43727310
1.02162698 0.43720910
1.02035567 0.43715014
1.01908436 0.43709214
1.01779828 0.43703432
1.01652697 0.43697753
1.01525567 0.43692333
1.01398436 0.43687357
1.01271305 0.43682995
1.01144175 0.43679394
1.01015566 0.43676673
1.00888436 0.43674927
1.00761305 0.43674222
1.00634174 0.43674595
1.00507044 0.43676058
1.00378435 0.43678633
1.00251305 0.43682420
1.00124174 0.43687676
0.99997043 0.43694750
0.99869913 0.43703947
0.99742782 0.43715410
0.99614174 0.43728971
0.99487043 0.43744326
0.99359912 0.43761242
0.99232782 0.43779535
0.99105651 0.43799025
0.98977043 0.43819482
0.98849912 0.43840588
0.98722781 0.43861939
0.98595651 0.43883122
0.98468520 0.43903746
0.98339912 0.43923473
0.98212781 0.43942088
0.98085651 0.43959481
0.97958520 0.43975730
0.97829911 0.43991245
0.97702781 0.44006716
0.97575650 0.44023006
0.97448520 0.44040836
0.97321389 0.44060724
0.97192780 0.44083001
0.97065650 0.44107618
0.96938519 0.44134325
0.96811389 0.44162643
0.96682780 0.44191739
0.96555649 0.44220561
0.96428519 0.44248119
0.96301388 0.44273603
0.96174258 0.44296240
0.96045649 0.44315366
0.95918518 0.44330297
0.95791388 0.44341114
0.95664257 0.44349575
0.95535648 0.44358251
0.95408518 0.44369287
0.95281387 0.44383696
0.95154257 0.44401483
0.95025648 0.44422230
0.94898517 0.44445414
0.94771387 0.44470514
0.94644256 0.44496902
0.94515647 0.44523909
0.94388517 0.44550802
0.94261386 0.44576684
0.94134256 0.44600474
0.94005647 0.44620793
0.93878516 0.44636744
0.93751386 0.44648578
0.93624255 0.44657343
0.93495647 0.44664303
0.93368516 0.44670737
0.93241385 0.44677664
0.93114255 0.44685468
0.92985646 0.44694312
0.92858516 0.44704332
0.92731385 0.44715577
0.92604254 0.44728036
0.92475646 0.44741420
0.92348515 0.44755107
0.92221385 0.44767994
0.92094254 0.44778792
0.91965645 0.44786829
0.91838515 0.44792047
0.91711384 0.44794842
0.91582775 0.44795949
0.91455645 0.44796195
0.91328514 0.44796511
0.91201384 0.44797709
0.91072775 0.44800565
0.90945644 0.44805837
0.90818514 0.44813783
0.90691383 0.44824356
0.90562774 0.44837329
0.90435644 0.44852262
0.90308513 0.44868700
0.90179905 0.44886114
0.90052774 0.44904100
0.89925643 0.44922264
0.89797035 0.44940126
0.89669904 0.44957380
0.89542774 0.44973693
0.89415643 0.44988777
0.89287034 0.45002583
0.89159904 0.45015179
0.89032773 0.45026760
0.88904164 0.45037704
0.88777034 0.45048950
0.88649903 0.45061940
0.88521294 0.45077798
0.88394164 0.45097293
0.88267033 0.45121089
0.88138424 0.45149685
0.88011294 0.45183442
0.87884163 0.45222431
0.87757033 0.45266285
0.87628424 0.45314347
0.87501293 0.45365504
0.87374163 0.45418398
0.87245554 0.45471465
0.87118424 0.45522695
0.86991293 0.45570398
0.86862684 0.45613107
0.86735554 0.45650083
0.86608423 0.45681631
0.86479814 0.45709016
0.86352684 0.45734213
0.86225553 0.45759047
0.86096944 0.45785094
0.85969814 0.45813054
0.85842683 0.45843042
0.85714075 0.45874932
0.85586944 0.45908255
0.85459813 0.45942495
0.85331205 0.45976965
0.85204074 0.46010771
0.85076944 0.46043147
0.84948335 0.46073837
0.84821204 0.46103479
0.84692595 0.46133292
0.84565465 0.46164444
0.84438334 0.46197622
0.84309725 0.46232934
0.84182595 0.46270232
0.84055464 0.46309089
0.83926856 0.46348947
0.83799725 0.46389228
0.83672594 0.46429314
0.83543986 0.46468601
0.83416855 0.46506530
0.83288246 0.46542679
0.83161116 0.46576732
0.83033985 0.46608548
0.82905376 0.46638263
0.82778246 0.46666337
0.82651115 0.46693828
0.82522507 0.46722329
0.82395376 0.46753078
0.82266767 0.46786200
0.82139637 0.46820991
0.82012506 0.46856537
0.81883897 0.46892089
0.81756767 0.46927140
0.81628158 0.46961212
0.81501027 0.46993769
0.81373897 0.47024290
0.81245288 0.47052519
0.81118157 0.47078582
0.80989549 0.47102744
0.80862418 0.47125278
0.80735288 0.47146403
0.80606679 0.47166569
0.80479548 0.47186747
0.80350939 0.47207832
0.80223809 0.47230347
0.80096678 0.47254464
0.79968070 0.47280041
0.79840939 0.47306776
0.79712330 0.47334161
0.79585200 0.47361706
0.79458069 0.47388857
0.79329460 0.47415040
0.79202330 0.47439998
0.79073721 0.47463635
0.78946590 0.47485952
0.78817982 0.47507044
0.78690851 0.47527046
0.78563720 0.47546136
0.78435112 0.47564593
0.78307981 0.47582828
0.78179372 0.47601589
0.78052242 0.47621712
0.77923633 0.47643554
0.77796502 0.47667136
0.77669372 0.47692179
0.77540763 0.47718149
0.77413633 0.47744420
0.77285024 0.47770285
0.77157893 0.47794741
0.77029284 0.47816551
0.76902154 0.47834794
0.76773545 0.47849210
0.76646414 0.47860189
0.76517806 0.47868413
0.76390675 0.47874497
0.76263545 0.47878800
0.76134936 0.47881550
0.76007805 0.47882912
0.75879196 0.47882948
0.75752066 0.47881697
0.75623457 0.47879218
0.75496327 0.47875595
0.75367718 0.47870956
0.75240587 0.47865518
0.75111978 0.47859589
0.74984848 0.47853571
0.74856239 0.47847981
0.74729108 0.47843321
0.74600500 0.47839903
0.74473369 0.47837800
0.74344760 0.47836861
0.74217630 0.47836782
0.74089021 0.47837278
0.73961890 0.47838120
0.73833282 0.47839085
0.73706151 0.47839972
0.73577542 0.47840562
0.73450412 0.47840687
0.73321803 0.47840476
0.73194672 0.47840664
0.73066064 0.47842488
0.72938933 0.47847138
0.72810324 0.47855200
0.72683194 0.47866472
0.72554585 0.47880241
0.72427454 0.47895918
0.72298845 0.47913203
0.72171715 0.47931867
0.72043106 0.47951639
0.71915976 0.47971989
0.71787367 0.47991996
0.71660236 0.48010339
0.71531627 0.48026145
0.71404497 0.48040142
0.71275888 0.48054079
0.71148758 0.48069627
0.71020149 0.48087790
0.70893018 0.48108502
0.70764409 0.48131472
0.70635801 0.48156579
0.70508670 0.48183851
0.70380061 0.48213741
0.70252931 0.48246697
0.70124322 0.48281989
0.69997191 0.48317584
0.69868582 0.48351851
0.69741452 0.48384170
0.69612843 0.48414990
0.69484234 0.48445156
0.69357104 0.48475208
0.69228495 0.48505437
0.69101364 0.48535568
0.68972756 0.48565265
0.68845625 0.48594077
0.68717016 0.48621147
0.68589886 0.48646257
0.68461277 0.48670931
0.68332668 0.48697867
0.68205538 0.48729055
0.68076929 0.48765049
0.67949798 0.48805696
0.67821189 0.48850717
0.67692581 0.48899978
0.67565450 0.48953232
0.67436841 0.49009408
0.67309711 0.49065995
0.67181102 0.49120001
0.67053971 0.49169682
0.66925363 0.49214643
0.66796754 0.49255436
0.66669623 0.49293668
0.66541014 0.49331762
0.66413884 0.49372154
0.66285275 0.49416345
0.66156666 0.49464598
0.66029536 0.49516231
0.65900927 0.49570346
0.65772318 0.49626594
0.65645188 0.49685045
0.65516579 0.49745533
0.65389448 0.49807240
0.65260839 0.49869288
0.65132231 0.49930813
0.65005100 0.49990906
0.64876491 0.50048830
0.64749361 0.50103877
0.64620752 0.50155509
0.64492143 0.50203205
0.64365012 0.50246547
0.64236404 0.50285207
0.64107795 0.50318681
0.63980664 0.50346930
0.63852056 0.50370939
0.63723447 0.50392416
0.63596316 0.50413459
0.63467707 0.50435744
0.63339099 0.50460910
0.63211968 0.50490607
0.63083359 0.50525320
0.62954750 0.50564876
0.62827620 0.50608576
0.62699011 0.50653936
0.62571880 0.50697486
0.62443272 0.50737166
0.62314663 0.50772473
0.62187532 0.50804045
0.62058924 0.50832951
0.61930315 0.50860060
0.61801706 0.50885541
0.61674575 0.50909531
0.61545967 0.50932536
0.61417358 0.50954145
0.61290227 0.50973882
0.61161618 0.50991850
0.61033010 0.51009261
0.60905879 0.51028455
0.60777270 0.51052021
0.60648661 0.51081224
0.60521531 0.51114818
0.60392922 0.51150623
0.60264313 0.51185877
0.60137183 0.51217833
0.60008574 0.51245211
0.59879965 0.51267934
0.59751356 0.51287212
0.59624226 0.51305285
0.59495617 0.51324846
0.59367008 0.51348435
0.59239878 0.51376466
0.59111269 0.51407201
0.58982660 0.51438603
0.58854051 0.51470083
0.58726921 0.51502162
0.58598312 0.51536242
0.58469703 0.51574381
0.58341094 0.51617271
0.58213964 0.51664408
0.58085355 0.51714499
0.57956746 0.51764738
0.57829616 0.51811757
0.57701007 0.51854007
0.57572398 0.51891332
0.57443789 0.51924464
0.57316659 0.51955047
0.57188050 0.51984896
0.57059441 0.52016058
0.56930832 0.52050343
0.56803702 0.52088424
0.56675093 0.52129956
0.56546484 0.52173967
0.56417875 0.52219256
0.56289266 0.52264070
0.56162136 0.52306192
0.56033527 0.52344677
0.55904918 0.52379829
0.55776309 0.52413783
0.55649179 0.52449316
0.55520570 0.52487453
0.55391961 0.52527300
0.55263352 0.52566332
0.55134744 0.52601905
0.55007613 0.52633528
0.54879004 0.52662262
0.54750395 0.52690401
0.54621787 0.52721054
0.54494656 0.52754475
0.54366047 0.52788940
0.54237438 0.52822243
0.54108830 0.52851717
0.53980221 0.52875777
0.53853090 0.52896313
0.53724481 0.52918037
0.53595873 0.52944074
0.53467264 0.52975381
0.53338655 0.53010025
0.53210046 0.53043346
0.53082916 0.53073146
0.52954307 0.53100605
0.52825698 0.53129564
0.52697089 0.53164825
0.52568480 0.53207695
0.52439872 0.53257098
0.52312741 0.53310065
0.52184132 0.53362010
0.52055524 0.53410674
0.51926915 0.53455906
0.51798306 0.53498907
0.51669697 0.53542043
0.51542567 0.53587573
0.51413958 0.53637162
0.51285349 0.53691119
0.51156740 0.53748816
0.51028131 0.53808908
0.50899523 0.53869746
0.50770914 0.53930702
0.50643783 0.53992165
0.50515174 0.54055188
0.50386566 0.54120903
0.50257957 0.54189468
0.50129348 0.54260317
0.50000739 0.54332628
0.49872130 0.54405389
0.49743522 0.54477629
0.49616391 0.54548701
0.49487782 0.54618336
0.49359173 0.54686730
0.49230565 0.54754436
0.49101956 0.54822206
0.48973347 0.54891029
0.48844738 0.54961870
0.48716129 0.55035578
0.48587521 0.55112169
0.48460390 0.55190673
0.48331781 0.55269063
0.48203172 0.55345081
0.48074564 0.55418911
0.47945955 0.55492553
0.47817346 0.55568283
0.47688737 0.55647830
0.47560128 0.55731438
0.47431520 0.55817622
0.47302911 0.55903603
0.47174302 0.55986897
0.47045693 0.56065913
0.46917084 0.56141580
0.46789954 0.56217803
0.46661345 0.56297588
0.46532736 0.56381405
0.46404127 0.56464912
0.46275519 0.56540843
0.46146910 0.56609740
0.46018301 0.56678402
0.45889692 0.56753181
0.45761083 0.56837733
0.45632474 0.56930707
0.45503866 0.57029403
0.45375257 0.57133521
0.45246648 0.57243184
0.45118039 0.57358926
0.44989430 0.57476254
0.44860822 0.57585565
0.44732213 0.57683614
0.44603604 0.57773562
0.44474995 0.57861068
0.44346386 0.57950500
0.44217778 0.58042647
0.44089169 0.58136250
0.43960560 0.58229185
0.43831951 0.58320309
0.43703342 0.58409074
0.43574734 0.58494803
0.43446125 0.58577318
0.43317516 0.58656258
0.43188907 0.58731478
0.43060298 0.58803975
0.42931690 0.58875298
0.42803081 0.58946802
0.42674472 0.59018751
0.42545863 0.59091197
0.42417254 0.59165866
0.42288645 0.59243839
0.42160037 0.59325136
0.42031428 0.59405155
0.41902819 0.59474324
0.41774210 0.59529430
0.41645601 0.59574639
0.41516993 0.59615649
0.41388384 0.59655500
0.41259775 0.59694364
0.41131166 0.59733850
0.41002557 0.59776256
0.40873949 0.59821667
0.40745340 0.59867134
0.40616731 0.59909991
0.40488122 0.59950217
0.40359513 0.59990190
0.40230905 0.60034308
0.40102296 0.60085820
0.39973687 0.60143833
0.39843600 0.60204411
0.39714991 0.60263714
0.39586382 0.60320102
0.39457773 0.60373631
0.39329165 0.60424701
0.39200556 0.60473435
0.39071947 0.60519367
0.38943338 0.60562085
0.38814729 0.60601865
0.38686121 0.60639661
0.38557512 0.60676854
0.38428903 0.60715193
0.38298816 0.60756402
0.38170207 0.60800755
0.38041598 0.60846560
0.37912989 0.60891677
0.37784381 0.60935808
0.37655772 0.60979728
0.37527163 0.61023474
0.37398554 0.61066684
0.37269945 0.61108419
0.37139858 0.61146988
0.37011250 0.61182040
0.36882641 0.61215957
0.36754032 0.61251494
0.36625423 0.61290134
0.36496814 0.61331411
0.36368206 0.61373287
0.36238118 0.61413693
0.36109510 0.61451516
0.35980901 0.61486557
0.35852292 0.61518584
0.35723683 0.61547436
0.35595074 0.61573909
0.35466466 0.61600153
0.35336379 0.61628380
0.35207770 0.61659551
0.35079161 0.61692661
0.34950552 0.61725991
0.34821943 0.61758770
0.34693335 0.61789764
0.34563247 0.61817827
0.34434639 0.61843173
0.34306030 0.61866390
0.34177421 0.61888365
0.34048812 0.61909882
0.33918725 0.61931463
0.33790116 0.61953303
0.33661508 0.61974903
0.33532899 0.61996274
0.33404290 0.62018597
0.33275681 0.62043616
0.33145594 0.62072288
0.33016985 0.62104721
0.32888376 0.62139795
0.32759768 0.62174863
0.32629681 0.62207615
0.32501072 0.62236403
0.32372463 0.62260291
0.32243854 0.62280509
0.32115245 0.62300349
0.31985158 0.62322894
0.31856549 0.62351007
0.31727941 0.62387104
0.31599332 0.62431722
0.31469245 0.62484144
0.31340636 0.62543753
0.31212027 0.62610202
0.31083418 0.62682666
0.30953331 0.62758914
0.30824722 0.62836394
0.30696114 0.62913810
0.30567505 0.62992346
0.30437418 0.63075631
0.30308809 0.63167075
0.30180200 0.63268719
0.30051591 0.63379879
0.29921504 0.63497591
0.29792895 0.63619112
0.29664287 0.63743225
0.29534200 0.63871427
0.29405591 0.64007282
0.29276982 0.64153515
0.29148373 0.64311312
0.29018286 0.64479005
0.28889677 0.64651333
0.28761068 0.64823948
0.28630981 0.64997879
0.28502373 0.65176902
0.28373764 0.65364807
0.28243677 0.65563567
0.28115068 0.65770006
0.27986459 0.65979570
0.27857850 0.66189924
0.27727763 0.66399765
0.27599154 0.66610078
0.27470546 0.66825466
0.27340459 0.67049994
0.27211850 0.67285277
0.27083241 0.67529390
0.26953154 0.67776951
0.26824545 0.68023817
0.26695936 0.68267942
0.26565849 0.68510398
0.26437240 0.68755200
0.26307153 0.69004941
0.26178545 0.69260548
0.26049936 0.69522147
0.25919849 0.69788776
0.25791240 0.70059128
0.25662631 0.70331978
0.25532544 0.70606784
0.25403935 0.70883569
0.25275326 0.71162916
0.25145239 0.71445711
0.25016630 0.71732222
0.24886543 0.72022328
0.24757935 0.72315547
0.24629326 0.72610844
0.24499239 0.72907456
0.24370630 0.73204596
0.24240543 0.73501238
0.24111934 0.73796955
0.23983325 0.74092371
0.23853238 0.74388834
0.23724629 0.74687786
0.23594542 0.74989953
0.23465933 0.75295013
0.23337325 0.75601817
0.23207238 0.75908783
0.23078629 0.76214344
0.22948542 0.76516800
0.22819933 0.76814705
0.22689846 0.77107201
0.22561237 0.77395012
0.22432628 0.77680547
0.22302541 0.77965054
0.22173932 0.78248241
0.22043845 0.78529056
0.21915236 0.78806153
0.21785149 0.79078473
0.21656541 0.79345651
0.21526454 0.79608351
0.21397845 0.79867643
0.21267758 0.80125272
0.21139149 0.80381909
0.21009062 0.80634740
0.20880453 0.80879802
0.20750366 0.81114035
0.20621757 0.81339467
0.20493148 0.81564528
0.20363061 0.81793443
0.20234452 0.82024905
0.20104365 0.82256696
0.19975757 0.82486217
0.19845669 0.82713586
0.19717061 0.82939800
0.19586974 0.83163051
0.19458365 0.83380589
0.19328278 0.83587845
0.19199669 0.83784880
0.19069582 0.83979806
0.18939495 0.84178013
0.18810886 0.84379380
0.18680799 0.84580300
0.18552190 0.84777435
0.18422103 0.84970036
0.18293494 0.85159080
0.18163407 0.85346341
0.18034798 0.85532635
0.17904711 0.85718220
0.17776102 0.85903342
0.17646015 0.86088171
0.17517407 0.86273119
0.17387319 0.86458760
0.17257232 0.86645693
0.17128624 0.86834572
0.16998537 0.87025898
0.16869928 0.87220156
0.16739841 0.87417006
0.16611232 0.87613393
0.16481145 0.87805362
0.16351058 0.87988338
0.16222449 0.88161901
0.16092362 0.88333064
0.15963753 0.88506221
0.15833666 0.88680727
0.15703579 0.88854678
0.15574970 0.89027629
0.15444883 0.89201456
0.15316274 0.89376309
0.15186187 0.89550380
0.15056100 0.89722786
0.14927491 0.89895292
0.14797404 0.90070505
0.14668795 0.90249852
0.14538708 0.90432976
0.14408621 0.90616693
0.14280012 0.90796500
0.14149925 0.90970208
0.14019838 0.91138834
0.13891229 0.91304807
0.13761142 0.91469647
0.13632534 0.91633560
0.13502447 0.91796294
0.13372359 0.91957677
0.13243751 0.92118102
0.13113664 0.92278140
0.12983577 0.92437377
0.12854968 0.92508123
0.12724881 0.92655373
0.12594794 0.92800658
0.12466185 0.92943960
0.12336098 0.93085267
0.12206011 0.93224566
0.12075924 0.93361845
0.11947315 0.93497096
0.11817228 0.93630310
0.11687141 0.93761483
0.11558532 0.93890609
0.11428445 0.94017686
0.11298358 0.94142714
0.11169749 0.94265693
0.11039662 0.94386626
0.10909575 0.94505518
0.10779488 0.94622374
0.10650879 0.94737203
0.10520792 0.94850014
0.10390705 0.94960818
0.10260618 0.95069630
0.10132009 0.95176463
0.10001922 0.95281335
0.09871835 0.95384263
0.09743226 0.95485268
0.09613139 0.95584370
0.09483052 0.95681594
0.09352965 0.95776963
0.09224356 0.95870504
0.09094269 0.95962245
0.08964182 0.96052215
0.08834095 0.96140444
0.08704008 0.96226964
0.08575399 0.96311808
0.08445312 0.96395012
0.08315225 0.96476610
0.08185138 0.96556640
0.08056529 0.96635139
0.07926442 0.96712147
0.07796355 0.96787703
0.07666268 0.96861847
0.07536180 0.96934623
0.07407572 0.97006071
0.07277485 0.97076235
0.07147398 0.97145158
0.07017310 0.97212884
0.06887223 0.97279458
0.06757136 0.97344924
0.06628528 0.97409327
0.06498440 0.97472713
0.06368353 0.97535125
0.06238266 0.97596610
0.06108179 0.97657210
0.05978092 0.97716972
0.05849483 0.97775939
0.05719396 0.97834154
0.05589309 0.97891660
0.05459222 0.97948498
0.05329135 0.98004711
0.05199048 0.98060337
0.05068961 0.98115415
0.04940352 0.98169984
0.04810265 0.98224079
0.04680178 0.98277734
0.04550091 0.98330983
0.04420004 0.98383855
0.04289917 0.98436381
0.04159830 0.98488586
0.04029743 0.98540495
0.03901134 0.98592130
0.03771047 0.98643510
0.03640960 0.98694652
0.03510873 0.98745568
0.03380786 0.98796269
0.03250698 0.98846762
0.03120611 0.98897051
0.02990524 0.98947135
0.02860437 0.98997011
0.02730350 0.99046669
0.02600263 0.99096098
0.02470176 0.99145281
0.02341567 0.99194197
0.02211480 0.99242819
0.02081393 0.99291116
0.01951306 0.99339052
0.01821219 0.99386585
0.01691132 0.99433667
0.01561045 0.99480245
0.01430958 0.99526260
0.01300871 0.99571646
0.01170784 0.99616331
0.01040697 0.99660237
0.00910609 0.99703276
0.00780522 0.99745356
0.00650435 0.99786378
0.00520348 0.99826232
0.00390261 0.99864803
0.00260174 0.99901967
0.00130087 0.99937592
0.00000000 0.99971535
-0.00000000 0.99867794
-0.00130087 0.99912907
-0.00260335 0.99936090
-0.00390746 0.99957393
-0.00521317 0.99971178
-0.00652048 0.99983083
-0.00782941 0.99991228
-0.00913993 0.99996867
-0.01045207 1.00000627
-0.01176578 1.00001880
-0.01308110 1.00001253
-0.01439801 0.99998120
-0.01571644 0.99992481
-0.01703653 0.99983709
-0.01835824 0.99971805
-0.01968143 0.99956767
-0.02100625 0.99938596
-0.02233255 0.99916667
-0.02366047 0.99890351
-0.02499002 0.99860276
-0.02632105 0.99828321
-0.02765326 0.99796992
-0.02898739 0.99770677
-0.03032315 0.99750000
-0.03166038 0.99731203
-0.03299939 0.99714286
-0.03433973 0.99697368
-0.03568185 0.99681078
-0.03702529 0.99664787
-0.03837051 0.99648496
-0.03971706 0.99632206
-0.04106524 0.99615288
-0.04241504 0.99598371
-0.04376617 0.99580827
-0.04511893 0.99563910
-0.04647316 0.99550125
-0.04782902 0.99540100
-0.04918636 0.99531955
-0.05054518 0.99524436
-0.05190548 0.99517544
-0.05326740 0.99511278
-0.05463080 0.99504386
-0.05599568 0.99498120
-0.05736204 0.99491228
-0.05872988 0.99484962
-0.06009919 0.99478697
-0.06146998 0.99472431
-0.06284240 0.99466165
-0.06421615 0.99459900
-0.06559138 0.99453008
-0.06696823 0.99446115
-0.06834642 0.99438596
-0.06972608 0.99430451
-0.07110722 0.99422932
-0.07248984 0.99414787
-0.07387393 0.99407268
-0.07525951 0.99399123
-0.07664641 0.99390977
-0.07803480 0.99383459
-0.07942466 0.99375313
-0.08081600 0.99367794
-0.08220867 0.99359649
-0.08360282 0.99351504
-0.08499845 0.99343985
-0.08639541 0.99336466
-0.08779384 0.99328321
-0.08919376 0.99320802
-0.09059500 0.99313283
-0.09199772 0.99305138
-0.09340178 0.99297619
-0.09480731 0.99290100
-0.09621417 0.99282581
-0.09762236 0.99275063
-0.09903203 0.99267544
-0.10044304 0.99260025
-0.10185551 0.99252506
-0.10326932 0.99245614
-0.10468446 0.99238095
-0.10610108 0.99230576
-0.10751888 0.99223058
-0.10893816 0.99215539
-0.11035892 0.99208020
-0.11178086 0.99200501
-0.11320413 0.99192982
-0.11462888 0.99185464
-0.11605496 0.99177945
-0.11748222 0.99171053
-0.11891096 0.99163534
-0.12034104 0.99156015
-0.12177229 0.99149123
-0.12320502 0.99142231
-0.12463893 0.99135338
-0.12607433 0.99127820
-0.12751090 0.99120927
-0.12894881 0.99114035
-0.13038804 0.99107143
-0.13182846 0.99100877
-0.13327021 0.99093985
-0.13471344 0.99087093
-0.13615770 0.99080201
-0.13760344 0.99073935
-0.13905022 0.99067043
-0.14049847 0.99060150
-0.14194791 0.99053885
-0.14339867 0.99046992
-0.14485062 0.99040727
-0.14630375 0.99034461
-0.14775822 0.99027569
-0.14921430 0.99021303
-0.15067039 0.99014411
-0.15212944 0.99008145
-0.15358848 0.99001880
-0.15504900 0.98994987
-0.15651101 0.98988722
-0.15797449 0.98982456
-0.15943796 0.98975564
-0.16090440 0.98969298
-0.16237084 0.98963033
-0.16383875 0.98956140
-0.16530667 0.98949875
-0.16677754 0.98942982
-0.16824841 0.98936717
-0.16972223 0.98930451
-0.17119606 0.98923559
-0.17266989 0.98917293
-0.17414667 0.98910401
-0.17562346 0.98904135
-0.17710172 0.98897243
-0.17858146 0.98890351
-0.18006268 0.98884085
-0.18154390 0.98877193
-0.18302659 0.98870301
-0.18451077 0.98863409
-0.18599642 0.98856516
-0.18748355 0.98849624
-0.18897069 0.98842732
-0.19045930 0.98835840
-0.19194791 0.98828947
-0.19343947 0.98822055
-0.19493104 0.98815163
-0.19642408 0.98808271
-0.19791861 0.98801378
-0.19941313 0.98794486
-0.20090913 0.98788221
-0.20240661 0.98781328
-0.20390557 0.98775063
-0.20540453 0.98768797
-0.20690496 0.98762531
-0.20840540 0.98755639
-0.20990879 0.98749373
-0.21141218 0.98743108
-0.21291705 0.98737469
-0.21442193 0.98731203
-0.21592827 0.98724937
-0.21743610 0.98718672
-0.21894541 0.98713033
-0.22045471 0.98706767
-0.22196550 0.98701128
-0.22347628 0.98694862
-0.22499002 0.98688596
-0.22650376 0.98682331
-0.22801750 0.98676065
-0.22953272 0.98669799
-0.23104942 0.98662907
-0.23256759 0.98656015
-0.23408577 0.98648496
-0.23560542 0.98640351
-0.23712508 0.98631579
-0.23864621 0.98622180
-0.24016882 0.98612782
-0.24169143 0.98603383
-0.24321552 0.98594612
-0.24474108 0.98585213
-0.24626665 0.98576441
-0.24779369 0.98567669
-0.24932074 0.98558897
-0.25084926 0.98550125
-0.25237926 0.98541353
-0.25390926 0.98533208
-0.25544074 0.98524436
-0.25697222 0.98516291
-0.25850518 0.98507519
-0.26003962 0.98498747
-0.26157405 0.98490602
-0.26310997 0.98481830
-0.26464588 0.98473684
-0.26618327 0.98464912
-0.26772067 0.98456767
-0.26925954 0.98447995
-0.27079989 0.98439850
-0.27234024 0.98431704
-0.27388059 0.98422932
-0.27542241 0.98414787
-0.27696572 0.98406015
-0.27850902 0.98397870
-0.28005381 0.98389724
-0.28159859 0.98380952
-0.28314485 0.98372807
-0.28469112 0.98364662
-0.28623886 0.98355890
-0.28778808 0.98347744
-0.28933730 0.98339599
-0.29088651 0.98331454
-0.29243721 0.98323308
-0.29398791 0.98315789
-0.29554008 0.98307644
-0.29709226 0.98300125
-0.29864591 0.98291980
-0.30019957 0.98284461
-0.30175470 0.98277569
-0.30330983 0.98270677
-0.30486644 0.98263158
-0.30642305 0.98256266
-0.30798114 0.98249373
-0.30953923 0.98241855
-0.31109731 0.98234336
-0.31265688 0.98226817
-0.31421793 0.98219298
-0.31577749 0.98211779
-0.31734002 0.98203634
-0.31890106 0.98196115
-0.32046358 0.98187970
-0.32202758 0.98179825
-0.32359159 0.98171679
-0.32515559 0.98162907
-0.32672107 0.98154762
-0.32828655 0.98145990
-0.32985350 0.98137218
-0.33142046 0.98129073
-0.33298742 0.98120301
-0.33455586 0.98110902
-0.33612429 0.98102130
-0.33769273 0.98093358
-0.33926264 0.98083960
-0.34083256 0.98074561
-0.34240395 0.98065789
-0.34397534 0.98056391
-0.34554674 0.98046992
-0.34711961 0.98036967
-0.34869248 0.98027569
-0.35026535 0.98018170
-0.35183970 0.98008145
-0.35341405 0.97998120
-0.35498840 0.97988095
-0.35656422 0.97978070
-0.35814005 0.97968045
-0.35971588 0.97958020
-0.36129171 0.97947995
-0.36286901 0.97937343
-0.36444780 0.97927318
-0.36602510 0.97916667
-0.36760388 0.97906642
-0.36918267 0.97895990
-0.37076145 0.97885338
-0.37234172 0.97874687
-0.37392198 0.97864035
-0.37550224 0.97853383
-0.37708398 0.97842105
-0.37866424 0.97831454
-0.38024598 0.97820175
-0.38182920 0.97808897
-0.38341094 0.97796992
-0.38499416 0.97785714
-0.38657738 0.97773810
-0.38816060 0.97761905
-0.38974382 0.97750000
-0.39132851 0.97738095
-0.39291321 0.97725564
-0.39449791 0.97713033
-0.39608261 0.97700501
-0.39766878 0.97687970
-0.39925496 0.97674812
-0.40084113 0.97662281
-0.40242731 0.97649123
-0.40401348 0.97635338
-0.40560114 0.97622180
-0.40718731 0.97608396
-0.40877496 0.97594612
-0.41036262 0.97580827
-0.41195175 0.97566416
-0.41353940 0.97552005
-0.41512853 0.97537594
-0.41671619 0.97523183
-0.41830532 0.97508772
-0.41989445 0.97493734
-0.42148358 0.97478697
-0.42307419 0.97463033
-0.42466333 0.97447995
-0.42625394 0.97432331
-0.42784307 0.97416667
-0.42943368 0.97400376
-0.43102429 0.97384085
-0.43261490 0.97367794
-0.43420551 0.97351504
-0.43579612 0.97335213
-0.43738821 0.97318296
-0.43897882 0.97301378
-0.44057090 0.97284461
-0.44216151 0.97266917
-0.44375360 0.97250000
-0.44534569 0.97232456
-0.44693778 0.97214912
-0.44852839 0.97196742
-0.45012048 0.97179198
-0.45171257 0.97161028
-0.45330613 0.97142857
-0.45489822 0.97124687
-0.45649031 0.97106516
-0.45808240 0.97088346
-0.45967449 0.97070175
-0.46126658 0.97051378
-0.46286014 0.97033208
-0.46445223 0.97015664
-0.46604432 0.96997494
-0.46763788 0.96979323
-0.46922997 0.96960526
-0.47082206 0.96941729
-0.47241563 0.96921679
-0.47400772 0.96901629
-0.47559980 0.96880952
-0.47719337 0.96859649
-0.47878546 0.96838346
-0.48037755 0.96816416
-0.48196964 0.96793860
-0.48356320 0.96771303
-0.48515529 0.96748747
-0.48674738 0.96725564
-0.48833947 0.96701754
-0.48993156 0.96678571
-0.49152364 0.96654135
-0.49311573 0.96630326
-0.49470782 0.96605890
-0.49629843 0.96581454
-0.49789052 0.96556391
-0.49948261 0.96531328
-0.50107322 0.96506266
-0.50266383 0.96481203
-0.50425592 0.96455514
-0.50584653 0.96429825
-0.50743714 0.96403509
-0.50902775 0.96377193
-0.51061836 0.96350877
-0.51220897 0.96324561
-0.51379958 0.96297619
-0.51538871 0.96270677
-0.51697932 0.96243734
-0.51856845 0.96216165
-0.52015758 0.96188596
-0.52174671 0.96161028
-0.52333585 0.96132832
-0.52492498 0.96104010
-0.52651263 0.96075815
-0.52810029 0.96046366
-0.52968942 0.96017544
-0.53127707 0.95987469
-0.53286472 0.95957393
-0.53445090 0.95927318
-0.53603855 0.95896617
-0.53762473 0.95864662
-0.53921090 0.95832707
-0.54079708 0.95800125
-0.54238325 0.95766917
-0.54396943 0.95732456
-0.54555413 0.95696742
-0.54713882 0.95659774
-0.54872352 0.95622807
-0.55030822 0.95585840
-0.55189144 0.95548872
-0.55347466 0.95511905
-0.55505787 0.95475564
-0.55664109 0.95439223
-0.55822283 0.95402882
-0.55980605 0.95366541
-0.56138779 0.95329574
-0.56296805 0.95293233
-0.56454980 0.95256266
-0.56613006 0.95218672
-0.56771032 0.95181704
-0.56929058 0.95144110
-0.57086937 0.95105890
-0.57244815 0.95067669
-0.57402693 0.95029449
-0.57560424 0.94990602
-0.57718302 0.94951128
-0.57875885 0.94911654
-0.58033616 0.94871554
-0.58191198 0.94830827
-0.58348781 0.94789474
-0.58506364 0.94748120
-0.58663799 0.94706140
-0.58821234 0.94664160
-0.58978669 0.94620927
-0.59135956 0.94577694
-0.59293243 0.94533835
-0.59450530 0.94488722
-0.59607669 0.94443609
-0.59764808 0.94398496
-0.59921800 0.94352130
-0.60078939 0.94305138
-0.60235783 0.94257519
-0.60392774 0.94209900
-0.60549618 0.94161028
-0.60706461 0.94112155
-0.60863157 0.94062030
-0.61019853 0.94011905
-0.61176401 0.93961153
-0.61333097 0.93909774
-0.61489497 0.93857143
-0.61646045 0.93804511
-0.61802445 0.93751253
-0.61958697 0.93697995
-0.62114950 0.93643484
-0.62271202 0.93588346
-0.62427306 0.93533208
-0.62583411 0.93477444
-0.62739368 0.93421053
-0.62895324 0.93364662
-0.63051133 0.93307018
-0.63207090 0.93250000
-0.63362751 0.93191729
-0.63518412 0.93134085
-0.63674073 0.93075815
-0.63829586 0.93017544
-0.63985099 0.92959273
-0.64140464 0.92901629
-0.64295830 0.92843358
-0.64451047 0.92785088
-0.64606265 0.92725564
-0.64761335 0.92665414
-0.64916404 0.92603383
-0.65071326 0.92540727
-0.65226248 0.92476817
-0.65381022 0.92411654
-0.65535796 0.92345865
-0.65690570 0.92279449
-0.65845049 0.92212406
-0.65999675 0.92144737
-0.66154005 0.92075815
-0.66308484 0.92006892
-0.66462666 0.91937343
-0.66616849 0.91866541
-0.66771032 0.91795739
-0.66925067 0.91724311
-0.67078954 0.91652256
-0.67232841 0.91579574
-0.67386728 0.91506266
-0.67540467 0.91432957
-0.67694059 0.91358396
-0.67847650 0.91283835
-0.68001094 0.91208647
-0.68154390 0.91132832
-0.68307685 0.91057018
-0.68460833 0.90979950
-0.68613981 0.90902882
-0.68766982 0.90824561
-0.68919982 0.90746241
-0.69072834 0.90667920
-0.69225538 0.90588346
-0.69378243 0.90508145
-0.69530800 0.90427945
-0.69683356 0.90346491
-0.69835765 0.90265038
-0.69988026 0.90182957
-0.70140287 0.90099624
-0.70292400 0.90016291
-0.70444366 0.89931704
-0.70596331 0.89847118
-0.70748148 0.89761278
-0.70899966 0.89674812
-0.71051488 0.89587093
-0.71203158 0.89498747
-0.71354532 0.89409148
-0.71505906 0.89318922
-0.71657132 0.89226817
-0.71808358 0.89132832
-0.71959436 0.89037594
-0.72110367 0.88939850
-0.72261150 0.88839599
-0.72411933 0.88738095
-0.72562567 0.88636591
-0.72713202 0.88536341
-0.72863542 0.88437970
-0.73014029 0.88340226
-0.73164220 0.88243108
-0.73314412 0.88146617
-0.73464307 0.88050752
-0.73614351 0.87954261
-0.73764099 0.87857143
-0.73913847 0.87760025
-0.74063447 0.87661028
-0.74212899 0.87561404
-0.74362352 0.87460526
-0.74511656 0.87357769
-0.74660813 0.87253133
-0.74809822 0.87145990
-0.74958830 0.87036341
-0.75107691 0.86924812
-0.75256405 0.86810150
-0.75405118 0.86693609
-0.75553535 0.86574561
-0.75701953 0.86452381
-0.75850222 0.86328321
-0.75998492 0.86202381
-0.76146466 0.86074561
-0.76294440 0.85944862
-0.76442266 0.85813910
-0.76590093 0.85681704
-0.76737623 0.85548872
-0.76885154 0.85415414
-0.77032537 0.85280702
-0.77179771 0.85146617
-0.77326859 0.85011905
-0.77473946 0.84877820
-0.77620885 0.84743734
-0.77767528 0.84610902
-0.77914320 0.84478697
-0.78060816 0.84347118
-0.78207164 0.84216165
-0.78353512 0.84085840
-0.78499712 0.83956140
-0.78645764 0.83827068
-0.78791669 0.83697368
-0.78937573 0.83568296
-0.79083182 0.83437970
-0.79228791 0.83308271
-0.79374252 0.83177318
-0.79519565 0.83045739
-0.79664730 0.82913534
-0.79809748 0.82779449
-0.79954765 0.82644110
-0.80099487 0.82507519
-0.80244209 0.82368421
-0.80388783 0.82227444
-0.80533209 0.82084586
-0.80677488 0.81939850
-0.80821618 0.81791980
-0.80965749 0.81642857
-0.81109584 0.81490602
-0.81253418 0.81337093
-0.81397106 0.81181704
-0.81540645 0.81023810
-0.81684036 0.80865288
-0.81827280 0.80704887
-0.81970376 0.80543233
-0.82113324 0.80380952
-0.82256272 0.80218045
-0.82398924 0.80054511
-0.82541576 0.79890351
-0.82684081 0.79725564
-0.82826289 0.79560777
-0.82968498 0.79395363
-0.83110559 0.79230576
-0.83252472 0.79065163
-0.83394238 0.78899749
-0.83536003 0.78734962
-0.83677473 0.78570175
-0.83818795 0.78404762
-0.83960116 0.78239348
-0.84101143 0.78073935
-0.84242169 0.77908521
-0.84382899 0.77743108
-0.84523630 0.77577068
-0.84664213 0.77411028
-0.84804648 0.77244361
-0.84944787 0.77077694
-0.85084926 0.76910401
-0.85224918 0.76742481
-0.85364761 0.76574561
-0.85504457 0.76406642
-0.85644005 0.76237469
-0.85783405 0.76068296
-0.85922657 0.75898496
-0.86061762 0.75728070
-0.86200866 0.75557644
-0.86339675 0.75385965
-0.86478336 0.75214286
-0.86616849 0.75041980
-0.86755215 0.74868421
-0.86893580 0.74694862
-0.87031650 0.74520677
-0.87169571 0.74345865
-0.87307345 0.74169799
-0.87445120 0.73993734
-0.87582598 0.73816416
-0.87719928 0.73638471
-0.87857259 0.73459900
-0.87994294 0.73280075
-0.88131181 0.73099624
-0.88267920 0.72918546
-0.88404659 0.72736216
-0.88541103 0.72552632
-0.88677399 0.72368421
-0.88813547 0.72182957
-0.88949695 0.71996867
-0.89085547 0.71808897
-0.89221251 0.71620301
-0.89356808 0.71429825
-0.89492217 0.71238095
-0.89627478 0.71045113
-0.89762591 0.70850877
-0.89897556 0.70654135
-0.90032374 0.70456767
-0.90167044 0.70256892
-0.90301565 0.70055764
-0.90435940 0.69852130
-0.90570166 0.69646617
-0.90704096 0.69438596
-0.90838027 0.69228070
-0.90971810 0.69015664
-0.91105297 0.68800752
-0.91238784 0.68582707
-0.91371975 0.68362782
-0.91505167 0.68137845
-0.91638062 0.67907268
-0.91770810 0.67669173
-0.91903410 0.67423559
-0.92036010 0.67171679
-0.92168315 0.66912907
-0.92300472 0.66647243
-0.92432480 0.66374687
-0.92564341 0.66093985
-0.92695907 0.65804511
-0.92827472 0.65505013
-0.92958890 0.65194236
-0.93090011 0.64871554
-0.93221133 0.64534461
-0.93351959 0.64181078
-0.93482786 0.63808897
-0.93613316 0.63415414
-0.93743699 0.62997494
-0.93873934 0.62550376
-0.94004021 0.62072932
-0.94133960 0.61571805
-0.94263604 0.61058521
-0.94393247 0.60521867
-0.94522743 0.59928195
-0.94651943 0.59141541
-0.94781143 0.57986967
-0.94910048 0.56153947
-0.95038804 0.54327820
-0.95167118 0.54476692
-0.95295431 0.56121178
-0.95423744 0.57130514
-0.95551909 0.57459712
-0.95679779 0.57654825
-0.95807353 0.57780326
-0.95934927 0.57874875
-0.96062353 0.57960526
-0.96189631 0.58054637
-0.96316762 0.58296992
