# y/t    d_mean   d_std
0.00000000 0.65102036 0.00026421
0.00502513 0.64869734 0.00031695
0.01005025 0.64733532 0.00035111
0.01507538 0.64710863 0.00035658
0.02010050 0.64688194 0.00036215
0.02512563 0.64666318 0.00036721
0.03015075 0.64645131 0.00037267
0.03517588 0.64623944 0.00037821
0.04020101 0.64603755 0.00038371
0.04522613 0.64584028 0.00038881
0.05025126 0.64564443 0.00039391
0.05527638 0.64545684 0.00039870
0.06030151 0.64527221 0.00040365
0.06532663 0.64509168 0.00040871
0.07035176 0.64491820 0.00041383
0.07537688 0.64474814 0.00041859
0.08040201 0.64458565 0.00042338
0.08542714 0.64442844 0.00042832
0.09045226 0.64427384 0.00043355
0.09547739 0.64413087 0.00043878
0.10050251 0.64399070 0.00044416
0.10552764 0.64385465 0.00044969
0.11055276 0.64373064 0.00045528
0.11557789 0.64360903 0.00046094
0.12060302 0.64349572 0.00046652
0.12562814 0.64339145 0.00047198
0.13065327 0.64329046 0.00047792
0.13567839 0.64320262 0.00048348
0.14070352 0.64312043 0.00048894
0.14572864 0.64304136 0.00049449
0.15075377 0.64298079 0.00049935
0.15577889 0.64292234 0.00050430
0.16080402 0.64287207 0.00050910
0.16582915 0.64283521 0.00051349
0.17085427 0.64280239 0.00051762
0.17587940 0.64278414 0.00052110
0.18090452 0.64277546 0.00052419
0.18592965 0.64276938 0.00052724
0.19095477 0.64278641 0.00052919
0.19597990 0.64280746 0.00053105
0.20100503 0.64283707 0.00053253
0.20603015 0.64288609 0.00053303
0.21105528 0.64293730 0.00053336
0.21608040 0.64300606 0.00053290
0.22110553 0.64308726 0.00053183
0.22613065 0.64316872 0.00053076
0.23115578 0.64328022 0.00052803
0.23618090 0.64339295 0.00052529
0.24120603 0.64351623 0.00052216
0.24623116 0.64366076 0.00051750
0.25125628 0.64380529 0.00051288
0.25628141 0.64397303 0.00050724
0.26130653 0.64414941 0.00050085
0.26633166 0.64432978 0.00049433
0.27135678 0.64453911 0.00048618
0.27638191 0.64474863 0.00047798
0.28140704 0.64497393 0.00046850
0.28643216 0.64521582 0.00045814
0.29145729 0.64545853 0.00044799
0.29648241 0.64572829 0.00043630
0.30150754 0.64600291 0.00042419
0.30653266 0.64628549 0.00041157
0.31155779 0.64659100 0.00039755
0.31658291 0.64689655 0.00038359
0.32160804 0.64722242 0.00036862
0.32663317 0.64755794 0.00035318
0.33165829 0.64789564 0.00033781
0.33668342 0.64825976 0.00032040
0.34170854 0.64862388 0.00030338
0.34673367 0.64900098 0.00028527
0.35175879 0.64939219 0.00026708
0.35678392 0.64978081 0.00024822
0.36180905 0.65019521 0.00022869
0.36683417 0.65059911 0.00021242
0.37185930 0.65101182 0.00019588
0.37688442 0.65140004 0.00019353
0.38190955 0.65177388 0.00019899
0.38693467 0.65208782 0.00024745
0.39195980 0.65236822 0.00032094
0.39698492 0.65253153 0.00044567
0.40201005 0.65266153 0.00059019
0.40703518 0.65271998 0.00070424
0.41206030 0.65275595 0.00082975
0.41708543 0.65289467 0.00082065
0.42211055 0.65306615 0.00076711
0.42713568 0.65348638 0.00061655
0.43216080 0.65400354 0.00042167
0.43718593 0.65481137 0.00032840
0.44221106 0.65570185 0.00030487
0.44723618 0.65684931 0.00048773
0.45226131 0.65802332 0.00068657
0.45728643 0.65937864 0.00101313
0.46231156 0.66073303 0.00134145
0.46733668 0.66217613 0.00174706
0.47236181 0.66361931 0.00216001
0.47738693 0.66508457 0.00261473
0.48241206 0.66654000 0.00307781
0.48743719 0.66797375 0.00355854
0.49246231 0.66936731 0.00403540
0.49748744 0.67071732 0.00451319
0.50251256 0.67197920 0.00496565
0.50753769 0.67319242 0.00540755
0.51256281 0.67425602 0.00579828
0.51758794 0.67528201 0.00617562
0.52261307 0.67609586 0.00647378
0.52763819 0.67685954 0.00675244
0.53266332 0.67745339 0.00697635
0.53768844 0.67795304 0.00717606
0.54271357 0.67833685 0.00734701
0.54773869 0.67858813 0.00749668
0.55276382 0.67878074 0.00763562
0.55778894 0.67879564 0.00775522
0.56281407 0.67876717 0.00786668
0.56783920 0.67859250 0.00796117
0.57286432 0.67834219 0.00803492
0.57788945 0.67799901 0.00809560
0.58291457 0.67753602 0.00811019
0.58793970 0.67701773 0.00811292
0.59296482 0.67636614 0.00804890
0.59798995 0.67566202 0.00795137
0.60301508 0.67487086 0.00780883
0.60804020 0.67402653 0.00759169
0.61306533 0.67312757 0.00735681
0.61809045 0.67221341 0.00701437
0.62311558 0.67127172 0.00663908
0.62814070 0.67035704 0.00619280
0.63316583 0.66949459 0.00564921
0.63819095 0.66867889 0.00507973
0.64321608 0.66793438 0.00446790
0.64824121 0.66724928 0.00389400
0.65326633 0.66657784 0.00340334
0.65829146 0.66598997 0.00296592
0.66331658 0.66541357 0.00259900
0.66834171 0.66489001 0.00222413
0.67336683 0.66444996 0.00175466
0.67839196 0.66405615 0.00136188
0.68341709 0.66372694 0.00116364
0.68844221 0.66343110 0.00131739
0.69346734 0.66312752 0.00166677
0.69849246 0.66280110 0.00196689
0.70351759 0.66245532 0.00215728
0.70854271 0.66211232 0.00225643
0.71356784 0.66182740 0.00220548
0.71859296 0.66160587 0.00207399
0.72361809 0.66142492 0.00189112
0.72864322 0.66128265 0.00165603
0.73366834 0.66113860 0.00142214
0.73869347 0.66099209 0.00118630
0.74371859 0.66082150 0.00098687
0.74874372 0.66063285 0.00081183
0.75376884 0.66042598 0.00066419
0.75879397 0.66018821 0.00056270
0.76381910 0.65994168 0.00047436
0.76884422 0.65968435 0.00040321
0.77386935 0.65941752 0.00034803
0.77889447 0.65914712 0.00029906
0.78391960 0.65887262 0.00025886
0.78894472 0.65859501 0.00022610
0.79396985 0.65831825 0.00019702
0.79899497 0.65803927 0.00017450
0.80402010 0.65776231 0.00015579
0.80904523 0.65748534 0.00014113
0.81407035 0.65720896 0.00013157
0.81909548 0.65693320 0.00012549
0.82412060 0.65665661 0.00012265
0.82914573 0.65637997 0.00012343
0.83417085 0.65610340 0.00012636
0.83919598 0.65582635 0.00013100
0.84422111 0.65555206 0.00013711
0.84924623 0.65527894 0.00014400
0.85427136 0.65500993 0.00015162
0.85929648 0.65474431 0.00015923
0.86432161 0.65448113 0.00016725
0.86934673 0.65422130 0.00017503
0.87437186 0.65396139 0.00018307
0.87939698 0.65370076 0.00019060
0.88442211 0.65343993 0.00019806
0.88944724 0.65317217 0.00020547
0.89447236 0.65290606 0.00021278
0.89949749 0.65262372 0.00021995
0.90452261 0.65234075 0.00022707
0.90954774 0.65205075 0.00023372
0.91457286 0.65175835 0.00024042
0.91959799 0.65149098 0.00024748
0.92462312 0.65123853 0.00025524
0.92964824 0.65103739 0.00026376
0.93467337 0.65086897 0.00026882
0.93969849 0.65067095 0.00027451
0.94472362 0.65042421 0.00027895
0.94974874 0.65017593 0.00028450
0.95477387 0.64992487 0.00029065
0.95979899 0.64967177 0.00029663
0.96482412 0.64942353 0.00030252
0.96984925 0.64919441 0.00030769
0.97487437 0.64896965 0.00031273
0.97989950 0.64874480 0.00031808
0.98492462 0.64851186 0.00032322
0.98994975 0.64827886 0.00032844
0.99497487 0.64850550 0.00032223
1.00000000 0.65102036 0.00026421
