# s/c   P_w_mean    P_w_std
0.00000000 0.99998742 0.00000734
0.00130087 0.99959452 0.00001018
0.00260174 0.99919229 0.00001456
0.00390261 0.99878161 0.00001884
0.00520348 0.99836332 0.00002265
0.00650435 0.99793818 0.00002595
0.00780522 0.99750692 0.00002873
0.00910609 0.99707017 0.00003103
0.01040697 0.99662854 0.00003288
0.01170784 0.99618257 0.00003433
0.01300871 0.99573275 0.00003543
0.01430958 0.99527951 0.00003622
0.01561045 0.99482324 0.00003673
0.01691132 0.99436429 0.00003701
0.01821219 0.99390295 0.00003710
0.01951306 0.99343947 0.00003704
0.02081393 0.99297407 0.00003686
0.02211480 0.99250690 0.00003659
0.02341567 0.99203811 0.00003628
0.02470176 0.99156779 0.00003594
0.02600263 0.99109598 0.00003561
0.02730350 0.99062271 0.00003530
0.02860437 0.99014798 0.00003505
0.02990524 0.98967174 0.00003486
0.03120611 0.98919391 0.00003475
0.03250698 0.98871440 0.00003473
0.03380786 0.98823307 0.00003480
0.03510873 0.98774979 0.00003496
0.03640960 0.98726436 0.00003521
0.03771047 0.98677658 0.00003555
0.03901134 0.98628625 0.00003596
0.04029743 0.98579310 0.00003645
0.04159830 0.98529688 0.00003699
0.04289917 0.98479732 0.00003758
0.04420004 0.98429411 0.00003820
0.04550091 0.98378695 0.00003886
0.04680178 0.98327550 0.00003953
0.04810265 0.98275944 0.00004021
0.04940352 0.98223840 0.00004090
0.05068961 0.98171204 0.00004159
0.05199048 0.98117997 0.00004227
0.05329135 0.98064182 0.00004294
0.05459222 0.98009721 0.00004360
0.05589309 0.97954573 0.00004425
0.05719396 0.97898700 0.00004489
0.05849483 0.97842060 0.00004551
0.05978092 0.97784614 0.00004613
0.06108179 0.97726319 0.00004674
0.06238266 0.97667135 0.00004734
0.06368353 0.97607021 0.00004795
0.06498440 0.97545935 0.00004857
0.06628528 0.97483837 0.00004919
0.06757136 0.97420685 0.00004983
0.06887223 0.97356438 0.00005050
0.07017310 0.97291056 0.00005119
0.07147398 0.97224499 0.00005192
0.07277485 0.97156728 0.00005269
0.07407572 0.97087703 0.00005351
0.07536180 0.97017385 0.00005438
0.07666268 0.96945737 0.00005532
0.07796355 0.96872722 0.00005633
0.07926442 0.96798304 0.00005741
0.08056529 0.96722446 0.00005857
0.08185138 0.96645114 0.00005983
0.08315225 0.96566275 0.00006117
0.08445312 0.96485896 0.00006262
0.08575399 0.96403945 0.00006416
0.08704008 0.96320391 0.00006582
0.08834095 0.96235206 0.00006759
0.08964182 0.96148361 0.00006948
0.09094269 0.96059828 0.00007149
0.09224356 0.95969582 0.00007362
0.09352965 0.95877599 0.00007588
0.09483052 0.95783854 0.00007827
0.09613139 0.95688327 0.00008079
0.09743226 0.95590996 0.00008345
0.09871835 0.95491843 0.00008625
0.10001922 0.95390850 0.00008919
0.10132009 0.95287999 0.00009227
0.10260618 0.95183277 0.00009549
0.10390705 0.95076670 0.00009885
0.10520792 0.94968166 0.00010236
0.10650879 0.94857754 0.00010602
0.10779488 0.94745425 0.00010982
0.10909575 0.94631172 0.00011377
0.11039662 0.94514989 0.00011787
0.11169749 0.94396871 0.00012211
0.11298358 0.94276815 0.00012650
0.11428445 0.94154820 0.00013103
0.11558532 0.94030885 0.00013571
0.11687141 0.93905012 0.00014053
0.11817228 0.93777203 0.00014549
0.11947315 0.93647463 0.00015059
0.12075924 0.93515798 0.00015583
0.12206011 0.93382214 0.00016120
0.12336098 0.93246721 0.00016671
0.12466185 0.93109327 0.00017234
0.12594794 0.92970045 0.00017810
0.12724881 0.92828886 0.00018398
0.12854968 0.92685865 0.00018997
0.12983577 0.92537883 0.00019608
0.13113664 0.92383527 0.00020657
0.13243751 0.92228444 0.00021596
0.13372359 0.92072373 0.00022407
0.13502447 0.91914871 0.00023102
0.13632534 0.91756204 0.00023763
0.13761142 0.91596579 0.00024374
0.13891229 0.91435844 0.00025000
0.14019838 0.91272480 0.00025682
0.14149925 0.91103941 0.00026341
0.14280012 0.90929222 0.00026857
0.14408621 0.90750752 0.00027430
0.14538708 0.90573355 0.00028583
0.14668795 0.90399816 0.00029962
0.14797404 0.90230058 0.00031077
0.14927491 0.90062685 0.00031964
0.15056100 0.89895083 0.00032564
0.15186187 0.89725627 0.00032890
0.15316274 0.89555439 0.00033197
0.15444883 0.89386384 0.00033688
0.15574970 0.89218134 0.00034156
0.15703579 0.89048801 0.00034403
0.15833666 0.88878937 0.00034538
0.15963753 0.88710588 0.00034749
0.16092362 0.88544304 0.00035181
0.16222449 0.88375412 0.00035441
0.16351058 0.88197130 0.00034996
0.16481145 0.88010092 0.00034256
0.16611232 0.87819278 0.00034128
0.16739841 0.87628787 0.00035045
0.16869928 0.87440707 0.00036470
0.16998537 0.87255108 0.00037900
0.17128624 0.87071637 0.00039226
0.17257232 0.86889837 0.00040359
0.17387319 0.86709242 0.00041310
0.17517407 0.86529385 0.00042087
0.17646015 0.86349780 0.00042718
0.17776102 0.86169999 0.00043223
0.17904711 0.85989787 0.00043660
0.18034798 0.85808826 0.00044036
0.18163407 0.85626814 0.00044390
0.18293494 0.85442930 0.00044708
0.18422103 0.85255601 0.00044809
0.18552190 0.85063975 0.00044565
0.18680799 0.84868975 0.00044122
0.18810886 0.84673901 0.00044157
0.18939495 0.84481876 0.00044938
0.19069582 0.84292656 0.00046112
0.19199669 0.84101073 0.00047009
0.19328278 0.83899634 0.00046647
0.19458365 0.83688554 0.00045431
0.19586974 0.83472690 0.00044690
0.19717061 0.83254621 0.00044970
0.19845669 0.83035394 0.00045928
0.19975757 0.82813840 0.00046880
0.20104365 0.82589880 0.00047740
0.20234452 0.82366042 0.00048898
0.20363061 0.82144196 0.00050462
0.20493148 0.81925484 0.00052417
0.20621757 0.81706139 0.00054283
0.20750366 0.81478191 0.00055072
0.20880453 0.81240088 0.00054902
0.21009062 0.80995219 0.00054668
0.21139149 0.80747489 0.00055251
0.21267758 0.80499201 0.00056675
0.21397845 0.80249298 0.00058312
0.21526454 0.79995885 0.00059889
0.21656541 0.79737863 0.00061279
0.21785149 0.79474920 0.00062494
0.21915236 0.79207517 0.00063658
0.22043845 0.78936602 0.00064902
0.22173932 0.78663453 0.00066349
0.22302541 0.78388945 0.00068031
0.22432628 0.78113343 0.00069918
0.22561237 0.77835496 0.00071858
0.22689846 0.77553074 0.00073460
0.22819933 0.77265498 0.00074673
0.22948542 0.76973966 0.00075761
0.23078629 0.76680134 0.00076995
0.23207238 0.76385421 0.00078573
0.23337325 0.76090710 0.00080547
0.23465933 0.75796764 0.00082789
0.23594542 0.75504543 0.00085189
0.23724629 0.75214936 0.00087700
0.23853238 0.74927906 0.00090198
0.23983325 0.74642523 0.00092564
0.24111934 0.74357395 0.00094750
0.24240543 0.74071357 0.00096728
0.24370630 0.73784301 0.00098543
0.24499239 0.73497221 0.00100234
0.24629326 0.73211433 0.00101867
0.24757935 0.72928073 0.00103552
0.24886543 0.72648058 0.00105378
0.25016630 0.72371449 0.00107366
0.25145239 0.72097797 0.00109417
0.25275326 0.71826685 0.00111370
0.25403935 0.71557726 0.00113045
0.25532544 0.71291009 0.00114405
0.25662631 0.71026782 0.00115480
0.25791240 0.70765590 0.00116381
0.25919849 0.70508562 0.00117398
0.26049936 0.70256681 0.00118738
0.26178545 0.70010271 0.00120365
0.26307153 0.69768751 0.00122127
0.26437240 0.69531291 0.00123872
0.26565849 0.69296279 0.00125265
0.26695936 0.69061017 0.00126008
0.26824545 0.68824559 0.00126030
0.26953154 0.68587889 0.00125790
0.27083241 0.68353863 0.00126075
0.27211850 0.68127051 0.00127157
0.27340459 0.67909492 0.00128969
0.27470546 0.67700060 0.00131027
0.27599154 0.67495406 0.00132510
0.27727763 0.67292069 0.00133119
0.27857850 0.67089910 0.00132961
0.27986459 0.66890242 0.00132499
0.28115068 0.66694768 0.00132656
0.28243677 0.66504608 0.00133566
0.28373764 0.66320468 0.00134633
0.28502373 0.66144271 0.00135810
0.28630981 0.65975057 0.00136778
0.28761068 0.65810386 0.00136900
0.28889677 0.65647360 0.00136210
0.29018286 0.65486527 0.00135446
0.29148373 0.65333561 0.00135311
0.29276982 0.65191177 0.00135814
0.29405591 0.65058883 0.00136580
0.29534200 0.64934334 0.00137128
0.29664287 0.64814125 0.00137009
0.29792895 0.64696481 0.00136214
0.29921504 0.64582227 0.00135022
0.30051591 0.64473746 0.00133796
0.30180200 0.64373887 0.00132900
0.30308809 0.64283812 0.00132302
0.30437418 0.64202496 0.00131685
0.30567505 0.64127467 0.00130711
0.30696114 0.64055416 0.00129195
0.30824722 0.63984241 0.00127228
0.30953331 0.63913752 0.00125031
0.31083418 0.63845523 0.00122727
0.31212027 0.63782404 0.00120539
0.31340636 0.63726688 0.00118810
0.31469245 0.63678682 0.00117533
0.31599332 0.63637426 0.00116605
0.31727941 0.63602667 0.00115951
0.31856549 0.63574846 0.00115468
0.31985158 0.63552842 0.00114894
0.32115245 0.63534147 0.00114036
0.32243854 0.63515924 0.00112792
0.32372463 0.63495293 0.00110756
0.32501072 0.63471242 0.00107937
0.32629681 0.63444491 0.00104655
0.32759768 0.63416370 0.00101295
0.32888376 0.63388679 0.00098401
0.33016985 0.63363182 0.00096281
0.33145594 0.63340605 0.00094860
0.33275681 0.63320868 0.00093949
0.33404290 0.63303102 0.00093136
0.33532899 0.63285885 0.00091907
0.33661508 0.63268793 0.00090184
0.33790116 0.63252379 0.00088193
0.33918725 0.63237254 0.00086286
0.34048812 0.63223133 0.00084613
0.34177421 0.63209119 0.00083202
0.34306030 0.63193978 0.00081987
0.34434639 0.63176410 0.00080823
0.34563247 0.63155421 0.00079499
0.34693335 0.63130558 0.00077624
0.34821943 0.63103046 0.00075265
0.34950552 0.63075232 0.00072662
0.35079161 0.63048974 0.00070061
0.35207770 0.63025423 0.00067986
0.35336379 0.63005057 0.00066619
0.35466466 0.62987052 0.00065783
0.35595074 0.62969186 0.00065161
0.35723683 0.62948891 0.00064326
0.35852292 0.62924717 0.00063016
0.35980901 0.62897223 0.00061278
0.36109510 0.62867753 0.00059328
0.36238118 0.62836663 0.00057207
0.36368206 0.62804236 0.00055000
0.36496814 0.62771821 0.00053093
0.36625423 0.62741038 0.00051757
0.36754032 0.62712865 0.00051024
0.36882641 0.62686721 0.00050590
0.37011250 0.62660310 0.00049841
0.37139858 0.62631133 0.00048234
0.37269945 0.62599016 0.00045739
0.37398554 0.62565910 0.00042897
0.37527163 0.62533311 0.00040142
0.37655772 0.62501797 0.00037766
0.37784381 0.62471388 0.00036203
0.37912989 0.62440718 0.00035428
0.38041598 0.62408214 0.00035216
0.38170207 0.62374000 0.00035464
0.38298816 0.62339801 0.00036014
0.38428903 0.62307263 0.00036798
0.38557512 0.62276252 0.00037479
0.38686121 0.62245736 0.00037691
0.38814729 0.62214979 0.00037465
0.38943338 0.62183181 0.00036880
0.39071947 0.62149505 0.00035965
0.39200556 0.62113715 0.00034868
0.39329165 0.62076184 0.00033743
0.39457773 0.62037236 0.00032707
0.39586382 0.61996531 0.00031752
0.39714991 0.61953532 0.00030862
0.39843600 0.61907976 0.00030001
0.39973687 0.61861434 0.00029333
0.40102296 0.61817726 0.00029315
0.40230905 0.61780512 0.00030085
0.40359513 0.61749944 0.00031483
0.40488122 0.61721922 0.00033215
0.40616731 0.61692827 0.00034795
0.40745340 0.61661487 0.00036131
0.40873949 0.61628533 0.00037484
0.41002557 0.61596530 0.00039098
0.41131166 0.61567567 0.00041086
0.41259775 0.61540871 0.00043425
0.41388384 0.61513696 0.00045993
0.41516993 0.61484477 0.00048519
0.41645601 0.61452999 0.00050799
0.41774210 0.61416419 0.00052633
0.41902819 0.61370696 0.00053858
0.42031428 0.61313533 0.00054577
0.42160037 0.61248736 0.00055006
0.42288645 0.61185221 0.00055277
0.42417254 0.61126831 0.00055355
0.42545863 0.61072436 0.00055556
0.42674472 0.61020132 0.00056338
0.42803081 0.60968582 0.00057440
0.42931690 0.60917269 0.00058588
0.43060298 0.60865156 0.00059838
0.43188907 0.60811056 0.00061196
0.43317516 0.60754476 0.00062637
0.43446125 0.60695613 0.00064101
0.43574734 0.60634799 0.00065595
0.43703342 0.60572352 0.00067115
0.43831951 0.60508583 0.00068614
0.43960560 0.60443734 0.00070065
0.44089169 0.60377977 0.00071479
0.44217778 0.60311825 0.00072868
0.44346386 0.60246579 0.00074209
0.44474995 0.60183288 0.00075401
0.44603604 0.60121482 0.00076445
0.44732213 0.60057952 0.00077868
0.44860822 0.59987962 0.00080115
0.44989430 0.59908879 0.00083190
0.45118039 0.59824003 0.00086693
0.45246648 0.59742324 0.00089336
0.45375257 0.59667559 0.00090641
0.45503866 0.59598208 0.00091354
0.45632474 0.59534011 0.00091901
0.45761083 0.59475149 0.00092247
0.45889692 0.59423454 0.00091928
0.46018301 0.59378911 0.00091229
0.46146910 0.59337188 0.00091210
0.46275519 0.59293428 0.00092295
0.46404127 0.59242628 0.00094469
0.46532736 0.59184975 0.00097204
0.46661345 0.59127835 0.00099432
0.46789954 0.59075108 0.00100854
0.46917084 0.59025885 0.00101890
0.47045693 0.58977125 0.00103470
0.47174302 0.58925805 0.00105953
0.47302911 0.58871932 0.00108911
0.47431520 0.58817318 0.00111929
0.47560128 0.58764122 0.00114513
0.47688737 0.58713878 0.00116547
0.47817346 0.58666868 0.00118178
0.47945955 0.58622311 0.00119646
0.48074564 0.58578487 0.00121272
0.48203172 0.58533553 0.00123247
0.48331781 0.58485944 0.00125702
0.48460390 0.58435672 0.00128585
0.48587521 0.58385041 0.00131439
0.48716129 0.58335981 0.00133950
0.48844738 0.58289263 0.00136065
0.48973347 0.58244867 0.00137872
0.49101956 0.58202087 0.00139620
0.49230565 0.58160132 0.00141517
0.49359173 0.58118337 0.00143623
0.49487782 0.58076152 0.00145938
0.49616391 0.58033103 0.00148485
0.49743522 0.57989068 0.00151207
0.49872130 0.57944229 0.00154040
0.50000739 0.57899071 0.00156908
0.50129348 0.57854381 0.00159673
0.50257957 0.57810925 0.00162263
0.50386566 0.57769286 0.00164592
0.50515174 0.57729860 0.00166623
0.50643783 0.57692409 0.00168493
0.50770914 0.57655826 0.00170444
0.50899523 0.57619187 0.00172653
0.51028131 0.57582166 0.00175139
0.51156740 0.57545219 0.00177747
0.51285349 0.57509644 0.00180162
0.51413958 0.57476349 0.00182273
0.51542567 0.57445683 0.00184095
0.51669697 0.57417548 0.00185668
0.51798306 0.57390917 0.00187283
0.51926915 0.57364069 0.00189307
0.52055524 0.57335168 0.00191905
0.52184132 0.57303258 0.00195080
0.52312741 0.57268421 0.00198734
0.52439872 0.57232593 0.00202390
0.52568480 0.57199678 0.00205363
0.52697089 0.57172153 0.00207069
0.52825698 0.57150319 0.00207604
0.52954307 0.57132505 0.00207839
0.53082916 0.57114620 0.00208562
0.53210046 0.57093459 0.00210301
0.53338655 0.57068177 0.00212952
0.53467264 0.57040887 0.00215689
0.53595873 0.57015527 0.00217854
0.53724481 0.56993730 0.00219114
0.53853090 0.56974680 0.00219645
0.53980221 0.56955579 0.00220472
0.54108830 0.56932824 0.00222320
0.54237438 0.56905350 0.00225003
0.54366047 0.56874732 0.00228049
0.54494656 0.56843579 0.00230899
0.54621787 0.56814001 0.00233062
0.54750395 0.56787312 0.00234300
0.54879004 0.56763130 0.00234971
0.55007613 0.56738806 0.00235796
0.55134744 0.56712426 0.00237079
0.55263352 0.56683106 0.00238870
0.55391961 0.56651148 0.00240911
0.55520570 0.56618755 0.00242577
0.55649179 0.56587860 0.00243562
0.55776309 0.56558826 0.00243907
0.55904918 0.56530548 0.00243971
0.56033527 0.56500799 0.00244415
0.56162136 0.56468139 0.00245531
0.56289266 0.56432639 0.00247150
0.56417875 0.56395305 0.00248971
0.56546484 0.56357967 0.00250620
0.56675093 0.56322034 0.00251790
0.56803702 0.56288432 0.00252353
0.56930832 0.56257891 0.00252179
0.57059441 0.56230665 0.00251311
0.57188050 0.56206167 0.00250147
0.57316659 0.56182937 0.00249078
0.57443789 0.56159421 0.00248424
0.57572398 0.56134192 0.00248286
0.57701007 0.56105888 0.00248650
0.57829616 0.56073822 0.00249422
0.57956746 0.56038046 0.00250524
0.58085355 0.55999759 0.00251819
0.58213964 0.55961706 0.00252652
0.58341094 0.55926033 0.00252614
0.58469703 0.55893613 0.00251608
0.58598312 0.55864606 0.00249703
0.58726921 0.55838213 0.00247351
0.58854051 0.55812957 0.00245060
0.58982660 0.55787785 0.00243037
0.59111269 0.55762166 0.00241353
0.59239878 0.55736553 0.00239728
0.59367008 0.55712404 0.00237651
0.59495617 0.55690488 0.00235016
0.59624226 0.55670220 0.00232122
0.59751356 0.55649919 0.00229634
0.59879965 0.55628204 0.00227857
0.60008574 0.55604062 0.00226892
0.60137183 0.55576919 0.00226744
0.60264313 0.55546987 0.00227252
0.60392922 0.55515359 0.00228122
0.60521531 0.55484243 0.00228680
0.60648661 0.55455697 0.00228409
0.60777270 0.55431323 0.00226814
0.60905879 0.55411451 0.00223886
0.61033010 0.55394438 0.00220415
0.61161618 0.55378113 0.00217086
0.61290227 0.55360772 0.00214258
0.61417358 0.55341584 0.00211995
0.61545967 0.55320675 0.00210168
0.61674575 0.55298610 0.00208650
0.61801706 0.55275919 0.00207322
0.61930315 0.55252873 0.00206214
0.62058924 0.55229769 0.00205290
0.62187532 0.55206775 0.00204450
0.62314663 0.55183405 0.00203833
0.62443272 0.55158904 0.00203572
0.62571880 0.55132716 0.00203720
0.62699011 0.55104965 0.00204113
0.62827620 0.55077073 0.00204221
0.62954750 0.55051278 0.00203443
0.63083359 0.55029056 0.00201378
0.63211968 0.55010741 0.00198075
0.63339099 0.54996296 0.00193705
0.63467707 0.54985253 0.00188527
0.63596316 0.54976386 0.00183138
0.63723447 0.54968455 0.00177938
0.63852056 0.54960200 0.00173214
0.63980664 0.54950103 0.00169350
0.64107795 0.54937097 0.00166498
0.64236404 0.54920823 0.00164664
0.64365012 0.54901619 0.00163686
0.64492143 0.54880240 0.00163216
0.64620752 0.54857224 0.00163139
0.64749361 0.54832942 0.00163398
0.64876491 0.54807841 0.00163854
0.65005100 0.54782373 0.00164399
0.65132231 0.54757016 0.00164894
0.65260839 0.54732306 0.00165164
0.65389448 0.54708787 0.00165035
0.65516579 0.54686972 0.00164336
0.65645188 0.54667408 0.00162839
0.65772318 0.54650164 0.00160626
0.65900927 0.54635052 0.00157875
0.66029536 0.54621798 0.00154767
0.66156666 0.54610408 0.00151378
0.66285275 0.54601487 0.00147494
0.66413884 0.54595486 0.00142961
0.66541014 0.54592208 0.00137928
0.66669623 0.54590408 0.00133013
0.66796754 0.54588654 0.00128827
0.66925363 0.54585972 0.00125659
0.67053971 0.54581709 0.00123598
0.67181102 0.54575680 0.00122463
0.67309711 0.54568029 0.00122060
0.67436841 0.54559722 0.00121987
0.67565450 0.54552788 0.00121429
0.67692581 0.54548798 0.00119921
0.67821189 0.54548121 0.00117451
0.67949798 0.54550758 0.00114069
0.68076929 0.54556793 0.00109792
0.68205538 0.54566268 0.00104614
0.68332668 0.54579012 0.00098622
0.68461277 0.54593893 0.00092316
0.68589886 0.54608793 0.00086549
0.68717016 0.54621996 0.00081905
0.68845625 0.54633191 0.00078459
0.68972756 0.54643245 0.00075814
0.69101364 0.54653014 0.00073578
0.69228495 0.54662906 0.00071599
0.69357104 0.54673234 0.00069752
0.69484234 0.54684145 0.00067943
0.69612843 0.54695352 0.00066235
0.69741452 0.54706319 0.00064774
0.69868582 0.54716326 0.00063706
0.69997191 0.54725013 0.00063026
0.70124322 0.54732655 0.00062591
0.70252931 0.54740034 0.00062169
0.70380061 0.54747904 0.00061597
0.70508670 0.54756216 0.00060964
0.70635801 0.54764837 0.00060362
0.70764409 0.54773955 0.00059784
0.70893018 0.54783978 0.00059124
0.71020149 0.54795244 0.00058295
0.71148758 0.54808060 0.00057245
0.71275888 0.54822570 0.00055986
0.71404497 0.54838023 0.00054760
0.71531627 0.54853228 0.00053794
0.71660236 0.54866913 0.00053237
0.71787367 0.54878492 0.00053137
0.71915976 0.54888555 0.00053357
0.72043106 0.54897916 0.00053710
0.72171715 0.54906979 0.00054093
0.72298845 0.54915849 0.00054493
0.72427454 0.54924417 0.00054915
0.72554585 0.54932567 0.00055380
0.72683194 0.54940519 0.00055856
0.72810324 0.54948890 0.00056261
0.72938933 0.54958424 0.00056538
0.73066064 0.54969488 0.00056664
0.73194672 0.54981810 0.00056687
0.73321803 0.54994556 0.00056653
0.73450412 0.55007007 0.00056631
0.73577542 0.55018837 0.00056671
0.73706151 0.55029981 0.00056775
0.73833282 0.55040556 0.00056946
0.73961890 0.55050654 0.00057172
0.74089021 0.55060383 0.00057446
0.74217630 0.55069840 0.00057762
0.74344760 0.55079134 0.00058116
0.74473369 0.55088436 0.00058491
0.74600500 0.55097792 0.00058902
0.74729108 0.55107140 0.00059366
0.74856239 0.55116330 0.00059892
0.74984848 0.55125120 0.00060488
0.75111978 0.55133302 0.00061153
0.75240587 0.55140724 0.00061884
0.75367718 0.55147298 0.00062663
0.75496327 0.55152988 0.00063491
0.75623457 0.55157812 0.00064364
0.75752066 0.55161815 0.00065274
0.75879196 0.55165056 0.00066225
0.76007805 0.55167605 0.00067220
0.76134936 0.55169527 0.00068264
0.76263545 0.55170861 0.00069360
0.76390675 0.55171594 0.00070517
0.76517806 0.55171654 0.00071746
0.76646414 0.55170875 0.00073064
0.76773545 0.55168987 0.00074497
0.76902154 0.55165722 0.00076084
0.77029284 0.55161027 0.00077859
0.77157893 0.55155210 0.00079844
0.77285024 0.55148865 0.00081996
0.77413633 0.55142583 0.00084206
0.77540763 0.55136797 0.00086366
0.77669372 0.55131873 0.00088376
0.77796502 0.55128122 0.00090174
0.77923633 0.55125779 0.00091712
0.78052242 0.55124923 0.00092964
0.78179372 0.55125461 0.00093973
0.78307981 0.55127180 0.00094780
0.78435112 0.55129669 0.00095447
0.78563720 0.55132553 0.00096039
0.78690851 0.55135614 0.00096596
0.78817982 0.55138723 0.00097148
0.78946590 0.55141797 0.00097713
0.79073721 0.55144738 0.00098311
0.79202330 0.55147473 0.00098957
0.79329460 0.55149965 0.00099664
0.79458069 0.55152253 0.00100427
0.79585200 0.55154454 0.00101219
0.79712330 0.55156779 0.00102023
0.79840939 0.55159493 0.00102790
0.79968070 0.55162836 0.00103471
0.80096678 0.55167058 0.00104039
0.80223809 0.55172330 0.00104473
0.80350939 0.55178684 0.00104780
0.80479548 0.55185956 0.00104982
0.80606679 0.55193716 0.00105111
0.80735288 0.55201697 0.00105195
0.80862418 0.55209811 0.00105247
0.80989549 0.55217949 0.00105286
0.81118157 0.55226067 0.00105335
0.81245288 0.55234011 0.00105417
0.81373897 0.55241556 0.00105564
0.81501027 0.55248616 0.00105790
0.81628158 0.55255328 0.00106103
0.81756767 0.55261964 0.00106493
0.81883897 0.55268807 0.00106903
0.82012506 0.55276075 0.00107282
0.82139637 0.55284066 0.00107573
0.82266767 0.55293192 0.00107726
0.82395376 0.55303736 0.00107721
0.82522507 0.55315567 0.00107575
0.82651115 0.55328107 0.00107364
0.82778246 0.55340710 0.00107174
0.82905376 0.55352955 0.00107039
0.83033985 0.55364767 0.00106976
0.83161116 0.55376220 0.00106979
0.83288246 0.55387416 0.00107024
0.83416855 0.55398525 0.00107094
0.83543986 0.55409743 0.00107162
0.83672594 0.55421312 0.00107202
0.83799725 0.55433473 0.00107178
0.83926856 0.55446453 0.00107053
0.84055464 0.55460469 0.00106785
0.84182595 0.55475724 0.00106337
0.84309725 0.55492400 0.00105681
0.84438334 0.55510615 0.00104804
0.84565465 0.55530342 0.00103731
0.84692595 0.55551337 0.00102515
0.84821204 0.55573108 0.00101255
0.84948335 0.55594878 0.00100052
0.85076944 0.55615926 0.00098987
0.85204074 0.55635905 0.00098094
0.85331205 0.55655010 0.00097347
0.85459813 0.55673924 0.00096706
0.85586944 0.55693124 0.00096087
0.85714075 0.55712936 0.00095422
0.85842683 0.55733697 0.00094679
0.85969814 0.55755640 0.00093827
0.86096944 0.55778878 0.00092873
0.86225553 0.55803352 0.00091844
0.86352684 0.55828698 0.00090786
0.86479814 0.55853998 0.00089722
0.86608423 0.55878317 0.00088661
0.86735554 0.55901035 0.00087607
0.86862684 0.55921924 0.00086618
0.86991293 0.55941209 0.00085814
0.87118424 0.55959313 0.00085271
0.87245554 0.55976734 0.00084992
0.87374163 0.55994096 0.00084909
0.87501293 0.56012057 0.00084882
0.87628424 0.56031220 0.00084756
0.87757033 0.56052141 0.00084390
0.87884163 0.56075222 0.00083690
0.88011294 0.56100675 0.00082635
0.88138424 0.56128505 0.00081280
0.88267033 0.56158545 0.00079748
0.88394164 0.56190521 0.00078191
0.88521294 0.56224068 0.00076758
0.88649903 0.56258810 0.00075562
0.88777034 0.56294265 0.00074642
0.88904164 0.56329939 0.00073935
0.89032773 0.56365467 0.00073362
0.89159904 0.56400639 0.00072900
0.89287034 0.56435255 0.00072534
0.89415643 0.56469030 0.00072228
0.89542774 0.56501744 0.00071947
0.89669904 0.56533357 0.00071682
0.89797035 0.56563981 0.00071436
0.89925643 0.56593797 0.00071228
0.90052774 0.56623061 0.00071084
0.90179905 0.56652002 0.00070997
0.90308513 0.56680833 0.00070994
0.90435644 0.56709805 0.00071114
0.90562774 0.56739174 0.00071406
0.90691383 0.56769175 0.00071927
0.90818514 0.56800015 0.00072746
0.90945644 0.56831787 0.00073898
0.91072775 0.56864460 0.00075394
0.91201384 0.56897852 0.00077186
0.91328514 0.56931465 0.00079064
0.91455645 0.56964856 0.00080899
0.91582775 0.56997602 0.00082550
0.91711384 0.57029225 0.00083850
0.91838515 0.57059301 0.00084670
0.91965645 0.57087528 0.00084919
0.92094254 0.57113736 0.00084548
0.92221385 0.57138004 0.00083582
0.92348515 0.57160971 0.00082299
0.92475646 0.57183373 0.00080984
0.92604254 0.57205825 0.00079861
0.92731385 0.57228713 0.00079052
0.92858516 0.57252111 0.00078522
0.92985646 0.57276013 0.00078213
0.93114255 0.57300396 0.00078069
0.93241385 0.57325274 0.00078062
0.93368516 0.57350558 0.00078099
0.93495647 0.57376045 0.00078035
0.93624255 0.57401490 0.00077711
0.93751386 0.57426551 0.00076974
0.93878516 0.57450798 0.00075736
0.94005647 0.57473629 0.00073831
0.94134256 0.57494736 0.00071243
0.94261386 0.57514521 0.00068283
0.94388517 0.57533652 0.00065303
0.94515647 0.57552700 0.00062532
0.94644256 0.57572009 0.00060058
0.94771387 0.57591862 0.00057947
0.94898517 0.57612559 0.00056269
0.95025648 0.57634337 0.00055065
0.95154257 0.57657447 0.00054408
0.95281387 0.57682067 0.00054367
0.95408518 0.57708320 0.00055027
0.95535648 0.57736002 0.00056337
0.95664257 0.57764259 0.00057909
0.95791388 0.57791942 0.00059214
0.95918518 0.57818005 0.00059785
0.96045649 0.57841999 0.00059458
0.96174258 0.57864194 0.00058423
0.96301388 0.57885118 0.00056964
0.96428519 0.57905275 0.00055288
0.96555649 0.57925049 0.00053558
0.96682780 0.57944862 0.00051975
0.96811389 0.57965156 0.00050726
0.96938519 0.57986279 0.00049948
0.97065650 0.58008436 0.00049707
0.97192780 0.58031715 0.00050023
0.97321389 0.58056077 0.00050875
0.97448520 0.58081422 0.00052234
0.97575650 0.58107567 0.00054045
0.97702781 0.58134122 0.00056134
0.97829911 0.58160694 0.00058333
0.97958520 0.58186886 0.00060470
0.98085651 0.58212377 0.00062404
0.98212781 0.58237044 0.00064091
0.98339912 0.58260900 0.00065531
0.98468520 0.58284112 0.00066815
0.98595651 0.58306854 0.00068015
0.98722781 0.58329309 0.00069204
0.98849912 0.58351696 0.00070476
0.98977043 0.58374225 0.00071922
0.99105651 0.58397083 0.00073624
0.99232782 0.58420362 0.00075609
0.99359912 0.58444106 0.00077877
0.99487043 0.58468336 0.00080417
0.99614174 0.58493139 0.00083269
0.99742782 0.58518665 0.00086524
0.99869913 0.58545049 0.00090271
0.99997043 0.58572302 0.00094527
1.00124174 0.58600223 0.00099173
1.00251305 0.58628585 0.00104085
1.00378435 0.58657178 0.00109150
1.00507044 0.58685832 0.00114284
1.00634174 0.58714487 0.00119466
1.00761305 0.58743115 0.00124691
1.00888436 0.58771697 0.00129953
1.01015566 0.58800206 0.00135237
1.01144175 0.58828615 0.00140526
1.01271305 0.58856871 0.00145783
1.01398436 0.58884918 0.00150973
1.01525567 0.58912694 0.00156051
1.01652697 0.58940112 0.00160960
1.01779828 0.58967074 0.00165634
1.01908436 0.58993495 0.00170014
1.02035567 0.59019371 0.00174099
1.02162698 0.59044850 0.00177988
1.02289828 0.59070225 0.00181878
1.02416959 0.59095841 0.00185992
1.02545567 0.59121975 0.00190512
1.02672698 0.59148733 0.00195498
1.02799829 0.59176031 0.00200894
1.02926959 0.59203702 0.00206583
1.03054090 0.59231575 0.00212452
1.03181220 0.59259488 0.00218398
1.03309829 0.59287247 0.00224290
1.03436960 0.59314640 0.00229994
1.03564090 0.59341459 0.00235374
1.03691221 0.59367577 0.00240345
1.03818351 0.59393017 0.00244926
1.03945482 0.59417813 0.00249137
1.04072612 0.59442001 0.00252994
1.04201221 0.59465630 0.00256525
1.04328352 0.59488729 0.00259739
1.04455482 0.59511343 0.00262664
1.04582613 0.59533575 0.00265362
1.04709743 0.59555590 0.00267944
1.04836874 0.59577563 0.00270531
1.04965483 0.59599631 0.00273217
1.05092613 0.59621877 0.00276062
1.05219744 0.59644310 0.00279077
1.05346874 0.59666811 0.00282196
1.05474005 0.59689188 0.00285290
1.05601135 0.59711204 0.00288205
1.05728266 0.59732547 0.00290733
1.05856875 0.59752909 0.00292675
1.05984005 0.59772005 0.00293843
1.06111136 0.59789701 0.00294148
1.06238266 0.59806172 0.00293706
1.06365397 0.59821580 0.00292620
1.06492527 0.59836045 0.00290961
1.06619658 0.59849694 0.00288809
1.06746788 0.59862676 0.00286262
1.06875397 0.59875257 0.00283498
1.07002528 0.59887751 0.00280733
1.07129658 0.59900472 0.00278180
1.07256789 0.59913678 0.00276015
1.07383919 0.59927578 0.00274379
1.07511050 0.59942317 0.00273368
1.07638181 0.59957952 0.00273017
1.07766789 0.59974302 0.00273196
1.07893920 0.59990814 0.00273521
1.08021050 0.60006754 0.00273491
1.08148181 0.60021608 0.00272767
1.08275312 0.60035338 0.00271336
1.08402442 0.60048199 0.00269386
1.08529573 0.60060490 0.00267124
1.08656703 0.60072345 0.00264638
1.08783834 0.60083838 0.00261973
1.08912443 0.60095078 0.00259195
1.09039573 0.60106153 0.00256358
1.09166704 0.60117149 0.00253513
1.09293834 0.60128119 0.00250692
1.09420965 0.60139104 0.00247919
1.09548095 0.60150129 0.00245206
1.09675226 0.60161242 0.00242583
1.09802356 0.60172504 0.00240089
1.09930965 0.60183964 0.00237756
1.10058096 0.60195662 0.00235607
1.10185226 0.60207614 0.00233652
1.10312357 0.60219806 0.00231879
1.10439487 0.60232240 0.00230288
1.10566618 0.60244923 0.00228884
1.10693748 0.60257849 0.00227666
1.10820879 0.60271011 0.00226632
1.10948010 0.60284375 0.00225763
1.11075140 0.60297888 0.00225028
1.11203749 0.60311471 0.00224377
1.11330879 0.60325038 0.00223756
1.11458010 0.60338495 0.00223104
1.11585141 0.60351763 0.00222368
1.11712271 0.60364748 0.00221477
1.11839402 0.60377399 0.00220384
1.11966532 0.60389830 0.00219144
1.12093663 0.60402337 0.00217932
1.12220793 0.60415541 0.00217130
1.12347924 0.60430266 0.00217215
1.12475054 0.60447064 0.00218500
1.12603663 0.60465868 0.00220895
1.12730794 0.60486052 0.00223981
1.12857924 0.60506766 0.00227308
1.12985055 0.60527098 0.00230453
1.13112185 0.60546131 0.00233053
1.13239316 0.60562796 0.00234732
1.13366446 0.60576125 0.00234963
1.13493577 0.60585566 0.00233443
1.13620707 0.60590836 0.00229750
1.13747838 0.60592265 0.00224027
1.13874969 0.60590860 0.00216783
1.14002099 0.60588722 0.00209204
1.14130708 0.60587769 0.00202433
1.14257838 0.60588784 0.00196759
1.14384969 0.60592405 0.00192480
1.14512100 0.60598944 0.00189777
1.14639230 0.60607909 0.00188836
1.14766361 0.60618027 0.00189399
1.14893491 0.60628828 0.00190997
1.15020622 0.60641165 0.00193466
1.15147752 0.60656208 0.00196756
1.15274883 0.60674553 0.00201048
1.15402013 0.60697104 0.00205939
1.15529144 0.60718274 0.00210040
1.15656274 0.60737783 0.00214336
1.15783405 0.60757650 0.00218817
1.15912014 0.60777849 0.00223464
1.16039144 0.60798350 0.00228257
1.16166275 0.60819124 0.00233175
1.16293405 0.60840140 0.00238195
1.16420536 0.60861363 0.00243293
1.16547667 0.60882758 0.00248446
1.16674797 0.60904290 0.00253628
1.16801928 0.60925919 0.00258813
1.16929058 0.60947607 0.00263975
1.17056189 0.60969313 0.00269084
1.17183319 0.60990994 0.00274114
1.17310450 0.61012609 0.00279035
1.17437580 0.61034113 0.00283818
1.17564711 0.61055461 0.00288433
1.17691841 0.61076608 0.00292850
1.17818972 0.61097508 0.00297039
1.17946103 0.61118115 0.00300968
1.18074711 0.61138382 0.00304608
1.18201842 0.61158261 0.00307928
1.18328972 0.61177706 0.00310898
1.18456103 0.61196669 0.00313486
1.18583234 0.61215104 0.00315664
1.18710364 0.61232965 0.00317401
1.18837495 0.61250206 0.00318669
1.18964625 0.61266782 0.00319440
1.19091756 0.61282649 0.00319685
1.19218886 0.61297763 0.00319380
1.19346017 0.61312084 0.00318497
1.19473147 0.61325571 0.00317013
1.19600278 0.61338186 0.00314906
1.19727408 0.61349891 0.00312152
1.19854539 0.61360653 0.00308734
1.19981670 0.61370439 0.00304632
1.20108800 0.61379219 0.00299831
1.20235931 0.61386966 0.00294318
1.20363061 0.61393656 0.00288081
1.20490192 0.61399268 0.00281111
1.20617322 0.61403784 0.00273403
1.20744453 0.61407190 0.00264955
1.20873062 0.61409477 0.00255770
1.21000192 0.61410638 0.00245852
1.21127323 0.61410672 0.00235213
1.21254453 0.61409582 0.00223869
1.21381584 0.61407376 0.00211846
1.21508714 0.61404067 0.00199176
1.21635845 0.61399674 0.00185903
1.21762975 0.61394221 0.00172087
1.21890106 0.61387738 0.00157809
1.22017237 0.61380263 0.00143184
1.22144367 0.61371839 0.00128372
1.22271498 0.61362516 0.00113618
1.22398628 0.61352351 0.00099296
1.22525759 0.61341409 0.00086011
1.22652889 0.61329764 0.00074734
1.22780020 0.61317495 0.00066913
1.22907150 0.61304693 0.00064209
1.23034281 0.61291456 0.00067532
1.23161411 0.61277892 0.00076286
1.23288542 0.61264116 0.00088972
1.23415673 0.61250256 0.00104179
1.23542803 0.61236448 0.00120908
1.23669934 0.61222841 0.00138506
1.23797064 0.61209591 0.00156533
1.23924195 0.61196870 0.00174670
1.24051325 0.61184858 0.00192667
1.24178456 0.61173748 0.00210312
1.24305586 0.61163745 0.00227414
1.24432717 0.61155069 0.00243791
1.24559847 0.61147950 0.00259268
1.24686978 0.61142634 0.00273668
1.24814109 0.61139380 0.00286814
1.24941239 0.61138460 0.00298527
1.25068370 0.61140163 0.00308623
1.25195500 0.61144793 0.00316916
1.25322631 0.61152667 0.00323217
1.25449761 0.61164122 0.00327336
1.25576892 0.61179508 0.00329085
1.25704022 0.61199194 0.00328280
1.25831153 0.61223565 0.00324751
1.25958283 0.61253024 0.00318349
1.26085414 0.61287993 0.00308966
1.26212545 0.61328913 0.00296561
1.26339675 0.61376242 0.00281212
1.26466806 0.61430461 0.00263198
1.26593936 0.61492067 0.00243165
1.26721067 0.61561580 0.00222408
1.26848197 0.61639541 0.00203356
1.26975328 0.61726513 0.00190171
1.27102458 0.61823079 0.00188724
1.27229589 0.61929846 0.00204518
1.27356719 0.62047443 0.00239535
1.27483850 0.62176525 0.00292187
1.27610981 0.62317767 0.00359895
1.27738111 0.62471872 0.00440705
1.27865242 0.62639567 0.00533503
1.27992372 0.62821604 0.00637786
1.28119503 0.63018760 0.00753436
-0.96316762 0.62470192 0.00531428
-0.96189631 0.62238893 0.00563463
-0.96062353 0.62160881 0.00541039
-0.95934927 0.62104407 0.00533386
-0.95807353 0.62033853 0.00514283
-0.95679779 0.61908136 0.00462269
-0.95551909 0.61677492 0.00339604
-0.95423744 0.61199277 0.00054890
-0.95295431 0.59911367 0.00628348
-0.95167118 0.58221446 0.01054395
-0.95038804 0.58094463 0.01011154
-0.94910048 0.59703412 0.00799525
-0.94781143 0.61301446 0.00671688
-0.94651943 0.62288610 0.00588008
-0.94522743 0.62956316 0.00535910
-0.94393247 0.63455503 0.00490037
-0.94263604 0.63908294 0.00454346
-0.94133960 0.64343096 0.00422641
-0.94004021 0.64770780 0.00394178
-0.93873934 0.65179819 0.00369958
-0.93743699 0.65563864 0.00349048
-0.93613316 0.65923593 0.00330687
-0.93482786 0.66262938 0.00314298
-0.93351959 0.66584316 0.00299500
-0.93221133 0.66890215 0.00286075
-0.93090011 0.67182554 0.00273789
-0.92958890 0.67463119 0.00262479
-0.92827472 0.67733446 0.00252192
-0.92695907 0.67994282 0.00242472
-0.92564341 0.68247006 0.00233269
-0.92432480 0.68492429 0.00225309
-0.92300472 0.68731299 0.00217052
-0.92168315 0.68963842 0.00209646
-0.92036010 0.69190734 0.00202717
-0.91903410 0.69412429 0.00195861
-0.91770810 0.69628475 0.00189316
-0.91638062 0.69838644 0.00183012
-0.91505167 0.70042260 0.00176943
-0.91371975 0.70240678 0.00171262
-0.91238784 0.70435706 0.00165965
-0.91105297 0.70628249 0.00160899
-0.90971810 0.70819209 0.00156141
-0.90838027 0.71008136 0.00151383
-0.90704096 0.71194802 0.00146935
-0.90570166 0.71379887 0.00142408
-0.90435940 0.71563164 0.00138497
-0.90301565 0.71744859 0.00134361
-0.90167044 0.71924972 0.00130679
-0.90032374 0.72103277 0.00127080
-0.89897556 0.72280678 0.00123399
-0.89762591 0.72456497 0.00120027
-0.89627478 0.72631186 0.00116741
-0.89492217 0.72804520 0.00113594
-0.89356808 0.72976949 0.00110623
-0.89221251 0.73148249 0.00107476
-0.89085547 0.73318870 0.00104730
-0.88949695 0.73487910 0.00101894
-0.88813547 0.73656723 0.00099370
-0.88677399 0.73824181 0.00096846
-0.88541103 0.73991412 0.00094105
-0.88404659 0.74157514 0.00091584
-0.88267920 0.74322712 0.00089375
-0.88131181 0.74487684 0.00087071
-0.87994294 0.74651525 0.00084864
-0.87857259 0.74815141 0.00082560
-0.87719928 0.74978079 0.00080668
-0.87582598 0.75140339 0.00078365
-0.87445120 0.75301921 0.00076476
-0.87307345 0.75463277 0.00074487
-0.87169571 0.75623955 0.00072498
-0.87031650 0.75783955 0.00070509
-0.86893580 0.75943729 0.00068835
-0.86755215 0.76103051 0.00066848
-0.86616849 0.76261921 0.00065489
-0.86478336 0.76420339 0.00063818
-0.86339675 0.76578531 0.00062039
-0.86200866 0.76736271 0.00060368
-0.86061762 0.76893333 0.00058699
-0.85922657 0.77050395 0.00057550
-0.85783405 0.77206780 0.00055882
-0.85644005 0.77363390 0.00054418
-0.85504457 0.77519322 0.00052954
-0.85364761 0.77674802 0.00051604
-0.85224918 0.77830508 0.00050456
-0.85084926 0.77985537 0.00049308
-0.84944787 0.78140339 0.00047962
-0.84804648 0.78295141 0.00046697
-0.84664213 0.78449492 0.00045550
-0.84523630 0.78603842 0.00044403
-0.84382899 0.78758192 0.00043257
-0.84242169 0.78911864 0.00042110
-0.84101143 0.79066215 0.00040964
-0.83960116 0.79220113 0.00040015
-0.83818795 0.79374237 0.00039185
-0.83677473 0.79528136 0.00038236
-0.83536003 0.79682260 0.00037406
-0.83394238 0.79836158 0.00036456
-0.83252472 0.79990508 0.00035823
-0.83110559 0.80144859 0.00035190
-0.82968498 0.80299209 0.00034558
-0.82826289 0.80453785 0.00034044
-0.82684081 0.80607910 0.00033728
-0.82541576 0.80762034 0.00032898
-0.82398924 0.80915932 0.00032898
-0.82256272 0.81069379 0.00032582
-0.82113324 0.81222373 0.00031948
-0.81970376 0.81374689 0.00031753
-0.81827280 0.81525876 0.00031242
-0.81684036 0.81676610 0.00030925
-0.81540645 0.81825763 0.00030415
-0.81397106 0.81973785 0.00030543
-0.81253418 0.82120226 0.00030037
-0.81109584 0.82264633 0.00029533
-0.80965749 0.82407684 0.00029031
-0.80821618 0.82548475 0.00028351
-0.80677488 0.82687006 0.00028032
-0.80533209 0.82823955 0.00027535
-0.80388783 0.82958418 0.00026722
-0.80244209 0.83091525 0.00025911
-0.80099487 0.83222373 0.00025421
-0.79954765 0.83351412 0.00024615
-0.79809748 0.83479096 0.00023812
-0.79664730 0.83605650 0.00023172
-0.79519565 0.83731073 0.00022214
-0.79374252 0.83855141 0.00021255
-0.79228791 0.83978757 0.00020454
-0.79083182 0.84101921 0.00019815
-0.78937573 0.84224407 0.00019176
-0.78791669 0.84346893 0.00018537
-0.78645764 0.84469153 0.00017740
-0.78499712 0.84591638 0.00017101
-0.78353512 0.84714802 0.00016462
-0.78207164 0.84838192 0.00015989
-0.78060816 0.84961808 0.00015670
-0.77914320 0.85086554 0.00015204
-0.77767528 0.85211977 0.00015204
-0.77620885 0.85338305 0.00014926
-0.77473946 0.85465085 0.00014926
-0.77326859 0.85592542 0.00014926
-0.77179771 0.85720226 0.00014607
-0.77032537 0.85847910 0.00014795
-0.76885154 0.85975141 0.00015113
-0.76737623 0.86102373 0.00015430
-0.76590093 0.86228701 0.00015113
-0.76442266 0.86354350 0.00015748
-0.76294440 0.86479096 0.00015748
-0.76146466 0.86602034 0.00015880
-0.75998492 0.86723616 0.00016066
-0.75850222 0.86843842 0.00016199
-0.75701953 0.86961808 0.00016199
-0.75553535 0.87077514 0.00016018
-0.75405118 0.87191412 0.00016018
-0.75256405 0.87302599 0.00015989
-0.75107691 0.87411299 0.00015670
-0.74958830 0.87518192 0.00015503
-0.74809822 0.87622147 0.00015183
-0.74660813 0.87724294 0.00015021
-0.74511656 0.87824181 0.00014225
-0.74362352 0.87922034 0.00013905
-0.74212899 0.88018531 0.00013586
-0.74063447 0.88113672 0.00012796
-0.73913847 0.88207458 0.00012477
-0.73764099 0.88300339 0.00011988
-0.73614351 0.88392994 0.00011349
-0.73464307 0.88484746 0.00011030
-0.73314412 0.88576949 0.00010547
-0.73164220 0.88668927 0.00010391
-0.73014029 0.88761130 0.00009923
-0.72863542 0.88854463 0.00009783
-0.72713202 0.88948475 0.00009652
-0.72562567 0.89043842 0.00009969
-0.72411933 0.89140791 0.00009969
-0.72261150 0.89237966 0.00010101
-0.72110367 0.89334011 0.00009923
-0.71959436 0.89427797 0.00010071
-0.71808358 0.89519096 0.00009907
-0.71657132 0.89608362 0.00009752
-0.71505906 0.89696497 0.00009752
-0.71354532 0.89783277 0.00009752
-0.71203158 0.89868927 0.00009432
-0.71051488 0.89953446 0.00009268
-0.70899966 0.90037288 0.00009113
-0.70748148 0.90120000 0.00009113
-0.70596331 0.90202260 0.00008793
-0.70444366 0.90283390 0.00008629
-0.70292400 0.90364068 0.00008154
-0.70140287 0.90444068 0.00008154
-0.69988026 0.90523616 0.00007835
-0.69835765 0.90602260 0.00007835
-0.69683356 0.90680904 0.00007835
-0.69530800 0.90758418 0.00007516
-0.69378243 0.90835706 0.00007516
-0.69225538 0.90912316 0.00007516
-0.69072834 0.90988475 0.00007196
-0.68919982 0.91063955 0.00006877
-0.68766982 0.91139209 0.00006877
-0.68613981 0.91213785 0.00006877
-0.68460833 0.91287910 0.00006558
-0.68307685 0.91361356 0.00006734
-0.68154390 0.91434802 0.00006416
-0.68001094 0.91507345 0.00006416
-0.67847650 0.91579435 0.00006098
-0.67694059 0.91651073 0.00006416
-0.67540467 0.91722486 0.00006098
-0.67386728 0.91793220 0.00006287
-0.67232841 0.91863503 0.00006098
-0.67078954 0.91932881 0.00006287
-0.66925067 0.92002260 0.00005971
-0.66771032 0.92070960 0.00006098
-0.66616849 0.92138983 0.00006287
-0.66462666 0.92206780 0.00006287
-0.66308484 0.92273672 0.00006172
-0.66154005 0.92340113 0.00006172
-0.65999675 0.92406102 0.00006287
-0.65845049 0.92471186 0.00006287
-0.65690570 0.92535819 0.00005971
-0.65535796 0.92599548 0.00005971
-0.65381022 0.92662599 0.00005971
-0.65226248 0.92724972 0.00005971
-0.65071326 0.92786667 0.00005971
-0.64916404 0.92847006 0.00005971
-0.64761335 0.92906893 0.00005654
-0.64606265 0.92964972 0.00005461
-0.64451047 0.93022147 0.00005143
-0.64295830 0.93078192 0.00005023
-0.64140464 0.93133785 0.00005023
-0.63985099 0.93189605 0.00005232
-0.63829586 0.93245424 0.00004920
-0.63674073 0.93301695 0.00004920
-0.63518412 0.93357288 0.00004920
-0.63362751 0.93413559 0.00004920
-0.63207090 0.93468927 0.00004836
-0.63051133 0.93524294 0.00005143
-0.62895324 0.93579435 0.00004836
-0.62739368 0.93634124 0.00005143
-0.62583411 0.93688362 0.00005143
-0.62427306 0.93741921 0.00005143
-0.62271202 0.93795480 0.00005143
-0.62114950 0.93848136 0.00005073
-0.61958697 0.93900565 0.00005143
-0.61802445 0.93952090 0.00005143
-0.61646045 0.94003616 0.00005143
-0.61489497 0.94054463 0.00005143
-0.61333097 0.94104633 0.00005143
-0.61176401 0.94154124 0.00005143
-0.61019853 0.94203164 0.00005376
-0.60863157 0.94251751 0.00005143
-0.60706461 0.94299661 0.00005452
-0.60549618 0.94346893 0.00005376
-0.60392774 0.94393672 0.00005376
-0.60235783 0.94440226 0.00005143
-0.60078939 0.94485876 0.00005376
-0.59921800 0.94531073 0.00005143
-0.59764808 0.94575367 0.00005376
-0.59607669 0.94619435 0.00005376
-0.59450530 0.94663051 0.00005073
-0.59293243 0.94706215 0.00005376
-0.59135956 0.94748475 0.00005073
-0.58978669 0.94790508 0.00005073
-0.58821234 0.94831864 0.00005073
-0.58663799 0.94872768 0.00005143
-0.58506364 0.94913220 0.00005073
-0.58348781 0.94953220 0.00005073
-0.58191198 0.94992768 0.00004773
-0.58033616 0.95031864 0.00005073
-0.57875885 0.95070734 0.00004773
-0.57718302 0.95108927 0.00004836
-0.57560424 0.95146667 0.00004773
-0.57402693 0.95184633 0.00004773
-0.57244815 0.95221469 0.00004474
-0.57086937 0.95258531 0.00004773
-0.56929058 0.95295367 0.00004474
-0.56771032 0.95331299 0.00004474
-0.56613006 0.95367458 0.00004730
-0.56454980 0.95403164 0.00004474
-0.56296805 0.95438870 0.00004440
-0.56138779 0.95474124 0.00004440
-0.55980605 0.95509605 0.00004708
-0.55822283 0.95544859 0.00004708
-0.55664109 0.95580113 0.00004708
-0.55505787 0.95615367 0.00004708
-0.55347466 0.95650621 0.00004708
-0.55189144 0.95685650 0.00004992
-0.55030822 0.95721130 0.00005261
-0.54872352 0.95757062 0.00005261
-0.54713882 0.95792994 0.00005261
-0.54555413 0.95828475 0.00005281
-0.54396943 0.95863051 0.00005281
-0.54238325 0.95896497 0.00005319
-0.54079708 0.95929040 0.00005319
-0.53921090 0.95960678 0.00005281
-0.53762473 0.95991412 0.00005319
-0.53603855 0.96021921 0.00005319
-0.53445090 0.96051751 0.00005319
-0.53286472 0.96081130 0.00005023
-0.53127707 0.96110056 0.00005319
-0.52968942 0.96138757 0.00005023
-0.52810029 0.96167006 0.00005319
-0.52651263 0.96195028 0.00005023
-0.52492498 0.96222825 0.00005023
-0.52333585 0.96250169 0.00005281
-0.52174671 0.96277288 0.00005281
-0.52015758 0.96304407 0.00005281
-0.51856845 0.96331073 0.00004992
-0.51697932 0.96357514 0.00004992
-0.51538871 0.96383729 0.00005281
-0.51379958 0.96409718 0.00004992
-0.51220897 0.96435480 0.00004992
-0.51061836 0.96461243 0.00004992
-0.50902775 0.96487006 0.00004992
-0.50743714 0.96512090 0.00004992
-0.50584653 0.96537175 0.00004992
-0.50425592 0.96562260 0.00004992
-0.50266383 0.96586893 0.00005261
-0.50107322 0.96611299 0.00005261
-0.49948261 0.96635706 0.00005261
-0.49789052 0.96660113 0.00005261
-0.49629843 0.96683842 0.00005261
-0.49470782 0.96707797 0.00005281
-0.49311573 0.96731299 0.00005261
-0.49152364 0.96754576 0.00005281
-0.48993156 0.96777853 0.00005545
-0.48833947 0.96800678 0.00005281
-0.48674738 0.96823277 0.00005545
-0.48515529 0.96845650 0.00005545
-0.48356320 0.96868023 0.00005545
-0.48196964 0.96889718 0.00005545
-0.48037755 0.96911412 0.00005545
-0.47878546 0.96932655 0.00005572
-0.47719337 0.96953672 0.00005572
-0.47559980 0.96974011 0.00005572
-0.47400772 0.96994124 0.00005319
-0.47241563 0.97013785 0.00005319
-0.47082206 0.97032994 0.00005023
-0.46922997 0.97051299 0.00005023
-0.46763788 0.97069379 0.00004992
-0.46604432 0.97086780 0.00004730
-0.46445223 0.97103955 0.00004992
-0.46286014 0.97121582 0.00004992
-0.46126658 0.97139209 0.00004992
-0.45967449 0.97156836 0.00004992
-0.45808240 0.97174463 0.00004992
-0.45649031 0.97192316 0.00004708
-0.45489822 0.97209944 0.00004708
-0.45330613 0.97227571 0.00004708
-0.45171257 0.97244972 0.00004992
-0.45012048 0.97262373 0.00004982
-0.44852839 0.97279774 0.00004708
-0.44693778 0.97296723 0.00004708
-0.44534569 0.97314124 0.00004992
-0.44375360 0.97331073 0.00004992
-0.44216151 0.97347571 0.00004708
-0.44057090 0.97364520 0.00004708
-0.43897882 0.97380791 0.00004708
-0.43738821 0.97397062 0.00004708
-0.43579612 0.97413333 0.00004708
-0.43420551 0.97429605 0.00004708
-0.43261490 0.97445424 0.00004730
-0.43102429 0.97461243 0.00004992
-0.42943368 0.97476836 0.00004992
-0.42784307 0.97492203 0.00004730
-0.42625394 0.97507571 0.00004708
-0.42466333 0.97522486 0.00004708
-0.42307419 0.97537627 0.00004730
-0.42148358 0.97552316 0.00004708
-0.41989445 0.97567006 0.00004992
-0.41830532 0.97581469 0.00004708
-0.41671619 0.97595706 0.00004708
-0.41512853 0.97609944 0.00004708
-0.41353940 0.97623729 0.00004730
-0.41195175 0.97637740 0.00004708
-0.41036262 0.97651525 0.00004730
-0.40877496 0.97665085 0.00004730
-0.40718731 0.97678418 0.00004708
-0.40560114 0.97691525 0.00004730
-0.40401348 0.97704407 0.00004730
-0.40242731 0.97717514 0.00004440
-0.40084113 0.97730169 0.00004730
-0.39925496 0.97743051 0.00004730
-0.39766878 0.97755254 0.00004730
-0.39608261 0.97767684 0.00004440
-0.39449791 0.97779887 0.00004440
-0.39291321 0.97792090 0.00004440
-0.39132851 0.97803616 0.00004440
-0.38974382 0.97815819 0.00004440
-0.38816060 0.97827345 0.00004440
-0.38657738 0.97838870 0.00004440
-0.38499416 0.97850169 0.00004179
-0.38341094 0.97861243 0.00004440
-0.38182920 0.97872542 0.00004179
-0.38024598 0.97883390 0.00004179
-0.37866424 0.97894237 0.00004179
-0.37708398 0.97905085 0.00004179
-0.37550224 0.97915706 0.00004155
-0.37392198 0.97926102 0.00004179
-0.37234172 0.97936497 0.00003888
-0.37076145 0.97946667 0.00003888
-0.36918267 0.97956836 0.00003888
-0.36760388 0.97967006 0.00003888
-0.36602510 0.97977175 0.00003888
-0.36444780 0.97987345 0.00003888
-0.36286901 0.97997514 0.00003888
-0.36129171 0.98007006 0.00003888
-0.35971588 0.98017175 0.00003888
-0.35814005 0.98026893 0.00003602
-0.35656422 0.98036836 0.00003888
-0.35498840 0.98046328 0.00003888
-0.35341405 0.98056045 0.00003602
-0.35183970 0.98065537 0.00003602
-0.35026535 0.98075028 0.00003602
-0.34869248 0.98084520 0.00003602
-0.34711961 0.98094011 0.00003602
-0.34554674 0.98103051 0.00003630
-0.34397534 0.98112316 0.00003602
-0.34240395 0.98121356 0.00003630
-0.34083256 0.98130621 0.00003602
-0.33926264 0.98139435 0.00003602
-0.33769273 0.98148249 0.00003602
-0.33612429 0.98157062 0.00003602
-0.33455586 0.98165650 0.00003337
-0.33298742 0.98174463 0.00003337
-0.33142046 0.98182825 0.00003602
-0.32985350 0.98191412 0.00003337
-0.32828655 0.98199548 0.00003337
-0.32672107 0.98207910 0.00003049
-0.32515559 0.98216045 0.00003049
-0.32359159 0.98224181 0.00003049
-0.32202758 0.98232316 0.00003049
-0.32046358 0.98240452 0.00003049
-0.31890106 0.98247910 0.00003049
-0.31734002 0.98256045 0.00003049
-0.31577749 0.98263503 0.00003049
-0.31421793 0.98271186 0.00002768
-0.31265688 0.98278644 0.00002768
-0.31109731 0.98285876 0.00002496
-0.30953923 0.98293107 0.00002496
-0.30798114 0.98300113 0.00002496
-0.30642305 0.98307119 0.00002214
-0.30486644 0.98314124 0.00002496
-0.30330983 0.98320452 0.00002237
-0.30175470 0.98327458 0.00002537
-0.30019957 0.98334463 0.00002496
-0.29864591 0.98341695 0.00002537
-0.29709226 0.98348927 0.00002237
-0.29554008 0.98356384 0.00002237
-0.29398791 0.98364294 0.00002305
-0.29243721 0.98371977 0.00002237
-0.29088651 0.98379887 0.00002305
-0.28933730 0.98387571 0.00002237
-0.28778808 0.98395480 0.00002305
-0.28623886 0.98403616 0.00002305
-0.28469112 0.98411751 0.00002305
-0.28314485 0.98419887 0.00002305
-0.28159859 0.98428023 0.00002305
-0.28005381 0.98435932 0.00001996
-0.27850902 0.98444068 0.00001996
-0.27696572 0.98452203 0.00001996
-0.27542241 0.98460565 0.00002305
-0.27388059 0.98468701 0.00002305
-0.27234024 0.98476836 0.00002305
-0.27079989 0.98484972 0.00002305
-0.26925954 0.98493107 0.00002305
-0.26772067 0.98501243 0.00002305
-0.26618327 0.98509379 0.00002305
-0.26464588 0.98517514 0.00002305
-0.26310997 0.98525876 0.00002096
-0.26157405 0.98534011 0.00002096
-0.26003962 0.98542147 0.00002096
-0.25850518 0.98550508 0.00002413
-0.25697222 0.98558870 0.00002305
-0.25544074 0.98567006 0.00002305
-0.25390926 0.98575141 0.00002305
-0.25237926 0.98583729 0.00002413
-0.25084926 0.98592090 0.00002305
-0.24932074 0.98600226 0.00002305
-0.24779369 0.98609040 0.00002305
-0.24626665 0.98617401 0.00002616
-0.24474108 0.98625989 0.00002305
-0.24321552 0.98634576 0.00002537
-0.24169143 0.98643616 0.00002841
-0.24016882 0.98652429 0.00002841
-0.23864621 0.98661695 0.00002537
-0.23712508 0.98671186 0.00002537
-0.23560542 0.98680000 0.00002537
-0.23408577 0.98688136 0.00002537
-0.23256759 0.98695593 0.00002537
-0.23104942 0.98702599 0.00002305
-0.22953272 0.98708927 0.00002237
-0.22801750 0.98715480 0.00002305
-0.22650376 0.98721582 0.00002305
-0.22499002 0.98727458 0.00001996
-0.22347628 0.98733107 0.00002305
-0.22196550 0.98739209 0.00002305
-0.22045471 0.98744859 0.00002096
-0.21894541 0.98750734 0.00002305
-0.21743610 0.98756384 0.00002096
-0.21592827 0.98762486 0.00002096
-0.21442193 0.98768588 0.00002096
-0.21291705 0.98774237 0.00002413
-0.21141218 0.98780113 0.00002096
-0.20990879 0.98786215 0.00002096
-0.20840540 0.98792316 0.00002096
-0.20690496 0.98798418 0.00002096
-0.20540453 0.98804746 0.00001918
-0.20390557 0.98811073 0.00002237
-0.20240661 0.98817175 0.00002237
-0.20090913 0.98823729 0.00001918
-0.19941313 0.98830056 0.00002237
-0.19791861 0.98836610 0.00001918
-0.19642408 0.98842938 0.00002237
-0.19493104 0.98849718 0.00002237
-0.19343947 0.98856497 0.00002237
-0.19194791 0.98863277 0.00002237
-0.19045930 0.98870056 0.00002237
-0.18897069 0.98876836 0.00002237
-0.18748355 0.98883616 0.00002237
-0.18599642 0.98890395 0.00002237
-0.18451077 0.98896949 0.00001918
-0.18302659 0.98903503 0.00002096
-0.18154390 0.98910282 0.00002096
-0.18006268 0.98916836 0.00002237
-0.17858146 0.98923164 0.00002096
-0.17710172 0.98929944 0.00002096
-0.17562346 0.98936045 0.00002096
-0.17414667 0.98942825 0.00002096
-0.17266989 0.98948927 0.00002096
-0.17119606 0.98955706 0.00002096
-0.16972223 0.98961808 0.00002096
-0.16824841 0.98968588 0.00002096
-0.16677754 0.98974689 0.00002096
-0.16530667 0.98980791 0.00002096
-0.16383875 0.98987571 0.00002096
-0.16237084 0.98993672 0.00002096
-0.16090440 0.98999774 0.00002096
-0.15943796 0.99006328 0.00002305
-0.15797449 0.99012655 0.00002096
-0.15651101 0.99018757 0.00002096
-0.15504900 0.99025311 0.00002305
-0.15358848 0.99031638 0.00002096
-0.15212944 0.99037740 0.00002096
-0.15067039 0.99044068 0.00001996
-0.14921430 0.99050395 0.00002305
-0.14775822 0.99056949 0.00001996
-0.14630375 0.99063051 0.00001996
-0.14485062 0.99069379 0.00002305
-0.14339867 0.99075932 0.00001996
-0.14194791 0.99082260 0.00002305
-0.14049847 0.99088814 0.00001996
-0.13905022 0.99095141 0.00002305
-0.13760344 0.99101695 0.00001996
-0.13615770 0.99108023 0.00002305
-0.13471344 0.99114576 0.00001996
-0.13327021 0.99121130 0.00002237
-0.13182846 0.99127684 0.00002305
-0.13038804 0.99134237 0.00001996
-0.12894881 0.99141017 0.00001996
-0.12751090 0.99147571 0.00002237
-0.12607433 0.99154350 0.00002237
-0.12463893 0.99161130 0.00002237
-0.12320502 0.99167910 0.00002237
-0.12177229 0.99174915 0.00001996
-0.12034104 0.99181695 0.00001996
-0.11891096 0.99188927 0.00002237
-0.11748222 0.99195932 0.00001996
-0.11605496 0.99202938 0.00002305
-0.11462888 0.99210169 0.00001996
-0.11320413 0.99217401 0.00002237
-0.11178086 0.99224859 0.00002237
-0.11035892 0.99232316 0.00002237
-0.10893816 0.99239774 0.00002237
-0.10751888 0.99247006 0.00002305
-0.10610108 0.99254237 0.00001996
-0.10468446 0.99261469 0.00002237
-0.10326932 0.99268701 0.00002305
-0.10185551 0.99275706 0.00002237
-0.10044304 0.99282938 0.00002305
-0.09903203 0.99290169 0.00001996
-0.09762236 0.99297401 0.00002237
-0.09621417 0.99304859 0.00002237
-0.09480731 0.99312090 0.00002305
-0.09340178 0.99319548 0.00002305
-0.09199772 0.99327006 0.00002305
-0.09059500 0.99334463 0.00002305
-0.08919376 0.99341921 0.00002305
-0.08779384 0.99349379 0.00002305
-0.08639541 0.99356836 0.00002305
-0.08499845 0.99364520 0.00002237
-0.08360282 0.99372203 0.00002537
-0.08220867 0.99379887 0.00002305
-0.08081600 0.99387345 0.00002305
-0.07942466 0.99395254 0.00002537
-0.07803480 0.99402938 0.00002305
-0.07664641 0.99410395 0.00002305
-0.07525951 0.99418531 0.00002305
-0.07387393 0.99425989 0.00002305
-0.07248984 0.99433898 0.00002537
-0.07110722 0.99441582 0.00002305
-0.06972608 0.99449266 0.00002616
-0.06834642 0.99456949 0.00002537
-0.06696823 0.99464633 0.00002305
-0.06559138 0.99471412 0.00002305
-0.06421615 0.99478192 0.00002305
-0.06284240 0.99484294 0.00002305
-0.06146998 0.99490395 0.00002305
-0.06009919 0.99496271 0.00002537
-0.05872988 0.99502373 0.00002537
-0.05736204 0.99508701 0.00002305
-0.05599568 0.99515028 0.00002237
-0.05463080 0.99521356 0.00002537
-0.05326740 0.99527684 0.00002496
-0.05190548 0.99534237 0.00002214
-0.05054518 0.99540565 0.00002496
-0.04918636 0.99547571 0.00002496
-0.04782902 0.99555028 0.00002496
-0.04647316 0.99564294 0.00002496
-0.04511893 0.99577401 0.00002496
-0.04376617 0.99594124 0.00002237
-0.04241504 0.99611525 0.00002537
-0.04106524 0.99628927 0.00002496
-0.03971706 0.99645198 0.00002496
-0.03837051 0.99660791 0.00002496
-0.03702529 0.99677062 0.00002496
-0.03568185 0.99692655 0.00002496
-0.03433973 0.99708701 0.00002496
-0.03299939 0.99724972 0.00002786
-0.03166038 0.99741695 0.00002537
-0.03032315 0.99759322 0.00002537
-0.02898739 0.99779887 0.00002616
-0.02765326 0.99805198 0.00002731
-0.02632105 0.99835932 0.00002876
-0.02499002 0.99867571 0.00003196
-0.02366047 0.99896723 0.00003196
-0.02233255 0.99922034 0.00002929
-0.02100625 0.99943503 0.00002841
-0.01968143 0.99961582 0.00002786
-0.01835824 0.99975819 0.00002786
-0.01703653 0.99987119 0.00002768
-0.01571644 0.99995028 0.00002786
-0.01439801 1.00000678 0.00003082
-0.01308110 1.00003616 0.00002841
-0.01176578 1.00004520 0.00002786
-0.01045207 1.00002938 0.00002841
-0.00913993 0.99999548 0.00002841
-0.00782941 0.99993446 0.00002841
-0.00652048 0.99985537 0.00002786
-0.00521317 0.99974463 0.00003049
-0.00390746 0.99960904 0.00002786
-0.00260335 0.99940339 0.00002929
-0.00130087 0.99917740 0.00003244
-0.00000000 0.99871186 0.00002768
