# s/c   P_w_mean    P_w_std
0.00000000 0.99996850 0.00002129
0.00130087 0.99956837 0.00001366
0.00260174 0.99915839 0.00000684
0.00390261 0.99873952 0.00000103
0.00520348 0.99831260 0.00000479
0.00650435 0.99787847 0.00000957
0.00780522 0.99743785 0.00001378
0.00910609 0.99699144 0.00001747
0.01040697 0.99653985 0.00002068
0.01170784 0.99608367 0.00002344
0.01300871 0.99562340 0.00002581
0.01430958 0.99515951 0.00002781
0.01561045 0.99469240 0.00002948
0.01691132 0.99422244 0.00003086
0.01821219 0.99374995 0.00003197
0.01951306 0.99327519 0.00003285
0.02081393 0.99279839 0.00003352
0.02211480 0.99231972 0.00003401
0.02341567 0.99183934 0.00003434
0.02470176 0.99135733 0.00003453
0.02600263 0.99087378 0.00003461
0.02730350 0.99038870 0.00003458
0.02860437 0.98990210 0.00003447
0.02990524 0.98941393 0.00003430
0.03120611 0.98892413 0.00003406
0.03250698 0.98843260 0.00003379
0.03380786 0.98793921 0.00003348
0.03510873 0.98744381 0.00003315
0.03640960 0.98694622 0.00003280
0.03771047 0.98644624 0.00003244
0.03901134 0.98594364 0.00003209
0.04029743 0.98543817 0.00003174
0.04159830 0.98492958 0.00003141
0.04289917 0.98441758 0.00003110
0.04420004 0.98390186 0.00003082
0.04550091 0.98338211 0.00003058
0.04680178 0.98285800 0.00003037
0.04810265 0.98232917 0.00003022
0.04940352 0.98179527 0.00003013
0.05068961 0.98125594 0.00003011
0.05199048 0.98071078 0.00003016
0.05329135 0.98015942 0.00003030
0.05459222 0.97960145 0.00003052
0.05589309 0.97903648 0.00003085
0.05719396 0.97846408 0.00003128
0.05849483 0.97788386 0.00003182
0.05978092 0.97729538 0.00003248
0.06108179 0.97669823 0.00003325
0.06238266 0.97609199 0.00003414
0.06368353 0.97547623 0.00003515
0.06498440 0.97485053 0.00003628
0.06628528 0.97421446 0.00003752
0.06757136 0.97356760 0.00003887
0.06887223 0.97290954 0.00004033
0.07017310 0.97223985 0.00004189
0.07147398 0.97155813 0.00004354
0.07277485 0.97086396 0.00004528
0.07407572 0.97015694 0.00004711
0.07536180 0.96943668 0.00004901
0.07666268 0.96870278 0.00005098
0.07796355 0.96795487 0.00005301
0.07926442 0.96719257 0.00005510
0.08056529 0.96641551 0.00005724
0.08185138 0.96562333 0.00005942
0.08315225 0.96481570 0.00006165
0.08445312 0.96399227 0.00006391
0.08575399 0.96315271 0.00006619
0.08704008 0.96229671 0.00006850
0.08834095 0.96142397 0.00007083
0.08964182 0.96053420 0.00007317
0.09094269 0.95962711 0.00007552
0.09224356 0.95870244 0.00007788
0.09352965 0.95775993 0.00008024
0.09483052 0.95679935 0.00008259
0.09613139 0.95582047 0.00008495
0.09743226 0.95482308 0.00008729
0.09871835 0.95380698 0.00008963
0.10001922 0.95277198 0.00009195
0.10132009 0.95171792 0.00009426
0.10260618 0.95064465 0.00009655
0.10390705 0.94955202 0.00009883
0.10520792 0.94843991 0.00010108
0.10650879 0.94730821 0.00010332
0.10779488 0.94615682 0.00010554
0.10909575 0.94498568 0.00010773
0.11039662 0.94379472 0.00010991
0.11169749 0.94258389 0.00011206
0.11298358 0.94135315 0.00011419
0.11428445 0.94010250 0.00011630
0.11558532 0.93883193 0.00011840
0.11687141 0.93754145 0.00012047
0.11817228 0.93623110 0.00012252
0.11947315 0.93490091 0.00012456
0.12075924 0.93355095 0.00012658
0.12206011 0.93218129 0.00012858
0.12336098 0.93079201 0.00013057
0.12466185 0.92938322 0.00013254
0.12594794 0.92795503 0.00013450
0.12724881 0.92650758 0.00013646
0.12854968 0.92504099 0.00013840
0.12983577 0.92352436 0.00014032
0.13113664 0.92194104 0.00014262
0.13243751 0.92035074 0.00014367
0.13372359 0.91875051 0.00014458
0.13502447 0.91713566 0.00014580
0.13632534 0.91550896 0.00014677
0.13761142 0.91387256 0.00014723
0.13891229 0.91222493 0.00014699
0.14019838 0.91054991 0.00014765
0.14149925 0.90882036 0.00015365
0.14280012 0.90702568 0.00016548
0.14408621 0.90519188 0.00017935
0.14538708 0.90336985 0.00018912
0.14668795 0.90158913 0.00019109
0.14797404 0.89984869 0.00018758
0.14927491 0.89813349 0.00018239
0.15056100 0.89641577 0.00017864
0.15186187 0.89467838 0.00017811
0.15316274 0.89293333 0.00017883
0.15444883 0.89120048 0.00017808
0.15574970 0.88947636 0.00017613
0.15703579 0.88774085 0.00017537
0.15833666 0.88599993 0.00017466
0.15963753 0.88427548 0.00017090
0.16092362 0.88257337 0.00016284
0.16222449 0.88084374 0.00015648
0.16351058 0.87901444 0.00016453
0.16481145 0.87709185 0.00018665
0.16611232 0.87512914 0.00021139
0.16739841 0.87317034 0.00022957
0.16869928 0.87123742 0.00023745
0.16998537 0.86933112 0.00023829
0.17128624 0.86744762 0.00023566
0.17257232 0.86558203 0.00023147
0.17387319 0.86372945 0.00022684
0.17517407 0.86188494 0.00022219
0.17646015 0.86004341 0.00021765
0.17776102 0.85820044 0.00021323
0.17904711 0.85635340 0.00020858
0.18034798 0.85449898 0.00020365
0.18163407 0.85263398 0.00019867
0.18293494 0.85074962 0.00019530
0.18422103 0.84882906 0.00019730
0.18552190 0.84686318 0.00020643
0.18680799 0.84486203 0.00022001
0.18810886 0.84286112 0.00022784
0.18939495 0.84089394 0.00022107
0.19069582 0.83895770 0.00020311
0.19199669 0.83699719 0.00018716
0.19328278 0.83493210 0.00019163
0.19458365 0.83276442 0.00021546
0.19586974 0.83054646 0.00024265
0.19717061 0.82830603 0.00026376
0.19845669 0.82605409 0.00027603
0.19975757 0.82377838 0.00028571
0.20104365 0.82147821 0.00029466
0.20234452 0.81918042 0.00029489
0.20363061 0.81690533 0.00028215
0.20493148 0.81466516 0.00025752
0.20621757 0.81241926 0.00023177
0.20750366 0.81008229 0.00022319
0.20880453 0.80763704 0.00023433
0.21009062 0.80511991 0.00025495
0.21139149 0.80257318 0.00027217
0.21267758 0.80002141 0.00027921
0.21397845 0.79745336 0.00028036
0.21526454 0.79484873 0.00028138
0.21656541 0.79219577 0.00028597
0.21785149 0.78949076 0.00029517
0.21915236 0.78673851 0.00030786
0.22043845 0.78394948 0.00032161
0.22173932 0.78113700 0.00033277
0.22302541 0.77831068 0.00033977
0.22432628 0.77547316 0.00034319
0.22561237 0.77261167 0.00034649
0.22689846 0.76970114 0.00035652
0.22819933 0.76673497 0.00037533
0.22948542 0.76372592 0.00040072
0.23078629 0.76069189 0.00042861
0.23207238 0.75764812 0.00045362
0.23337325 0.75460434 0.00047252
0.23465933 0.75156872 0.00048465
0.23594542 0.74855134 0.00049094
0.23724629 0.74556140 0.00049287
0.23853238 0.74259825 0.00049258
0.23983325 0.73965181 0.00049174
0.24111934 0.73670715 0.00049203
0.24240543 0.73375190 0.00049528
0.24370630 0.73078481 0.00050176
0.24499239 0.72781620 0.00051088
0.24629326 0.72486005 0.00052169
0.24757935 0.72192857 0.00053184
0.24886543 0.71903137 0.00053815
0.25016630 0.71616944 0.00054001
0.25145239 0.71333791 0.00053896
0.25275326 0.71053182 0.00053762
0.25403935 0.70774675 0.00053946
0.25532544 0.70498317 0.00054532
0.25662631 0.70224354 0.00055435
0.25791240 0.69953395 0.00056461
0.25919849 0.69686704 0.00057272
0.26049936 0.69425357 0.00057511
0.26178545 0.69169732 0.00057047
0.26307153 0.68919220 0.00056067
0.26437240 0.68672880 0.00054992
0.26565849 0.68428914 0.00054330
0.26695936 0.68184332 0.00054535
0.26824545 0.67938122 0.00055668
0.26953154 0.67691437 0.00057388
0.27083241 0.67447413 0.00059006
0.27211850 0.67210982 0.00059600
0.27340459 0.66984344 0.00058969
0.27470546 0.66766240 0.00057704
0.27599154 0.66552980 0.00056602
0.27727763 0.66340716 0.00056455
0.27857850 0.66129274 0.00057296
0.27986459 0.65920160 0.00058568
0.28115068 0.65715344 0.00059574
0.28243677 0.65516140 0.00059630
0.28373764 0.65323248 0.00058841
0.28502373 0.65138556 0.00058061
0.28630981 0.64960957 0.00057939
0.28761068 0.64787778 0.00058333
0.28889677 0.64615979 0.00059260
0.29018286 0.64446296 0.00060466
0.29148373 0.64284838 0.00060848
0.29276982 0.64134579 0.00060102
0.29405591 0.63994955 0.00058556
0.29534200 0.63863363 0.00056741
0.29664287 0.63736100 0.00055457
0.29792895 0.63611177 0.00055007
0.29921504 0.63489492 0.00055241
0.30051591 0.63373685 0.00055697
0.30180200 0.63266826 0.00055626
0.30308809 0.63170175 0.00054849
0.30437418 0.63082611 0.00053798
0.30567505 0.63001450 0.00052997
0.30696114 0.62923092 0.00052976
0.30824722 0.62845323 0.00053928
0.30953331 0.62768050 0.00055635
0.31083418 0.62692971 0.00057749
0.31212027 0.62623172 0.00059774
0.31340636 0.62561193 0.00061078
0.31469245 0.62507416 0.00061346
0.31599332 0.62460910 0.00060608
0.31727941 0.62421471 0.00059129
0.31856549 0.62389555 0.00057233
0.31985158 0.62363884 0.00055460
0.32115245 0.62341667 0.00054308
0.32243854 0.62319739 0.00054134
0.32372463 0.62294834 0.00055540
0.32501072 0.62265789 0.00058455
0.32629681 0.62233457 0.00062307
0.32759768 0.62199386 0.00066487
0.32888376 0.62165672 0.00070216
0.33016985 0.62134314 0.00072936
0.33145594 0.62106193 0.00074663
0.33275681 0.62081228 0.00075716
0.33404290 0.62058396 0.00076654
0.33532899 0.62036122 0.00078108
0.33661508 0.62013826 0.00080245
0.33790116 0.61992100 0.00082788
0.33918725 0.61971730 0.00085245
0.34048812 0.61952499 0.00087455
0.34177421 0.61933515 0.00089424
0.34306030 0.61913494 0.00091259
0.34434639 0.61890976 0.00093146
0.34563247 0.61864740 0.00095308
0.34693335 0.61834199 0.00098121
0.34821943 0.61800539 0.00101491
0.34950552 0.61766192 0.00105151
0.35079161 0.61733256 0.00108844
0.35207770 0.61703225 0.00111956
0.35336379 0.61676736 0.00114329
0.35466466 0.61652978 0.00116219
0.35595074 0.61629554 0.00117986
0.35723683 0.61603571 0.00120065
0.35852292 0.61573380 0.00122636
0.35980901 0.61539387 0.00125645
0.36109510 0.61502967 0.00128866
0.36238118 0.61464575 0.00132248
0.36368206 0.61424614 0.00135700
0.36496814 0.61384563 0.00138914
0.36625423 0.61346299 0.00141627
0.36754032 0.61310891 0.00143859
0.36882641 0.61277616 0.00145933
0.37011250 0.61243904 0.00148346
0.37139858 0.61206778 0.00151690
0.37269945 0.61166017 0.00155891
0.37398554 0.61123858 0.00160384
0.37527163 0.61082006 0.00164840
0.37655772 0.61041265 0.00168964
0.37784381 0.61001838 0.00172401
0.37912989 0.60962417 0.00175121
0.38041598 0.60921404 0.00177295
0.38170207 0.60878947 0.00179071
0.38298816 0.60836796 0.00180582
0.38428903 0.60796496 0.00182040
0.38557512 0.60757672 0.00183867
0.38686121 0.60719073 0.00186328
0.38814729 0.60679815 0.00189371
0.38943338 0.60639014 0.00192893
0.39071947 0.60595825 0.00196796
0.39200556 0.60550043 0.00200920
0.39329165 0.60502122 0.00205096
0.39457773 0.60452472 0.00209218
0.39586382 0.60400786 0.00213310
0.39714991 0.60346563 0.00217310
0.39843600 0.60289567 0.00221261
0.39973687 0.60231498 0.00225088
0.40102296 0.60176478 0.00228402
0.40230905 0.60128401 0.00230852
0.40359513 0.60087362 0.00232728
0.40488122 0.60048956 0.00235302
0.40616731 0.60009299 0.00238954
0.40745340 0.59967183 0.00243104
0.40873949 0.59923378 0.00247244
0.41002557 0.59880675 0.00250868
0.41131166 0.59841327 0.00253803
0.41259775 0.59804509 0.00256401
0.41388384 0.59767243 0.00259278
0.41516993 0.59727728 0.00262467
0.41645601 0.59685507 0.00265931
0.41774210 0.59637333 0.00270238
0.41902819 0.59578719 0.00275639
0.42031428 0.59507218 0.00282054
0.42160037 0.59426997 0.00288669
0.42288645 0.59347625 0.00294063
0.42417254 0.59273317 0.00297915
0.42545863 0.59202951 0.00301012
0.42674472 0.59134527 0.00304255
0.42803081 0.59066710 0.00307730
0.42931690 0.58998914 0.00311277
0.43060298 0.58929924 0.00315143
0.43188907 0.58858373 0.00319552
0.43317516 0.58783570 0.00324581
0.43446125 0.58705687 0.00330041
0.43574734 0.58625143 0.00335768
0.43703342 0.58542319 0.00341658
0.43831951 0.58457624 0.00347552
0.43960560 0.58371408 0.00353354
0.44089169 0.58283922 0.00359064
0.44217778 0.58195726 0.00364689
0.44346386 0.58108151 0.00370139
0.44474995 0.58022195 0.00375309
0.44603604 0.57937225 0.00380358
0.44732213 0.57849736 0.00386227
0.44860822 0.57754709 0.00393787
0.44989430 0.57649421 0.00402988
0.45118039 0.57537507 0.00412883
0.45246648 0.57428723 0.00421406
0.45375257 0.57327230 0.00427928
0.45503866 0.57231535 0.00433403
0.45632474 0.57141465 0.00438276
0.45761083 0.57057403 0.00442512
0.45889692 0.56981386 0.00445513
0.46018301 0.56913384 0.00447529
0.46146910 0.56848680 0.00450039
0.46275519 0.56781882 0.00454026
0.46404127 0.56707486 0.00459914
0.46532736 0.56625597 0.00467081
0.46661345 0.56544012 0.00473821
0.46789954 0.56466891 0.00479520
0.46917084 0.56393198 0.00484712
0.47045693 0.56319626 0.00490683
0.47174302 0.56242966 0.00498092
0.47302911 0.56163332 0.00506390
0.47431520 0.56082815 0.00514856
0.47560128 0.56003839 0.00522725
0.47688737 0.55928235 0.00529715
0.47817346 0.55856417 0.00535971
0.47945955 0.55787547 0.00541856
0.48074564 0.55719812 0.00547874
0.48203172 0.55651187 0.00554391
0.48331781 0.55579956 0.00561657
0.48460390 0.55506113 0.00569598
0.48587521 0.55432073 0.00577549
0.48716129 0.55359895 0.00585033
0.48844738 0.55290358 0.00591955
0.48973347 0.55223387 0.00598427
0.49101956 0.55158194 0.00604787
0.49230565 0.55093884 0.00611356
0.49359173 0.55029735 0.00618247
0.49487782 0.54965150 0.00625492
0.49616391 0.54899626 0.00633130
0.49743522 0.54833056 0.00641074
0.49872130 0.54765678 0.00649219
0.50000739 0.54698064 0.00657425
0.50129348 0.54631112 0.00665483
0.50257957 0.54565721 0.00673262
0.50386566 0.54502597 0.00680634
0.50515174 0.54442213 0.00687538
0.50643783 0.54384359 0.00694135
0.50770914 0.54327917 0.00700735
0.50899523 0.54271910 0.00707565
0.51028131 0.54216022 0.00714642
0.51156740 0.54160797 0.00721748
0.51285349 0.54107620 0.00728495
0.51413958 0.54057449 0.00734719
0.51542567 0.54010636 0.00740421
0.51669697 0.53966987 0.00745697
0.51798306 0.53925309 0.00750900
0.51926915 0.53883744 0.00756494
0.52055524 0.53840307 0.00762725
0.52184132 0.53793976 0.00769587
0.52312741 0.53744907 0.00776905
0.52439872 0.53695276 0.00784068
0.52568480 0.53649434 0.00790215
0.52697089 0.53610227 0.00794626
0.52825698 0.53578021 0.00797425
0.52954307 0.53551005 0.00799639
0.53082916 0.53524748 0.00802274
0.53210046 0.53495722 0.00805995
0.53338655 0.53462962 0.00810699
0.53467264 0.53428715 0.00815457
0.53595873 0.53397261 0.00819422
0.53724481 0.53370338 0.00822194
0.53853090 0.53346897 0.00824028
0.53980221 0.53323662 0.00826117
0.54108830 0.53296532 0.00829317
0.54237438 0.53264189 0.00833413
0.54366047 0.53228193 0.00837824
0.54494656 0.53191319 0.00841874
0.54621787 0.53155903 0.00844983
0.54750395 0.53123390 0.00846910
0.54879004 0.53093321 0.00848125
0.55007613 0.53062897 0.00849397
0.55134744 0.53030030 0.00851089
0.55263352 0.52993705 0.00853290
0.55391961 0.52954368 0.00855681
0.55520570 0.52914504 0.00857617
0.55649179 0.52876329 0.00858771
0.55776309 0.52840281 0.00859195
0.55904918 0.52805017 0.00859334
0.56033527 0.52767999 0.00859904
0.56162136 0.52727569 0.00861180
0.56289266 0.52683724 0.00862993
0.56417875 0.52637527 0.00865048
0.56546484 0.52591046 0.00866897
0.56675093 0.52545873 0.00868237
0.56803702 0.52503025 0.00868977
0.56930832 0.52463356 0.00868981
0.57059441 0.52427175 0.00868307
0.57188050 0.52393818 0.00867413
0.57316659 0.52361700 0.00866707
0.57443789 0.52329094 0.00866504
0.57572398 0.52294371 0.00866899
0.57701007 0.52255997 0.00867841
0.57829616 0.52213192 0.00869201
0.57956746 0.52166052 0.00870870
0.58085355 0.52115970 0.00872708
0.58213964 0.52066139 0.00874031
0.58341094 0.52019109 0.00874405
0.58469703 0.51975960 0.00873707
0.58598312 0.51936952 0.00872009
0.58726921 0.51901241 0.00869820
0.58854051 0.51867278 0.00867576
0.58982660 0.51833908 0.00865491
0.59111269 0.51800628 0.00863620
0.59239878 0.51768030 0.00861647
0.59367008 0.51737730 0.00859122
0.59495617 0.51710527 0.00855913
0.59624226 0.51685526 0.00852351
0.59751356 0.51660621 0.00849093
0.59879965 0.51633920 0.00846446
0.60008574 0.51604065 0.00844489
0.60137183 0.51570335 0.00843174
0.60264313 0.51532940 0.00842315
0.60392922 0.51493236 0.00841583
0.60521531 0.51453790 0.00840341
0.60648661 0.51417142 0.00838118
0.60777270 0.51385356 0.00834445
0.60905879 0.51358907 0.00829325
0.61033010 0.51335890 0.00823655
0.61161618 0.51313778 0.00818098
0.61290227 0.51290506 0.00812931
0.61417358 0.51264891 0.00808212
0.61545967 0.51236881 0.00803802
0.61674575 0.51206912 0.00799604
0.61801706 0.51175310 0.00795538
0.61930315 0.51142276 0.00791640
0.62058924 0.51108080 0.00787889
0.62187532 0.51072795 0.00784241
0.62314663 0.51035975 0.00780753
0.62443272 0.50996739 0.00777547
0.62571880 0.50954502 0.00774625
0.62699011 0.50909529 0.00771801
0.62827620 0.50863460 0.00768707
0.62954750 0.50819184 0.00764701
0.63083359 0.50778568 0.00759502
0.63211968 0.50742034 0.00753254
0.63339099 0.50709660 0.00746117
0.63467707 0.50680928 0.00738415
0.63596316 0.50654429 0.00730640
0.63723447 0.50628659 0.00723145
0.63852056 0.50602011 0.00716177
0.63980664 0.50572532 0.00709989
0.64107795 0.50538706 0.00704691
0.64236404 0.50499886 0.00700212
0.64365012 0.50456350 0.00696347
0.64492143 0.50408761 0.00692874
0.64620752 0.50357669 0.00689685
0.64749361 0.50303528 0.00686723
0.64876491 0.50246842 0.00683919
0.65005100 0.50188198 0.00681196
0.65132231 0.50128238 0.00678463
0.65260839 0.50067711 0.00675611
0.65389448 0.50007391 0.00672498
0.65516579 0.49948061 0.00668980
0.65645188 0.49890522 0.00664925
0.65772318 0.49835052 0.00660390
0.65900927 0.49781573 0.00655556
0.66029536 0.49729890 0.00650611
0.66156666 0.49680085 0.00645631
0.66285275 0.49632876 0.00640432
0.66413884 0.49588692 0.00634834
0.66541014 0.49547141 0.00628953
0.66669623 0.49506704 0.00623321
0.66796754 0.49465415 0.00618483
0.66925363 0.49421993 0.00614667
0.67053971 0.49375739 0.00611910
0.67181102 0.49326458 0.00610044
0.67309711 0.49274466 0.00608936
0.67436841 0.49221062 0.00608284
0.67565450 0.49168747 0.00607321
0.67692581 0.49119586 0.00605656
0.67821189 0.49074240 0.00603314
0.67949798 0.49032918 0.00600342
0.68076929 0.48995942 0.00596804
0.68205538 0.48963554 0.00592634
0.68332668 0.48935696 0.00587870
0.68461277 0.48911075 0.00582991
0.68589886 0.48887033 0.00578870
0.68717016 0.48861316 0.00576106
0.68845625 0.48833388 0.00574662
0.68972756 0.48804049 0.00574149
0.69101364 0.48774281 0.00574172
0.69228495 0.48744634 0.00574607
0.69357104 0.48715483 0.00575362
0.69484234 0.48687116 0.00576312
0.69612843 0.48659287 0.00577560
0.69741452 0.48631472 0.00579244
0.69868582 0.48603034 0.00581494
0.69997191 0.48573644 0.00584354
0.70124322 0.48543833 0.00587573
0.70252931 0.48514737 0.00590789
0.70380061 0.48487273 0.00593804
0.70508670 0.48461261 0.00596779
0.70635801 0.48436349 0.00599815
0.70764409 0.48412659 0.00602766
0.70893018 0.48390472 0.00605466
0.71020149 0.48370143 0.00607774
0.71148758 0.48352021 0.00609528
0.71275888 0.48336278 0.00610713
0.71404497 0.48322154 0.00611761
0.71531627 0.48308360 0.00613146
0.71660236 0.48293495 0.00615265
0.71787367 0.48276946 0.00618122
0.71915976 0.48259521 0.00621185
0.72043106 0.48242182 0.00624060
0.72171715 0.48225546 0.00626565
0.72298845 0.48209891 0.00628701
0.72427454 0.48195114 0.00630587
0.72554585 0.48181075 0.00632307
0.72683194 0.48167912 0.00633882
0.72810324 0.48156238 0.00635026
0.72938933 0.48146784 0.00635380
0.73066064 0.48139788 0.00634849
0.73194672 0.48134874 0.00633634
0.73321803 0.48131091 0.00632204
0.73450412 0.48127579 0.00630849
0.73577542 0.48123959 0.00629629
0.73706151 0.48120189 0.00628461
0.73833282 0.48116414 0.00627188
0.73961890 0.48112777 0.00625705
0.74089021 0.48109428 0.00623928
0.74217630 0.48106517 0.00621792
0.74344760 0.48104270 0.00619189
0.74473369 0.48102912 0.00616070
0.74600500 0.48102535 0.00612426
0.74729108 0.48103069 0.00608315
0.74856239 0.48104255 0.00603885
0.74984848 0.48105690 0.00599302
0.75111978 0.48106963 0.00594712
0.75240587 0.48107740 0.00590201
0.75367718 0.48107769 0.00585815
0.75496327 0.48106874 0.00581567
0.75623457 0.48104946 0.00577445
0.75752066 0.48101914 0.00573432
0.75879196 0.48097745 0.00569502
0.76007805 0.48092413 0.00565632
0.76134936 0.48085887 0.00561800
0.76263545 0.48078097 0.00558005
0.76390675 0.48068886 0.00554261
0.76517806 0.48058030 0.00550612
0.76646414 0.48045129 0.00547169
0.76773545 0.48029693 0.00544036
0.76902154 0.48011311 0.00541319
0.77029284 0.47989918 0.00539006
0.77157893 0.47965968 0.00536921
0.77285024 0.47940261 0.00534805
0.77413633 0.47913695 0.00532429
0.77540763 0.47886920 0.00529729
0.77669372 0.47860455 0.00526653
0.77796502 0.47834790 0.00523149
0.77923633 0.47810269 0.00519213
0.78052242 0.47786980 0.00514918
0.78179372 0.47764803 0.00510396
0.78307981 0.47743450 0.00505793
0.78435112 0.47722319 0.00501365
0.78563720 0.47700960 0.00497245
0.78690851 0.47679127 0.00493447
0.78817982 0.47656642 0.00489955
0.78946590 0.47633416 0.00486715
0.79073721 0.47609335 0.00483677
0.79202330 0.47584341 0.00480779
0.79329460 0.47558393 0.00477951
0.79458069 0.47531566 0.00475097
0.79585200 0.47504128 0.00472112
0.79712330 0.47476381 0.00468901
0.79840939 0.47448641 0.00465424
0.79968070 0.47421277 0.00461652
0.80096678 0.47394655 0.00457557
0.80223809 0.47369044 0.00453122
0.80350939 0.47344402 0.00448448
0.80479548 0.47320389 0.00443672
0.80606679 0.47296415 0.00438993
0.80735288 0.47271743 0.00434702
0.80862418 0.47246086 0.00430790
0.80989549 0.47219441 0.00427175
0.81118157 0.47191702 0.00423858
0.81245288 0.47162692 0.00420812
0.81373897 0.47132148 0.00418070
0.81501027 0.47099972 0.00415598
0.81628158 0.47066388 0.00413279
0.81756767 0.47031848 0.00410943
0.81883897 0.46996782 0.00408491
0.82012506 0.46961585 0.00405830
0.82139637 0.46926883 0.00402747
0.82266767 0.46893410 0.00399078
0.82395376 0.46861691 0.00394705
0.82522507 0.46831630 0.00389765
0.82651115 0.46802231 0.00384753
0.82778246 0.46772253 0.00380115
0.82905376 0.46740889 0.00376050
0.83033985 0.46707763 0.00372604
0.83161116 0.46672800 0.00369742
0.83288246 0.46636105 0.00367372
0.83416855 0.46597903 0.00365421
0.83543986 0.46558537 0.00363793
0.83672594 0.46518433 0.00362372
0.83799725 0.46478068 0.00361039
0.83926856 0.46437914 0.00359689
0.84055464 0.46398434 0.00358217
0.84182595 0.46360082 0.00356527
0.84309725 0.46323265 0.00354529
0.84438334 0.46288301 0.00352149
0.84565465 0.46255312 0.00349395
0.84692595 0.46224036 0.00346370
0.84821204 0.46193834 0.00343269
0.84948335 0.46163688 0.00340388
0.85076944 0.46132522 0.00337982
0.85204074 0.46099801 0.00336124
0.85331205 0.46065755 0.00334665
0.85459813 0.46031102 0.00333334
0.85586944 0.45996553 0.00331965
0.85714075 0.45962632 0.00330448
0.85842683 0.45929747 0.00328681
0.85969814 0.45898223 0.00326571
0.86096944 0.45868144 0.00324111
0.86225553 0.45839295 0.00321333
0.86352684 0.45811071 0.00318428
0.86479814 0.45781978 0.00315955
0.86608423 0.45750292 0.00314352
0.86735554 0.45714980 0.00313887
0.86862684 0.45675762 0.00314595
0.86991293 0.45633078 0.00316190
0.87118424 0.45587844 0.00318314
0.87245554 0.45541056 0.00320642
0.87374163 0.45493740 0.00322908
0.87501293 0.45447174 0.00324819
0.87628424 0.45402483 0.00326103
0.87757033 0.45360555 0.00326545
0.87884163 0.45322169 0.00325984
0.88011294 0.45287774 0.00324337
0.88138424 0.45257517 0.00321653
0.88267033 0.45231255 0.00318107
0.88394164 0.45208659 0.00313919
0.88521294 0.45189265 0.00309350
0.88649903 0.45172462 0.00304679
0.88777034 0.45157450 0.00300220
0.88904164 0.45143285 0.00296323
0.89032773 0.45129413 0.00293146
0.89159904 0.45115675 0.00290614
0.89287034 0.45101894 0.00288635
0.89415643 0.45087777 0.00287160
0.89542774 0.45073041 0.00286150
0.89669904 0.45057592 0.00285522
0.89797035 0.45041534 0.00285170
0.89925643 0.45025072 0.00285013
0.90052774 0.45008461 0.00284977
0.90179905 0.44992033 0.00284975
0.90308513 0.44976114 0.00284942
0.90435644 0.44961050 0.00284806
0.90562774 0.44947236 0.00284463
0.90691383 0.44935031 0.00283824
0.90818514 0.44924766 0.00282808
0.90945644 0.44916611 0.00281382
0.91072775 0.44910581 0.00279588
0.91201384 0.44906443 0.00277558
0.91328514 0.44903568 0.00275518
0.91455645 0.44901338 0.00273656
0.91582775 0.44899103 0.00272110
0.91711384 0.44896106 0.00271001
0.91838515 0.44891646 0.00270407
0.91965645 0.44885107 0.00270365
0.92094254 0.44876159 0.00270862
0.92221385 0.44864836 0.00271820
0.92348515 0.44851749 0.00273007
0.92475646 0.44837976 0.00274099
0.92604254 0.44824406 0.00274853
0.92731385 0.44811496 0.00275170
0.92858516 0.44799363 0.00275087
0.92985646 0.44787937 0.00274691
0.93114255 0.44777112 0.00274065
0.93241385 0.44766789 0.00273279
0.93368516 0.44756690 0.00272439
0.93495647 0.44746307 0.00271773
0.93624255 0.44735137 0.00271518
0.93751386 0.44722677 0.00271754
0.93878516 0.44708384 0.00272552
0.94005647 0.44691504 0.00274040
0.94134256 0.44671616 0.00276180
0.94261386 0.44649268 0.00278666
0.94388517 0.44625434 0.00281175
0.94515647 0.44600938 0.00283502
0.94644256 0.44576414 0.00285530
0.94771387 0.44552433 0.00287180
0.94898517 0.44529544 0.00288346
0.95025648 0.44508274 0.00288927
0.95154257 0.44489073 0.00288840
0.95281387 0.44472375 0.00287982
0.95408518 0.44458460 0.00286302
0.95535648 0.44446953 0.00284014
0.95664257 0.44436640 0.00281629
0.95791388 0.44425679 0.00279804
0.95918518 0.44412318 0.00278997
0.96045649 0.44395631 0.00279275
0.96174258 0.44375797 0.00280395
0.96301388 0.44353487 0.00282076
0.96428519 0.44329329 0.00284156
0.96555649 0.44304039 0.00286443
0.96682780 0.44278354 0.00288733
0.96811389 0.44253048 0.00290831
0.96938519 0.44228806 0.00292555
0.97065650 0.44206108 0.00293800
0.97192780 0.44185243 0.00294537
0.97321389 0.44166337 0.00294783
0.97448520 0.44149379 0.00294593
0.97575650 0.44134098 0.00294090
0.97702781 0.44120065 0.00293432
0.97829911 0.44106673 0.00292798
0.97958520 0.44093217 0.00292369
0.98085651 0.44079129 0.00292245
0.98212781 0.44064072 0.00292450
0.98339912 0.44047987 0.00292936
0.98468520 0.44030970 0.00293644
0.98595651 0.44013199 0.00294545
0.98722781 0.43994991 0.00295544
0.98849912 0.43976671 0.00296574
0.98977043 0.43958594 0.00297602
0.99105651 0.43941108 0.00298562
0.99232782 0.43924451 0.00299440
0.99359912 0.43908799 0.00300264
0.99487043 0.43894325 0.00301052
0.99614174 0.43881278 0.00301777
0.99742782 0.43869983 0.00302333
0.99869913 0.43860730 0.00302621
0.99997043 0.43853566 0.00302664
1.00124174 0.43848300 0.00302532
1.00251305 0.43844645 0.00302334
1.00378435 0.43842286 0.00302183
1.00507044 0.43840997 0.00302113
1.00634174 0.43840683 0.00302117
1.00761305 0.43841319 0.00302166
1.00888436 0.43842892 0.00302237
1.01015566 0.43845380 0.00302326
1.01144175 0.43848744 0.00302443
1.01271305 0.43852924 0.00302607
1.01398436 0.43857849 0.00302848
1.01525567 0.43863422 0.00303204
1.01652697 0.43869530 0.00303720
1.01779828 0.43876041 0.00304453
1.01908436 0.43882860 0.00305441
1.02035567 0.43889981 0.00306690
1.02162698 0.43897548 0.00308121
1.02289828 0.43905966 0.00309523
1.02416959 0.43915746 0.00310690
1.02545567 0.43927335 0.00311435
1.02672698 0.43940944 0.00311677
1.02799829 0.43956495 0.00311489
1.02926959 0.43973767 0.00310992
1.03054090 0.43992456 0.00310311
1.03181220 0.44012302 0.00309549
1.03309829 0.44032999 0.00308817
1.03436960 0.44054171 0.00308245
1.03564090 0.44075464 0.00307956
1.03691221 0.44096677 0.00308000
1.03818351 0.44117800 0.00308361
1.03945482 0.44138923 0.00309007
1.04072612 0.44160230 0.00309860
1.04201221 0.44181880 0.00310888
1.04328352 0.44204025 0.00312075
1.04455482 0.44226855 0.00313377
1.04582613 0.44250562 0.00314748
1.04709743 0.44275370 0.00316114
1.04836874 0.44301452 0.00317415
1.04965483 0.44328925 0.00318616
1.05092613 0.44357793 0.00319737
1.05219744 0.44387828 0.00320887
1.05346874 0.44418735 0.00322225
1.05474005 0.44450158 0.00323932
1.05601135 0.44481646 0.00326246
1.05728266 0.44512689 0.00329439
1.05856875 0.44542692 0.00333847
1.05984005 0.44571191 0.00339747
1.06111136 0.44598018 0.00347338
1.06238266 0.44623373 0.00356647
1.06365397 0.44647853 0.00367497
1.06492527 0.44671905 0.00379842
1.06619658 0.44695806 0.00393660
1.06746788 0.44719928 0.00408843
1.06875397 0.44744687 0.00425259
1.07002528 0.44770576 0.00442711
1.07129658 0.44798088 0.00461004
1.07256789 0.44827686 0.00479955
1.07383919 0.44859756 0.00499417
1.07511050 0.44894597 0.00519280
1.07638181 0.44932368 0.00539522
1.07766789 0.44972714 0.00560301
1.07893920 0.45014677 0.00581956
1.08021050 0.45056932 0.00604878
1.08148181 0.45098371 0.00629292
1.08275312 0.45138808 0.00655115
1.08402442 0.45178715 0.00682094
1.08529573 0.45218635 0.00710026
1.08656703 0.45259062 0.00738756
1.08783834 0.45300451 0.00768169
1.08912443 0.45343257 0.00798163
1.09039573 0.45387937 0.00828612
1.09166704 0.45434917 0.00859383
1.09293834 0.45484568 0.00890350
1.09420965 0.45537209 0.00921381
1.09548095 0.45593134 0.00952347
1.09675226 0.45652615 0.00983112
1.09802356 0.45715875 0.01013562
1.09930965 0.45783096 0.01043591
1.10058096 0.45854376 0.01073087
1.10185226 0.45929686 0.01102012
1.10312357 0.46008982 0.01130309
1.10439487 0.46092185 0.01157912
1.10566618 0.46179159 0.01184797
1.10693748 0.46269746 0.01210935
1.10820879 0.46363730 0.01236325
1.10948010 0.46460831 0.01260986
1.11075140 0.46560690 0.01284962
1.11203749 0.46662877 0.01308319
1.11330879 0.46766911 0.01331147
1.11458010 0.46872276 0.01353556
1.11585141 0.46978444 0.01375663
1.11712271 0.47084897 0.01397592
1.11839402 0.47191292 0.01419422
1.11966532 0.47297460 0.01441237
1.12093663 0.47403723 0.01463107
1.12220793 0.47511222 0.01485016
1.12347924 0.47621216 0.01507112
1.12475054 0.47734600 0.01529607
1.12603663 0.47851509 0.01552639
1.12730794 0.47971352 0.01576315
1.12857924 0.48093299 0.01600784
1.12985055 0.48216514 0.01626152
1.13112185 0.48340141 0.01652524
1.13239316 0.48463143 0.01680018
1.13366446 0.48584589 0.01708592
1.13493577 0.48703678 0.01738199
1.13620707 0.48819609 0.01768704
1.13747838 0.48931943 0.01799361
1.13874969 0.49040883 0.01829689
1.14002099 0.49147797 0.01859927
1.14130708 0.49254262 0.01891348
1.14257838 0.49360942 0.01924989
1.14384969 0.49468455 0.01961109
1.14512100 0.49577492 0.02000062
1.14639230 0.49687784 0.02042233
1.14766361 0.49797988 0.02087374
1.14893491 0.49907356 0.02135258
1.15020622 0.50016459 0.02185492
1.15147752 0.50126328 0.02237449
1.15274883 0.50237509 0.02291214
1.15402013 0.50350753 0.02346355
1.15529144 0.50457978 0.02400233
1.15656274 0.50562522 0.02454589
1.15783405 0.50666041 0.02509367
1.15912014 0.50768498 0.02564427
1.16039144 0.50869864 0.02619629
1.16166275 0.50970108 0.02674829
1.16293405 0.51069205 0.02729879
1.16420536 0.51167132 0.02784632
1.16547667 0.51263871 0.02838941
1.16674797 0.51359406 0.02892655
1.16801928 0.51453723 0.02945624
1.16929058 0.51546814 0.02997699
1.17056189 0.51638672 0.03048729
1.17183319 0.51729295 0.03098566
1.17310450 0.51818682 0.03147061
1.17437580 0.51906838 0.03194065
1.17564711 0.51993769 0.03239434
1.17691841 0.52079485 0.03283021
1.17818972 0.52164000 0.03324684
1.17946103 0.52247331 0.03364282
1.18074711 0.52329495 0.03401676
1.18201842 0.52410518 0.03436730
1.18328972 0.52490422 0.03469310
1.18456103 0.52569239 0.03499285
1.18583234 0.52646998 0.03526528
1.18710364 0.52723735 0.03550915
1.18837495 0.52799487 0.03572327
1.18964625 0.52874293 0.03590646
1.19091756 0.52948196 0.03605761
1.19218886 0.53021241 0.03617565
1.19346017 0.53093477 0.03625956
1.19473147 0.53164953 0.03630835
1.19600278 0.53235721 0.03632112
1.19727408 0.53305837 0.03629700
1.19854539 0.53375357 0.03623518
1.19981670 0.53444339 0.03613494
1.20108800 0.53512846 0.03599559
1.20235931 0.53580938 0.03581654
1.20363061 0.53648681 0.03559726
1.20490192 0.53716139 0.03533729
1.20617322 0.53783381 0.03503625
1.20744453 0.53850474 0.03469387
1.20873062 0.53917489 0.03430993
1.21000192 0.53984495 0.03388432
1.21127323 0.54051565 0.03341701
1.21254453 0.54118770 0.03290809
1.21381584 0.54186183 0.03235774
1.21508714 0.54253877 0.03176622
1.21635845 0.54321926 0.03113395
1.21762975 0.54390403 0.03046141
1.21890106 0.54459381 0.02974924
1.22017237 0.54528933 0.02899817
1.22144367 0.54599132 0.02820907
1.22271498 0.54670049 0.02738294
1.22398628 0.54741755 0.02652090
1.22525759 0.54814320 0.02562423
1.22652889 0.54887813 0.02469433
1.22780020 0.54962300 0.02373277
1.22907150 0.55037848 0.02274126
1.23034281 0.55114518 0.02172166
1.23161411 0.55192374 0.02067601
1.23288542 0.55271473 0.01960650
1.23415673 0.55351872 0.01851552
1.23542803 0.55433625 0.01740561
1.23669934 0.55516781 0.01627954
1.23797064 0.55601388 0.01514023
1.23924195 0.55687490 0.01399085
1.24051325 0.55775126 0.01283478
1.24178456 0.55864332 0.01167565
1.24305586 0.55955139 0.01051735
1.24432717 0.56047574 0.00936410
1.24559847 0.56141658 0.00822052
1.24686978 0.56237408 0.00709176
1.24814109 0.56334835 0.00598376
1.24941239 0.56433944 0.00490388
1.25068370 0.56534736 0.00386225
1.25195500 0.56637202 0.00287582
1.25322631 0.56741329 0.00198213
1.25449761 0.56847097 0.00129497
1.25576892 0.56954478 0.00112463
1.25704022 0.57063436 0.00155283
1.25831153 0.57173929 0.00219273
1.25958283 0.57285903 0.00285038
1.26085414 0.57399301 0.00346628
1.26212545 0.57514052 0.00401569
1.26339675 0.57630078 0.00448389
1.26466806 0.57747292 0.00485957
1.26593936 0.57865597 0.00513274
1.26721067 0.57984883 0.00529387
1.26848197 0.58105034 0.00533354
1.26975328 0.58225919 0.00524228
1.27102458 0.58347397 0.00501051
1.27229589 0.58469316 0.00462853
1.27356719 0.58591512 0.00408665
1.27483850 0.58713806 0.00337568
1.27610981 0.58836010 0.00248875
1.27738111 0.58957920 0.00143336
1.27865242 0.59079319 0.00050091
1.27992372 0.59199975 0.00155669
1.28119503 0.59319645 0.00326092
-0.96316762 0.58916145 0.00180767
-0.96189631 0.58683250 0.00193070
-0.96062353 0.58583897 0.00198801
-0.95934927 0.58509085 0.00206555
-0.95807353 0.58425710 0.00222715
-0.95679779 0.58296679 0.00248545
-0.95551909 0.58053195 0.00312086
-0.95423744 0.57535276 0.00562180
-0.95295431 0.56135986 0.01220346
-0.95167118 0.54254094 0.01732107
-0.95038804 0.54152924 0.01653727
-0.94910048 0.56092314 0.01392962
-0.94781143 0.58015142 0.01213627
-0.94651943 0.59218672 0.01085792
-0.94522743 0.60032289 0.01002539
-0.94393247 0.60642648 0.00931017
-0.94263604 0.61189599 0.00874684
-0.94133960 0.61710255 0.00824727
-0.94004021 0.62217293 0.00779801
-0.93873934 0.62699039 0.00740790
-0.93743699 0.63149165 0.00706683
-0.93613316 0.63569131 0.00676798
-0.93482786 0.63963659 0.00649681
-0.93351959 0.64336257 0.00625393
-0.93221133 0.64689432 0.00603151
-0.93090011 0.65026107 0.00582692
-0.92958890 0.65348789 0.00563780
-0.92827472 0.65658312 0.00546403
-0.92695907 0.65956558 0.00530049
-0.92564341 0.66244987 0.00514980
-0.92432480 0.66524436 0.00500672
-0.92300472 0.66795739 0.00487387
-0.92168315 0.67059942 0.00474350
-0.92036010 0.67316625 0.00462336
-0.91903410 0.67567460 0.00450571
-0.91770810 0.67811404 0.00439316
-0.91638062 0.68048037 0.00428325
-0.91505167 0.68277360 0.00418109
-0.91371975 0.68500418 0.00408685
-0.91238784 0.68719298 0.00399528
-0.91105297 0.68935464 0.00390337
-0.90971810 0.69148914 0.00382186
-0.90838027 0.69360276 0.00373773
-0.90704096 0.69568505 0.00365871
-0.90570166 0.69774854 0.00358481
-0.90435940 0.69978906 0.00351071
-0.90301565 0.70181078 0.00343949
-0.90167044 0.70380744 0.00337051
-0.90032374 0.70578947 0.00330396
-0.89897556 0.70775272 0.00324031
-0.89762591 0.70969925 0.00317644
-0.89627478 0.71163116 0.00311791
-0.89492217 0.71354637 0.00305915
-0.89356808 0.71544695 0.00300064
-0.89221251 0.71733500 0.00294431
-0.89085547 0.71921053 0.00289091
-0.88949695 0.72107352 0.00283969
-0.88813547 0.72292189 0.00278873
-0.88677399 0.72476399 0.00273777
-0.88541103 0.72659148 0.00268923
-0.88404659 0.72841270 0.00264070
-0.88267920 0.73021930 0.00259458
-0.88131181 0.73201963 0.00255142
-0.87994294 0.73381161 0.00250559
-0.87857259 0.73559315 0.00246457
-0.87719928 0.73736633 0.00241874
-0.87582598 0.73913534 0.00237772
-0.87445120 0.74089181 0.00233969
-0.87307345 0.74264411 0.00230137
-0.87169571 0.74438805 0.00226036
-0.87031650 0.74612782 0.00222204
-0.86893580 0.74785714 0.00218643
-0.86755215 0.74958438 0.00214812
-0.86616849 0.75130117 0.00211251
-0.86478336 0.75301587 0.00207930
-0.86339675 0.75472431 0.00204608
-0.86200866 0.75642648 0.00201287
-0.86061762 0.75812239 0.00197966
-0.85922657 0.75981203 0.00194645
-0.85783405 0.76149749 0.00191596
-0.85644005 0.76318296 0.00188548
-0.85504457 0.76485798 0.00185465
-0.85364761 0.76653091 0.00182417
-0.85224918 0.76820175 0.00179606
-0.85084926 0.76986842 0.00176559
-0.84944787 0.77153091 0.00173984
-0.84804648 0.77318713 0.00171211
-0.84664213 0.77484336 0.00168636
-0.84523630 0.77649332 0.00165864
-0.84382899 0.77814327 0.00163289
-0.84242169 0.77979114 0.00160753
-0.84101143 0.78143693 0.00158452
-0.83960116 0.78308062 0.00156190
-0.83818795 0.78472640 0.00153889
-0.83677473 0.78636591 0.00151589
-0.83536003 0.78800961 0.00149329
-0.83394238 0.78965330 0.00147262
-0.83252472 0.79129282 0.00145468
-0.83110559 0.79293442 0.00143443
-0.82968498 0.79457811 0.00141375
-0.82826289 0.79621972 0.00139856
-0.82684081 0.79785923 0.00138063
-0.82541576 0.79949666 0.00135996
-0.82398924 0.80113409 0.00134434
-0.82256272 0.80275898 0.00132873
-0.82113324 0.80438388 0.00131311
-0.81970376 0.80599624 0.00129750
-0.81827280 0.80760234 0.00128189
-0.81684036 0.80919799 0.00126586
-0.81540645 0.81077903 0.00125025
-0.81397106 0.81234545 0.00123190
-0.81253418 0.81389515 0.00121630
-0.81109584 0.81542607 0.00120069
-0.80965749 0.81693609 0.00118235
-0.80821618 0.81842523 0.00116635
-0.80677488 0.81989140 0.00115114
-0.80533209 0.82133876 0.00113280
-0.80388783 0.82275898 0.00111486
-0.80244209 0.82416040 0.00109691
-0.80099487 0.82554094 0.00108131
-0.79954765 0.82690476 0.00106337
-0.79809748 0.82825397 0.00104583
-0.79664730 0.82958438 0.00103022
-0.79519565 0.83090434 0.00101543
-0.79374252 0.83221387 0.00099517
-0.79228791 0.83351713 0.00097999
-0.79083182 0.83481412 0.00096481
-0.78937573 0.83610485 0.00094963
-0.78791669 0.83739348 0.00093492
-0.78645764 0.83868212 0.00092024
-0.78499712 0.83997076 0.00090738
-0.78353512 0.84126149 0.00089551
-0.78207164 0.84255848 0.00088542
-0.78060816 0.84385965 0.00087257
-0.77914320 0.84516708 0.00086302
-0.77767528 0.84648914 0.00085295
-0.77620885 0.84781328 0.00084567
-0.77473946 0.84914578 0.00083786
-0.77326859 0.85048246 0.00082726
-0.77179771 0.85182122 0.00081944
-0.77032537 0.85315998 0.00081163
-0.76885154 0.85449666 0.00080606
-0.76737623 0.85582916 0.00079825
-0.76590093 0.85715539 0.00079217
-0.76442266 0.85847118 0.00078713
-0.76294440 0.85977652 0.00077831
-0.76146466 0.86106725 0.00077327
-0.75998492 0.86234127 0.00076449
-0.75850222 0.86359649 0.00075896
-0.75701953 0.86483500 0.00075115
-0.75553535 0.86604637 0.00074244
-0.75405118 0.86723684 0.00073420
-0.75256405 0.86840226 0.00072408
-0.75107691 0.86954261 0.00071584
-0.74958830 0.87065581 0.00070297
-0.74809822 0.87174603 0.00069475
-0.74660813 0.87281119 0.00068462
-0.74511656 0.87385756 0.00067449
-0.74362352 0.87488304 0.00066162
-0.74212899 0.87589181 0.00065150
-0.74063447 0.87688388 0.00064412
-0.73913847 0.87786341 0.00063170
-0.73764099 0.87883459 0.00062160
-0.73614351 0.87980159 0.00061426
-0.73464307 0.88076023 0.00060416
-0.73314412 0.88171888 0.00059734
-0.73164220 0.88267962 0.00059005
-0.73014029 0.88364453 0.00058501
-0.72863542 0.88461571 0.00057998
-0.72713202 0.88559733 0.00057549
-0.72562567 0.88659357 0.00057047
-0.72411933 0.88760443 0.00056489
-0.72261150 0.88862155 0.00056105
-0.72110367 0.88962197 0.00055323
-0.71959436 0.89059942 0.00054492
-0.71808358 0.89155180 0.00053987
-0.71657132 0.89248120 0.00053434
-0.71505906 0.89340017 0.00052652
-0.71354532 0.89430451 0.00052099
-0.71203158 0.89519632 0.00051367
-0.71051488 0.89607978 0.00050862
-0.70899966 0.89695071 0.00050358
-0.70748148 0.89781328 0.00049577
-0.70596331 0.89866750 0.00049023
-0.70444366 0.89951546 0.00048291
-0.70292400 0.90035505 0.00047787
-0.70140287 0.90118839 0.00047284
-0.69988026 0.90201546 0.00046780
-0.69835765 0.90283626 0.00046276
-0.69683356 0.90364871 0.00045495
-0.69530800 0.90445698 0.00044992
-0.69378243 0.90526107 0.00044436
-0.69225538 0.90605890 0.00044210
-0.69072834 0.90685046 0.00043483
-0.68919982 0.90763576 0.00042926
-0.68766982 0.90841896 0.00042423
-0.68613981 0.90919382 0.00042144
-0.68460833 0.90996449 0.00041641
-0.68307685 0.91072891 0.00041139
-0.68154390 0.91149123 0.00040860
-0.68001094 0.91224520 0.00040134
-0.67847650 0.91299499 0.00039855
-0.67694059 0.91374060 0.00039352
-0.67540467 0.91448204 0.00039130
-0.67386728 0.91521721 0.00038571
-0.67232841 0.91594612 0.00038349
-0.67078954 0.91667084 0.00038069
-0.66925067 0.91738722 0.00037510
-0.66771032 0.91810359 0.00037288
-0.66616849 0.91880952 0.00037008
-0.66462666 0.91951128 0.00036506
-0.66308484 0.92020677 0.00036171
-0.66154005 0.92089808 0.00035947
-0.65999675 0.92157895 0.00035668
-0.65845049 0.92225564 0.00035166
-0.65690570 0.92292815 0.00035111
-0.65535796 0.92359231 0.00034608
-0.65381022 0.92424812 0.00034330
-0.65226248 0.92489348 0.00033827
-0.65071326 0.92553049 0.00033548
-0.64916404 0.92615915 0.00032993
-0.64761335 0.92677945 0.00032489
-0.64606265 0.92738304 0.00032264
-0.64451047 0.92797410 0.00031708
-0.64295830 0.92855472 0.00031259
-0.64140464 0.92913116 0.00031259
-0.63985099 0.92970760 0.00030756
-0.63829586 0.93028613 0.00030534
-0.63674073 0.93087093 0.00030314
-0.63518412 0.93145155 0.00030033
-0.63362751 0.93203008 0.00029813
-0.63207090 0.93260443 0.00029532
-0.63051133 0.93317878 0.00029252
-0.62895324 0.93374687 0.00028971
-0.62739368 0.93431495 0.00028692
-0.62583411 0.93487469 0.00028470
-0.62427306 0.93543442 0.00028412
-0.62271202 0.93598789 0.00028190
-0.62114950 0.93653300 0.00027689
-0.61958697 0.93707393 0.00027631
-0.61802445 0.93761278 0.00027631
-0.61646045 0.93814536 0.00027129
-0.61489497 0.93866959 0.00026849
-0.61333097 0.93918964 0.00026849
-0.61176401 0.93970134 0.00026570
-0.61019853 0.94021303 0.00026291
-0.60863157 0.94071429 0.00026291
-0.60706461 0.94121136 0.00026068
-0.60549618 0.94170217 0.00025509
-0.60392774 0.94218463 0.00025509
-0.60235783 0.94266500 0.00025231
-0.60078939 0.94313910 0.00024953
-0.59921800 0.94360485 0.00024728
-0.59764808 0.94406850 0.00024728
-0.59607669 0.94452381 0.00024449
-0.59450530 0.94497285 0.00024171
-0.59293243 0.94541771 0.00024171
-0.59135956 0.94585631 0.00023668
-0.58978669 0.94629073 0.00023444
-0.58821234 0.94671888 0.00023390
-0.58663799 0.94714286 0.00023112
-0.58506364 0.94756057 0.00022835
-0.58348781 0.94797619 0.00022609
-0.58191198 0.94838555 0.00022384
-0.58033616 0.94879073 0.00022105
-0.57875885 0.94918964 0.00021827
-0.57718302 0.94958647 0.00021602
-0.57560424 0.94997703 0.00021379
-0.57402693 0.95036550 0.00021379
-0.57244815 0.95075188 0.00021100
-0.57086937 0.95113200 0.00020821
-0.56929058 0.95151003 0.00020597
-0.56771032 0.95188596 0.00020597
-0.56613006 0.95225773 0.00020376
-0.56454980 0.95262740 0.00020376
-0.56296805 0.95299499 0.00020096
-0.56138779 0.95336257 0.00019816
-0.55980605 0.95372807 0.00019595
-0.55822283 0.95409148 0.00019595
-0.55664109 0.95445489 0.00019595
-0.55505787 0.95481830 0.00019595
-0.55347466 0.95518170 0.00019595
-0.55189144 0.95554511 0.00019595
-0.55030822 0.95591270 0.00019314
-0.54872352 0.95628237 0.00019314
-0.54713882 0.95665414 0.00019258
-0.54555413 0.95702172 0.00018979
-0.54396943 0.95738095 0.00018929
-0.54238325 0.95772556 0.00018929
-0.54079708 0.95806182 0.00018653
-0.53921090 0.95838764 0.00018653
-0.53762473 0.95870718 0.00018653
-0.53603855 0.95902047 0.00018148
-0.53445090 0.95932749 0.00018148
-0.53286472 0.95963241 0.00017871
-0.53127707 0.95993317 0.00017871
-0.52968942 0.96022765 0.00017871
-0.52810029 0.96052005 0.00017596
-0.52651263 0.96081036 0.00017366
-0.52492498 0.96109440 0.00017139
-0.52333585 0.96137845 0.00017090
-0.52174671 0.96165831 0.00017139
-0.52015758 0.96193818 0.00016862
-0.51856845 0.96221387 0.00016862
-0.51697932 0.96248538 0.00016635
-0.51538871 0.96275689 0.00016585
-0.51379958 0.96302632 0.00016585
-0.51220897 0.96329156 0.00016358
-0.51061836 0.96355890 0.00016081
-0.50902775 0.96382206 0.00016081
-0.50743714 0.96408521 0.00016081
-0.50584653 0.96434211 0.00016081
-0.50425592 0.96459900 0.00016081
-0.50266383 0.96485380 0.00015804
-0.50107322 0.96510652 0.00015576
-0.49948261 0.96535923 0.00015529
-0.49789052 0.96560777 0.00015576
-0.49629843 0.96585631 0.00015299
-0.49470782 0.96610067 0.00015299
-0.49311573 0.96634503 0.00015299
-0.49152364 0.96658521 0.00015254
-0.48993156 0.96682331 0.00015254
-0.48833947 0.96706140 0.00015254
-0.48674738 0.96729532 0.00015023
-0.48515529 0.96752715 0.00015023
-0.48356320 0.96775480 0.00014979
-0.48196964 0.96798037 0.00014979
-0.48037755 0.96820384 0.00014706
-0.47878546 0.96842314 0.00014706
-0.47719337 0.96863826 0.00014473
-0.47559980 0.96884921 0.00014199
-0.47400772 0.96905806 0.00014162
-0.47241563 0.96925856 0.00014162
-0.47082206 0.96945698 0.00013892
-0.46922997 0.96964703 0.00013654
-0.46763788 0.96983500 0.00013654
-0.46604432 0.97001253 0.00013419
-0.46445223 0.97019006 0.00013692
-0.46286014 0.97036967 0.00013419
-0.46126658 0.97055138 0.00013419
-0.45967449 0.97073517 0.00013186
-0.45808240 0.97091688 0.00013186
-0.45649031 0.97109858 0.00013186
-0.45489822 0.97128237 0.00012956
-0.45330613 0.97146199 0.00012680
-0.45171257 0.97164369 0.00012680
-0.45012048 0.97182331 0.00012912
-0.44852839 0.97200084 0.00012680
-0.44693778 0.97217836 0.00012639
-0.44534569 0.97235589 0.00012405
-0.44375360 0.97253133 0.00012405
-0.44216151 0.97270259 0.00012367
-0.44057090 0.97287385 0.00012132
-0.43897882 0.97304511 0.00012405
-0.43738821 0.97321220 0.00012132
-0.43579612 0.97338137 0.00012132
-0.43420551 0.97354428 0.00012132
-0.43261490 0.97371136 0.00011859
-0.43102429 0.97387427 0.00011859
-0.42943368 0.97403091 0.00011859
-0.42784307 0.97419382 0.00011859
-0.42625394 0.97435046 0.00011859
-0.42466333 0.97450501 0.00011587
-0.42307419 0.97466165 0.00011587
-0.42148358 0.97481203 0.00011587
-0.41989445 0.97496241 0.00011587
-0.41830532 0.97511278 0.00011587
-0.41671619 0.97526107 0.00011317
-0.41512853 0.97540518 0.00011317
-0.41353940 0.97554929 0.00011317
-0.41195175 0.97569340 0.00011317
-0.41036262 0.97583333 0.00011079
-0.40877496 0.97597327 0.00011048
-0.40718731 0.97611111 0.00011048
-0.40560114 0.97624478 0.00010808
-0.40401348 0.97638262 0.00010808
-0.40242731 0.97651420 0.00010808
-0.40084113 0.97664578 0.00010808
-0.39925496 0.97677527 0.00010538
-0.39766878 0.97690685 0.00010538
-0.39608261 0.97703216 0.00010538
-0.39449791 0.97715748 0.00010538
-0.39291321 0.97728070 0.00010270
-0.39132851 0.97740602 0.00010270
-0.38974382 0.97752506 0.00010270
-0.38816060 0.97764620 0.00010029
-0.38657738 0.97776525 0.00010029
-0.38499416 0.97788012 0.00010003
-0.38341094 0.97799499 0.00009761
-0.38182920 0.97811404 0.00009761
-0.38024598 0.97822682 0.00009761
-0.37866424 0.97833751 0.00009493
-0.37708398 0.97844820 0.00009521
-0.37550224 0.97855681 0.00009493
-0.37392198 0.97866332 0.00009493
-0.37234172 0.97877193 0.00009251
-0.37076145 0.97887845 0.00009251
-0.36918267 0.97897870 0.00009251
-0.36760388 0.97908521 0.00009251
-0.36602510 0.97918964 0.00008983
-0.36444780 0.97929407 0.00009012
-0.36286901 0.97939641 0.00008983
-0.36129171 0.97949875 0.00008742
-0.35971588 0.97960317 0.00008983
-0.35814005 0.97970343 0.00008983
-0.35656422 0.97980576 0.00008742
-0.35498840 0.97990393 0.00008473
-0.35341405 0.98000418 0.00008473
-0.35183970 0.98010234 0.00008504
-0.35026535 0.98019841 0.00008473
-0.34869248 0.98029866 0.00008473
-0.34711961 0.98039265 0.00008473
-0.34554674 0.98048872 0.00008233
-0.34397534 0.98058271 0.00008233
-0.34240395 0.98067669 0.00008233
-0.34083256 0.98076859 0.00007964
-0.33926264 0.98086257 0.00007964
-0.33769273 0.98095029 0.00007964
-0.33612429 0.98104428 0.00007964
-0.33455586 0.98113200 0.00007964
-0.33298742 0.98121972 0.00007964
-0.33142046 0.98130952 0.00007725
-0.32985350 0.98139515 0.00007455
-0.32828655 0.98148287 0.00007455
-0.32672107 0.98156850 0.00007697
-0.32515559 0.98165205 0.00007455
-0.32359159 0.98173350 0.00007455
-0.32202758 0.98181913 0.00007187
-0.32046358 0.98190058 0.00007187
-0.31890106 0.98198204 0.00007187
-0.31734002 0.98205931 0.00006946
-0.31577749 0.98214077 0.00006946
-0.31421793 0.98221596 0.00006946
-0.31265688 0.98229323 0.00006709
-0.31109731 0.98236842 0.00006709
-0.30953923 0.98244361 0.00006709
-0.30798114 0.98251671 0.00006437
-0.30642305 0.98258563 0.00006437
-0.30486644 0.98265664 0.00006203
-0.30330983 0.98272556 0.00006203
-0.30175470 0.98279657 0.00006478
-0.30019957 0.98286759 0.00006252
-0.29864591 0.98294277 0.00006252
-0.29709226 0.98301796 0.00006252
-0.29554008 0.98309315 0.00006252
-0.29398791 0.98317251 0.00005973
-0.29243721 0.98325397 0.00005973
-0.29088651 0.98333542 0.00005973
-0.28933730 0.98341479 0.00006032
-0.28778808 0.98349833 0.00005973
-0.28623886 0.98357978 0.00005973
-0.28469112 0.98366332 0.00005750
-0.28314485 0.98374478 0.00005750
-0.28159859 0.98382623 0.00005750
-0.28005381 0.98391395 0.00005750
-0.27850902 0.98399541 0.00005750
-0.27696572 0.98408104 0.00005470
-0.27542241 0.98416458 0.00005750
-0.27388059 0.98424812 0.00005534
-0.27234024 0.98433166 0.00005470
-0.27079989 0.98441729 0.00005534
-0.26925954 0.98450084 0.00005470
-0.26772067 0.98458438 0.00005251
-0.26618327 0.98466792 0.00005534
-0.26464588 0.98475355 0.00005251
-0.26310997 0.98483709 0.00005534
-0.26157405 0.98492272 0.00005251
-0.26003962 0.98500418 0.00005251
-0.25850518 0.98509190 0.00005251
-0.25697222 0.98517335 0.00005251
-0.25544074 0.98526107 0.00005251
-0.25390926 0.98534461 0.00005192
-0.25237926 0.98543024 0.00005251
-0.25084926 0.98551796 0.00005251
-0.24932074 0.98560568 0.00005251
-0.24779369 0.98569131 0.00005470
-0.24626665 0.98577903 0.00005470
-0.24474108 0.98586675 0.00005470
-0.24321552 0.98595656 0.00005251
-0.24169143 0.98604845 0.00005470
-0.24016882 0.98614035 0.00005192
-0.23864621 0.98623434 0.00005192
-0.23712508 0.98633041 0.00005150
-0.23560542 0.98642439 0.00005150
-0.23408577 0.98650794 0.00004916
-0.23256759 0.98658521 0.00004880
-0.23104942 0.98665831 0.00004916
-0.22953272 0.98672306 0.00004689
-0.22801750 0.98678780 0.00004642
-0.22650376 0.98684837 0.00004689
-0.22499002 0.98691103 0.00004689
-0.22347628 0.98697368 0.00004689
-0.22196550 0.98703008 0.00004689
-0.22045471 0.98709273 0.00004689
-0.21894541 0.98715121 0.00004470
-0.21743610 0.98721178 0.00004689
-0.21592827 0.98727026 0.00004470
-0.21442193 0.98733292 0.00004470
-0.21291705 0.98739140 0.00004260
-0.21141218 0.98745405 0.00004260
-0.20990879 0.98751671 0.00004260
-0.20840540 0.98757937 0.00004260
-0.20690496 0.98764202 0.00004260
-0.20540453 0.98770468 0.00004260
-0.20390557 0.98776734 0.00004260
-0.20240661 0.98783417 0.00003974
-0.20090913 0.98789891 0.00004260
-0.19941313 0.98796366 0.00004061
-0.19791861 0.98803258 0.00004061
-0.19642408 0.98809942 0.00004260
-0.19493104 0.98816625 0.00003974
-0.19343947 0.98823517 0.00003974
-0.19194791 0.98830409 0.00003974
-0.19045930 0.98837510 0.00003771
-0.18897069 0.98844612 0.00004061
-0.18748355 0.98851504 0.00004061
-0.18599642 0.98858396 0.00004061
-0.18451077 0.98865288 0.00004061
-0.18302659 0.98871972 0.00003771
-0.18154390 0.98878864 0.00003771
-0.18006268 0.98885756 0.00003771
-0.17858146 0.98892439 0.00003874
-0.17710172 0.98898914 0.00003771
-0.17562346 0.98905806 0.00003771
-0.17414667 0.98912281 0.00003581
-0.17266989 0.98918964 0.00003771
-0.17119606 0.98925439 0.00003581
-0.16972223 0.98932331 0.00003581
-0.16824841 0.98938596 0.00003581
-0.16677754 0.98945280 0.00003289
-0.16530667 0.98951754 0.00003581
-0.16383875 0.98958020 0.00003581
-0.16237084 0.98964703 0.00003289
-0.16090440 0.98971178 0.00003581
-0.15943796 0.98977652 0.00003406
-0.15797449 0.98984127 0.00003289
-0.15651101 0.98990602 0.00003581
-0.15504900 0.98997076 0.00003406
-0.15358848 0.99003551 0.00003289
-0.15212944 0.99010025 0.00003112
-0.15067039 0.99016500 0.00003406
-0.14921430 0.99023183 0.00003112
-0.14775822 0.99029449 0.00003112
-0.14630375 0.99035923 0.00003406
-0.14485062 0.99042607 0.00003112
-0.14339867 0.99048872 0.00003112
-0.14194791 0.99055764 0.00003112
-0.14049847 0.99062239 0.00002954
-0.13905022 0.99068922 0.00003112
-0.13760344 0.99075397 0.00002954
-0.13615770 0.99082080 0.00003112
-0.13471344 0.99088555 0.00002954
-0.13327021 0.99095447 0.00002954
-0.13182846 0.99102339 0.00002954
-0.13038804 0.99109231 0.00002954
-0.12894881 0.99115915 0.00002658
-0.12751090 0.99122807 0.00002658
-0.12607433 0.99129699 0.00002658
-0.12463893 0.99136591 0.00002658
-0.12320502 0.99143693 0.00002954
-0.12177229 0.99150585 0.00002954
-0.12034104 0.99157895 0.00002658
-0.11891096 0.99164996 0.00002954
-0.11748222 0.99172306 0.00002658
-0.11605496 0.99179616 0.00002818
-0.11462888 0.99186717 0.00002658
-0.11320413 0.99194236 0.00002658
-0.11178086 0.99201754 0.00002658
-0.11035892 0.99209482 0.00002524
-0.10893816 0.99217419 0.00002658
-0.10751888 0.99224937 0.00002658
-0.10610108 0.99232038 0.00002524
-0.10468446 0.99239557 0.00002524
-0.10326932 0.99246867 0.00002658
-0.10185551 0.99254177 0.00002363
-0.10044304 0.99261487 0.00002524
-0.09903203 0.99269006 0.00002524
-0.09762236 0.99276525 0.00002524
-0.09621417 0.99284043 0.00002524
-0.09480731 0.99291562 0.00002524
-0.09340178 0.99299081 0.00002524
-0.09199772 0.99306809 0.00002363
-0.09059500 0.99314327 0.00002363
-0.08919376 0.99322055 0.00002230
-0.08779384 0.99329783 0.00002524
-0.08639541 0.99337719 0.00002230
-0.08499845 0.99345238 0.00002230
-0.08360282 0.99353175 0.00002363
-0.08220867 0.99360902 0.00002230
-0.08081600 0.99369048 0.00002230
-0.07942466 0.99376566 0.00002230
-0.07803480 0.99384712 0.00002230
-0.07664641 0.99392857 0.00002230
-0.07525951 0.99400585 0.00002068
-0.07387393 0.99408521 0.00002230
-0.07248984 0.99416667 0.00002230
-0.07110722 0.99424394 0.00002068
-0.06972608 0.99432331 0.00002230
-0.06834642 0.99440267 0.00001937
-0.06696823 0.99447995 0.00002230
-0.06559138 0.99455305 0.00001937
-0.06421615 0.99462197 0.00001937
-0.06284240 0.99468463 0.00001937
-0.06146998 0.99474520 0.00002130
-0.06009919 0.99480368 0.00001937
-0.05872988 0.99486842 0.00001845
-0.05736204 0.99493108 0.00001845
-0.05599568 0.99499582 0.00002130
-0.05463080 0.99506266 0.00001845
-0.05326740 0.99512531 0.00001845
-0.05190548 0.99519424 0.00001845
-0.05054518 0.99525898 0.00001797
-0.04918636 0.99532790 0.00001797
-0.04782902 0.99540518 0.00001797
-0.04647316 0.99549916 0.00001797
-0.04511893 0.99563074 0.00001797
-0.04376617 0.99580409 0.00001563
-0.04241504 0.99598371 0.00001845
-0.04106524 0.99616124 0.00001563
-0.03971706 0.99632832 0.00001845
-0.03837051 0.99649332 0.00001563
-0.03702529 0.99665622 0.00001563
-0.03568185 0.99681704 0.00001354
-0.03433973 0.99697995 0.00001354
-0.03299939 0.99714703 0.00001645
-0.03166038 0.99731830 0.00001354
-0.03032315 0.99750000 0.00001772
-0.02898739 0.99770677 0.00001845
-0.02765326 0.99796575 0.00002068
-0.02632105 0.99828321 0.00002558
-0.02499002 0.99860902 0.00002558
-0.02366047 0.99891186 0.00002307
-0.02233255 0.99917293 0.00002046
-0.02100625 0.99939641 0.00001797
-0.01968143 0.99957811 0.00001797
-0.01835824 0.99972849 0.00001287
-0.01703653 0.99984336 0.00001354
-0.01571644 0.99992899 0.00001181
-0.01439801 0.99998747 0.00000886
-0.01308110 1.00001880 0.00000886
-0.01176578 1.00002506 0.00000886
-0.01045207 1.00001253 0.00000886
-0.00913993 0.99997703 0.00001065
-0.00782941 0.99991855 0.00000886
-0.00652048 0.99983918 0.00001065
-0.00521317 0.99972222 0.00001181
-0.00390746 0.99958438 0.00001797
-0.00260335 0.99937552 0.00001797
-0.00130087 0.99914369 0.00003126
-0.00000000 0.99866541 0.00001354
