# s/c   P_w_mean    P_w_std
0.00000000 0.99996652 0.00002975
0.00130087 0.99957835 0.00002384
0.00260174 0.99918118 0.00001896
0.00390261 0.99877586 0.00001523
0.00520348 0.99836322 0.00001281
0.00650435 0.99794399 0.00001181
0.00780522 0.99751887 0.00001208
0.00910609 0.99708848 0.00001320
0.01040697 0.99665340 0.00001478
0.01170784 0.99621415 0.00001655
0.01300871 0.99577120 0.00001840
0.01430958 0.99532498 0.00002027
0.01561045 0.99487585 0.00002214
0.01691132 0.99442416 0.00002402
0.01821219 0.99397018 0.00002592
0.01951306 0.99351415 0.00002785
0.02081393 0.99305627 0.00002982
0.02211480 0.99259670 0.00003184
0.02341567 0.99213556 0.00003390
0.02470176 0.99167295 0.00003602
0.02600263 0.99120890 0.00003818
0.02730350 0.99074345 0.00004039
0.02860437 0.99027656 0.00004263
0.02990524 0.98980820 0.00004489
0.03120611 0.98933829 0.00004718
0.03250698 0.98886672 0.00004947
0.03380786 0.98839338 0.00005176
0.03510873 0.98791810 0.00005404
0.03640960 0.98744072 0.00005631
0.03771047 0.98696102 0.00005855
0.03901134 0.98647879 0.00006076
0.04029743 0.98599379 0.00006292
0.04159830 0.98550576 0.00006504
0.04289917 0.98501442 0.00006712
0.04420004 0.98451948 0.00006913
0.04550091 0.98402064 0.00007109
0.04680178 0.98351756 0.00007299
0.04810265 0.98300993 0.00007483
0.04940352 0.98249740 0.00007661
0.05068961 0.98197960 0.00007833
0.05199048 0.98145617 0.00007999
0.05329135 0.98092675 0.00008159
0.05459222 0.98039095 0.00008313
0.05589309 0.97984839 0.00008461
0.05719396 0.97929866 0.00008605
0.05849483 0.97874139 0.00008744
0.05978092 0.97817616 0.00008878
0.06108179 0.97760257 0.00009009
0.06238266 0.97702022 0.00009137
0.06368353 0.97642871 0.00009262
0.06498440 0.97582764 0.00009385
0.06628528 0.97521658 0.00009507
0.06757136 0.97459516 0.00009628
0.06887223 0.97396295 0.00009749
0.07017310 0.97331958 0.00009871
0.07147398 0.97266464 0.00009994
0.07277485 0.97199774 0.00010120
0.07407572 0.97131851 0.00010249
0.07536180 0.97062656 0.00010382
0.07666268 0.96992153 0.00010520
0.07796355 0.96920305 0.00010663
0.07926442 0.96847076 0.00010813
0.08056529 0.96772432 0.00010970
0.08185138 0.96696338 0.00011135
0.08315225 0.96618762 0.00011309
0.08445312 0.96539672 0.00011493
0.08575399 0.96459036 0.00011687
0.08704008 0.96376825 0.00011892
0.08834095 0.96293010 0.00012108
0.08964182 0.96207563 0.00012338
0.09094269 0.96120457 0.00012580
0.09224356 0.96031668 0.00012836
0.09352965 0.95941171 0.00013107
0.09483052 0.95848943 0.00013392
0.09613139 0.95754963 0.00013692
0.09743226 0.95659211 0.00014009
0.09871835 0.95561668 0.00014341
0.10001922 0.95462317 0.00014690
0.10132009 0.95361141 0.00015056
0.10260618 0.95258127 0.00015440
0.10390705 0.95153260 0.00015840
0.10520792 0.95046530 0.00016258
0.10650879 0.94937925 0.00016694
0.10779488 0.94827437 0.00017148
0.10909575 0.94715059 0.00017620
0.11039662 0.94600785 0.00018110
0.11169749 0.94484610 0.00018617
0.11298358 0.94366531 0.00019143
0.11428445 0.94246547 0.00019686
0.11558532 0.94124658 0.00020248
0.11687141 0.94000865 0.00020826
0.11817228 0.93875171 0.00021423
0.11947315 0.93747579 0.00022036
0.12075924 0.93618097 0.00022666
0.12206011 0.93486730 0.00023313
0.12336098 0.93353488 0.00023976
0.12466185 0.93218379 0.00024655
0.12594794 0.93081414 0.00025349
0.12724881 0.92942607 0.00026058
0.12854968 0.92801970 0.00026782
0.12983577 0.92656401 0.00027519
0.13113664 0.92504641 0.00028680
0.13243751 0.92352147 0.00029773
0.13372359 0.92198674 0.00030746
0.13502447 0.92043803 0.00031599
0.13632534 0.91887771 0.00032426
0.13761142 0.91730790 0.00033219
0.13891229 0.91572712 0.00034048
0.14019838 0.91412062 0.00034922
0.14149925 0.91246391 0.00035657
0.14280012 0.91074730 0.00036119
0.14408621 0.90899437 0.00036570
0.14538708 0.90725152 0.00037694
0.14668795 0.90554579 0.00039246
0.14797404 0.90387661 0.00040654
0.14927491 0.90223043 0.00041870
0.15056100 0.90058198 0.00042756
0.15186187 0.89891566 0.00043288
0.15316274 0.89724234 0.00043762
0.15444883 0.89557971 0.00044470
0.15574970 0.89392475 0.00045188
0.15703579 0.89225937 0.00045643
0.15833666 0.89058881 0.00045984
0.15963753 0.88893275 0.00046457
0.16092362 0.88729624 0.00047260
0.16222449 0.88563426 0.00047880
0.16351058 0.88388164 0.00047572
0.16481145 0.88204469 0.00046728
0.16611232 0.88017139 0.00046372
0.16739841 0.87830110 0.00047111
0.16869928 0.87645408 0.00048547
0.16998537 0.87463094 0.00050138
0.17128624 0.87282824 0.00051704
0.17257232 0.87104157 0.00053111
0.17387319 0.86926647 0.00054345
0.17517407 0.86749834 0.00055409
0.17646015 0.86573245 0.00056323
0.17776102 0.86396465 0.00057111
0.17904711 0.86219238 0.00057837
0.18034798 0.86041259 0.00058512
0.18163407 0.85862227 0.00059171
0.18293494 0.85681359 0.00059768
0.18422103 0.85497142 0.00060084
0.18552190 0.85308757 0.00059967
0.18680799 0.85117090 0.00059583
0.18810886 0.84925309 0.00059738
0.18939495 0.84736418 0.00060862
0.19069582 0.84550173 0.00062553
0.19199669 0.84361587 0.00063937
0.19328278 0.84163478 0.00063845
0.19458365 0.83956071 0.00062672
0.19586974 0.83744030 0.00061857
0.19717061 0.83529835 0.00062047
0.19845669 0.83314485 0.00063013
0.19975757 0.83096843 0.00064022
0.20104365 0.82876832 0.00064948
0.20234452 0.82656902 0.00066319
0.20363061 0.82438831 0.00068312
0.20493148 0.82223693 0.00070897
0.20621757 0.82007888 0.00073418
0.20750366 0.81783768 0.00074624
0.20880453 0.81549863 0.00074638
0.21009062 0.81309441 0.00074449
0.21139149 0.81066227 0.00075068
0.21267758 0.80822441 0.00076632
0.21397845 0.80577069 0.00078503
0.21526454 0.80328280 0.00080335
0.21656541 0.80075011 0.00081940
0.21785149 0.79816988 0.00083321
0.21915236 0.79554658 0.00084614
0.22043845 0.79288919 0.00085965
0.22173932 0.79021020 0.00087560
0.22302541 0.78751791 0.00089460
0.22432628 0.78481495 0.00091636
0.22561237 0.78209046 0.00093881
0.22689846 0.77932200 0.00095699
0.22819933 0.77650433 0.00096999
0.22948542 0.77364898 0.00098070
0.23078629 0.77077181 0.00099234
0.23207238 0.76788651 0.00100780
0.23337325 0.76500132 0.00102810
0.23465933 0.76212362 0.00105234
0.23594542 0.75926279 0.00107932
0.23724629 0.75642745 0.00110827
0.23853238 0.75361730 0.00113757
0.23983325 0.75082358 0.00116570
0.24111934 0.74803278 0.00119182
0.24240543 0.74523371 0.00121538
0.24370630 0.74242543 0.00123675
0.24499239 0.73961757 0.00125643
0.24629326 0.73682290 0.00127537
0.24757935 0.73405228 0.00129491
0.24886543 0.73131473 0.00131652
0.25016630 0.72861061 0.00134056
0.25145239 0.72593557 0.00136563
0.25275326 0.72328590 0.00138979
0.25403935 0.72065793 0.00141060
0.25532544 0.71805279 0.00142759
0.25662631 0.71547302 0.00144113
0.25791240 0.71292369 0.00145269
0.25919849 0.71041546 0.00146562
0.26049936 0.70795757 0.00148277
0.26178545 0.70555302 0.00150395
0.26307153 0.70319620 0.00152729
0.26437240 0.70087929 0.00155065
0.26565849 0.69858703 0.00156985
0.26695936 0.69629408 0.00158112
0.26824545 0.69399131 0.00158372
0.26953154 0.69168784 0.00158267
0.27083241 0.68941077 0.00158691
0.27211850 0.68720372 0.00160072
0.27340459 0.68508626 0.00162386
0.27470546 0.68304781 0.00165051
0.27599154 0.68105655 0.00167099
0.27727763 0.67908003 0.00168118
0.27857850 0.67711702 0.00168228
0.27986459 0.67517956 0.00167970
0.28115068 0.67328336 0.00168356
0.28243677 0.67143877 0.00169622
0.28373764 0.66965278 0.00171166
0.28502373 0.66794464 0.00172820
0.28630981 0.66630546 0.00174180
0.28761068 0.66471205 0.00174638
0.28889677 0.66313636 0.00174196
0.29018286 0.66158306 0.00173596
0.29148373 0.66010627 0.00173767
0.29276982 0.65873183 0.00174736
0.29405591 0.65745523 0.00176072
0.29534200 0.65625434 0.00177237
0.29664287 0.65509670 0.00177664
0.29792895 0.65396563 0.00177320
0.29921504 0.65286899 0.00176506
0.30051591 0.65182929 0.00175625
0.30180200 0.65087385 0.00175144
0.30308809 0.65001376 0.00175053
0.30437418 0.64923924 0.00174990
0.30567505 0.64852670 0.00174563
0.30696114 0.64784456 0.00173539
0.30824722 0.64717238 0.00171980
0.30953331 0.64650790 0.00170115
0.31083418 0.64586622 0.00168102
0.31212027 0.64527451 0.00166217
0.31340636 0.64475456 0.00164854
0.31469245 0.64430904 0.00164060
0.31599332 0.64392844 0.00163726
0.31727941 0.64360991 0.00163759
0.31856549 0.64335769 0.00164036
0.31985158 0.64316140 0.00164253
0.32115245 0.64299739 0.00164159
0.32243854 0.64283875 0.00163587
0.32372463 0.64265887 0.00162136
0.32501072 0.64244809 0.00159808
0.32629681 0.64221291 0.00156941
0.32759768 0.64196572 0.00153945
0.32888376 0.64172316 0.00151373
0.33016985 0.64150168 0.00149617
0.33145594 0.64130786 0.00148609
0.33275681 0.64114094 0.00148148
0.33404290 0.64099296 0.00147822
0.33532899 0.64085043 0.00147055
0.33661508 0.64070981 0.00145790
0.33790116 0.64057644 0.00144271
0.33918725 0.64045557 0.00142829
0.34048812 0.64034415 0.00141636
0.34177421 0.64023330 0.00140718
0.34306030 0.64011093 0.00139989
0.34434639 0.63996480 0.00139299
0.34563247 0.63978596 0.00138437
0.34693335 0.63957047 0.00137002
0.34821943 0.63933070 0.00135072
0.34950552 0.63908939 0.00132903
0.35079161 0.63886409 0.00130757
0.35207770 0.63866503 0.00129129
0.35336379 0.63849623 0.00128211
0.35466466 0.63834948 0.00127819
0.35595074 0.63820347 0.00127630
0.35723683 0.63803400 0.00127217
0.35852292 0.63782757 0.00126293
0.35980901 0.63759002 0.00124962
0.36109510 0.63733458 0.00123443
0.36238118 0.63706452 0.00121756
0.36368206 0.63678226 0.00119989
0.36496814 0.63650048 0.00118498
0.36625423 0.63623437 0.00117543
0.36754032 0.63599326 0.00117150
0.36882641 0.63577193 0.00117028
0.37011250 0.63554864 0.00116582
0.37139858 0.63530043 0.00115307
0.37269945 0.63502568 0.00113191
0.37398554 0.63474255 0.00110758
0.37527163 0.63446527 0.00108390
0.37655772 0.63419872 0.00106348
0.37784381 0.63394245 0.00105006
0.37912989 0.63368285 0.00104346
0.38041598 0.63340447 0.00104173
0.38170207 0.63310860 0.00104384
0.38298816 0.63281211 0.00104870
0.38428903 0.63253147 0.00105545
0.38557512 0.63226638 0.00106037
0.38686121 0.63200726 0.00105987
0.38814729 0.63174729 0.00105446
0.38943338 0.63147880 0.00104486
0.39071947 0.63119357 0.00103133
0.39200556 0.63088915 0.00101537
0.39329165 0.63056888 0.00099872
0.39457773 0.63023573 0.00098255
0.39586382 0.62988626 0.00096657
0.39714991 0.62951514 0.00095084
0.39843600 0.62911966 0.00093477
0.39973687 0.62871491 0.00091964
0.40102296 0.62833772 0.00091095
0.40230905 0.62802340 0.00091280
0.40359513 0.62777348 0.00092272
0.40488122 0.62754866 0.00092925
0.40616731 0.62731426 0.00092646
0.40745340 0.62705873 0.00091776
0.40873949 0.62678778 0.00090819
0.41002557 0.62652595 0.00090409
0.41131166 0.62629317 0.00090866
0.41259775 0.62608185 0.00091933
0.41388384 0.62586591 0.00092977
0.41516993 0.62563071 0.00093811
0.41645601 0.62537476 0.00094382
0.41774210 0.62507143 0.00093973
0.41902819 0.62468225 0.00092096
0.42031428 0.62418533 0.00088651
0.42160037 0.62361700 0.00084460
0.42288645 0.62306275 0.00081316
0.42417254 0.62255906 0.00079837
0.42545863 0.62209473 0.00079528
0.42674472 0.62165126 0.00079763
0.42803081 0.62121543 0.00080129
0.42931690 0.62078233 0.00080554
0.43060298 0.62034247 0.00080807
0.43188907 0.61988477 0.00080562
0.43317516 0.61940499 0.00079746
0.43446125 0.61890515 0.00078520
0.43574734 0.61838818 0.00077052
0.43703342 0.61785691 0.00075478
0.43831951 0.61731394 0.00073936
0.43960560 0.61676127 0.00072531
0.44089169 0.61620031 0.00071290
0.44217778 0.61563593 0.00070273
0.44346386 0.61508091 0.00069669
0.44474995 0.61454574 0.00069579
0.44603604 0.61402648 0.00069816
0.44732213 0.61349240 0.00069510
0.44860822 0.61289777 0.00067539
0.44989430 0.61221708 0.00063663
0.45118039 0.61148187 0.00058821
0.45246648 0.61077806 0.00055038
0.45375257 0.61014074 0.00053027
0.45503866 0.60955510 0.00052319
0.45632474 0.60901792 0.00052828
0.45761083 0.60853041 0.00054383
0.45889692 0.60810996 0.00057348
0.46018301 0.60775651 0.00061636
0.46146910 0.60742885 0.00065900
0.46275519 0.60708107 0.00068912
0.46404127 0.60666593 0.00069886
0.46532736 0.60618546 0.00069203
0.46661345 0.60571054 0.00068589
0.46789954 0.60527863 0.00068856
0.46917084 0.60488112 0.00069723
0.47045693 0.60448902 0.00070376
0.47174302 0.60407309 0.00070086
0.47302911 0.60363304 0.00068999
0.47431520 0.60318581 0.00067738
0.47560128 0.60275144 0.00066942
0.47688737 0.60234411 0.00066890
0.47817346 0.60196626 0.00067576
0.47945955 0.60161053 0.00068752
0.48074564 0.60126040 0.00069914
0.48203172 0.60089854 0.00070670
0.48331781 0.60051019 0.00070758
0.48460390 0.60009555 0.00070231
0.48587521 0.59967707 0.00069609
0.48716129 0.59927320 0.00069255
0.48844738 0.59889142 0.00069302
0.48973347 0.59853169 0.00069742
0.49101956 0.59818719 0.00070396
0.49230565 0.59785038 0.00071071
0.49359173 0.59751493 0.00071612
0.49487782 0.59717553 0.00071933
0.49616391 0.59682758 0.00071997
0.49743522 0.59646986 0.00071832
0.49872130 0.59610399 0.00071514
0.50000739 0.59573456 0.00071153
0.50129348 0.59536895 0.00070876
0.50257957 0.59501436 0.00070787
0.50386566 0.59467618 0.00070919
0.50515174 0.59435811 0.00071279
0.50643783 0.59405792 0.00071841
0.50770914 0.59376475 0.00072450
0.50899523 0.59346983 0.00073028
0.51028131 0.59317006 0.00073575
0.51156740 0.59286957 0.00074126
0.51285349 0.59258100 0.00074764
0.51413958 0.59231312 0.00075547
0.51542567 0.59206941 0.00076488
0.51669697 0.59184918 0.00077541
0.51798306 0.59164292 0.00078681
0.51926915 0.59143413 0.00079836
0.52055524 0.59120534 0.00080868
0.52184132 0.59094737 0.00081759
0.52312741 0.59066093 0.00082649
0.52439872 0.59036432 0.00083612
0.52568480 0.59009424 0.00084612
0.52697089 0.58987404 0.00085434
0.52825698 0.58970650 0.00086119
0.52954307 0.58957566 0.00087035
0.53082916 0.58944276 0.00088157
0.53210046 0.58927759 0.00089454
0.53338655 0.58907250 0.00090888
0.53467264 0.58884798 0.00092166
0.53595873 0.58864148 0.00093258
0.53724481 0.58846862 0.00094072
0.53853090 0.58832212 0.00094586
0.53980221 0.58817580 0.00095300
0.54108830 0.58799575 0.00096374
0.54237438 0.58777214 0.00097584
0.54366047 0.58751999 0.00098858
0.54494656 0.58726417 0.00100116
0.54621787 0.58702429 0.00101090
0.54750395 0.58681252 0.00101624
0.54879004 0.58662513 0.00101981
0.55007613 0.58643676 0.00102471
0.55134744 0.58622933 0.00103192
0.55263352 0.58599427 0.00104212
0.55391961 0.58573444 0.00105384
0.55520570 0.58547072 0.00106324
0.55649179 0.58522108 0.00106851
0.55776309 0.58498909 0.00106985
0.55904918 0.58476468 0.00106962
0.56033527 0.58452684 0.00107219
0.56162136 0.58426229 0.00107933
0.56289266 0.58397200 0.00109017
0.56417875 0.58366548 0.00110288
0.56546484 0.58335978 0.00111492
0.56675093 0.58306804 0.00112406
0.56803702 0.58279901 0.00112918
0.56930832 0.58255935 0.00112911
0.57059441 0.58235137 0.00112399
0.57188050 0.58216959 0.00111707
0.57316659 0.58200007 0.00111131
0.57443789 0.58182829 0.00110910
0.57572398 0.58164104 0.00111101
0.57701007 0.58142570 0.00111676
0.57829616 0.58117590 0.00112574
0.57956746 0.58089218 0.00113753
0.58085355 0.58058596 0.00115120
0.58213964 0.58028245 0.00116144
0.58341094 0.58000156 0.00116461
0.58469703 0.57975153 0.00115962
0.58598312 0.57953365 0.00114704
0.58726921 0.57934047 0.00113087
0.58854051 0.57915796 0.00111567
0.58982660 0.57897639 0.00110292
0.59111269 0.57879090 0.00109344
0.59239878 0.57860555 0.00108476
0.59367008 0.57843426 0.00107183
0.59495617 0.57828437 0.00105391
0.59624226 0.57815058 0.00103377
0.59751356 0.57801766 0.00101713
0.59879965 0.57787318 0.00100670
0.60008574 0.57770776 0.00100340
0.60137183 0.57751623 0.00100735
0.60264313 0.57730043 0.00101737
0.60392922 0.57707015 0.00103112
0.60521531 0.57684594 0.00104239
0.60648661 0.57664651 0.00104635
0.60777270 0.57648626 0.00103840
0.60905879 0.57636798 0.00101823
0.61033010 0.57627646 0.00099311
0.61161618 0.57619155 0.00096951
0.61290227 0.57609758 0.00095062
0.61417358 0.57598725 0.00093711
0.61545967 0.57586189 0.00092768
0.61674575 0.57572714 0.00092091
0.61801706 0.57558803 0.00091598
0.61930315 0.57544688 0.00091319
0.62058924 0.57530645 0.00091211
0.62187532 0.57516828 0.00091192
0.62314663 0.57502752 0.00091397
0.62443272 0.57487711 0.00091960
0.62571880 0.57471172 0.00092950
0.62699011 0.57453228 0.00094221
0.62827620 0.57435198 0.00095263
0.62954750 0.57419095 0.00095501
0.63083359 0.57406255 0.00094537
0.63211968 0.57396988 0.00092412
0.63339099 0.57391231 0.00089282
0.63467707 0.57388549 0.00085378
0.63596316 0.57387806 0.00081274
0.63723447 0.57387874 0.00077340
0.63852056 0.57387618 0.00073851
0.63980664 0.57385676 0.00071175
0.64107795 0.57381111 0.00069457
0.64236404 0.57373610 0.00068718
0.64365012 0.57363511 0.00068789
0.64492143 0.57351535 0.00069339
0.64620752 0.57338154 0.00070276
0.64749361 0.57323688 0.00071539
0.64876491 0.57308531 0.00072996
0.65005100 0.57293072 0.00074544
0.65132231 0.57277726 0.00076050
0.65260839 0.57262958 0.00077353
0.65389448 0.57249238 0.00078288
0.65516579 0.57237017 0.00078701
0.65645188 0.57226770 0.00078389
0.65772318 0.57218531 0.00077428
0.65900927 0.57212115 0.00075991
0.66029536 0.57207244 0.00074251
0.66156666 0.57203923 0.00072274
0.66285275 0.57202725 0.00069853
0.66413884 0.57204079 0.00066861
0.66541014 0.57207813 0.00063450
0.66669623 0.57212799 0.00060155
0.66796754 0.57217725 0.00057516
0.66925363 0.57221700 0.00055784
0.67053971 0.57224125 0.00055026
0.67181102 0.57224838 0.00055093
0.67309711 0.57223956 0.00055806
0.67436841 0.57222345 0.00056811
0.67565450 0.57221884 0.00057422
0.67692581 0.57223986 0.00057246
0.67821189 0.57228957 0.00056270
0.67949798 0.57236781 0.00054557
0.68076929 0.57247524 0.00052162
0.68205538 0.57261223 0.00049140
0.68332668 0.57277722 0.00045673
0.68461277 0.57295992 0.00042255
0.68589886 0.57314111 0.00039482
0.68717016 0.57330518 0.00037600
0.68845625 0.57344970 0.00036511
0.68972756 0.57358316 0.00035935
0.69101364 0.57371334 0.00035620
0.69228495 0.57384388 0.00035440
0.69357104 0.57397772 0.00035330
0.69484234 0.57411622 0.00035270
0.69612843 0.57425676 0.00035261
0.69741452 0.57439441 0.00035343
0.69868582 0.57452256 0.00035534
0.69997191 0.57463799 0.00035817
0.70124322 0.57474322 0.00036201
0.70252931 0.57484554 0.00036690
0.70380061 0.57495172 0.00037228
0.70508670 0.57506121 0.00037752
0.70635801 0.57517285 0.00038231
0.70764409 0.57528845 0.00038677
0.70893018 0.57541180 0.00039100
0.71020149 0.57554597 0.00039491
0.71148758 0.57569376 0.00039885
0.71275888 0.57585643 0.00040329
0.71404497 0.57602711 0.00040786
0.71531627 0.57619485 0.00041158
0.71660236 0.57634799 0.00041323
0.71787367 0.57648147 0.00041314
0.71915976 0.57660101 0.00041334
0.72043106 0.57671415 0.00041508
0.72171715 0.57682455 0.00041844
0.72298845 0.57693313 0.00042302
0.72427454 0.57703893 0.00042815
0.72554585 0.57714069 0.00043322
0.72683194 0.57724025 0.00043783
0.72810324 0.57734329 0.00044240
0.72938933 0.57745663 0.00044782
0.73066064 0.57758353 0.00045449
0.73194672 0.57772141 0.00046164
0.73321803 0.57786259 0.00046726
0.73450412 0.57800047 0.00047080
0.73577542 0.57813215 0.00047241
0.73706151 0.57825728 0.00047254
0.73833282 0.57837705 0.00047213
0.73961890 0.57849243 0.00047160
0.74089021 0.57860450 0.00047143
0.74217630 0.57871425 0.00047194
0.74344760 0.57882274 0.00047339
0.74473369 0.57893160 0.00047620
0.74600500 0.57904131 0.00048047
0.74729108 0.57915131 0.00048607
0.74856239 0.57926021 0.00049261
0.74984848 0.57936586 0.00049947
0.75111978 0.57946631 0.00050618
0.75240587 0.57956013 0.00051238
0.75367718 0.57964658 0.00051782
0.75496327 0.57972532 0.00052248
0.75623457 0.57979653 0.00052642
0.75752066 0.57986060 0.00052974
0.75879196 0.57991808 0.00053265
0.76007805 0.57996960 0.00053534
0.76134936 0.58001577 0.00053800
0.76263545 0.58005696 0.00054076
0.76390675 0.58009305 0.00054373
0.76517806 0.58012334 0.00054690
0.76646414 0.58014633 0.00055021
0.76773545 0.58015954 0.00055358
0.76902154 0.58016051 0.00055714
0.77029284 0.58014879 0.00056140
0.77157893 0.58012714 0.00056727
0.77285024 0.58010094 0.00057533
0.77413633 0.58007547 0.00058514
0.77540763 0.58005435 0.00059597
0.77669372 0.58004083 0.00060696
0.77796502 0.58003747 0.00061748
0.77923633 0.58004623 0.00062711
0.78052242 0.58006766 0.00063546
0.78179372 0.58010072 0.00064253
0.78307981 0.58014343 0.00064848
0.78435112 0.58019193 0.00065343
0.78563720 0.58024282 0.00065759
0.78690851 0.58029429 0.00066124
0.78817982 0.58034528 0.00066458
0.78946590 0.58039518 0.00066780
0.79073721 0.58044325 0.00067110
0.79202330 0.58048898 0.00067464
0.79329460 0.58053215 0.00067856
0.79458069 0.58057323 0.00068295
0.79585200 0.58061337 0.00068767
0.79712330 0.58065428 0.00069275
0.79840939 0.58069852 0.00069787
0.79968070 0.58074811 0.00070263
0.80096678 0.58080502 0.00070693
0.80223809 0.58087071 0.00071062
0.80350939 0.58094537 0.00071379
0.80479548 0.58102731 0.00071649
0.80606679 0.58111250 0.00071852
0.80735288 0.58119837 0.00071993
0.80862418 0.58128407 0.00072079
0.80989549 0.58136894 0.00072123
0.81118157 0.58145261 0.00072150
0.81245288 0.58153381 0.00072173
0.81373897 0.58161074 0.00072212
0.81501027 0.58168271 0.00072286
0.81628158 0.58175107 0.00072418
0.81756767 0.58181849 0.00072617
0.81883897 0.58188747 0.00072857
0.82012506 0.58195996 0.00073102
0.82139637 0.58203885 0.00073312
0.82266767 0.58212792 0.00073463
0.82395376 0.58222984 0.00073552
0.82522507 0.58234336 0.00073589
0.82651115 0.58246290 0.00073607
0.82778246 0.58258231 0.00073634
0.82905376 0.58269757 0.00073671
0.83033985 0.58280794 0.00073726
0.83161116 0.58291405 0.00073794
0.83288246 0.58301681 0.00073866
0.83416855 0.58311776 0.00073939
0.83543986 0.58321870 0.00074006
0.83672594 0.58332181 0.00074061
0.83799725 0.58342932 0.00074084
0.83926856 0.58354331 0.00074053
0.84055464 0.58366575 0.00073939
0.84182595 0.58379852 0.00073715
0.84309725 0.58394332 0.00073360
0.84438334 0.58410125 0.00072871
0.84565465 0.58427225 0.00072266
0.84692595 0.58445415 0.00071587
0.84821204 0.58464260 0.00070903
0.84948335 0.58483067 0.00070263
0.85076944 0.58501201 0.00069695
0.85204074 0.58518352 0.00069210
0.85331205 0.58534697 0.00068796
0.85459813 0.58550873 0.00068455
0.85586944 0.58567285 0.00068135
0.85714075 0.58584211 0.00067795
0.85842683 0.58601950 0.00067420
0.85969814 0.58620705 0.00066999
0.86096944 0.58640570 0.00066542
0.86225553 0.58661489 0.00066075
0.86352684 0.58683128 0.00065619
0.86479814 0.58704643 0.00065131
0.86608423 0.58725190 0.00064550
0.86735554 0.58744212 0.00063837
0.86862684 0.58761519 0.00063046
0.86991293 0.58777358 0.00062327
0.87118424 0.58792140 0.00061806
0.87245554 0.58806333 0.00061531
0.87374163 0.58820523 0.00061474
0.87501293 0.58835283 0.00061527
0.87628424 0.58851144 0.00061547
0.87757033 0.58868605 0.00061418
0.87884163 0.58888007 0.00061045
0.88011294 0.58909535 0.00060409
0.88138424 0.58933176 0.00059569
0.88267033 0.58958768 0.00058638
0.88394164 0.58986046 0.00057758
0.88521294 0.59014676 0.00057058
0.88649903 0.59044313 0.00056624
0.88777034 0.59074507 0.00056452
0.88904164 0.59104808 0.00056442
0.89032773 0.59134900 0.00056493
0.89159904 0.59164619 0.00056564
0.89287034 0.59193819 0.00056637
0.89415643 0.59222269 0.00056668
0.89542774 0.59249800 0.00056627
0.89669904 0.59276387 0.00056512
0.89797035 0.59302134 0.00056339
0.89925643 0.59327224 0.00056143
0.90052774 0.59351870 0.00055955
0.90179905 0.59376261 0.00055787
0.90308513 0.59400593 0.00055672
0.90435644 0.59425076 0.00055648
0.90562774 0.59449939 0.00055769
0.90691383 0.59475383 0.00056090
0.90818514 0.59501594 0.00056675
0.90945644 0.59528651 0.00057558
0.91072775 0.59556528 0.00058748
0.91201384 0.59585056 0.00060198
0.91328514 0.59613789 0.00061720
0.91455645 0.59642338 0.00063186
0.91582775 0.59670328 0.00064467
0.91711384 0.59697342 0.00065413
0.91838515 0.59723008 0.00065902
0.91965645 0.59747062 0.00065853
0.92094254 0.59769355 0.00065223
0.92221385 0.59789953 0.00064040
0.92348515 0.59809442 0.00062567
0.92475646 0.59828469 0.00061075
0.92604254 0.59847581 0.00059771
0.92731385 0.59867122 0.00058766
0.92858516 0.59887140 0.00058021
0.92985646 0.59907620 0.00057483
0.93114255 0.59928532 0.00057094
0.93241385 0.59949879 0.00056832
0.93368516 0.59971571 0.00056612
0.93495647 0.59993409 0.00056301
0.93624255 0.60015164 0.00055757
0.93751386 0.60036530 0.00054844
0.93878516 0.60057131 0.00053487
0.94005647 0.60076446 0.00051545
0.94134256 0.60094211 0.00049009
0.94261386 0.60110803 0.00046179
0.94388517 0.60126855 0.00043393
0.94515647 0.60142865 0.00040846
0.94644256 0.60159136 0.00038605
0.94771387 0.60175926 0.00036718
0.94898517 0.60193497 0.00035211
0.95025648 0.60212060 0.00034081
0.95154257 0.60231847 0.00033357
0.95281387 0.60253020 0.00033067
0.95408518 0.60275700 0.00033282
0.95535648 0.60299701 0.00034001
0.95664257 0.60324231 0.00034945
0.95791388 0.60348231 0.00035693
0.95918518 0.60370746 0.00035849
0.96045649 0.60391374 0.00035264
0.96174258 0.60410371 0.00034110
0.96301388 0.60428235 0.00032647
0.96428519 0.60445416 0.00031053
0.96555649 0.60462262 0.00029469
0.96682780 0.60479163 0.00028053
0.96811389 0.60496529 0.00026919
0.96938519 0.60514674 0.00026120
0.97065650 0.60533788 0.00025651
0.97192780 0.60553946 0.00025497
0.97321389 0.60575116 0.00025644
0.97448520 0.60597205 0.00026109
0.97575650 0.60620040 0.00026901
0.97702781 0.60643274 0.00027933
0.97829911 0.60666549 0.00029098
0.97958520 0.60689501 0.00030261
0.98085651 0.60711841 0.00031294
0.98212781 0.60733459 0.00032144
0.98339912 0.60754368 0.00032801
0.98468520 0.60774720 0.00033329
0.98595651 0.60794669 0.00033783
0.98722781 0.60814380 0.00034216
0.98849912 0.60834047 0.00034702
0.98977043 0.60853861 0.00035315
0.99105651 0.60873985 0.00036122
0.99232782 0.60894502 0.00037145
0.99359912 0.60915442 0.00038381
0.99487043 0.60936822 0.00039820
0.99614174 0.60958721 0.00041502
0.99742782 0.60981282 0.00043513
0.99869913 0.61004632 0.00045941
0.99997043 0.61028787 0.00048809
1.00124174 0.61053564 0.00052015
1.00251305 0.61078756 0.00055449
1.00378435 0.61104170 0.00059009
1.00507044 0.61129654 0.00062618
1.00634174 0.61155155 0.00066258
1.00761305 0.61180650 0.00069926
1.00888436 0.61206124 0.00073615
1.01015566 0.61231553 0.00077312
1.01144175 0.61256910 0.00081003
1.01271305 0.61282148 0.00084654
1.01398436 0.61307213 0.00088232
1.01525567 0.61332045 0.00091698
1.01652697 0.61356563 0.00094999
1.01779828 0.61380672 0.00098072
1.01908436 0.61404291 0.00100862
1.02035567 0.61427415 0.00103370
1.02162698 0.61450185 0.00105687
1.02289828 0.61472876 0.00107998
1.02416959 0.61495815 0.00110513
1.02545567 0.61519263 0.00113397
1.02672698 0.61543317 0.00116710
1.02799829 0.61567904 0.00120399
1.02926959 0.61592862 0.00124355
1.03054090 0.61618032 0.00128472
1.03181220 0.61643268 0.00132661
1.03309829 0.61668379 0.00136796
1.03436960 0.61693171 0.00140758
1.03564090 0.61717451 0.00144426
1.03691221 0.61741092 0.00147718
1.03818351 0.61764116 0.00150654
1.03945482 0.61786555 0.00153255
1.04072612 0.61808437 0.00155537
1.04201221 0.61829807 0.00157522
1.04328352 0.61850689 0.00159224
1.04455482 0.61871123 0.00160664
1.04582613 0.61891205 0.00161902
1.04709743 0.61911091 0.00163043
1.04836874 0.61930950 0.00164200
1.04965483 0.61950914 0.00165465
1.05092613 0.61971063 0.00166898
1.05219744 0.61991411 0.00168508
1.05346874 0.62011853 0.00170236
1.05474005 0.62032207 0.00171966
1.05601135 0.62052250 0.00173554
1.05728266 0.62071686 0.00174812
1.05856875 0.62090225 0.00175555
1.05984005 0.62107593 0.00175609
1.06111136 0.62123660 0.00174894
1.06238266 0.62138588 0.00173516
1.06365397 0.62152522 0.00171568
1.06492527 0.62165570 0.00169116
1.06619658 0.62177850 0.00166234
1.06746788 0.62189497 0.00163008
1.06875397 0.62200764 0.00159604
1.07002528 0.62211946 0.00156222
1.07129658 0.62223342 0.00153058
1.07256789 0.62235198 0.00150276
1.07383919 0.62247715 0.00148006
1.07511050 0.62261031 0.00146336
1.07638181 0.62275205 0.00145298
1.07766789 0.62290064 0.00144765
1.07893920 0.62305088 0.00144381
1.08021050 0.62319583 0.00143679
1.08148181 0.62333058 0.00142343
1.08275312 0.62345481 0.00140367
1.08402442 0.62357095 0.00137928
1.08529573 0.62368179 0.00135215
1.08656703 0.62378857 0.00132311
1.08783834 0.62389197 0.00129257
1.08912443 0.62399297 0.00126109
1.09039573 0.62409236 0.00122916
1.09166704 0.62419092 0.00119726
1.09293834 0.62428911 0.00116566
1.09420965 0.62438725 0.00113456
1.09548095 0.62448560 0.00110411
1.09675226 0.62458455 0.00107455
1.09802356 0.62468466 0.00104624
1.09930965 0.62478641 0.00101946
1.10058096 0.62489018 0.00099444
1.10185226 0.62499614 0.00097123
1.10312357 0.62510421 0.00094973
1.10439487 0.62521442 0.00092993
1.10566618 0.62532685 0.00091187
1.10693748 0.62544153 0.00089556
1.10820879 0.62555839 0.00088095
1.10948010 0.62567717 0.00086789
1.11075140 0.62579739 0.00085608
1.11203749 0.62591835 0.00084508
1.11330879 0.62603925 0.00083436
1.11458010 0.62615925 0.00082339
1.11585141 0.62627757 0.00081162
1.11712271 0.62639333 0.00079848
1.11839402 0.62650611 0.00078350
1.11966532 0.62661683 0.00076722
1.12093663 0.62672834 0.00075139
1.12220793 0.62684646 0.00073970
1.12347924 0.62697880 0.00073693
1.12475054 0.62713044 0.00074620
1.12603663 0.62730061 0.00076690
1.12730794 0.62748319 0.00079513
1.12857924 0.62767038 0.00082620
1.12985055 0.62785377 0.00085551
1.13112185 0.62802516 0.00087870
1.13239316 0.62817561 0.00089080
1.13366446 0.62829590 0.00088617
1.13493577 0.62838084 0.00086155
1.13620707 0.62842709 0.00081361
1.13747838 0.62843631 0.00074591
1.13874969 0.62841748 0.00066612
1.14002099 0.62839015 0.00058913
1.14130708 0.62837334 0.00052608
1.14257838 0.62837506 0.00047734
1.14384969 0.62840148 0.00044336
1.14512100 0.62845576 0.00042213
1.14639230 0.62853395 0.00041020
1.14766361 0.62862378 0.00040364
1.14893491 0.62872088 0.00039869
1.15020622 0.62883335 0.00039694
1.15147752 0.62897190 0.00040258
1.15274883 0.62914206 0.00041751
1.15402013 0.62935235 0.00044206
1.15529144 0.62955159 0.00046658
1.15656274 0.62973325 0.00049356
1.15783405 0.62991826 0.00052290
1.15912014 0.63010633 0.00055447
1.16039144 0.63029715 0.00058809
1.16166275 0.63049042 0.00062357
1.16293405 0.63068580 0.00066073
1.16420536 0.63088292 0.00069932
1.16547667 0.63108143 0.00073913
1.16674797 0.63128093 0.00077993
1.16801928 0.63148102 0.00082146
1.16929058 0.63168130 0.00086347
1.17056189 0.63188132 0.00090572
1.17183319 0.63208066 0.00094796
1.17310450 0.63227886 0.00098990
1.17437580 0.63247546 0.00103131
1.17564711 0.63267000 0.00107190
1.17691841 0.63286199 0.00111143
1.17818972 0.63305095 0.00114961
1.17946103 0.63323641 0.00118620
1.18074711 0.63341786 0.00122091
1.18201842 0.63359481 0.00125349
1.18328972 0.63376678 0.00128369
1.18456103 0.63393326 0.00131123
1.18583234 0.63409377 0.00133588
1.18710364 0.63424782 0.00135738
1.18837495 0.63439494 0.00137550
1.18964625 0.63453464 0.00138999
1.19091756 0.63466647 0.00140064
1.19218886 0.63478998 0.00140723
1.19346017 0.63490471 0.00140957
1.19473147 0.63501025 0.00140746
1.19600278 0.63510620 0.00140072
1.19727408 0.63519215 0.00138921
1.19854539 0.63526774 0.00137278
1.19981670 0.63533264 0.00135133
1.20108800 0.63538650 0.00132476
1.20235931 0.63542905 0.00129303
1.20363061 0.63546002 0.00125610
1.20490192 0.63547917 0.00121401
1.20617322 0.63548631 0.00116683
1.20744453 0.63548129 0.00111470
1.20873062 0.63546397 0.00105787
1.21000192 0.63543427 0.00099669
1.21127323 0.63539217 0.00093167
1.21254453 0.63533767 0.00086355
1.21381584 0.63527084 0.00079344
1.21508714 0.63519178 0.00072293
1.21635845 0.63510068 0.00065445
1.21762975 0.63499774 0.00059154
1.21890106 0.63488326 0.00053937
1.22017237 0.63475759 0.00050466
1.22144367 0.63462115 0.00049448
1.22271498 0.63447443 0.00051337
1.22398628 0.63431798 0.00056095
1.22525759 0.63415244 0.00063280
1.22652889 0.63397852 0.00072319
1.22780020 0.63379703 0.00082705
1.22907150 0.63360885 0.00094048
1.23034281 0.63341494 0.00106057
1.23161411 0.63321638 0.00118512
1.23288542 0.63301432 0.00131237
1.23415673 0.63281002 0.00144081
1.23542803 0.63260484 0.00156912
1.23669934 0.63240026 0.00169604
1.23797064 0.63219785 0.00182036
1.23924195 0.63199930 0.00194087
1.24051325 0.63180642 0.00205635
1.24178456 0.63162115 0.00216556
1.24305586 0.63144554 0.00226722
1.24432717 0.63128177 0.00236002
1.24559847 0.63113216 0.00244258
1.24686978 0.63099917 0.00251351
1.24814109 0.63088540 0.00257136
1.24941239 0.63079358 0.00261467
1.25068370 0.63072660 0.00264193
1.25195500 0.63068750 0.00265166
1.25322631 0.63067950 0.00264239
1.25449761 0.63070594 0.00261274
1.25576892 0.63077037 0.00256149
1.25704022 0.63087647 0.00248767
1.25831153 0.63102812 0.00239084
1.25958283 0.63122938 0.00227135
1.26085414 0.63148449 0.00213104
1.26212545 0.63179787 0.00197427
1.26339675 0.63217415 0.00180999
1.26466806 0.63261813 0.00165515
1.26593936 0.63313485 0.00153926
1.26721067 0.63372953 0.00150597
1.26848197 0.63440762 0.00160074
1.26975328 0.63517476 0.00184608
1.27102458 0.63603685 0.00223447
1.27229589 0.63700000 0.00274634
1.27356719 0.63807054 0.00336517
1.27483850 0.63925505 0.00408107
1.27610981 0.64056035 0.00488933
1.27738111 0.64199352 0.00578861
1.27865242 0.64356187 0.00677970
1.27992372 0.64527298 0.00786472
1.28119503 0.64713470 0.00904671
-0.96316762 0.64186063 0.00698308
-0.96189631 0.63969733 0.00717123
-0.96062353 0.63901370 0.00686681
-0.95934927 0.63847549 0.00677873
-0.95807353 0.63781417 0.00654055
-0.95679779 0.63658676 0.00599894
-0.95551909 0.63434750 0.00471314
-0.95423744 0.62972149 0.00154671
-0.95295431 0.61742973 0.00488784
-0.95167118 0.60138397 0.00868872
-0.95038804 0.60003043 0.00800326
-0.94910048 0.61483926 0.00602425
-0.94781143 0.62954007 0.00494273
-0.94651943 0.63861138 0.00429835
-0.94522743 0.64473589 0.00388157
-0.94393247 0.64931103 0.00350490
-0.94263604 0.65347456 0.00321421
-0.94133960 0.65747898 0.00296252
-0.94004021 0.66142834 0.00274288
-0.93873934 0.66521138 0.00256211
-0.93743699 0.66876794 0.00240864
-0.93613316 0.67210290 0.00227442
-0.93482786 0.67525273 0.00215543
-0.93351959 0.67823833 0.00204883
-0.93221133 0.68108293 0.00195204
-0.93090011 0.68380418 0.00186408
-0.92958890 0.68641765 0.00178354
-0.92827472 0.68893635 0.00170960
-0.92695907 0.69137120 0.00164161
-0.92564341 0.69373101 0.00157881
-0.92432480 0.69602393 0.00152064
-0.92300472 0.69825528 0.00146597
-0.92168315 0.70043438 0.00141871
-0.92036010 0.70255981 0.00136901
-0.91903410 0.70463415 0.00132299
-0.91770810 0.70666202 0.00128383
-0.91638062 0.70863182 0.00123889
-0.91505167 0.71054123 0.00119910
-0.91371975 0.71240418 0.00116033
-0.91238784 0.71423461 0.00112247
-0.91105297 0.71604878 0.00108793
-0.90971810 0.71783972 0.00105312
-0.90838027 0.71961672 0.00102215
-0.90704096 0.72137515 0.00099406
-0.90570166 0.72311498 0.00096663
-0.90435940 0.72484553 0.00094241
-0.90301565 0.72655749 0.00091547
-0.90167044 0.72825319 0.00089174
-0.90032374 0.72994193 0.00086827
-0.89897556 0.73161440 0.00084795
-0.89762591 0.73327526 0.00082503
-0.89627478 0.73492683 0.00080802
-0.89492217 0.73656678 0.00078564
-0.89356808 0.73819744 0.00076898
-0.89221251 0.73981882 0.00075268
-0.89085547 0.74143322 0.00073341
-0.88949695 0.74304065 0.00071756
-0.88813547 0.74463647 0.00070164
-0.88677399 0.74622532 0.00068591
-0.88541103 0.74781185 0.00067297
-0.88404659 0.74938676 0.00065764
-0.88267920 0.75095935 0.00064505
-0.88131181 0.75252497 0.00063263
-0.87994294 0.75408362 0.00062040
-0.87857259 0.75563995 0.00060914
-0.87719928 0.75718699 0.00059655
-0.87582598 0.75873171 0.00058495
-0.87445120 0.76027410 0.00057584
-0.87307345 0.76180720 0.00056368
-0.87169571 0.76334030 0.00055707
-0.87031650 0.76486643 0.00054517
-0.86893580 0.76639024 0.00053458
-0.86755215 0.76790941 0.00052836
-0.86616849 0.76942625 0.00051901
-0.86478336 0.77094077 0.00051104
-0.86339675 0.77244832 0.00050330
-0.86200866 0.77395587 0.00049624
-0.86061762 0.77545877 0.00048738
-0.85922657 0.77695935 0.00048016
-0.85783405 0.77845761 0.00047490
-0.85644005 0.77995354 0.00046651
-0.85504457 0.78144715 0.00045991
-0.85364761 0.78293844 0.00045506
-0.85224918 0.78442741 0.00044709
-0.85084926 0.78591405 0.00044078
-0.84944787 0.78740070 0.00043456
-0.84804648 0.78888269 0.00043169
-0.84664213 0.79036469 0.00042428
-0.84523630 0.79184437 0.00041836
-0.84382899 0.79332404 0.00041255
-0.84242169 0.79480372 0.00040683
-0.84101143 0.79628107 0.00040239
-0.83960116 0.79776307 0.00039474
-0.83818795 0.79924274 0.00039360
-0.83677473 0.80072242 0.00038818
-0.83536003 0.80220441 0.00038068
-0.83394238 0.80368641 0.00037747
-0.83252472 0.80517073 0.00037324
-0.83110559 0.80665505 0.00036905
-0.82968498 0.80814170 0.00036265
-0.82826289 0.80963066 0.00035945
-0.82684081 0.81111731 0.00035306
-0.82541576 0.81259930 0.00034987
-0.82398924 0.81408130 0.00034668
-0.82256272 0.81556330 0.00034349
-0.82113324 0.81703833 0.00034030
-0.81970376 0.81850639 0.00033711
-0.81827280 0.81996748 0.00033393
-0.81684036 0.82141928 0.00033164
-0.81540645 0.82286179 0.00033164
-0.81397106 0.82428804 0.00032846
-0.81253418 0.82570267 0.00032846
-0.81109584 0.82709872 0.00032757
-0.80965749 0.82847619 0.00032439
-0.80821618 0.82983740 0.00032354
-0.80677488 0.83117770 0.00032272
-0.80533209 0.83249710 0.00032193
-0.80388783 0.83380023 0.00031804
-0.80244209 0.83508479 0.00031733
-0.80099487 0.83635075 0.00031600
-0.79954765 0.83759814 0.00031229
-0.79809748 0.83883391 0.00031172
-0.79664730 0.84005575 0.00030762
-0.79519565 0.84126597 0.00030674
-0.79374252 0.84247154 0.00030335
-0.79228791 0.84366551 0.00029973
-0.79083182 0.84485714 0.00029653
-0.78937573 0.84604181 0.00029340
-0.78791669 0.84723345 0.00029035
-0.78645764 0.84841812 0.00028738
-0.78499712 0.84960279 0.00028449
-0.78353512 0.85079210 0.00028165
-0.78207164 0.85198839 0.00027608
-0.78060816 0.85318699 0.00027039
-0.77914320 0.85439721 0.00026761
-0.77767528 0.85561440 0.00026483
-0.77620885 0.85683856 0.00025638
-0.77473946 0.85806969 0.00025623
-0.77326859 0.85930314 0.00025055
-0.77179771 0.86054123 0.00024475
-0.77032537 0.86178165 0.00024475
-0.76885154 0.86301742 0.00023897
-0.76737623 0.86425087 0.00023897
-0.76590093 0.86547503 0.00023331
-0.76442266 0.86669454 0.00023059
-0.76294440 0.86790476 0.00023073
-0.76146466 0.86909872 0.00022797
-0.75998492 0.87028107 0.00022819
-0.75850222 0.87144715 0.00022547
-0.75701953 0.87259233 0.00022278
-0.75553535 0.87371661 0.00022576
-0.75405118 0.87481998 0.00022309
-0.75256405 0.87590012 0.00022309
-0.75107691 0.87695935 0.00022309
-0.74958830 0.87799303 0.00022278
-0.74809822 0.87900813 0.00021980
-0.74660813 0.88000000 0.00021956
-0.74511656 0.88097096 0.00021936
-0.74362352 0.88192334 0.00022212
-0.74212899 0.88285947 0.00021631
-0.74063447 0.88378397 0.00021622
-0.73913847 0.88469919 0.00021624
-0.73764099 0.88560279 0.00021343
-0.73614351 0.88650174 0.00021076
-0.73464307 0.88739373 0.00020821
-0.73314412 0.88829036 0.00020549
-0.73164220 0.88918467 0.00020012
-0.73014029 0.89008595 0.00019713
-0.72863542 0.89098955 0.00019446
-0.72713202 0.89190708 0.00018848
-0.72562567 0.89283624 0.00018551
-0.72411933 0.89377700 0.00018551
-0.72261150 0.89472474 0.00018551
-0.72110367 0.89565854 0.00018551
-0.71959436 0.89656911 0.00018528
-0.71808358 0.89746109 0.00018528
-0.71657132 0.89832985 0.00018255
-0.71505906 0.89918699 0.00018255
-0.71354532 0.90003020 0.00018255
-0.71203158 0.90086411 0.00017984
-0.71051488 0.90168873 0.00017687
-0.70899966 0.90250407 0.00017687
-0.70748148 0.90331010 0.00017417
-0.70596331 0.90411150 0.00017417
-0.70444366 0.90490360 0.00017148
-0.70292400 0.90568873 0.00016882
-0.70140287 0.90646922 0.00016882
-0.69988026 0.90724506 0.00016920
-0.69835765 0.90801161 0.00016920
-0.69683356 0.90877584 0.00016660
-0.69530800 0.90953078 0.00016356
-0.69378243 0.91028339 0.00016356
-0.69225538 0.91103136 0.00016402
-0.69072834 0.91177236 0.00016097
-0.68919982 0.91250871 0.00015840
-0.68766982 0.91324274 0.00015534
-0.68613981 0.91396980 0.00015586
-0.68460833 0.91469454 0.00015586
-0.68307685 0.91540999 0.00015335
-0.68154390 0.91612311 0.00015025
-0.68001094 0.91683391 0.00015025
-0.67847650 0.91753775 0.00015025
-0.67694059 0.91823693 0.00014717
-0.67540467 0.91893148 0.00014465
-0.67386728 0.91962137 0.00014465
-0.67232841 0.92030662 0.00014156
-0.67078954 0.92098722 0.00013906
-0.66925067 0.92166086 0.00013848
-0.66771032 0.92232985 0.00013848
-0.66616849 0.92299652 0.00013596
-0.66462666 0.92365621 0.00013541
-0.66308484 0.92430894 0.00013287
-0.66154005 0.92495935 0.00012979
-0.65999675 0.92560046 0.00012979
-0.65845049 0.92623926 0.00012929
-0.65690570 0.92686876 0.00012979
-0.65535796 0.92749129 0.00012672
-0.65381022 0.92810918 0.00012625
-0.65226248 0.92871777 0.00012672
-0.65071326 0.92931707 0.00012672
-0.64916404 0.92990941 0.00012672
-0.64761335 0.93049013 0.00012366
-0.64606265 0.93105923 0.00012672
-0.64451047 0.93161672 0.00012479
-0.64295830 0.93216260 0.00012168
-0.64140464 0.93270616 0.00012168
-0.63985099 0.93325203 0.00011858
-0.63829586 0.93380023 0.00011610
-0.63674073 0.93434611 0.00011679
-0.63518412 0.93489199 0.00011366
-0.63362751 0.93543786 0.00011053
-0.63207090 0.93598142 0.00011053
-0.63051133 0.93652497 0.00011053
-0.62895324 0.93706156 0.00011053
-0.62739368 0.93759350 0.00010741
-0.62583411 0.93812311 0.00010741
-0.62427306 0.93864808 0.00010430
-0.62271202 0.93917073 0.00010430
-0.62114950 0.93968641 0.00010430
-0.61958697 0.94019744 0.00010120
-0.61802445 0.94070616 0.00010120
-0.61646045 0.94120557 0.00010066
-0.61489497 0.94170035 0.00010066
-0.61333097 0.94219280 0.00009811
-0.61176401 0.94267828 0.00009762
-0.61019853 0.94315679 0.00009504
-0.60863157 0.94363066 0.00009504
-0.60706461 0.94409988 0.00009198
-0.60549618 0.94456214 0.00009458
-0.60392774 0.94501974 0.00009198
-0.60235783 0.94547271 0.00009198
-0.60078939 0.94592102 0.00008894
-0.59921800 0.94636237 0.00009157
-0.59764808 0.94679907 0.00008894
-0.59607669 0.94722880 0.00008857
-0.59450530 0.94765389 0.00008857
-0.59293243 0.94807433 0.00008894
-0.59135956 0.94848780 0.00008592
-0.58978669 0.94889895 0.00008592
-0.58821234 0.94930314 0.00008592
-0.58663799 0.94970499 0.00008330
-0.58506364 0.95010221 0.00008330
-0.58348781 0.95049245 0.00008330
-0.58191198 0.95087573 0.00008330
-0.58033616 0.95125900 0.00008330
-0.57875885 0.95163995 0.00008073
-0.57718302 0.95201626 0.00008073
-0.57560424 0.95238560 0.00008073
-0.57402693 0.95275494 0.00008073
-0.57244815 0.95311731 0.00008073
-0.57086937 0.95347735 0.00007822
-0.56929058 0.95383740 0.00007767
-0.56771032 0.95419048 0.00007513
-0.56613006 0.95454588 0.00007513
-0.56454980 0.95489431 0.00007513
-0.56296805 0.95524274 0.00007513
-0.56138779 0.95559117 0.00007513
-0.55980605 0.95593728 0.00007264
-0.55822283 0.95628107 0.00006953
-0.55664109 0.95662253 0.00006953
-0.55505787 0.95696864 0.00006899
-0.55347466 0.95731475 0.00006644
-0.55189144 0.95766086 0.00006595
-0.55030822 0.95800465 0.00006293
-0.54872352 0.95835540 0.00006562
-0.54713882 0.95870616 0.00006267
-0.54555413 0.95905691 0.00006545
-0.54396943 0.95939605 0.00006267
-0.54238325 0.95972125 0.00006259
-0.54079708 0.96003949 0.00006545
-0.53921090 0.96034843 0.00006259
-0.53762473 0.96065273 0.00006545
-0.53603855 0.96094774 0.00006259
-0.53445090 0.96124042 0.00006259
-0.53286472 0.96152846 0.00005977
-0.53127707 0.96181185 0.00006259
-0.52968942 0.96209292 0.00005977
-0.52810029 0.96236934 0.00006259
-0.52651263 0.96264576 0.00005977
-0.52492498 0.96291754 0.00005977
-0.52333585 0.96318467 0.00005690
-0.52174671 0.96344948 0.00005690
-0.52015758 0.96371429 0.00005690
-0.51856845 0.96397677 0.00005977
-0.51697932 0.96423693 0.00005690
-0.51538871 0.96449477 0.00005690
-0.51379958 0.96474797 0.00005408
-0.51220897 0.96500116 0.00005408
-0.51061836 0.96525203 0.00005408
-0.50902775 0.96550290 0.00005408
-0.50743714 0.96575145 0.00005408
-0.50584653 0.96599535 0.00005408
-0.50425592 0.96623926 0.00005408
-0.50266383 0.96648316 0.00005408
-0.50107322 0.96672242 0.00005131
-0.49948261 0.96696167 0.00005121
-0.49789052 0.96719861 0.00005121
-0.49629843 0.96743322 0.00005131
-0.49470782 0.96766551 0.00004861
-0.49311573 0.96789547 0.00004861
-0.49152364 0.96812544 0.00004861
-0.48993156 0.96835540 0.00004861
-0.48833947 0.96857840 0.00004861
-0.48674738 0.96879907 0.00004906
-0.48515529 0.96901742 0.00004861
-0.48356320 0.96923810 0.00004906
-0.48196964 0.96944948 0.00004861
-0.48037755 0.96966318 0.00004906
-0.47878546 0.96987224 0.00004906
-0.47719337 0.97007433 0.00004906
-0.47559980 0.97027642 0.00004906
-0.47400772 0.97047154 0.00004906
-0.47241563 0.97066434 0.00005163
-0.47082206 0.97085250 0.00005163
-0.46922997 0.97103368 0.00005163
-0.46763788 0.97120790 0.00005163
-0.46604432 0.97137979 0.00004861
-0.46445223 0.97154936 0.00004599
-0.46286014 0.97172125 0.00004861
-0.46126658 0.97189315 0.00004564
-0.45967449 0.97206736 0.00004564
-0.45808240 0.97224158 0.00004564
-0.45649031 0.97241580 0.00004564
-0.45489822 0.97258537 0.00004296
-0.45330613 0.97275958 0.00004296
-0.45171257 0.97293148 0.00004564
-0.45012048 0.97310105 0.00004296
-0.44852839 0.97327294 0.00004564
-0.44693778 0.97344251 0.00004296
-0.44534569 0.97360976 0.00004296
-0.44375360 0.97377468 0.00004564
-0.44216151 0.97393728 0.00004296
-0.44057090 0.97410453 0.00004296
-0.43897882 0.97426481 0.00004296
-0.43738821 0.97442509 0.00004296
-0.43579612 0.97458537 0.00004296
-0.43420551 0.97474100 0.00004037
-0.43261490 0.97489663 0.00004346
-0.43102429 0.97505226 0.00004296
-0.42943368 0.97520325 0.00004346
-0.42784307 0.97535424 0.00004037
-0.42625394 0.97550523 0.00004296
-0.42466333 0.97565389 0.00004037
-0.42307419 0.97580023 0.00004037
-0.42148358 0.97594657 0.00004037
-0.41989445 0.97608595 0.00004037
-0.41830532 0.97623229 0.00004037
-0.41671619 0.97637166 0.00004037
-0.41512853 0.97651103 0.00004037
-0.41353940 0.97664344 0.00004037
-0.41195175 0.97678281 0.00004037
-0.41036262 0.97691521 0.00004037
-0.40877496 0.97704762 0.00004037
-0.40718731 0.97718002 0.00004037
-0.40560114 0.97731010 0.00004103
-0.40401348 0.97743786 0.00004037
-0.40242731 0.97756330 0.00004037
-0.40084113 0.97768873 0.00004037
-0.39925496 0.97781417 0.00004037
-0.39766878 0.97793264 0.00004037
-0.39608261 0.97805807 0.00004037
-0.39449791 0.97817654 0.00004037
-0.39291321 0.97829501 0.00004037
-0.39132851 0.97840883 0.00003789
-0.38974382 0.97852497 0.00004037
-0.38816060 0.97863879 0.00003789
-0.38657738 0.97875261 0.00003731
-0.38499416 0.97886411 0.00003731
-0.38341094 0.97897561 0.00003731
-0.38182920 0.97908246 0.00004037
-0.38024598 0.97919164 0.00003731
-0.37866424 0.97929849 0.00004037
-0.37708398 0.97940302 0.00004037
-0.37550224 0.97950755 0.00004037
-0.37392198 0.97960976 0.00003731
-0.37234172 0.97971196 0.00003996
-0.37076145 0.97981185 0.00003731
-0.36918267 0.97991173 0.00003702
-0.36760388 0.98001161 0.00003996
-0.36602510 0.98011150 0.00003731
-0.36444780 0.98020906 0.00003731
-0.36286901 0.98030894 0.00003702
-0.36129171 0.98040650 0.00003702
-0.35971588 0.98050407 0.00003702
-0.35814005 0.98059930 0.00003731
-0.35656422 0.98069686 0.00003731
-0.35498840 0.98078978 0.00003702
-0.35341405 0.98088734 0.00003702
-0.35183970 0.98097793 0.00003702
-0.35026535 0.98107317 0.00003731
-0.34869248 0.98116609 0.00003702
-0.34711961 0.98125668 0.00003702
-0.34554674 0.98134727 0.00003702
-0.34397534 0.98143786 0.00003702
-0.34240395 0.98152846 0.00003702
-0.34083256 0.98161440 0.00003702
-0.33926264 0.98170267 0.00003702
-0.33769273 0.98178862 0.00003702
-0.33612429 0.98187689 0.00003702
-0.33455586 0.98196051 0.00003702
-0.33298742 0.98204646 0.00003702
-0.33142046 0.98213008 0.00003702
-0.32985350 0.98221370 0.00003702
-0.32828655 0.98229501 0.00003702
-0.32672107 0.98237398 0.00003702
-0.32515559 0.98245761 0.00003702
-0.32359159 0.98253426 0.00003702
-0.32202758 0.98261324 0.00003731
-0.32046358 0.98269454 0.00003702
-0.31890106 0.98277120 0.00003702
-0.31734002 0.98284321 0.00003731
-0.31577749 0.98291986 0.00003731
-0.31421793 0.98299652 0.00003731
-0.31265688 0.98306620 0.00003731
-0.31109731 0.98313821 0.00003789
-0.30953923 0.98321022 0.00003477
-0.30798114 0.98327758 0.00003789
-0.30642305 0.98334727 0.00003789
-0.30486644 0.98341463 0.00003553
-0.30330983 0.98347967 0.00003789
-0.30175470 0.98354704 0.00003553
-0.30019957 0.98361672 0.00003553
-0.29864591 0.98368641 0.00003553
-0.29709226 0.98376074 0.00003334
-0.29554008 0.98383275 0.00003553
-0.29398791 0.98390941 0.00003553
-0.29243721 0.98398374 0.00003334
-0.29088651 0.98406039 0.00003334
-0.28933730 0.98413937 0.00003553
-0.28778808 0.98421835 0.00003658
-0.28623886 0.98429733 0.00003334
-0.28469112 0.98437398 0.00003334
-0.28314485 0.98445528 0.00003658
-0.28159859 0.98453426 0.00003334
-0.28005381 0.98461324 0.00003461
-0.27850902 0.98469454 0.00003334
-0.27696572 0.98477352 0.00003461
-0.27542241 0.98485482 0.00003334
-0.27388059 0.98493380 0.00003461
-0.27234024 0.98501510 0.00003334
-0.27079989 0.98509408 0.00003461
-0.26925954 0.98517538 0.00003334
-0.26772067 0.98525668 0.00003134
-0.26618327 0.98533566 0.00003334
-0.26464588 0.98541696 0.00003134
-0.26310997 0.98549593 0.00003334
-0.26157405 0.98557724 0.00003134
-0.26003962 0.98565854 0.00003011
-0.25850518 0.98573751 0.00003134
-0.25697222 0.98581882 0.00003011
-0.25544074 0.98590012 0.00002807
-0.25390926 0.98598142 0.00003134
-0.25237926 0.98606272 0.00003011
-0.25084926 0.98614634 0.00003011
-0.24932074 0.98622764 0.00002807
-0.24779369 0.98631127 0.00002807
-0.24626665 0.98639489 0.00002807
-0.24474108 0.98648084 0.00003011
-0.24321552 0.98656678 0.00002689
-0.24169143 0.98665273 0.00002920
-0.24016882 0.98674100 0.00002689
-0.23864621 0.98682927 0.00002607
-0.23712508 0.98691986 0.00002607
-0.23560542 0.98700813 0.00002920
-0.23408577 0.98708943 0.00002689
-0.23256759 0.98716376 0.00003011
-0.23104942 0.98723113 0.00002920
-0.22953272 0.98729617 0.00003011
-0.22801750 0.98735656 0.00002920
-0.22650376 0.98741463 0.00003011
-0.22499002 0.98747503 0.00002807
-0.22347628 0.98753310 0.00003011
-0.22196550 0.98758885 0.00003011
-0.22045471 0.98764925 0.00002807
-0.21894541 0.98770499 0.00002807
-0.21743610 0.98776074 0.00002807
-0.21592827 0.98781649 0.00002807
-0.21442193 0.98787921 0.00002807
-0.21291705 0.98793496 0.00002807
-0.21141218 0.98799535 0.00002628
-0.20990879 0.98805343 0.00002807
-0.20840540 0.98811382 0.00002628
-0.20690496 0.98817422 0.00002957
-0.20540453 0.98823461 0.00002807
-0.20390557 0.98829501 0.00002628
-0.20240661 0.98835772 0.00002628
-0.20090913 0.98842044 0.00002628
-0.19941313 0.98848316 0.00002628
-0.19791861 0.98854588 0.00002628
-0.19642408 0.98861092 0.00002807
-0.19493104 0.98867828 0.00002628
-0.19343947 0.98874100 0.00002628
-0.19194791 0.98881069 0.00002628
-0.19045930 0.98887573 0.00002807
-0.18897069 0.98894309 0.00002628
-0.18748355 0.98901045 0.00002480
-0.18599642 0.98907549 0.00002628
-0.18451077 0.98914286 0.00002480
-0.18302659 0.98920557 0.00002480
-0.18154390 0.98927062 0.00002628
-0.18006268 0.98933798 0.00002480
-0.17858146 0.98940070 0.00002480
-0.17710172 0.98946341 0.00002480
-0.17562346 0.98952613 0.00002480
-0.17414667 0.98958885 0.00002480
-0.17266989 0.98965157 0.00002480
-0.17119606 0.98971661 0.00002628
-0.16972223 0.98977700 0.00002480
-0.16824841 0.98983972 0.00002480
-0.16677754 0.98990244 0.00002480
-0.16530667 0.98996516 0.00002480
-0.16383875 0.99002787 0.00002480
-0.16237084 0.99009059 0.00002480
-0.16090440 0.99015331 0.00002480
-0.15943796 0.99021603 0.00002480
-0.15797449 0.99027875 0.00002480
-0.15651101 0.99034146 0.00002480
-0.15504900 0.99040186 0.00002369
-0.15358848 0.99046458 0.00002369
-0.15212944 0.99052729 0.00002369
-0.15067039 0.99058769 0.00002689
-0.14921430 0.99065041 0.00002689
-0.14775822 0.99071312 0.00002689
-0.14630375 0.99077352 0.00002480
-0.14485062 0.99083624 0.00002480
-0.14339867 0.99089895 0.00002480
-0.14194791 0.99096167 0.00002480
-0.14049847 0.99102671 0.00002689
-0.13905022 0.99108943 0.00002689
-0.13760344 0.99115447 0.00002369
-0.13615770 0.99121719 0.00002369
-0.13471344 0.99127991 0.00002369
-0.13327021 0.99134262 0.00002369
-0.13182846 0.99140999 0.00002300
-0.13038804 0.99147503 0.00002369
-0.12894881 0.99153775 0.00002369
-0.12751090 0.99160511 0.00002300
-0.12607433 0.99167015 0.00002369
-0.12463893 0.99173751 0.00002300
-0.12320502 0.99180488 0.00002052
-0.12177229 0.99187224 0.00002369
-0.12034104 0.99194193 0.00002369
-0.11891096 0.99200929 0.00002300
-0.11748222 0.99207898 0.00002300
-0.11605496 0.99214866 0.00002300
-0.11462888 0.99222067 0.00002369
-0.11320413 0.99229268 0.00002052
-0.11178086 0.99236237 0.00002052
-0.11035892 0.99243670 0.00002369
-0.10893816 0.99250871 0.00002052
-0.10751888 0.99258072 0.00002300
-0.10610108 0.99265505 0.00002052
-0.10468446 0.99272474 0.00002052
-0.10326932 0.99279443 0.00002052
-0.10185551 0.99286411 0.00002052
-0.10044304 0.99293380 0.00002052
-0.09903203 0.99300581 0.00002300
-0.09762236 0.99307782 0.00001998
-0.09621417 0.99314983 0.00002052
-0.09480731 0.99322184 0.00002300
-0.09340178 0.99329384 0.00001998
-0.09199772 0.99336585 0.00002052
-0.09059500 0.99344019 0.00001998
-0.08919376 0.99351452 0.00001738
-0.08779384 0.99358885 0.00002052
-0.08639541 0.99366318 0.00001998
-0.08499845 0.99373751 0.00001738
-0.08360282 0.99381185 0.00002052
-0.08220867 0.99388618 0.00001998
-0.08081600 0.99396283 0.00001998
-0.07942466 0.99403717 0.00001738
-0.07803480 0.99411382 0.00001738
-0.07664641 0.99419048 0.00001738
-0.07525951 0.99426713 0.00001738
-0.07387393 0.99434379 0.00001738
-0.07248984 0.99442044 0.00001738
-0.07110722 0.99449710 0.00001738
-0.06972608 0.99456911 0.00001432
-0.06834642 0.99464344 0.00001738
-0.06696823 0.99472009 0.00001738
-0.06559138 0.99478978 0.00001738
-0.06421615 0.99485250 0.00001738
-0.06284240 0.99491521 0.00001738
-0.06146998 0.99497329 0.00001432
-0.06009919 0.99503368 0.00001738
-0.05872988 0.99509408 0.00001707
-0.05736204 0.99515679 0.00001707
-0.05599568 0.99521719 0.00001998
-0.05463080 0.99527991 0.00001998
-0.05326740 0.99534262 0.00001998
-0.05190548 0.99540534 0.00001998
-0.05054518 0.99547271 0.00001998
-0.04918636 0.99553775 0.00002300
-0.04782902 0.99561208 0.00001998
-0.04647316 0.99570267 0.00001998
-0.04511893 0.99583275 0.00002052
-0.04376617 0.99599768 0.00002300
-0.04241504 0.99616957 0.00002369
-0.04106524 0.99633682 0.00002369
-0.03971706 0.99649710 0.00002369
-0.03837051 0.99665505 0.00002052
-0.03702529 0.99680836 0.00002052
-0.03568185 0.99696400 0.00001998
-0.03433973 0.99712195 0.00002052
-0.03299939 0.99728223 0.00002052
-0.03166038 0.99744715 0.00002154
-0.03032315 0.99762137 0.00002154
-0.02898739 0.99782114 0.00002369
-0.02765326 0.99807201 0.00002807
-0.02632105 0.99837398 0.00003134
-0.02499002 0.99868293 0.00003461
-0.02366047 0.99896632 0.00003134
-0.02233255 0.99921719 0.00002628
-0.02100625 0.99942857 0.00002480
-0.01968143 0.99960279 0.00001971
-0.01835824 0.99974216 0.00001971
-0.01703653 0.99985134 0.00001643
-0.01571644 0.99993264 0.00001314
-0.01439801 0.99998839 0.00001314
-0.01308110 1.00001626 0.00001314
-0.01176578 1.00002323 0.00001314
-0.01045207 1.00000697 0.00000986
-0.00913993 0.99997213 0.00000986
-0.00782941 0.99991638 0.00000986
-0.00652048 0.99983508 0.00001314
-0.00521317 0.99972358 0.00001314
-0.00390746 0.99959117 0.00002300
-0.00260335 0.99938908 0.00002300
-0.00130087 0.99916609 0.00003789
-0.00000000 0.99870616 0.00001829
