# s/c   cf_mean    cf_std
0.00000000 0.00220755 0.00027675
0.00130087 0.00354727 0.00029604
0.00260174 0.00479320 0.00032277
0.00390261 0.00595064 0.00035615
0.00520348 0.00702475 0.00039550
0.00650435 0.00802047 0.00044023
0.00780522 0.00894258 0.00048985
0.00910609 0.00979569 0.00054391
0.01040697 0.01058422 0.00060202
0.01170784 0.01131244 0.00066382
0.01300871 0.01198444 0.00072898
0.01430958 0.01260418 0.00079718
0.01561045 0.01317542 0.00086814
0.01691132 0.01370181 0.00094159
0.01821219 0.01418683 0.00101726
0.01951306 0.01463381 0.00109493
0.02081393 0.01504595 0.00117436
0.02211480 0.01542630 0.00125536
0.02341567 0.01577778 0.00133773
0.02470176 0.01610319 0.00142129
0.02600263 0.01640519 0.00150589
0.02730350 0.01668630 0.00159138
0.02860437 0.01694895 0.00167762
0.02990524 0.01719542 0.00176449
0.03120611 0.01742789 0.00185189
0.03250698 0.01764844 0.00193973
0.03380786 0.01785901 0.00202791
0.03510873 0.01806146 0.00211637
0.03640960 0.01825753 0.00220505
0.03771047 0.01844887 0.00229390
0.03901134 0.01863703 0.00238288
0.04029743 0.01882346 0.00247196
0.04159830 0.01900953 0.00256111
0.04289917 0.01919650 0.00265033
0.04420004 0.01938556 0.00273961
0.04550091 0.01957783 0.00282895
0.04680178 0.01977431 0.00291837
0.04810265 0.01997596 0.00300787
0.04940352 0.02018366 0.00309749
0.05068961 0.02039818 0.00318726
0.05199048 0.02062027 0.00327720
0.05329135 0.02085059 0.00336736
0.05459222 0.02108972 0.00345778
0.05589309 0.02133820 0.00354852
0.05719396 0.02159651 0.00363962
0.05849483 0.02186505 0.00373114
0.05978092 0.02214419 0.00382315
0.06108179 0.02243424 0.00391570
0.06238266 0.02273544 0.00400887
0.06368353 0.02304801 0.00410271
0.06498440 0.02337211 0.00419730
0.06628528 0.02370785 0.00429271
0.06757136 0.02405530 0.00438901
0.06887223 0.02441451 0.00448628
0.07017310 0.02478546 0.00458459
0.07147398 0.02516812 0.00468401
0.07277485 0.02556242 0.00478462
0.07407572 0.02596824 0.00488650
0.07536180 0.02638546 0.00498972
0.07666268 0.02681390 0.00509435
0.07796355 0.02725339 0.00520046
0.07926442 0.02770370 0.00530813
0.08056529 0.02816460 0.00541743
0.08185138 0.02863582 0.00552843
0.08315225 0.02911710 0.00564119
0.08445312 0.02960813 0.00575578
0.08575399 0.03010860 0.00587227
0.08704008 0.03061819 0.00599071
0.08834095 0.03113656 0.00611117
0.08964182 0.03166335 0.00623370
0.09094269 0.03219820 0.00635835
0.09224356 0.03274075 0.00648517
0.09352965 0.03329062 0.00661422
0.09483052 0.03384742 0.00674553
0.09613139 0.03441077 0.00687914
0.09743226 0.03498027 0.00701510
0.09871835 0.03555554 0.00715344
0.10001922 0.03613617 0.00729418
0.10132009 0.03672178 0.00743736
0.10260618 0.03731196 0.00758299
0.10390705 0.03790634 0.00773110
0.10520792 0.03850453 0.00788169
0.10650879 0.03910613 0.00803478
0.10779488 0.03971079 0.00819037
0.10909575 0.04031812 0.00834847
0.11039662 0.04092776 0.00850907
0.11169749 0.04153936 0.00867217
0.11298358 0.04215258 0.00883775
0.11428445 0.04276707 0.00900580
0.11558532 0.04338252 0.00917630
0.11687141 0.04399861 0.00934922
0.11817228 0.04461503 0.00952453
0.11947315 0.04523151 0.00970221
0.12075924 0.04584776 0.00988221
0.12206011 0.04646352 0.01006449
0.12336098 0.04707854 0.01024901
0.12466185 0.04769259 0.01043572
0.12594794 0.04830546 0.01062455
0.12724881 0.04891694 0.01081546
0.12854968 0.04952684 0.01100838
0.12983577 0.05013332 0.01120287
0.13113664 0.05079541 0.01141114
0.13243751 0.05142268 0.01162741
0.13372359 0.05205412 0.01184554
0.13502447 0.05268954 0.01206236
0.13632534 0.05330886 0.01227979
0.13761142 0.05391148 0.01249788
0.13891229 0.05452724 0.01271160
0.14019838 0.05522406 0.01291813
0.14149925 0.05607376 0.01312278
0.14280012 0.05698950 0.01332297
0.14408621 0.05777847 0.01351943
0.14538708 0.05833454 0.01372596
0.14668795 0.05871508 0.01395460
0.14797404 0.05903224 0.01419617
0.14927491 0.05938363 0.01443584
0.15056100 0.05984993 0.01467016
0.15186187 0.06039153 0.01489620
0.15316274 0.06086670 0.01510931
0.15444883 0.06124799 0.01532019
0.15574970 0.06167628 0.01553871
0.15703579 0.06217918 0.01575430
0.15833666 0.06265990 0.01596559
0.15963753 0.06300640 0.01616953
0.16092362 0.06336779 0.01636668
0.16222449 0.06403485 0.01656246
0.16351058 0.06501882 0.01674197
0.16481145 0.06602512 0.01689264
0.16611232 0.06680320 0.01704161
0.16739841 0.06737053 0.01720968
0.16869928 0.06781056 0.01740044
0.16998537 0.06818708 0.01760849
0.17128624 0.06853820 0.01782133
0.17257232 0.06888394 0.01803472
0.17387319 0.06923861 0.01824464
0.17517407 0.06961567 0.01845017
0.17646015 0.07002560 0.01865054
0.17776102 0.07046891 0.01884517
0.17904711 0.07094327 0.01903476
0.18034798 0.07144422 0.01921951
0.18163407 0.07198509 0.01939896
0.18293494 0.07258456 0.01957239
0.18422103 0.07327353 0.01974199
0.18552190 0.07404517 0.01991392
0.18680799 0.07478997 0.02008349
0.18810886 0.07537144 0.02024267
0.18939495 0.07576436 0.02040424
0.19069582 0.07619736 0.02057400
0.19199669 0.07693594 0.02075507
0.19328278 0.07800570 0.02093097
0.19458365 0.07912684 0.02107924
0.19586974 0.08007434 0.02121533
0.19717061 0.08088251 0.02135502
0.19845669 0.08166251 0.02151551
0.19975757 0.08246973 0.02169470
0.20104365 0.08325656 0.02187728
0.20234452 0.08394025 0.02206081
0.20363061 0.08443979 0.02223842
0.20493148 0.08490689 0.02242823
0.20621757 0.08563272 0.02262900
0.20750366 0.08669337 0.02282319
0.20880453 0.08788511 0.02300910
0.21009062 0.08896109 0.02317800
0.21139149 0.08984707 0.02333566
0.21267758 0.09064678 0.02350741
0.21397845 0.09149317 0.02369805
0.21526454 0.09242983 0.02389303
0.21656541 0.09343470 0.02408792
0.21785149 0.09446790 0.02428003
0.21915236 0.09549430 0.02447169
0.22043845 0.09648504 0.02466438
0.22173932 0.09741570 0.02485812
0.22302541 0.09827521 0.02505047
0.22432628 0.09912416 0.02524587
0.22561237 0.10003708 0.02544533
0.22689846 0.10105218 0.02564929
0.22819933 0.10212092 0.02585384
0.22948542 0.10313973 0.02605250
0.23078629 0.10406647 0.02624546
0.23207238 0.10490946 0.02643742
0.23337325 0.10568720 0.02663339
0.23465933 0.10638658 0.02683404
0.23594542 0.10698226 0.02704047
0.23724629 0.10748218 0.02725250
0.23853238 0.10794034 0.02747024
0.23983325 0.10842788 0.02769155
0.24111934 0.10898066 0.02791061
0.24240543 0.10959232 0.02812630
0.24370630 0.11021158 0.02834003
0.24499239 0.11077136 0.02855240
0.24629326 0.11123893 0.02876568
0.24757935 0.11161937 0.02897631
0.24886543 0.11192796 0.02918200
0.25016630 0.11219620 0.02938552
0.25145239 0.11246431 0.02959201
0.25275326 0.11272685 0.02980121
0.25403935 0.11297110 0.03001279
0.25532544 0.11319820 0.03022652
0.25662631 0.11339594 0.03043675
0.25791240 0.11354281 0.03064230
0.25919849 0.11360870 0.03083424
0.26049936 0.11358755 0.03101376
0.26178545 0.11353463 0.03119561
0.26307153 0.11347435 0.03137737
0.26437240 0.11343337 0.03155714
0.26565849 0.11348470 0.03174627
0.26695936 0.11366705 0.03194224
0.26824545 0.11394760 0.03213268
0.26953154 0.11419376 0.03230723
0.27083241 0.11425560 0.03245579
0.27211850 0.11406781 0.03259329
0.27340459 0.11369420 0.03273659
0.27470546 0.11333533 0.03289823
0.27599154 0.11312723 0.03308464
0.27727763 0.11304427 0.03327488
0.27857850 0.11299247 0.03345378
0.27986459 0.11289072 0.03361173
0.28115068 0.11271619 0.03373592
0.28243677 0.11245036 0.03385343
0.28373764 0.11208606 0.03399143
0.28502373 0.11160208 0.03413854
0.28630981 0.11108922 0.03429535
0.28761068 0.11072945 0.03447363
0.28889677 0.11051476 0.03464276
0.29018286 0.11021103 0.03476736
0.29148373 0.10964800 0.03487395
0.29276982 0.10888921 0.03498299
0.29405591 0.10808748 0.03510051
0.29534200 0.10738840 0.03523202
0.29664287 0.10684386 0.03536850
0.29792895 0.10638725 0.03549923
0.29921504 0.10590069 0.03561733
0.30051591 0.10527722 0.03571760
0.30180200 0.10448808 0.03580564
0.30308809 0.10359327 0.03589361
0.30437418 0.10270894 0.03598501
0.30567505 0.10194524 0.03608076
0.30696114 0.10135292 0.03617150
0.30824722 0.10089773 0.03624895
0.30953331 0.10049508 0.03631742
0.31083418 0.10002862 0.03638012
0.31212027 0.09940042 0.03643592
0.31340636 0.09862668 0.03648081
0.31469245 0.09781161 0.03652250
0.31599332 0.09701149 0.03656624
0.31727941 0.09617838 0.03660719
0.31856549 0.09531548 0.03665389
0.31985158 0.09450704 0.03670558
0.32115245 0.09384202 0.03675921
0.32243854 0.09335629 0.03680955
0.32372463 0.09304866 0.03685767
0.32501072 0.09286850 0.03690452
0.32629681 0.09272330 0.03693984
0.32759768 0.09253051 0.03695738
0.32888376 0.09225452 0.03695861
0.33016985 0.09190425 0.03695606
0.33145594 0.09148889 0.03695153
0.33275681 0.09105769 0.03695233
0.33404290 0.09068129 0.03697164
0.33532899 0.09037591 0.03700505
0.33661508 0.09009025 0.03703794
0.33790116 0.08978776 0.03706376
0.33918725 0.08947192 0.03708014
0.34048812 0.08917490 0.03708693
0.34177421 0.08893570 0.03708897
0.34306030 0.08878011 0.03708751
0.34434639 0.08872431 0.03708741
0.34563247 0.08876236 0.03709138
0.34693335 0.08884899 0.03710637
0.34821943 0.08889529 0.03712579
0.34950552 0.08883840 0.03714356
0.35079161 0.08867162 0.03715967
0.35207770 0.08840828 0.03716213
0.35336379 0.08809598 0.03715797
0.35466466 0.08781071 0.03715479
0.35595074 0.08763229 0.03715596
0.35723683 0.08761725 0.03716890
0.35852292 0.08770158 0.03718266
0.35980901 0.08777637 0.03719035
0.36109510 0.08782976 0.03719913
0.36238118 0.08788145 0.03720793
0.36368206 0.08791815 0.03721499
0.36496814 0.08788409 0.03721505
0.36625423 0.08774737 0.03720905
0.36754032 0.08754196 0.03720529
0.36882641 0.08735517 0.03720756
0.37011250 0.08729201 0.03722667
0.37139858 0.08736686 0.03725858
0.37269945 0.08746139 0.03728272
0.37398554 0.08748571 0.03729667
0.37527163 0.08743802 0.03730310
0.37655772 0.08734064 0.03729923
0.37784381 0.08723357 0.03728467
0.37912989 0.08717622 0.03726543
0.38041598 0.08720329 0.03725066
0.38170207 0.08722665 0.03723777
0.38298816 0.08715109 0.03723128
0.38428903 0.08701594 0.03724426
0.38557512 0.08688885 0.03727335
0.38686121 0.08679186 0.03730756
0.38814729 0.08673584 0.03733977
0.38943338 0.08673603 0.03736716
0.39071947 0.08679629 0.03738886
0.39200556 0.08688340 0.03740242
0.39329165 0.08696679 0.03740894
0.39457773 0.08705367 0.03741243
0.39586382 0.08716661 0.03741297
0.39714991 0.08731920 0.03741115
0.39843600 0.08748499 0.03741087
0.39973687 0.08756992 0.03741486
0.40102296 0.08742497 0.03741389
0.40230905 0.08706021 0.03741444
0.40359513 0.08666180 0.03743708
0.40488122 0.08641413 0.03748563
0.40616731 0.08634365 0.03753597
0.40745340 0.08636373 0.03756909
0.40873949 0.08636909 0.03758368
0.41002557 0.08625298 0.03758168
0.41131166 0.08602793 0.03757223
0.41259775 0.08585431 0.03757673
0.41388384 0.08582949 0.03759072
0.41516993 0.08587215 0.03759481
0.41645601 0.08598718 0.03759618
0.41774210 0.08628938 0.03760414
0.41902819 0.08689808 0.03761887
0.42031428 0.08766148 0.03762523
0.42160037 0.08820715 0.03759953
0.42288645 0.08835239 0.03755132
0.42417254 0.08825782 0.03752331
0.42545863 0.08816727 0.03752528
0.42674472 0.08812647 0.03754298
0.42803081 0.08810861 0.03755730
0.42931690 0.08812441 0.03756902
0.43060298 0.08821561 0.03759047
0.43188907 0.08838169 0.03761641
0.43317516 0.08858941 0.03763962
0.43446125 0.08881415 0.03765819
0.43574734 0.08903884 0.03767059
0.43703342 0.08926028 0.03767846
0.43831951 0.08947521 0.03768158
0.43960560 0.08968470 0.03768081
0.44089169 0.08987672 0.03767684
0.44217778 0.09003746 0.03767377
0.44346386 0.09014424 0.03767505
0.44474995 0.09017664 0.03767011
0.44603604 0.09021578 0.03766731
0.44732213 0.09043664 0.03769017
0.44860822 0.09096381 0.03773321
0.44989430 0.09163069 0.03777327
0.45118039 0.09209723 0.03777420
0.45246648 0.09217167 0.03773658
0.45375257 0.09200149 0.03770568
0.45503866 0.09180233 0.03770540
0.45632474 0.09158063 0.03772547
0.45761083 0.09124703 0.03773227
0.45889692 0.09078608 0.03772671
0.46018301 0.09032016 0.03773721
0.46146910 0.09001550 0.03777528
0.46275519 0.09004732 0.03784873
0.46404127 0.09035011 0.03792247
0.46532736 0.09060837 0.03796607
0.46661345 0.09060197 0.03797826
0.46789954 0.09039387 0.03797144
0.46917084 0.09020140 0.03798474
0.47045693 0.09017355 0.03803713
0.47174302 0.09028726 0.03810161
0.47302911 0.09041617 0.03814574
0.47431520 0.09046634 0.03816697
0.47560128 0.09040302 0.03816925
0.47688737 0.09024598 0.03816490
0.47817346 0.09005032 0.03816528
0.47945955 0.08987330 0.03817368
0.48074564 0.08977021 0.03819127
0.48203172 0.08979069 0.03822187
0.48331781 0.08990425 0.03825573
0.48460390 0.09002736 0.03828392
0.48587521 0.09006890 0.03829802
0.48716129 0.08999566 0.03829707
0.48844738 0.08985404 0.03829327
0.48973347 0.08969718 0.03829688
0.49101956 0.08956045 0.03830993
0.49230565 0.08945382 0.03832790
0.49359173 0.08938382 0.03834921
0.49487782 0.08935409 0.03837175
0.49616391 0.08935964 0.03839353
0.49743522 0.08938641 0.03841294
0.49872130 0.08941110 0.03842722
0.50000739 0.08941356 0.03843686
0.50129348 0.08937735 0.03844238
0.50257957 0.08929143 0.03844304
0.50386566 0.08915189 0.03843955
0.50515174 0.08897805 0.03843425
0.50643783 0.08880675 0.03843445
0.50770914 0.08867605 0.03844402
0.50899523 0.08860149 0.03846217
0.51028131 0.08854804 0.03847936
0.51156740 0.08846622 0.03848851
0.51285349 0.08832433 0.03848853
0.51413958 0.08812405 0.03848312
0.51542567 0.08788629 0.03847742
0.51669697 0.08763846 0.03847080
0.51798306 0.08743800 0.03847525
0.51926915 0.08734475 0.03849584
0.52055524 0.08735372 0.03851858
0.52184132 0.08745104 0.03854229
0.52312741 0.08757140 0.03856564
0.52439872 0.08758129 0.03856744
0.52568480 0.08739292 0.03853821
0.52697089 0.08701929 0.03848918
0.52825698 0.08658515 0.03844230
0.52954307 0.08622811 0.03842480
0.53082916 0.08605283 0.03844023
0.53210046 0.08609026 0.03847754
0.53338655 0.08619258 0.03851012
0.53467264 0.08618739 0.03850964
0.53595873 0.08602370 0.03848303
0.53724481 0.08575404 0.03844400
0.53853090 0.08549655 0.03840948
0.53980221 0.08540717 0.03841572
0.54108830 0.08552323 0.03844975
0.54237438 0.08568919 0.03846373
0.54366047 0.08582288 0.03846624
0.54494656 0.08587300 0.03845505
0.54621787 0.08576405 0.03841136
0.54750395 0.08557277 0.03836101
0.54879004 0.08540926 0.03833043
0.55007613 0.08533500 0.03831644
0.55134744 0.08538210 0.03831486
0.55263352 0.08551032 0.03831632
0.55391961 0.08562101 0.03830337
0.55520570 0.08563379 0.03827025
0.55649179 0.08555118 0.03822334
0.55776309 0.08543433 0.03817602
0.55904918 0.08537681 0.03814634
0.56033527 0.08543232 0.03813733
0.56162136 0.08557868 0.03813492
0.56289266 0.08574780 0.03812949
0.56417875 0.08587628 0.03811295
0.56546484 0.08592180 0.03808369
0.56675093 0.08587622 0.03804704
0.56803702 0.08575217 0.03800602
0.56930832 0.08555392 0.03796097
0.57059441 0.08531553 0.03791698
0.57188050 0.08509271 0.03788696
0.57316659 0.08493450 0.03787311
0.57443789 0.08486487 0.03786653
0.57572398 0.08489216 0.03786261
0.57701007 0.08501352 0.03785549
0.57829616 0.08521247 0.03784685
0.57956746 0.08543148 0.03783222
0.58085355 0.08559800 0.03781027
0.58213964 0.08564439 0.03777625
0.58341094 0.08554872 0.03772634
0.58469703 0.08535257 0.03767229
0.58598312 0.08512536 0.03762763
0.58726921 0.08492023 0.03759970
0.58854051 0.08475835 0.03758196
0.58982660 0.08466341 0.03757614
0.59111269 0.08460919 0.03757449
0.59239878 0.08451955 0.03755837
0.59367008 0.08435342 0.03752600
0.59495617 0.08415659 0.03749614
0.59624226 0.08398868 0.03747854
0.59751356 0.08389622 0.03747665
0.59879965 0.08389762 0.03748811
0.60008574 0.08398019 0.03750248
0.60137183 0.08412244 0.03751803
0.60264313 0.08427632 0.03752687
0.60392922 0.08438122 0.03752644
0.60521531 0.08437387 0.03750716
0.60648661 0.08422521 0.03746754
0.60777270 0.08395569 0.03741222
0.60905879 0.08363375 0.03735588
0.61033010 0.08336616 0.03732374
0.61161618 0.08320462 0.03731168
0.61290227 0.08314249 0.03730967
0.61417358 0.08314769 0.03731067
0.61545967 0.08316703 0.03730602
0.61674575 0.08317924 0.03729927
0.61801706 0.08318618 0.03729475
0.61930315 0.08318350 0.03729042
0.62058924 0.08317157 0.03728667
0.62187532 0.08315316 0.03727980
0.62314663 0.08315733 0.03727392
0.62443272 0.08320990 0.03727181
0.62571880 0.08330172 0.03726789
0.62699011 0.08338346 0.03725778
0.62827620 0.08338341 0.03723110
0.62954750 0.08325395 0.03718444
0.63083359 0.08301576 0.03713127
0.63211968 0.08271342 0.03708030
0.63339099 0.08237913 0.03703557
0.63467707 0.08205103 0.03700258
0.63596316 0.08176581 0.03698385
0.63723447 0.08155050 0.03697742
0.63852056 0.08142149 0.03698076
0.63980664 0.08139646 0.03699426
0.64107795 0.08146698 0.03701550
0.64236404 0.08158794 0.03703361
0.64365012 0.08171831 0.03704447
0.64492143 0.08184342 0.03705078
0.64620752 0.08195633 0.03705257
0.64749361 0.08205371 0.03705219
0.64876491 0.08212815 0.03704897
0.65005100 0.08217355 0.03704294
0.65132231 0.08218300 0.03703344
0.65260839 0.08215057 0.03702044
0.65389448 0.08206825 0.03700142
0.65516579 0.08193300 0.03697680
0.65645188 0.08175077 0.03694789
0.65772318 0.08153752 0.03691982
0.65900927 0.08131667 0.03690017
0.66029536 0.08109091 0.03688727
0.66156666 0.08084806 0.03687882
0.66285275 0.08056297 0.03686631
0.66413884 0.08023535 0.03684904
0.66541014 0.07991000 0.03684006
0.66669623 0.07964296 0.03685223
0.66796754 0.07946096 0.03688546
0.66925363 0.07935164 0.03692883
0.67053971 0.07929454 0.03697134
0.67181102 0.07927238 0.03701040
0.67309711 0.07925848 0.03704338
0.67436841 0.07919025 0.03706369
0.67565450 0.07900948 0.03706177
0.67692581 0.07872760 0.03704666
0.67821189 0.07839004 0.03703391
0.67949798 0.07802043 0.03702456
0.68076929 0.07762109 0.03701572
0.68205538 0.07718846 0.03700007
0.68332668 0.07674793 0.03698208
0.68461277 0.07636850 0.03698014
0.68589886 0.07611904 0.03701141
0.68717016 0.07598014 0.03706234
0.68845625 0.07587170 0.03710962
0.68972756 0.07574960 0.03714798
0.69101364 0.07560917 0.03718122
0.69228495 0.07545127 0.03720985
0.69357104 0.07527899 0.03723456
0.69484234 0.07510017 0.03725524
0.69612843 0.07493405 0.03727471
0.69741452 0.07480168 0.03729510
0.69868582 0.07471809 0.03731839
0.69997191 0.07467233 0.03734069
0.70124322 0.07461253 0.03734821
0.70252931 0.07451306 0.03734246
0.70380061 0.07439022 0.03733751
0.70508670 0.07426544 0.03734209
0.70635801 0.07413624 0.03735343
0.70764409 0.07398663 0.03736487
0.70893018 0.07381182 0.03737486
0.71020149 0.07360732 0.03738207
0.71148758 0.07337955 0.03738802
0.71275888 0.07314059 0.03739336
0.71404497 0.07292796 0.03740506
0.71531627 0.07279461 0.03743391
0.71660236 0.07274727 0.03747253
0.71787367 0.07273519 0.03750215
0.71915976 0.07271112 0.03751470
0.72043106 0.07266466 0.03751415
0.72171715 0.07260107 0.03750575
0.72298845 0.07253281 0.03749543
0.72427454 0.07247124 0.03748892
0.72554585 0.07241849 0.03748928
0.72683194 0.07235398 0.03749233
0.72810324 0.07224754 0.03749099
0.72938933 0.07208683 0.03748107
0.73066064 0.07189836 0.03747245
0.73194672 0.07172100 0.03747375
0.73321803 0.07157995 0.03748797
0.73450412 0.07148094 0.03751179
0.73577542 0.07140889 0.03753530
0.73706151 0.07134850 0.03755422
0.73833282 0.07129227 0.03756700
0.73961890 0.07123702 0.03757409
0.74089021 0.07118044 0.03757552
0.74217630 0.07111954 0.03757107
0.74344760 0.07105253 0.03756070
0.74473369 0.07097843 0.03754465
0.74600500 0.07089956 0.03752452
0.74729108 0.07082364 0.03750410
0.74856239 0.07075858 0.03748697
0.74984848 0.07070996 0.03747501
0.75111978 0.07067892 0.03746836
0.75240587 0.07066379 0.03746595
0.75367718 0.07066163 0.03746646
0.75496327 0.07066953 0.03746895
0.75623457 0.07068464 0.03747239
0.75752066 0.07070429 0.03747609
0.75879196 0.07072633 0.03747934
0.76007805 0.07074906 0.03748167
0.76134936 0.07077214 0.03748292
0.76263545 0.07079637 0.03748327
0.76390675 0.07082413 0.03748325
0.76517806 0.07085963 0.03748389
0.76646414 0.07090937 0.03748695
0.76773545 0.07098050 0.03749431
0.76902154 0.07107520 0.03750577
0.77029284 0.07118035 0.03751584
0.77157893 0.07127047 0.03751675
0.77285024 0.07132885 0.03750751
0.77413633 0.07135195 0.03749079
0.77540763 0.07133992 0.03746913
0.77669372 0.07129372 0.03744462
0.77796502 0.07121373 0.03741770
0.77923633 0.07110477 0.03739064
0.78052242 0.07097580 0.03736708
0.78179372 0.07083868 0.03734996
0.78307981 0.07070515 0.03734108
0.78435112 0.07058760 0.03734191
0.78563720 0.07049013 0.03735019
0.78690851 0.07040625 0.03736145
0.78817982 0.07033279 0.03737334
0.78946590 0.07026852 0.03738465
0.79073721 0.07021306 0.03739447
0.79202330 0.07016495 0.03740191
0.79329460 0.07012177 0.03740630
0.79458069 0.07007846 0.03740644
0.79585200 0.07002813 0.03740157
0.79712330 0.06996574 0.03739241
0.79840939 0.06988675 0.03738084
0.79968070 0.06978765 0.03736745
0.80096678 0.06966744 0.03735300
0.80223809 0.06952809 0.03733861
0.80350939 0.06937981 0.03732799
0.80479548 0.06923618 0.03732645
0.80606679 0.06910882 0.03733789
0.80735288 0.06899943 0.03736055
0.80862418 0.06889949 0.03738797
0.80989549 0.06880628 0.03741688
0.81118157 0.06872128 0.03744544
0.81245288 0.06864953 0.03747429
0.81373897 0.06859552 0.03750417
0.81501027 0.06855073 0.03753170
0.81628158 0.06849971 0.03755233
0.81756767 0.06843504 0.03756554
0.81883897 0.06835548 0.03757222
0.82012506 0.06825684 0.03757084
0.82139637 0.06813446 0.03755961
0.82266767 0.06797940 0.03753355
0.82395376 0.06779523 0.03749481
0.82522507 0.06761083 0.03745994
0.82651115 0.06745623 0.03744464
0.82778246 0.06733561 0.03744920
0.82905376 0.06723864 0.03746722
0.83033985 0.06715576 0.03749402
0.83161116 0.06707773 0.03752501
0.83288246 0.06699914 0.03755816
0.83416855 0.06691469 0.03759131
0.83543986 0.06681914 0.03762237
0.83672594 0.06670772 0.03764940
0.83799725 0.06657779 0.03767167
0.83926856 0.06642783 0.03768885
0.84055464 0.06625679 0.03770067
0.84182595 0.06606396 0.03770672
0.84309725 0.06584990 0.03770673
0.84438334 0.06561864 0.03770155
0.84565465 0.06537967 0.03769350
0.84692595 0.06514719 0.03768588
0.84821204 0.06494106 0.03768380
0.84948335 0.06478185 0.03769245
0.85076944 0.06467584 0.03771351
0.85204074 0.06459736 0.03773702
0.85331205 0.06451596 0.03775626
0.85459813 0.06441508 0.03776962
0.85586944 0.06428854 0.03777736
0.85714075 0.06413698 0.03778221
0.85842683 0.06395883 0.03778315
0.85969814 0.06375723 0.03778216
0.86096944 0.06353828 0.03777995
0.86225553 0.06331610 0.03778137
0.86352684 0.06311437 0.03779291
0.86479814 0.06296256 0.03782476
0.86608423 0.06287640 0.03788098
0.86735554 0.06284627 0.03795342
0.86862684 0.06284686 0.03802807
0.86991293 0.06285281 0.03809117
0.87118424 0.06284697 0.03813649
0.87245554 0.06281594 0.03816328
0.87374163 0.06274895 0.03817238
0.87501293 0.06263654 0.03816465
0.87628424 0.06247285 0.03814187
0.87757033 0.06225752 0.03810568
0.87884163 0.06199533 0.03805953
0.88011294 0.06169692 0.03800798
0.88138424 0.06137603 0.03795677
0.88267033 0.06104711 0.03791108
0.88394164 0.06072189 0.03787433
0.88521294 0.06040862 0.03784817
0.88649903 0.06011345 0.03783372
0.88777034 0.05984806 0.03783589
0.88904164 0.05962050 0.03785616
0.89032773 0.05942287 0.03788523
0.89159904 0.05924826 0.03791495
0.89287034 0.05909914 0.03794340
0.89415643 0.05897899 0.03797120
0.89542774 0.05888367 0.03799688
0.89669904 0.05880397 0.03801909
0.89797035 0.05872934 0.03803615
0.89925643 0.05865335 0.03804916
0.90052774 0.05857149 0.03805841
0.90179905 0.05847933 0.03806392
0.90308513 0.05837405 0.03806672
0.90435644 0.05825153 0.03806545
0.90562774 0.05810945 0.03806022
0.90691383 0.05794672 0.03805059
0.90818514 0.05776480 0.03803725
0.90945644 0.05756786 0.03802086
0.91072775 0.05736780 0.03800566
0.91201384 0.05717819 0.03799490
0.91328514 0.05701151 0.03799127
0.91455645 0.05687655 0.03799568
0.91582775 0.05677712 0.03800658
0.91711384 0.05671819 0.03802465
0.91838515 0.05669923 0.03804823
0.91965645 0.05671760 0.03807684
0.92094254 0.05676287 0.03810804
0.92221385 0.05681787 0.03813839
0.92348515 0.05685475 0.03816007
0.92475646 0.05685104 0.03816743
0.92604254 0.05680707 0.03816333
0.92731385 0.05673406 0.03815310
0.92858516 0.05664490 0.03814222
0.92985646 0.05654594 0.03813299
0.93114255 0.05643929 0.03812567
0.93241385 0.05632672 0.03812108
0.93368516 0.05621342 0.03812133
0.93495647 0.05611225 0.03813365
0.93624255 0.05602954 0.03815771
0.93751386 0.05596471 0.03818697
0.93878516 0.05593519 0.03822455
0.94005647 0.05595418 0.03827222
0.94134256 0.05599705 0.03831812
0.94261386 0.05602395 0.03834826
0.94388517 0.05602228 0.03836298
0.94515647 0.05599374 0.03836617
0.94644256 0.05593827 0.03835986
0.94771387 0.05585585 0.03834477
0.94898517 0.05574448 0.03832054
0.95025648 0.05560616 0.03828788
0.95154257 0.05544254 0.03824687
0.95281387 0.05525234 0.03819525
0.95408518 0.05504374 0.03813658
0.95535648 0.05484036 0.03808151
0.95664257 0.05467956 0.03804641
0.95791388 0.05459276 0.03804248
0.95918518 0.05458011 0.03806521
0.96045649 0.05460991 0.03809833
0.96174258 0.05464388 0.03812775
0.96301388 0.05466682 0.03815021
0.96428519 0.05467433 0.03816585
0.96555649 0.05465987 0.03817285
0.96682780 0.05461614 0.03816709
0.96811389 0.05453914 0.03814775
0.96938519 0.05443122 0.03811654
0.97065650 0.05429805 0.03807664
0.97192780 0.05414775 0.03803160
0.97321389 0.05398709 0.03798387
0.97448520 0.05382445 0.03793630
0.97575650 0.05366826 0.03789145
0.97702781 0.05352902 0.03785259
0.97829911 0.05341659 0.03782270
0.97958520 0.05333359 0.03780161
0.98085651 0.05327741 0.03778778
0.98212781 0.05323837 0.03777701
0.98339912 0.05320787 0.03776689
0.98468520 0.05317861 0.03775561
0.98595651 0.05314461 0.03774180
0.98722781 0.05310221 0.03772509
0.98849912 0.05304719 0.03770437
0.98977043 0.05297687 0.03767900
0.99105651 0.05289153 0.03764965
0.99232782 0.05279420 0.03761812
0.99359912 0.05268881 0.03758665
0.99487043 0.05257644 0.03755583
0.99614174 0.05245262 0.03752241
0.99742782 0.05231295 0.03748325
0.99869913 0.05216051 0.03743932
0.99997043 0.05200246 0.03739362
1.00124174 0.05184812 0.03734990
1.00251305 0.05170504 0.03731092
1.00378435 0.05157460 0.03727651
1.00507044 0.05145467 0.03724509
1.00634174 0.05134171 0.03721508
1.00761305 0.05123391 0.03718575
1.00888436 0.05113069 0.03715728
1.01015566 0.05103253 0.03713014
1.01144175 0.05093976 0.03710459
1.01271305 0.05085297 0.03708115
1.01398436 0.05077301 0.03706020
1.01525567 0.05070090 0.03704236
1.01652697 0.05063805 0.03702833
1.01779828 0.05058567 0.03701886
1.01908436 0.05054384 0.03701427
1.02035567 0.05050679 0.03701147
1.02162698 0.05046358 0.03700461
1.02289828 0.05040458 0.03698925
1.02416959 0.05032296 0.03696239
1.02545567 0.05021928 0.03692489
1.02672698 0.05010342 0.03688220
1.02799829 0.04998640 0.03683976
1.02926959 0.04987415 0.03679995
1.03054090 0.04976956 0.03676371
1.03181220 0.04967575 0.03673227
1.03309829 0.04959574 0.03670681
1.03436960 0.04953372 0.03668930
1.03564090 0.04949045 0.03668001
1.03691221 0.04946148 0.03667651
1.03818351 0.04944098 0.03667599
1.03945482 0.04942544 0.03667719
1.04072612 0.04941369 0.03667982
1.04201221 0.04940453 0.03668351
1.04328352 0.04939794 0.03668858
1.04455482 0.04939227 0.03669423
1.04582613 0.04938256 0.03669742
1.04709743 0.04936402 0.03669519
1.04836874 0.04933397 0.03668807
1.04965483 0.04929102 0.03667845
1.05092613 0.04923696 0.03666782
1.05219744 0.04917720 0.03665889
1.05346874 0.04911941 0.03665471
1.05474005 0.04907252 0.03665552
1.05601135 0.04904657 0.03665990
1.05728266 0.04905041 0.03666618
1.05856875 0.04909078 0.03667404
1.05984005 0.04916031 0.03668971
1.06111136 0.04924191 0.03672174
1.06238266 0.04932096 0.03676572
1.06365397 0.04939332 0.03681432
1.06492527 0.04946339 0.03686572
1.06619658 0.04953095 0.03691654
1.06746788 0.04959127 0.03696237
1.06875397 0.04963650 0.03699830
1.07002528 0.04966057 0.03702105
1.07129658 0.04966133 0.03702955
1.07256789 0.04963957 0.03702394
1.07383919 0.04959737 0.03700492
1.07511050 0.04953686 0.03697324
1.07638181 0.04946666 0.03693335
1.07766789 0.04940161 0.03689237
1.07893920 0.04936708 0.03686348
1.08021050 0.04938262 0.03685620
1.08148181 0.04943732 0.03686214
1.08275312 0.04950442 0.03686567
1.08402442 0.04957121 0.03686072
1.08529573 0.04963694 0.03684775
1.08656703 0.04970114 0.03682678
1.08783834 0.04976482 0.03679886
1.08912443 0.04982622 0.03676328
1.09039573 0.04988431 0.03671988
1.09166704 0.04993885 0.03666907
1.09293834 0.04999101 0.03661211
1.09420965 0.05004092 0.03654953
1.09548095 0.05008824 0.03648202
1.09675226 0.05013148 0.03641055
1.09802356 0.05016846 0.03633631
1.09930965 0.05019784 0.03626126
1.10058096 0.05021960 0.03618775
1.10185226 0.05023349 0.03611780
1.10312357 0.05023929 0.03605305
1.10439487 0.05023686 0.03599484
1.10566618 0.05022529 0.03594384
1.10693748 0.05020455 0.03590086
1.10820879 0.05017500 0.03586672
1.10948010 0.05013800 0.03584252
1.11075140 0.05009533 0.03582929
1.11203749 0.05004903 0.03582811
1.11330879 0.05000022 0.03583930
1.11458010 0.04995033 0.03586349
1.11585141 0.04990109 0.03590136
1.11712271 0.04985139 0.03595211
1.11839402 0.04979976 0.03601504
1.11966532 0.04973929 0.03608671
1.12093663 0.04965435 0.03615944
1.12220793 0.04952145 0.03622125
1.12347924 0.04932220 0.03626317
1.12475054 0.04907468 0.03628825
1.12603663 0.04882439 0.03630509
1.12730794 0.04861093 0.03631696
1.12857924 0.04845695 0.03632291
1.12985055 0.04838206 0.03631827
1.13112185 0.04840121 0.03630253
1.13239316 0.04852869 0.03627215
1.13366446 0.04877579 0.03622655
1.13493577 0.04914315 0.03617211
1.13620707 0.04960672 0.03613023
1.13747838 0.05004927 0.03618174
1.13874969 0.05041607 0.03634340
1.14002099 0.05067176 0.03650639
1.14130708 0.05079144 0.03662424
1.14257838 0.05082893 0.03672143
1.14384969 0.05076811 0.03679773
1.14512100 0.05056811 0.03685132
1.14639230 0.05020157 0.03688806
1.14766361 0.04973592 0.03690060
1.14893491 0.04932676 0.03687145
1.15020622 0.04904700 0.03681070
1.15147752 0.04875848 0.03674401
1.15274883 0.04830979 0.03668830
1.15402013 0.04777647 0.03662720
1.15529144 0.04772735 0.03651057
1.15656274 0.04768413 0.03638197
1.15783405 0.04764907 0.03624249
1.15912014 0.04762281 0.03609202
1.16039144 0.04760601 0.03593048
1.16166275 0.04759932 0.03575778
1.16293405 0.04760339 0.03557388
1.16420536 0.04761886 0.03537874
1.16547667 0.04764637 0.03517235
1.16674797 0.04768655 0.03495470
1.16801928 0.04774001 0.03472584
1.16929058 0.04780738 0.03448581
1.17056189 0.04788923 0.03423468
1.17183319 0.04798614 0.03397254
1.17310450 0.04809866 0.03369950
1.17437580 0.04822734 0.03341570
1.17564711 0.04837268 0.03312129
1.17691841 0.04853516 0.03281645
1.17818972 0.04871524 0.03250139
1.17946103 0.04891333 0.03217633
1.18074711 0.04912983 0.03184151
1.18201842 0.04936508 0.03149721
1.18328972 0.04961940 0.03114371
1.18456103 0.04989304 0.03078135
1.18583234 0.05018624 0.03041045
1.18710364 0.05049915 0.03003137
1.18837495 0.05083190 0.02964452
1.18964625 0.05118455 0.02925029
1.19091756 0.05155711 0.02884913
1.19218886 0.05194951 0.02844149
1.19346017 0.05236165 0.02802786
1.19473147 0.05279331 0.02760874
1.19600278 0.05324425 0.02718466
1.19727408 0.05371412 0.02675617
1.19854539 0.05420251 0.02632385
1.19981670 0.05470891 0.02588831
1.20108800 0.05523274 0.02545014
1.20235931 0.05577333 0.02501000
1.20363061 0.05632990 0.02456855
1.20490192 0.05690158 0.02412646
1.20617322 0.05748740 0.02368442
1.20744453 0.05808628 0.02324315
1.20873062 0.05869705 0.02280336
1.21000192 0.05931840 0.02236578
1.21127323 0.05994890 0.02193114
1.21254453 0.06058703 0.02150020
1.21381584 0.06123110 0.02107367
1.21508714 0.06187933 0.02065229
1.21635845 0.06252978 0.02023677
1.21762975 0.06318036 0.01982781
1.21890106 0.06382886 0.01942607
1.22017237 0.06447292 0.01903219
1.22144367 0.06511000 0.01864676
1.22271498 0.06573743 0.01827030
1.22398628 0.06635236 0.01790330
1.22525759 0.06695177 0.01754614
1.22652889 0.06753247 0.01719914
1.22780020 0.06809111 0.01686251
1.22907150 0.06862412 0.01653635
1.23034281 0.06912777 0.01622065
1.23161411 0.06959813 0.01591526
1.23288542 0.07003106 0.01561989
1.23415673 0.07042222 0.01533411
1.23542803 0.07076708 0.01505732
1.23669934 0.07106086 0.01478877
1.23797064 0.07129858 0.01452754
1.23924195 0.07147504 0.01427255
1.24051325 0.07158479 0.01402254
1.24178456 0.07162216 0.01377609
1.24305586 0.07158121 0.01353162
1.24432717 0.07145578 0.01328742
1.24559847 0.07123944 0.01304158
1.24686978 0.07092551 0.01279210
1.24814109 0.07050702 0.01253683
1.24941239 0.06997674 0.01227349
1.25068370 0.06932718 0.01199971
1.25195500 0.06855052 0.01171301
1.25322631 0.06763870 0.01141081
1.25449761 0.06658332 0.01109045
1.25576892 0.06537570 0.01074920
1.25704022 0.06400683 0.01038425
1.25831153 0.06246741 0.00999273
1.25958283 0.06074778 0.00957171
1.26085414 0.05883798 0.00911819
1.26212545 0.05672770 0.00862913
1.26339675 0.05440628 0.00810143
1.26466806 0.05186273 0.00753193
1.26593936 0.04908567 0.00691743
1.26721067 0.04606339 0.00625466
1.26848197 0.04278378 0.00554031
1.26975328 0.03923437 0.00477098
1.27102458 0.03540230 0.00394325
1.27229589 0.03127430 0.00305359
1.27356719 0.02683673 0.00209845
1.27483850 0.02207552 0.00107417
1.27610981 0.01697618 0.00002318
1.27738111 0.01152382 0.00119680
1.27865242 0.00570311 0.00245117
1.27992372 -0.00050172 0.00379006
1.28119503 -0.00710690 0.00521756
-0.96316762 0.03104587 0.00381067
-0.96189631 0.02839837 0.00239499
-0.96062353 0.02153617 0.00130354
-0.95934927 0.01837013 0.00102474
-0.95807353 0.01842537 0.00243112
-0.95679779 0.02159343 0.00449206
-0.95551909 0.02548157 0.00566645
-0.95423744 0.03526277 0.00592309
-0.95295431 0.03371067 0.01779912
-0.95167118 0.09632413 0.04228637
-0.95038804 0.19076267 0.04909957
-0.94910048 0.19984133 0.04269161
-0.94781143 0.17002200 0.03937090
-0.94651943 0.14852133 0.03873085
-0.94522743 0.14009203 0.03848524
-0.94393247 0.13502357 0.03784710
-0.94263604 0.13275900 0.03716678
-0.94133960 0.13089003 0.03669449
-0.94004021 0.12848120 0.03619590
-0.93873934 0.12573177 0.03574423
-0.93743699 0.12322543 0.03539623
-0.93613316 0.12093880 0.03507786
-0.93482786 0.11889200 0.03478432
-0.93351959 0.11703643 0.03451141
-0.93221133 0.11535377 0.03425463
-0.93090011 0.11381630 0.03401101
-0.92958890 0.11240473 0.03377876
-0.92827472 0.11110077 0.03355707
-0.92695907 0.10988883 0.03334398
-0.92564341 0.10875537 0.03313898
-0.92432480 0.10768873 0.03294246
-0.92300472 0.10667773 0.03275286
-0.92168315 0.10571233 0.03257116
-0.92036010 0.10478103 0.03239657
-0.91903410 0.10387390 0.03222907
-0.91770810 0.10297910 0.03206559
-0.91638062 0.10210493 0.03189982
-0.91505167 0.10130760 0.03173049
-0.91371975 0.10063797 0.03156539
-0.91238784 0.10005723 0.03140573
-0.91105297 0.09949497 0.03124356
-0.90971810 0.09893870 0.03108159
-0.90838027 0.09839550 0.03092323
-0.90704096 0.09786510 0.03076654
-0.90570166 0.09734783 0.03061146
-0.90435940 0.09684277 0.03045801
-0.90301565 0.09634937 0.03030586
-0.90167044 0.09586713 0.03015537
-0.90032374 0.09539463 0.03000553
-0.89897556 0.09493187 0.02985700
-0.89762591 0.09447773 0.02970925
-0.89627478 0.09403183 0.02956249
-0.89492217 0.09359317 0.02941609
-0.89356808 0.09316177 0.02927072
-0.89221251 0.09273663 0.02912570
-0.89085547 0.09231747 0.02898125
-0.88949695 0.09190407 0.02883752
-0.88813547 0.09149577 0.02869427
-0.88677399 0.09109203 0.02855123
-0.88541103 0.09069270 0.02840849
-0.88404659 0.09029753 0.02826623
-0.88267920 0.08990603 0.02812413
-0.88131181 0.08951797 0.02798233
-0.87994294 0.08913330 0.02784087
-0.87857259 0.08875147 0.02769945
-0.87719928 0.08837233 0.02755819
-0.87582598 0.08799550 0.02741670
-0.87445120 0.08762117 0.02727548
-0.87307345 0.08724920 0.02713467
-0.87169571 0.08687920 0.02699381
-0.87031650 0.08651073 0.02685260
-0.86893580 0.08614407 0.02671150
-0.86755215 0.08577913 0.02657057
-0.86616849 0.08541550 0.02642940
-0.86478336 0.08505313 0.02628809
-0.86339675 0.08469197 0.02614660
-0.86200866 0.08433200 0.02600500
-0.86061762 0.08397317 0.02586331
-0.85922657 0.08361537 0.02572159
-0.85783405 0.08325837 0.02557938
-0.85644005 0.08290237 0.02543716
-0.85504457 0.08254703 0.02529452
-0.85364761 0.08219243 0.02515143
-0.85224918 0.08183883 0.02500835
-0.85084926 0.08148560 0.02486439
-0.84944787 0.08113337 0.02472048
-0.84804648 0.08078160 0.02457564
-0.84664213 0.08043063 0.02443032
-0.84523630 0.08008073 0.02428439
-0.84382899 0.07973227 0.02413765
-0.84242169 0.07938453 0.02399060
-0.84101143 0.07903533 0.02384265
-0.83960116 0.07868417 0.02369409
-0.83818795 0.07833100 0.02354502
-0.83677473 0.07797587 0.02339545
-0.83536003 0.07761797 0.02324475
-0.83394238 0.07725753 0.02309412
-0.83252472 0.07689293 0.02294343
-0.83110559 0.07652047 0.02279248
-0.82968498 0.07613660 0.02264217
-0.82826289 0.07573950 0.02249173
-0.82684081 0.07533127 0.02234250
-0.82541576 0.07491133 0.02219358
-0.82398924 0.07447973 0.02204626
-0.82256272 0.07403537 0.02189992
-0.82113324 0.07357780 0.02175484
-0.81970376 0.07310757 0.02161194
-0.81827280 0.07262437 0.02147072
-0.81684036 0.07212897 0.02133124
-0.81540645 0.07162313 0.02119423
-0.81397106 0.07110847 0.02105930
-0.81253418 0.07058763 0.02092646
-0.81109584 0.07006373 0.02079548
-0.80965749 0.06954027 0.02066630
-0.80821618 0.06902110 0.02053846
-0.80677488 0.06851003 0.02041184
-0.80533209 0.06801083 0.02028597
-0.80388783 0.06752680 0.02016057
-0.80244209 0.06706043 0.02003529
-0.80099487 0.06661373 0.01990988
-0.79954765 0.06618773 0.01978405
-0.79809748 0.06578273 0.01965759
-0.79664730 0.06539820 0.01953026
-0.79519565 0.06503320 0.01940205
-0.79374252 0.06468620 0.01927272
-0.79228791 0.06435550 0.01914220
-0.79083182 0.06403913 0.01901047
-0.78937573 0.06373490 0.01887737
-0.78791669 0.06344007 0.01874283
-0.78645764 0.06315377 0.01860637
-0.78499712 0.06287773 0.01846829
-0.78353512 0.06260953 0.01832894
-0.78207164 0.06234307 0.01818808
-0.78060816 0.06207360 0.01804608
-0.77914320 0.06179760 0.01790340
-0.77767528 0.06151043 0.01776086
-0.77620885 0.06120450 0.01761903
-0.77473946 0.06087343 0.01747775
-0.77326859 0.06051803 0.01733748
-0.77179771 0.06014073 0.01719885
-0.77032537 0.05974250 0.01706190
-0.76885154 0.05932413 0.01692682
-0.76737623 0.05888623 0.01679385
-0.76590093 0.05842957 0.01666332
-0.76442266 0.05795523 0.01653538
-0.76294440 0.05746467 0.01641030
-0.76146466 0.05695977 0.01628825
-0.75998492 0.05644323 0.01616916
-0.75850222 0.05591847 0.01605302
-0.75701953 0.05538920 0.01593961
-0.75553535 0.05485967 0.01582880
-0.75405118 0.05433423 0.01572022
-0.75256405 0.05381757 0.01561358
-0.75107691 0.05331413 0.01550842
-0.74958830 0.05282813 0.01540435
-0.74809822 0.05236293 0.01530092
-0.74660813 0.05192147 0.01519776
-0.74511656 0.05150560 0.01509439
-0.74362352 0.05111640 0.01499053
-0.74212899 0.05075393 0.01488589
-0.74063447 0.05041757 0.01478010
-0.73913847 0.05010597 0.01467303
-0.73764099 0.04981723 0.01456444
-0.73614351 0.04954910 0.01445420
-0.73464307 0.04929887 0.01434216
-0.73314412 0.04906373 0.01422837
-0.73164220 0.04884033 0.01411285
-0.73014029 0.04862513 0.01399588
-0.72863542 0.04841297 0.01387837
-0.72713202 0.04819770 0.01376208
-0.72562567 0.04796357 0.01365166
-0.72411933 0.04766250 0.01355056
-0.72261150 0.04725103 0.01345121
-0.72110367 0.04677780 0.01335028
-0.71959436 0.04632687 0.01325452
-0.71808358 0.04591573 0.01316133
-0.71657132 0.04553193 0.01306666
-0.71505906 0.04516887 0.01297178
-0.71354532 0.04482123 0.01287686
-0.71203158 0.04448630 0.01278198
-0.71051488 0.04416170 0.01268735
-0.70899966 0.04384563 0.01259294
-0.70748148 0.04353683 0.01249894
-0.70596331 0.04323413 0.01240524
-0.70444366 0.04293667 0.01231199
-0.70292400 0.04264370 0.01221917
-0.70140287 0.04235447 0.01212680
-0.69988026 0.04206853 0.01203487
-0.69835765 0.04178557 0.01194343
-0.69683356 0.04150527 0.01185240
-0.69530800 0.04122720 0.01176185
-0.69378243 0.04095117 0.01167172
-0.69225538 0.04067693 0.01158202
-0.69072834 0.04040420 0.01149278
-0.68919982 0.04013287 0.01140399
-0.68766982 0.03986267 0.01131571
-0.68613981 0.03959347 0.01122788
-0.68460833 0.03932517 0.01114050
-0.68307685 0.03905753 0.01105362
-0.68154390 0.03879043 0.01096723
-0.68001094 0.03852387 0.01088137
-0.67847650 0.03825757 0.01079605
-0.67694059 0.03799150 0.01071126
-0.67540467 0.03772557 0.01062705
-0.67386728 0.03745957 0.01054341
-0.67232841 0.03719347 0.01046046
-0.67078954 0.03692710 0.01037809
-0.66925067 0.03666040 0.01029643
-0.66771032 0.03639323 0.01021550
-0.66616849 0.03612543 0.01013540
-0.66462666 0.03585690 0.01005609
-0.66308484 0.03558753 0.00997774
-0.66154005 0.03531717 0.00990028
-0.65999675 0.03504573 0.00982393
-0.65845049 0.03477303 0.00974867
-0.65690570 0.03449903 0.00967461
-0.65535796 0.03422367 0.00960182
-0.65381022 0.03394697 0.00953037
-0.65226248 0.03366913 0.00946022
-0.65071326 0.03339057 0.00939143
-0.64916404 0.03311210 0.00932366
-0.64761335 0.03283547 0.00925641
-0.64606265 0.03256447 0.00918808
-0.64451047 0.03231450 0.00911678
-0.64295830 0.03210800 0.00904443
-0.64140464 0.03193970 0.00897362
-0.63985099 0.03177610 0.00890200
-0.63829586 0.03160080 0.00882946
-0.63674073 0.03141377 0.00875813
-0.63518412 0.03121540 0.00868750
-0.63362751 0.03100957 0.00861777
-0.63207090 0.03079853 0.00854905
-0.63051133 0.03058350 0.00848108
-0.62895324 0.03036537 0.00841391
-0.62739368 0.03014487 0.00834744
-0.62583411 0.02992240 0.00828174
-0.62427306 0.02969867 0.00821674
-0.62271202 0.02947400 0.00815253
-0.62114950 0.02924883 0.00808898
-0.61958697 0.02902343 0.00802613
-0.61802445 0.02879820 0.00796401
-0.61646045 0.02857340 0.00790266
-0.61489497 0.02834920 0.00784197
-0.61333097 0.02812593 0.00778202
-0.61176401 0.02790380 0.00772273
-0.61019853 0.02768300 0.00766415
-0.60863157 0.02746370 0.00760624
-0.60706461 0.02724617 0.00754904
-0.60549618 0.02703050 0.00749251
-0.60392774 0.02681690 0.00743661
-0.60235783 0.02660550 0.00738135
-0.60078939 0.02639647 0.00732672
-0.59921800 0.02618993 0.00727273
-0.59764808 0.02598600 0.00721931
-0.59607669 0.02578477 0.00716653
-0.59450530 0.02558633 0.00711426
-0.59293243 0.02539077 0.00706255
-0.59135956 0.02519817 0.00701141
-0.58978669 0.02500863 0.00696077
-0.58821234 0.02482227 0.00691053
-0.58663799 0.02463917 0.00686077
-0.58506364 0.02445940 0.00681139
-0.58348781 0.02428290 0.00676241
-0.58191198 0.02410980 0.00671372
-0.58033616 0.02394013 0.00666540
-0.57875885 0.02377380 0.00661733
-0.57718302 0.02361093 0.00656952
-0.57560424 0.02345147 0.00652187
-0.57402693 0.02329540 0.00647438
-0.57244815 0.02314270 0.00642708
-0.57086937 0.02299337 0.00637977
-0.56929058 0.02284730 0.00633256
-0.56771032 0.02270450 0.00628531
-0.56613006 0.02256480 0.00623802
-0.56454980 0.02242820 0.00619065
-0.56296805 0.02229453 0.00614312
-0.56138779 0.02216363 0.00609548
-0.55980605 0.02203523 0.00604758
-0.55822283 0.02190907 0.00599955
-0.55664109 0.02178463 0.00595136
-0.55505787 0.02166127 0.00590321
-0.55347466 0.02153797 0.00585529
-0.55189144 0.02141263 0.00580818
-0.55030822 0.02128267 0.00576312
-0.54872352 0.02113803 0.00572211
-0.54713882 0.02095513 0.00568459
-0.54555413 0.02072703 0.00564582
-0.54396943 0.02048997 0.00560692
-0.54238325 0.02027430 0.00557086
-0.54079708 0.02007920 0.00553515
-0.53921090 0.01989940 0.00549903
-0.53762473 0.01973107 0.00546291
-0.53603855 0.01957203 0.00542666
-0.53445090 0.01942070 0.00539043
-0.53286472 0.01927560 0.00535426
-0.53127707 0.01913587 0.00531819
-0.52968942 0.01900063 0.00528228
-0.52810029 0.01886930 0.00524653
-0.52651263 0.01874117 0.00521093
-0.52492498 0.01861590 0.00517551
-0.52333585 0.01849303 0.00514032
-0.52174671 0.01837227 0.00510538
-0.52015758 0.01825327 0.00507062
-0.51856845 0.01813583 0.00503612
-0.51697932 0.01801963 0.00500184
-0.51538871 0.01790457 0.00496776
-0.51379958 0.01779043 0.00493400
-0.51220897 0.01767700 0.00490047
-0.51061836 0.01756413 0.00486721
-0.50902775 0.01745177 0.00483419
-0.50743714 0.01733977 0.00480152
-0.50584653 0.01722790 0.00476908
-0.50425592 0.01711620 0.00473697
-0.50266383 0.01700440 0.00470525
-0.50107322 0.01689253 0.00467376
-0.49948261 0.01678040 0.00464272
-0.49789052 0.01666800 0.00461203
-0.49629843 0.01655513 0.00458179
-0.49470782 0.01644177 0.00455192
-0.49311573 0.01632777 0.00452254
-0.49152364 0.01621300 0.00449365
-0.48993156 0.01609747 0.00446532
-0.48833947 0.01598100 0.00443751
-0.48674738 0.01586353 0.00441035
-0.48515529 0.01574497 0.00438381
-0.48356320 0.01562533 0.00435796
-0.48196964 0.01550453 0.00433280
-0.48037755 0.01538267 0.00430836
-0.47878546 0.01525970 0.00428464
-0.47719337 0.01513583 0.00426163
-0.47559980 0.01501133 0.00423927
-0.47400772 0.01488667 0.00421744
-0.47241563 0.01476280 0.00419578
-0.47082206 0.01464113 0.00417384
-0.46922997 0.01452527 0.00415046
-0.46763788 0.01442613 0.00412523
-0.46604432 0.01435557 0.00410028
-0.46445223 0.01430663 0.00407666
-0.46286014 0.01425940 0.00405264
-0.46126658 0.01420410 0.00402782
-0.45967449 0.01414197 0.00400322
-0.45808240 0.01407560 0.00397901
-0.45649031 0.01400608 0.00395522
-0.45489822 0.01393411 0.00393174
-0.45330613 0.01386026 0.00390862
-0.45171257 0.01378489 0.00388587
-0.45012048 0.01370828 0.00386338
-0.44852839 0.01363076 0.00384119
-0.44693778 0.01355253 0.00381930
-0.44534569 0.01347376 0.00379768
-0.44375360 0.01339463 0.00377632
-0.44216151 0.01331523 0.00375523
-0.44057090 0.01323566 0.00373441
-0.43897882 0.01315613 0.00371387
-0.43738821 0.01307660 0.00369354
-0.43579612 0.01299723 0.00367347
-0.43420551 0.01291801 0.00365363
-0.43261490 0.01283911 0.00363408
-0.43102429 0.01276050 0.00361475
-0.42943368 0.01268225 0.00359565
-0.42784307 0.01260439 0.00357683
-0.42625394 0.01252699 0.00355826
-0.42466333 0.01245009 0.00353990
-0.42307419 0.01237376 0.00352178
-0.42148358 0.01229800 0.00350389
-0.41989445 0.01222287 0.00348626
-0.41830532 0.01214832 0.00346879
-0.41671619 0.01207450 0.00345159
-0.41512853 0.01200137 0.00343460
-0.41353940 0.01192889 0.00341779
-0.41195175 0.01185719 0.00340127
-0.41036262 0.01178618 0.00338490
-0.40877496 0.01171597 0.00336875
-0.40718731 0.01164653 0.00335282
-0.40560114 0.01157789 0.00333710
-0.40401348 0.01151004 0.00332159
-0.40242731 0.01144298 0.00330629
-0.40084113 0.01137673 0.00329113
-0.39925496 0.01131132 0.00327621
-0.39766878 0.01124674 0.00326147
-0.39608261 0.01118304 0.00324697
-0.39449791 0.01112014 0.00323259
-0.39291321 0.01105811 0.00321843
-0.39132851 0.01099692 0.00320445
-0.38974382 0.01093659 0.00319063
-0.38816060 0.01087711 0.00317697
-0.38657738 0.01081853 0.00316352
-0.38499416 0.01076086 0.00315025
-0.38341094 0.01070404 0.00313707
-0.38182920 0.01064817 0.00312406
-0.38024598 0.01059326 0.00311120
-0.37866424 0.01053937 0.00309846
-0.37708398 0.01048655 0.00308578
-0.37550224 0.01043495 0.00307314
-0.37392198 0.01038473 0.00306044
-0.37234172 0.01033651 0.00304759
-0.37076145 0.01029177 0.00303474
-0.36918267 0.01025074 0.00302229
-0.36760388 0.01021073 0.00301010
-0.36602510 0.01016956 0.00299780
-0.36444780 0.01012734 0.00298564
-0.36286901 0.01008438 0.00297370
-0.36129171 0.01004089 0.00296191
-0.35971588 0.00999704 0.00295029
-0.35814005 0.00995297 0.00293889
-0.35656422 0.00990874 0.00292765
-0.35498840 0.00986447 0.00291663
-0.35341405 0.00982021 0.00290575
-0.35183970 0.00977600 0.00289503
-0.35026535 0.00973189 0.00288445
-0.34869248 0.00968797 0.00287408
-0.34711961 0.00964423 0.00286386
-0.34554674 0.00960073 0.00285383
-0.34397534 0.00955745 0.00284391
-0.34240395 0.00951448 0.00283420
-0.34083256 0.00947181 0.00282463
-0.33926264 0.00942944 0.00281519
-0.33769273 0.00938743 0.00280593
-0.33612429 0.00934579 0.00279683
-0.33455586 0.00930451 0.00278785
-0.33298742 0.00926366 0.00277905
-0.33142046 0.00922323 0.00277038
-0.32985350 0.00918329 0.00276187
-0.32828655 0.00914383 0.00275352
-0.32672107 0.00910485 0.00274528
-0.32515559 0.00906644 0.00273720
-0.32359159 0.00902859 0.00272924
-0.32202758 0.00899132 0.00272137
-0.32046358 0.00895473 0.00271366
-0.31890106 0.00891883 0.00270604
-0.31734002 0.00888373 0.00269850
-0.31577749 0.00884954 0.00269103
-0.31421793 0.00881637 0.00268355
-0.31265688 0.00878448 0.00267602
-0.31109731 0.00875417 0.00266837
-0.30953923 0.00872584 0.00266038
-0.30798114 0.00870028 0.00265185
-0.30642305 0.00867870 0.00264237
-0.30486644 0.00866483 0.00263168
-0.30330983 0.00866462 0.00262095
-0.30175470 0.00867611 0.00261133
-0.30019957 0.00868806 0.00260153
-0.29864591 0.00869457 0.00259091
-0.29709226 0.00869646 0.00258036
-0.29554008 0.00869428 0.00256986
-0.29398791 0.00868864 0.00255941
-0.29243721 0.00868015 0.00254908
-0.29088651 0.00866937 0.00253883
-0.28933730 0.00865662 0.00252864
-0.28778808 0.00864225 0.00251856
-0.28623886 0.00862640 0.00250848
-0.28469112 0.00860932 0.00249844
-0.28314485 0.00859116 0.00248840
-0.28159859 0.00857214 0.00247843
-0.28005381 0.00855230 0.00246841
-0.27850902 0.00853185 0.00245843
-0.27696572 0.00851088 0.00244847
-0.27542241 0.00848943 0.00243843
-0.27388059 0.00846768 0.00242843
-0.27234024 0.00844563 0.00241836
-0.27079989 0.00842339 0.00240823
-0.26925954 0.00840106 0.00239812
-0.26772067 0.00837861 0.00238788
-0.26618327 0.00835620 0.00237764
-0.26464588 0.00833380 0.00236733
-0.26310997 0.00831146 0.00235693
-0.26157405 0.00828919 0.00234643
-0.26003962 0.00826702 0.00233586
-0.25850518 0.00824498 0.00232523
-0.25697222 0.00822296 0.00231444
-0.25544074 0.00820103 0.00230362
-0.25390926 0.00817906 0.00229270
-0.25237926 0.00815698 0.00228173
-0.25084926 0.00813463 0.00227076
-0.24932074 0.00811182 0.00225984
-0.24779369 0.00808816 0.00224898
-0.24626665 0.00806331 0.00223842
-0.24474108 0.00803652 0.00222833
-0.24321552 0.00800689 0.00221900
-0.24169143 0.00797267 0.00221094
-0.24016882 0.00793179 0.00220520
-0.23864621 0.00787819 0.00220292
-0.23712508 0.00779472 0.00220214
-0.23560542 0.00767555 0.00219723
-0.23408577 0.00755295 0.00218966
-0.23256759 0.00745800 0.00218423
-0.23104942 0.00739048 0.00217962
-0.22953272 0.00734147 0.00217421
-0.22801750 0.00730524 0.00216826
-0.22650376 0.00727828 0.00216178
-0.22499002 0.00725812 0.00215484
-0.22347628 0.00724298 0.00214752
-0.22196550 0.00723164 0.00213994
-0.22045471 0.00722309 0.00213209
-0.21894541 0.00721667 0.00212409
-0.21743610 0.00721176 0.00211587
-0.21592827 0.00720797 0.00210750
-0.21442193 0.00720496 0.00209902
-0.21291705 0.00720247 0.00209039
-0.21141218 0.00720027 0.00208163
-0.20990879 0.00719822 0.00207277
-0.20840540 0.00719615 0.00206379
-0.20690496 0.00719396 0.00205469
-0.20540453 0.00719149 0.00204544
-0.20390557 0.00718868 0.00203609
-0.20240661 0.00718549 0.00202672
-0.20090913 0.00718175 0.00201726
-0.19941313 0.00717741 0.00200781
-0.19791861 0.00717228 0.00199835
-0.19642408 0.00716619 0.00198896
-0.19493104 0.00715886 0.00197972
-0.19343947 0.00714985 0.00197078
-0.19194791 0.00713810 0.00196223
-0.19045930 0.00712195 0.00195387
-0.18897069 0.00710092 0.00194538
-0.18748355 0.00707706 0.00193675
-0.18599642 0.00705332 0.00192819
-0.18451077 0.00703125 0.00191980
-0.18302659 0.00701059 0.00191147
-0.18154390 0.00699082 0.00190311
-0.18006268 0.00697181 0.00189472
-0.17858146 0.00695349 0.00188631
-0.17710172 0.00693581 0.00187787
-0.17562346 0.00691875 0.00186942
-0.17414667 0.00690228 0.00186094
-0.17266989 0.00688638 0.00185243
-0.17119606 0.00687104 0.00184390
-0.16972223 0.00685625 0.00183534
-0.16824841 0.00684201 0.00182674
-0.16677754 0.00682831 0.00181811
-0.16530667 0.00681515 0.00180944
-0.16383875 0.00680253 0.00180074
-0.16237084 0.00679043 0.00179198
-0.16090440 0.00677886 0.00178319
-0.15943796 0.00676781 0.00177434
-0.15797449 0.00675727 0.00176544
-0.15651101 0.00674724 0.00175649
-0.15504900 0.00673770 0.00174749
-0.15358848 0.00672866 0.00173842
-0.15212944 0.00672009 0.00172929
-0.15067039 0.00671199 0.00172009
-0.14921430 0.00670435 0.00171083
-0.14775822 0.00669715 0.00170150
-0.14630375 0.00669037 0.00169209
-0.14485062 0.00668400 0.00168260
-0.14339867 0.00667802 0.00167303
-0.14194791 0.00667241 0.00166338
-0.14049847 0.00666715 0.00165364
-0.13905022 0.00666223 0.00164381
-0.13760344 0.00665761 0.00163389
-0.13615770 0.00665327 0.00162388
-0.13471344 0.00664921 0.00161377
-0.13327021 0.00664538 0.00160355
-0.13182846 0.00664178 0.00159323
-0.13038804 0.00663836 0.00158280
-0.12894881 0.00663510 0.00157228
-0.12751090 0.00663197 0.00156164
-0.12607433 0.00662893 0.00155089
-0.12463893 0.00662594 0.00154003
-0.12320502 0.00662296 0.00152906
-0.12177229 0.00661992 0.00151798
-0.12034104 0.00661674 0.00150681
-0.11891096 0.00661334 0.00149557
-0.11748222 0.00660954 0.00148429
-0.11605496 0.00660514 0.00147305
-0.11462888 0.00659972 0.00146195
-0.11320413 0.00659275 0.00145124
-0.11178086 0.00658263 0.00144119
-0.11035892 0.00656495 0.00143140
-0.10893816 0.00653843 0.00142073
-0.10751888 0.00651145 0.00140947
-0.10610108 0.00649163 0.00139868
-0.10468446 0.00647779 0.00138802
-0.10326932 0.00646688 0.00137711
-0.10185551 0.00645739 0.00136608
-0.10044304 0.00644857 0.00135492
-0.09903203 0.00644000 0.00134366
-0.09762236 0.00643141 0.00133232
-0.09621417 0.00642264 0.00132093
-0.09480731 0.00641358 0.00130949
-0.09340178 0.00640414 0.00129801
-0.09199772 0.00639428 0.00128650
-0.09059500 0.00638395 0.00127497
-0.08919376 0.00637311 0.00126344
-0.08779384 0.00636172 0.00125191
-0.08639541 0.00634974 0.00124039
-0.08499845 0.00633711 0.00122889
-0.08360282 0.00632379 0.00121741
-0.08220867 0.00630970 0.00120600
-0.08081600 0.00629472 0.00119466
-0.07942466 0.00627873 0.00118342
-0.07803480 0.00626161 0.00117240
-0.07664641 0.00624316 0.00116168
-0.07525951 0.00622310 0.00115131
-0.07387393 0.00620105 0.00114142
-0.07248984 0.00617652 0.00113218
-0.07110722 0.00614869 0.00112380
-0.06972608 0.00611660 0.00111666
-0.06834642 0.00607799 0.00111111
-0.06696823 0.00602482 0.00110583
-0.06559138 0.00595868 0.00109764
-0.06421615 0.00591079 0.00108741
-0.06284240 0.00590597 0.00107880
-0.06146998 0.00593114 0.00107076
-0.06009919 0.00596737 0.00106149
-0.05872988 0.00600874 0.00105148
-0.05736204 0.00605408 0.00104072
-0.05599568 0.00610506 0.00102903
-0.05463080 0.00616418 0.00101590
-0.05326740 0.00623673 0.00100057
-0.05190548 0.00632933 0.00098160
-0.05054518 0.00645537 0.00095681
-0.04918636 0.00663261 0.00092352
-0.04782902 0.00690198 0.00088154
-0.04647316 0.00730503 0.00084135
-0.04511893 0.00768765 0.00081288
-0.04376617 0.00777381 0.00078133
-0.04241504 0.00761931 0.00074407
-0.04106524 0.00745713 0.00071517
-0.03971706 0.00734352 0.00069068
-0.03837051 0.00726321 0.00066532
-0.03702529 0.00720528 0.00063887
-0.03568185 0.00716825 0.00061053
-0.03433973 0.00715385 0.00057959
-0.03299939 0.00717108 0.00054434
-0.03166038 0.00723581 0.00050291
-0.03032315 0.00739421 0.00045327
-0.02898739 0.00771791 0.00039978
-0.02765326 0.00803706 0.00034776
-0.02632105 0.00789672 0.00029277
-0.02499002 0.00722921 0.00023957
-0.02366047 0.00638815 0.00020538
-0.02233255 0.00555021 0.00018396
-0.02100625 0.00472873 0.00016833
-0.01968143 0.00394007 0.00015128
-0.01835824 0.00318533 0.00013722
-0.01703653 0.00247254 0.00011881
-0.01571644 0.00178852 0.00010414
-0.01439801 0.00113600 0.00008773
-0.01308110 0.00048279 0.00005430
-0.01176578 0.00026196 0.00006699
-0.01045207 0.00069264 0.00010905
-0.00913993 0.00129939 0.00014136
-0.00782941 0.00189273 0.00014971
-0.00652048 0.00255143 0.00016039
-0.00521317 0.00321000 0.00017186
-0.00390746 0.00409869 0.00017272
-0.00260335 0.00498127 0.00020028
-0.00130087 0.00714614 0.00016567
-0.00000000 0.00825396 0.00029560
