# s/c   cf_mean    cf_std
0.00000000 0.00238041 0.00023741
0.00130087 0.00379251 0.00027504
0.00260174 0.00510665 0.00031999
0.00390261 0.00632835 0.00037114
0.00520348 0.00746297 0.00042758
0.00650435 0.00851567 0.00048865
0.00780522 0.00949142 0.00055379
0.00910609 0.01039501 0.00062253
0.01040697 0.01123105 0.00069451
0.01170784 0.01200400 0.00076938
0.01300871 0.01271811 0.00084684
0.01430958 0.01337750 0.00092663
0.01561045 0.01398611 0.00100850
0.01691132 0.01454773 0.00109222
0.01821219 0.01506598 0.00117761
0.01951306 0.01554434 0.00126445
0.02081393 0.01598616 0.00135260
0.02211480 0.01639462 0.00144188
0.02341567 0.01677276 0.00153217
0.02470176 0.01712350 0.00162333
0.02600263 0.01744962 0.00171524
0.02730350 0.01775376 0.00180781
0.02860437 0.01803844 0.00190095
0.02990524 0.01830607 0.00199456
0.03120611 0.01855892 0.00208859
0.03250698 0.01879915 0.00218298
0.03380786 0.01902881 0.00227767
0.03510873 0.01924983 0.00237263
0.03640960 0.01946405 0.00246782
0.03771047 0.01967318 0.00256323
0.03901134 0.01987886 0.00265884
0.04029743 0.02008261 0.00275464
0.04159830 0.02028585 0.00285064
0.04289917 0.02048993 0.00294684
0.04420004 0.02069609 0.00304325
0.04550091 0.02090549 0.00313991
0.04680178 0.02111922 0.00323682
0.04810265 0.02133827 0.00333404
0.04940352 0.02156356 0.00343158
0.05068961 0.02179593 0.00352950
0.05199048 0.02203616 0.00362784
0.05329135 0.02228493 0.00372665
0.05459222 0.02254289 0.00382598
0.05589309 0.02281060 0.00392589
0.05719396 0.02308857 0.00402644
0.05849483 0.02337723 0.00412769
0.05978092 0.02367699 0.00422971
0.06108179 0.02398816 0.00433256
0.06238266 0.02431103 0.00443630
0.06368353 0.02464582 0.00454102
0.06498440 0.02499272 0.00464678
0.06628528 0.02535186 0.00475365
0.06757136 0.02572333 0.00486171
0.06887223 0.02610717 0.00497102
0.07017310 0.02650339 0.00508167
0.07147398 0.02691197 0.00519372
0.07277485 0.02733284 0.00530724
0.07407572 0.02776590 0.00542232
0.07536180 0.02821102 0.00553901
0.07666268 0.02866804 0.00565738
0.07796355 0.02913678 0.00577751
0.07926442 0.02961702 0.00589947
0.08056529 0.03010853 0.00602331
0.08185138 0.03061104 0.00614909
0.08315225 0.03112429 0.00627689
0.08445312 0.03164796 0.00640675
0.08575399 0.03218175 0.00653874
0.08704008 0.03272532 0.00667290
0.08834095 0.03327834 0.00680929
0.08964182 0.03384043 0.00694795
0.09094269 0.03441124 0.00708893
0.09224356 0.03499040 0.00723226
0.09352965 0.03557750 0.00737799
0.09483052 0.03617217 0.00752615
0.09613139 0.03677401 0.00767677
0.09743226 0.03738262 0.00782987
0.09871835 0.03799758 0.00798548
0.10001922 0.03861852 0.00814361
0.10132009 0.03924500 0.00830429
0.10260618 0.03987664 0.00846752
0.10390705 0.04051304 0.00863330
0.10520792 0.04115379 0.00880165
0.10650879 0.04179851 0.00897256
0.10779488 0.04244680 0.00914602
0.10909575 0.04309828 0.00932202
0.11039662 0.04375259 0.00950056
0.11169749 0.04440935 0.00968161
0.11298358 0.04506821 0.00986514
0.11428445 0.04572883 0.01005114
0.11558532 0.04639086 0.01023957
0.11687141 0.04705398 0.01043040
0.11817228 0.04771788 0.01062358
0.11947315 0.04838226 0.01081908
0.12075924 0.04904683 0.01101685
0.12206011 0.04971132 0.01121684
0.12336098 0.05037548 0.01141899
0.12466185 0.05103906 0.01162324
0.12594794 0.05170182 0.01182954
0.12724881 0.05236358 0.01203781
0.12854968 0.05302411 0.01224799
0.12983577 0.05368146 0.01245959
0.13113664 0.05439420 0.01268838
0.13243751 0.05507052 0.01292509
0.13372359 0.05575320 0.01316315
0.13502447 0.05644132 0.01339925
0.13632534 0.05711272 0.01363563
0.13761142 0.05776655 0.01387239
0.13891229 0.05843610 0.01410386
0.14019838 0.05919558 0.01432685
0.14149925 0.06012477 0.01454704
0.14280012 0.06112844 0.01476193
0.14408621 0.06199179 0.01497325
0.14538708 0.06259839 0.01519581
0.14668795 0.06301337 0.01544211
0.14797404 0.06336028 0.01570185
0.14927491 0.06374670 0.01595851
0.15056100 0.06426155 0.01620855
0.15186187 0.06486083 0.01644920
0.15316274 0.06538653 0.01667592
0.15444883 0.06580827 0.01690041
0.15574970 0.06628289 0.01713294
0.15703579 0.06684048 0.01736190
0.15833666 0.06737367 0.01758632
0.15963753 0.06775743 0.01780317
0.16092362 0.06815726 0.01801255
0.16222449 0.06889697 0.01822003
0.16351058 0.06999022 0.01840896
0.16481145 0.07110734 0.01856654
0.16611232 0.07196916 0.01872298
0.16739841 0.07259712 0.01890073
0.16869928 0.07308436 0.01910351
0.16998537 0.07350216 0.01932524
0.17128624 0.07389259 0.01955243
0.17257232 0.07427763 0.01978035
0.17387319 0.07467264 0.02000471
0.17517407 0.07509211 0.02022452
0.17646015 0.07554716 0.02043902
0.17776102 0.07603804 0.02064757
0.17904711 0.07656205 0.02085104
0.18034798 0.07711462 0.02104965
0.18163407 0.07771051 0.02124279
0.18293494 0.07837090 0.02142964
0.18422103 0.07913068 0.02161275
0.18552190 0.07998138 0.02179914
0.18680799 0.08080097 0.02198323
0.18810886 0.08143697 0.02215559
0.18939495 0.08186157 0.02233050
0.19069582 0.08233002 0.02251521
0.19199669 0.08313848 0.02271357
0.19328278 0.08431700 0.02290701
0.19458365 0.08555092 0.02307039
0.19586974 0.08658820 0.02321986
0.19717061 0.08746896 0.02337290
0.19845669 0.08831725 0.02354931
0.19975757 0.08919493 0.02374705
0.20104365 0.09004851 0.02394889
0.20234452 0.09078641 0.02415167
0.20363061 0.09131778 0.02434814
0.20493148 0.09181134 0.02455926
0.20621757 0.09259447 0.02478342
0.20750366 0.09375304 0.02500083
0.20880453 0.09505723 0.02520970
0.21009062 0.09623053 0.02539955
0.21139149 0.09719044 0.02557622
0.21267758 0.09805293 0.02576823
0.21397845 0.09896626 0.02598176
0.21526454 0.09997937 0.02620052
0.21656541 0.10106856 0.02641980
0.21785149 0.10218933 0.02663611
0.21915236 0.10330306 0.02685181
0.22043845 0.10437693 0.02706865
0.22173932 0.10538343 0.02728653
0.22302541 0.10631106 0.02750311
0.22432628 0.10722726 0.02772297
0.22561237 0.10821666 0.02794720
0.22689846 0.10932265 0.02817642
0.22819933 0.11049012 0.02840625
0.22948542 0.11160307 0.02862940
0.23078629 0.11261311 0.02884568
0.23207238 0.11352915 0.02906052
0.23337325 0.11437204 0.02927960
0.23465933 0.11512784 0.02950381
0.23594542 0.11576990 0.02973488
0.23724629 0.11630747 0.02997226
0.23853238 0.11680100 0.03021608
0.23983325 0.11732817 0.03046374
0.24111934 0.11792885 0.03070869
0.24240543 0.11859572 0.03094999
0.24370630 0.11927212 0.03118910
0.24499239 0.11988459 0.03142657
0.24629326 0.12039688 0.03166490
0.24757935 0.12081332 0.03189992
0.24886543 0.12114980 0.03212917
0.25016630 0.12144233 0.03235597
0.25145239 0.12173544 0.03258614
0.25275326 0.12202616 0.03281914
0.25403935 0.12230075 0.03305463
0.25532544 0.12255961 0.03329206
0.25662631 0.12278782 0.03352510
0.25791240 0.12296034 0.03375279
0.25919849 0.12304151 0.03396518
0.26049936 0.12302345 0.03416386
0.26178545 0.12296988 0.03436605
0.26307153 0.12290805 0.03456844
0.26437240 0.12287107 0.03476862
0.26565849 0.12294274 0.03497835
0.26695936 0.12316631 0.03519446
0.26824545 0.12350056 0.03540423
0.26953154 0.12379353 0.03559639
0.27083241 0.12387750 0.03575982
0.27211850 0.12368085 0.03591210
0.27340459 0.12327708 0.03607169
0.27470546 0.12289425 0.03625166
0.27599154 0.12268761 0.03645788
0.27727763 0.12262800 0.03666696
0.27857850 0.12260555 0.03686326
0.27986459 0.12252429 0.03703625
0.28115068 0.12235450 0.03717199
0.28243677 0.12207760 0.03730161
0.28373764 0.12169634 0.03745517
0.28502373 0.12119008 0.03761850
0.28630981 0.12065911 0.03779148
0.28761068 0.12030204 0.03798723
0.28889677 0.12010441 0.03817223
0.29018286 0.11980274 0.03830777
0.29148373 0.11920891 0.03842481
0.29276982 0.11839607 0.03854614
0.29405591 0.11753627 0.03867662
0.29534200 0.11679587 0.03882232
0.29664287 0.11623386 0.03897215
0.29792895 0.11577365 0.03911453
0.29921504 0.11528234 0.03924323
0.30051591 0.11463611 0.03935184
0.30180200 0.11380306 0.03944794
0.30308809 0.11285323 0.03954409
0.30437418 0.11191786 0.03964451
0.30567505 0.11112006 0.03974864
0.30696114 0.11051517 0.03984633
0.30824722 0.11006208 0.03992956
0.30953331 0.10966451 0.04000252
0.31083418 0.10919326 0.04007000
0.31212027 0.10853966 0.04013018
0.31340636 0.10771900 0.04017832
0.31469245 0.10684525 0.04022345
0.31599332 0.10598243 0.04027235
0.31727941 0.10507816 0.04031966
0.31856549 0.10413943 0.04037428
0.31985158 0.10326359 0.04043452
0.32115245 0.10255246 0.04049562
0.32243854 0.10205035 0.04055122
0.32372463 0.10175657 0.04060267
0.32501072 0.10160958 0.04065184
0.32629681 0.10150107 0.04068742
0.32759768 0.10133219 0.04070419
0.32888376 0.10106224 0.04070341
0.33016985 0.10070051 0.04069930
0.33145594 0.10025936 0.04069531
0.33275681 0.09979731 0.04069694
0.33404290 0.09940020 0.04072025
0.33532899 0.09908818 0.04075858
0.33661508 0.09880017 0.04079571
0.33790116 0.09849350 0.04082458
0.33918725 0.09816734 0.04084291
0.34048812 0.09785662 0.04085192
0.34177421 0.09760517 0.04085599
0.34306030 0.09744520 0.04085694
0.34434639 0.09739755 0.04085919
0.34563247 0.09746195 0.04086485
0.34693335 0.09759020 0.04088244
0.34821943 0.09768164 0.04090437
0.34950552 0.09766031 0.04092283
0.35079161 0.09751374 0.04093964
0.35207770 0.09725065 0.04094192
0.35336379 0.09692184 0.04093799
0.35466466 0.09661836 0.04093632
0.35595074 0.09643249 0.04093955
0.35723683 0.09643662 0.04095592
0.35852292 0.09655913 0.04097248
0.35980901 0.09667713 0.04098114
0.36109510 0.09677583 0.04099077
0.36238118 0.09687386 0.04100099
0.36368206 0.09695174 0.04100884
0.36496814 0.09694465 0.04100917
0.36625423 0.09681899 0.04100457
0.36754032 0.09661362 0.04100240
0.36882641 0.09643513 0.04100830
0.37011250 0.09640377 0.04103199
0.37139858 0.09653821 0.04106954
0.37269945 0.09670102 0.04109954
0.37398554 0.09678174 0.04111663
0.37527163 0.09677582 0.04112627
0.37655772 0.09670400 0.04112359
0.37784381 0.09660882 0.04110876
0.37912989 0.09655714 0.04108959
0.38041598 0.09659183 0.04107591
0.38170207 0.09661814 0.04106522
0.38298816 0.09653764 0.04106273
0.38428903 0.09640062 0.04108178
0.38557512 0.09628623 0.04111907
0.38686121 0.09621728 0.04116170
0.38814729 0.09620150 0.04120145
0.38943338 0.09625346 0.04123613
0.39071947 0.09637385 0.04126387
0.39200556 0.09652404 0.04128295
0.39329165 0.09666850 0.04129412
0.39457773 0.09681435 0.04130209
0.39586382 0.09698561 0.04130643
0.39714991 0.09719700 0.04130798
0.39843600 0.09741842 0.04131078
0.39973687 0.09754718 0.04131841
0.40102296 0.09741822 0.04132082
0.40230905 0.09704373 0.04132485
0.40359513 0.09663399 0.04135392
0.40488122 0.09639446 0.04141229
0.40616731 0.09635239 0.04147228
0.40745340 0.09640843 0.04151246
0.40873949 0.09644369 0.04153087
0.41002557 0.09633964 0.04153040
0.41131166 0.09611185 0.04152248
0.41259775 0.09594085 0.04153043
0.41388384 0.09593852 0.04155005
0.41516993 0.09601773 0.04156001
0.41645601 0.09619127 0.04156925
0.41774210 0.09658875 0.04158782
0.41902819 0.09733798 0.04161404
0.42031428 0.09826441 0.04163032
0.42160037 0.09894879 0.04161101
0.42288645 0.09918529 0.04156720
0.42417254 0.09915368 0.04154635
0.42545863 0.09912613 0.04155912
0.42674472 0.09915159 0.04158886
0.42803081 0.09920104 0.04161480
0.42931690 0.09928890 0.04163789
0.43060298 0.09946935 0.04167357
0.43188907 0.09974213 0.04171518
0.43317516 0.10006824 0.04175389
0.43446125 0.10041889 0.04178814
0.43574734 0.10077130 0.04181541
0.43703342 0.10111993 0.04183739
0.43831951 0.10145906 0.04185371
0.43960560 0.10178888 0.04186554
0.44089169 0.10209627 0.04187389
0.44217778 0.10236862 0.04188449
0.44346386 0.10258452 0.04190171
0.44474995 0.10272465 0.04191436
0.44603604 0.10287962 0.04193148
0.44732213 0.10324179 0.04197744
0.44860822 0.10394557 0.04204462
0.44989430 0.10480224 0.04210720
0.45118039 0.10543009 0.04212657
0.45246648 0.10561037 0.04210381
0.45375257 0.10550935 0.04208862
0.45503866 0.10536739 0.04210627
0.45632474 0.10518903 0.04214374
0.45761083 0.10487536 0.04216526
0.45889692 0.10441015 0.04217362
0.46018301 0.10393600 0.04220131
0.46146910 0.10364253 0.04226129
0.46275519 0.10372884 0.04236036
0.46404127 0.10412394 0.04245951
0.46532736 0.10447374 0.04252744
0.46661345 0.10453056 0.04256478
0.46789954 0.10436708 0.04258441
0.46917084 0.10422674 0.04262825
0.47045693 0.10427391 0.04271628
0.47174302 0.10447890 0.04281748
0.47302911 0.10469679 0.04289546
0.47431520 0.10481825 0.04294746
0.47560128 0.10480295 0.04297771
0.47688737 0.10467346 0.04300068
0.47817346 0.10449135 0.04302897
0.47945955 0.10432411 0.04306622
0.48074564 0.10423525 0.04311363
0.48203172 0.10428141 0.04317446
0.48331781 0.10443028 0.04323855
0.48460390 0.10458842 0.04329678
0.48587521 0.10465375 0.04334042
0.48716129 0.10459049 0.04336883
0.48844738 0.10445122 0.04339501
0.48973347 0.10429648 0.04343029
0.49101956 0.10416555 0.04347619
0.49230565 0.10406915 0.04352769
0.49359173 0.10401444 0.04358320
0.49487782 0.10400443 0.04363976
0.49616391 0.10403322 0.04369550
0.49743522 0.10408352 0.04374835
0.49872130 0.10412879 0.04379557
0.50000739 0.10414474 0.04383783
0.50129348 0.10411199 0.04387544
0.50257957 0.10401786 0.04390773
0.50386566 0.10385719 0.04393543
0.50515174 0.10365130 0.04396064
0.50643783 0.10344177 0.04399118
0.50770914 0.10327182 0.04403075
0.50899523 0.10315814 0.04407807
0.51028131 0.10306268 0.04412290
0.51156740 0.10292920 0.04415805
0.51285349 0.10272326 0.04418236
0.51413958 0.10245015 0.04420053
0.51542567 0.10213446 0.04421788
0.51669697 0.10180784 0.04423306
0.51798306 0.10153580 0.04425928
0.51926915 0.10138458 0.04430103
0.52055524 0.10134667 0.04434207
0.52184132 0.10140592 0.04438158
0.52312741 0.10148582 0.04441903
0.52439872 0.10143368 0.04443238
0.52568480 0.10114750 0.04441246
0.52697089 0.10064168 0.04437113
0.52825698 0.10005968 0.04433187
0.52954307 0.09955924 0.04432457
0.53082916 0.09926082 0.04435086
0.53210046 0.09920113 0.04439815
0.53338655 0.09921352 0.04443825
0.53467264 0.09910263 0.04444240
0.53595873 0.09881095 0.04441922
0.53724481 0.09840169 0.04438231
0.53853090 0.09801206 0.04434951
0.53980221 0.09782417 0.04435949
0.54108830 0.09788223 0.04439655
0.54237438 0.09800711 0.04440747
0.54366047 0.09810534 0.04440478
0.54494656 0.09811545 0.04438694
0.54621787 0.09795068 0.04433350
0.54750395 0.09769569 0.04427300
0.54879004 0.09747629 0.04423451
0.55007613 0.09736234 0.04421313
0.55134744 0.09738852 0.04420289
0.55263352 0.09750978 0.04419562
0.55391961 0.09761047 0.04417193
0.55520570 0.09759648 0.04412766
0.55649179 0.09747179 0.04407014
0.55776309 0.09730767 0.04401262
0.55904918 0.09721694 0.04397520
0.56033527 0.09726376 0.04395939
0.56162136 0.09742141 0.04395010
0.56289266 0.09761029 0.04393629
0.56417875 0.09775669 0.04391121
0.56546484 0.09780957 0.04387343
0.56675093 0.09775895 0.04382837
0.56803702 0.09761940 0.04378050
0.56930832 0.09739549 0.04372914
0.57059441 0.09712550 0.04368001
0.57188050 0.09687450 0.04364733
0.57316659 0.09669999 0.04363273
0.57443789 0.09662936 0.04362500
0.57572398 0.09667371 0.04361831
0.57701007 0.09682993 0.04360588
0.57829616 0.09707753 0.04358952
0.57956746 0.09734876 0.04356540
0.58085355 0.09755510 0.04353310
0.58213964 0.09761489 0.04348787
0.58341094 0.09750279 0.04342531
0.58469703 0.09726646 0.04335884
0.58598312 0.09698824 0.04330170
0.58726921 0.09672945 0.04326235
0.58854051 0.09651629 0.04323321
0.58982660 0.09637508 0.04321415
0.59111269 0.09627619 0.04319934
0.59239878 0.09612839 0.04316643
0.59367008 0.09588799 0.04311604
0.59495617 0.09561515 0.04306793
0.59624226 0.09538762 0.04303303
0.59751356 0.09526439 0.04301396
0.59879965 0.09526566 0.04300582
0.60008574 0.09537749 0.04299863
0.60137183 0.09556877 0.04298876
0.60264313 0.09578141 0.04296983
0.60392922 0.09593643 0.04293947
0.60521531 0.09595435 0.04288792
0.60648661 0.09579823 0.04281356
0.60777270 0.09549054 0.04272315
0.60905879 0.09511414 0.04263292
0.61033010 0.09480216 0.04257019
0.61161618 0.09462115 0.04252921
0.61290227 0.09456654 0.04249836
0.61417358 0.09460471 0.04246990
0.61545967 0.09467443 0.04243546
0.61674575 0.09475117 0.04239881
0.61801706 0.09483803 0.04236577
0.61930315 0.09492968 0.04233451
0.62058924 0.09502052 0.04230332
0.62187532 0.09511420 0.04227050
0.62314663 0.09524200 0.04223962
0.62443272 0.09543037 0.04221194
0.62571880 0.09566901 0.04218308
0.62699011 0.09589261 0.04214609
0.62827620 0.09601487 0.04209230
0.62954750 0.09597531 0.04201753
0.63083359 0.09579629 0.04193521
0.63211968 0.09553579 0.04185829
0.63339099 0.09523225 0.04178845
0.63467707 0.09493414 0.04173426
0.63596316 0.09468907 0.04169809
0.63723447 0.09453388 0.04167695
0.63852056 0.09449227 0.04166773
0.63980664 0.09459171 0.04167046
0.64107795 0.09482306 0.04168082
0.64236404 0.09513514 0.04168793
0.64365012 0.09547471 0.04168598
0.64492143 0.09582182 0.04167808
0.64620752 0.09616747 0.04166605
0.64749361 0.09650218 0.04165045
0.64876491 0.09681658 0.04163217
0.65005100 0.09709894 0.04161052
0.65132231 0.09733835 0.04158570
0.65260839 0.09752445 0.04155716
0.65389448 0.09764434 0.04152348
0.65516579 0.09769199 0.04148433
0.65645188 0.09767288 0.04144250
0.65772318 0.09760539 0.04140451
0.65900927 0.09751877 0.04137776
0.66029536 0.09741763 0.04136191
0.66156666 0.09728919 0.04135228
0.66285275 0.09710828 0.04133918
0.66413884 0.09687671 0.04132049
0.66541014 0.09665577 0.04131077
0.66669623 0.09651495 0.04132411
0.66796754 0.09648679 0.04136089
0.66925363 0.09655554 0.04140968
0.67053971 0.09668895 0.04145868
0.67181102 0.09686247 0.04150620
0.67309711 0.09704046 0.04154969
0.67436841 0.09714389 0.04158071
0.67565450 0.09710019 0.04158766
0.67692581 0.09692101 0.04158028
0.67821189 0.09665872 0.04157806
0.67949798 0.09634084 0.04158115
0.68076929 0.09596832 0.04158812
0.68205538 0.09553784 0.04159285
0.68332668 0.09508204 0.04159863
0.68461277 0.09469500 0.04162667
0.68589886 0.09446811 0.04169268
0.68717016 0.09438530 0.04178076
0.68845625 0.09434665 0.04186222
0.68972756 0.09429749 0.04193226
0.69101364 0.09422989 0.04199647
0.69228495 0.09413858 0.04205486
0.69357104 0.09402651 0.04210897
0.69484234 0.09390017 0.04216051
0.69612843 0.09378014 0.04221170
0.69741452 0.09369156 0.04226726
0.69868582 0.09364897 0.04232905
0.69997191 0.09363516 0.04239231
0.70124322 0.09358811 0.04244321
0.70252931 0.09347674 0.04248007
0.70380061 0.09333037 0.04251655
0.70508670 0.09318224 0.04255865
0.70635801 0.09303582 0.04260221
0.70764409 0.09286944 0.04263799
0.70893018 0.09267489 0.04266582
0.71020149 0.09244848 0.04268592
0.71148758 0.09219267 0.04270025
0.71275888 0.09192178 0.04271150
0.71404497 0.09167706 0.04272968
0.71531627 0.09151731 0.04276892
0.71660236 0.09145035 0.04282020
0.71787367 0.09141780 0.04286350
0.71915976 0.09136151 0.04288884
0.72043106 0.09126731 0.04290058
0.72171715 0.09114196 0.04290522
0.72298845 0.09099962 0.04290778
0.72427454 0.09085895 0.04291388
0.72554585 0.09072553 0.04292405
0.72683194 0.09057955 0.04293200
0.72810324 0.09038864 0.04292831
0.72938933 0.09013784 0.04290754
0.73066064 0.08985856 0.04288149
0.73194672 0.08959651 0.04286184
0.73321803 0.08937888 0.04285271
0.73450412 0.08921106 0.04285117
0.73577542 0.08907391 0.04284746
0.73706151 0.08894782 0.04283737
0.73833282 0.08882334 0.04281983
0.73961890 0.08869653 0.04279611
0.74089021 0.08856319 0.04276629
0.74217630 0.08841969 0.04273111
0.74344760 0.08826249 0.04269065
0.74473369 0.08808983 0.04264536
0.74600500 0.08790729 0.04259782
0.74729108 0.08772678 0.04255112
0.74856239 0.08756285 0.04250854
0.74984848 0.08742600 0.04247105
0.75111978 0.08732026 0.04243785
0.75240587 0.08724501 0.04240734
0.75367718 0.08719738 0.04237798
0.75496327 0.08717368 0.04234855
0.75623457 0.08717050 0.04231823
0.75752066 0.08718455 0.04228645
0.75879196 0.08721316 0.04225283
0.76007805 0.08725429 0.04221713
0.76134936 0.08730818 0.04217963
0.76263545 0.08737651 0.04214067
0.76390675 0.08746379 0.04210109
0.76517806 0.08757674 0.04206185
0.76646414 0.08772510 0.04202490
0.76773545 0.08791848 0.04199269
0.76902154 0.08815526 0.04196517
0.77029284 0.08841337 0.04193745
0.77157893 0.08865479 0.04190184
0.77285024 0.08885750 0.04185832
0.77413633 0.08901450 0.04180987
0.77540763 0.08912470 0.04175898
0.77669372 0.08919029 0.04170829
0.77796502 0.08921061 0.04165738
0.77923633 0.08919371 0.04160863
0.78052242 0.08915421 0.04156479
0.78179372 0.08910987 0.04152880
0.78307981 0.08907435 0.04150130
0.78435112 0.08906372 0.04148365
0.78563720 0.08908216 0.04147422
0.78690851 0.08912046 0.04146710
0.78817982 0.08917446 0.04146044
0.78946590 0.08924141 0.04145297
0.79073721 0.08931992 0.04144390
0.79202330 0.08940771 0.04143242
0.79329460 0.08950001 0.04141788
0.79458069 0.08959014 0.04139935
0.79585200 0.08966788 0.04137594
0.79712330 0.08972614 0.04134897
0.79840939 0.08976162 0.04132037
0.79968070 0.08977084 0.04129138
0.80096678 0.08975210 0.04126188
0.80223809 0.08971033 0.04123324
0.80350939 0.08965998 0.04120683
0.80479548 0.08962851 0.04118957
0.80606679 0.08963458 0.04118226
0.80735288 0.08967898 0.04118283
0.80862418 0.08975085 0.04118702
0.80989549 0.08983780 0.04118927
0.81118157 0.08994026 0.04119090
0.81245288 0.09006315 0.04119220
0.81373897 0.09021090 0.04119498
0.81501027 0.09037126 0.04119593
0.81628158 0.09052248 0.04119074
0.81756767 0.09065238 0.04117981
0.81883897 0.09075605 0.04116391
0.82012506 0.09082712 0.04114362
0.82139637 0.09085332 0.04111621
0.82266767 0.09081949 0.04107754
0.82395376 0.09073333 0.04103195
0.82522507 0.09064485 0.04099520
0.82651115 0.09060910 0.04098074
0.82778246 0.09064170 0.04098566
0.82905376 0.09072918 0.04100170
0.83033985 0.09085396 0.04102271
0.83161116 0.09100160 0.04104569
0.83288246 0.09115955 0.04106874
0.83416855 0.09131653 0.04109041
0.83543986 0.09146078 0.04110928
0.83672594 0.09158162 0.04112401
0.83799725 0.09167197 0.04113449
0.83926856 0.09172716 0.04114081
0.84055464 0.09174362 0.04114313
0.84182595 0.09171885 0.04114119
0.84309725 0.09165270 0.04113534
0.84438334 0.09155092 0.04112651
0.84565465 0.09142652 0.04111698
0.84692595 0.09130175 0.04111051
0.84821204 0.09120666 0.04111143
0.84948335 0.09117244 0.04112478
0.85076944 0.09120952 0.04115035
0.85204074 0.09128827 0.04117789
0.85331205 0.09136603 0.04119895
0.85459813 0.09141933 0.04121233
0.85586944 0.09144015 0.04121883
0.85714075 0.09142681 0.04122029
0.85842683 0.09137951 0.04121655
0.85969814 0.09130316 0.04120894
0.86096944 0.09120800 0.04119801
0.86225553 0.09111701 0.04118905
0.86352684 0.09106838 0.04118887
0.86479814 0.09110609 0.04120815
0.86608423 0.09125814 0.04125171
0.86735554 0.09150700 0.04131092
0.86862684 0.09180354 0.04137261
0.86991293 0.09209775 0.04142286
0.87118424 0.09235708 0.04145748
0.87245554 0.09255809 0.04147590
0.87374163 0.09268677 0.04148067
0.87501293 0.09273122 0.04147339
0.87628424 0.09268167 0.04145437
0.87757033 0.09254042 0.04142617
0.87884163 0.09231521 0.04139120
0.88011294 0.09202248 0.04135390
0.88138424 0.09168357 0.04132030
0.88267033 0.09132072 0.04129473
0.88394164 0.09095346 0.04128111
0.88521294 0.09059614 0.04127916
0.88649903 0.09026370 0.04129021
0.88777034 0.08997882 0.04131966
0.88904164 0.08975350 0.04136792
0.89032773 0.08957091 0.04142480
0.89159904 0.08941261 0.04148019
0.89287034 0.08927979 0.04153292
0.89415643 0.08917750 0.04158343
0.89542774 0.08910307 0.04163073
0.89669904 0.08904532 0.04167290
0.89797035 0.08899301 0.04170938
0.89925643 0.08893660 0.04174094
0.90052774 0.08887073 0.04176835
0.90179905 0.08878868 0.04179223
0.90308513 0.08868468 0.04181213
0.90435644 0.08855385 0.04182786
0.90562774 0.08839067 0.04183927
0.90691383 0.08819385 0.04184611
0.90818514 0.08796474 0.04184894
0.90945644 0.08770902 0.04184891
0.91072775 0.08744324 0.04184978
0.91201384 0.08718647 0.04185558
0.91328514 0.08695761 0.04186838
0.91455645 0.08677086 0.04188757
0.91582775 0.08663393 0.04191162
0.91711384 0.08655618 0.04193958
0.91838515 0.08653994 0.04196962
0.91965645 0.08658232 0.04200025
0.92094254 0.08667154 0.04203003
0.92221385 0.08678016 0.04205539
0.92348515 0.08686993 0.04207023
0.92475646 0.08690932 0.04206952
0.92604254 0.08689474 0.04205613
0.92731385 0.08684428 0.04203736
0.92858516 0.08677491 0.04201836
0.92985646 0.08669767 0.04200196
0.93114255 0.08661675 0.04198891
0.93241385 0.08653711 0.04198018
0.93368516 0.08646783 0.04197915
0.93495647 0.08642917 0.04199372
0.93624255 0.08642961 0.04202444
0.93751386 0.08646339 0.04206045
0.93878516 0.08654942 0.04210135
0.94005647 0.08670487 0.04214936
0.94134256 0.08689514 0.04219102
0.94261386 0.08706529 0.04221426
0.94388517 0.08719270 0.04222138
0.94515647 0.08727761 0.04221820
0.94644256 0.08731770 0.04220747
0.94771387 0.08730940 0.04218982
0.94898517 0.08725059 0.04216560
0.95025648 0.08714156 0.04213636
0.95154257 0.08698444 0.04210142
0.95281387 0.08677982 0.04205971
0.95408518 0.08654048 0.04201336
0.95535648 0.08630611 0.04197536
0.95664257 0.08613667 0.04196357
0.95791388 0.08607931 0.04198635
0.95918518 0.08614098 0.04203762
0.96045649 0.08627684 0.04209831
0.96174258 0.08643133 0.04215508
0.96301388 0.08657543 0.04220502
0.96428519 0.08669942 0.04225039
0.96555649 0.08679065 0.04228863
0.96682780 0.08683266 0.04231502
0.96811389 0.08681889 0.04232971
0.96938519 0.08674892 0.04233434
0.97065650 0.08663000 0.04233363
0.97192780 0.08647280 0.04233037
0.97321389 0.08628833 0.04232799
0.97448520 0.08608821 0.04232849
0.97575650 0.08588871 0.04233419
0.97702781 0.08570794 0.04234798
0.97829911 0.08556201 0.04237086
0.97958520 0.08546037 0.04240267
0.98085651 0.08540020 0.04244080
0.98212781 0.08536961 0.04248195
0.98339912 0.08535515 0.04252396
0.98468520 0.08534427 0.04256588
0.98595651 0.08532872 0.04260797
0.98722781 0.08529980 0.04265072
0.98849912 0.08524882 0.04269290
0.98977043 0.08517021 0.04273476
0.99105651 0.08506174 0.04277751
0.99232782 0.08492626 0.04282274
0.99359912 0.08476616 0.04287251
0.99487043 0.08458138 0.04292702
0.99614174 0.08436551 0.04298251
0.99742782 0.08411507 0.04303598
0.99869913 0.08383448 0.04308723
0.99997043 0.08353573 0.04313874
1.00124174 0.08323439 0.04319361
1.00251305 0.08294175 0.04325286
1.00378435 0.08266182 0.04331583
1.00507044 0.08239135 0.04338005
1.00634174 0.08212533 0.04344381
1.00761305 0.08186047 0.04350655
1.00888436 0.08159570 0.04356851
1.01015566 0.08133126 0.04363023
1.01144175 0.08106796 0.04369224
1.01271305 0.08080684 0.04375500
1.01398436 0.08054919 0.04381894
1.01525567 0.08029679 0.04388455
1.01652697 0.08005160 0.04395242
1.01779828 0.07981482 0.04402299
1.01908436 0.07958587 0.04409649
1.02035567 0.07935803 0.04417029
1.02162698 0.07911898 0.04423998
1.02289828 0.07885421 0.04430158
1.02416959 0.07855042 0.04435170
1.02545567 0.07820663 0.04439138
1.02672698 0.07783739 0.04442619
1.02799829 0.07746039 0.04446105
1.02926959 0.07708498 0.04449733
1.03054090 0.07671722 0.04453540
1.03181220 0.07636241 0.04457557
1.03309829 0.07602565 0.04461818
1.03436960 0.07571421 0.04466482
1.03564090 0.07542919 0.04471522
1.03691221 0.07516255 0.04476655
1.03818351 0.07490242 0.04481579
1.03945482 0.07464252 0.04486251
1.04072612 0.07437792 0.04490660
1.04201221 0.07410426 0.04494728
1.04328352 0.07381998 0.04498535
1.04455482 0.07352197 0.04502016
1.04582613 0.07320645 0.04504937
1.04709743 0.07287066 0.04507087
1.04836874 0.07251520 0.04508380
1.04965483 0.07214475 0.04508817
1.05092613 0.07176639 0.04508458
1.05219744 0.07139209 0.04507533
1.05346874 0.07103312 0.04506246
1.05474005 0.07069649 0.04504716
1.05601135 0.07039083 0.04503112
1.05728266 0.07012553 0.04501661
1.05856875 0.06990705 0.04500447
1.05984005 0.06973373 0.04499542
1.06111136 0.06958434 0.04498237
1.06238266 0.06943287 0.04496047
1.06365397 0.06926389 0.04492742
1.06492527 0.06907297 0.04488454
1.06619658 0.06886002 0.04483539
1.06746788 0.06861804 0.04477624
1.06875397 0.06833804 0.04470505
1.07002528 0.06801029 0.04462135
1.07129658 0.06762909 0.04452679
1.07256789 0.06719529 0.04442093
1.07383919 0.06671396 0.04429936
1.07511050 0.06619457 0.04415807
1.07638181 0.06565406 0.04399528
1.07766789 0.06512330 0.04381635
1.07893920 0.06464908 0.04363379
1.08021050 0.06426513 0.04345435
1.08148181 0.06395509 0.04326754
1.08275312 0.06367199 0.04305604
1.08402442 0.06338563 0.04281556
1.08529573 0.06308718 0.04255005
1.08656703 0.06277267 0.04226426
1.08783834 0.06243694 0.04196109
1.08912443 0.06207450 0.04164298
1.09039573 0.06168027 0.04131215
1.09166704 0.06125213 0.04097089
1.09293834 0.06079017 0.04062202
1.09420965 0.06029406 0.04026756
1.09548095 0.05976316 0.03990921
1.09675226 0.05919734 0.03954806
1.09802356 0.05859759 0.03918532
1.09930965 0.05796737 0.03882229
1.10058096 0.05731136 0.03846072
1.10185226 0.05663524 0.03810221
1.10312357 0.05594385 0.03774735
1.10439487 0.05524074 0.03739634
1.10566618 0.05452987 0.03704905
1.10693748 0.05381519 0.03670539
1.10820879 0.05310197 0.03636557
1.10948010 0.05239665 0.03603029
1.11075140 0.05170667 0.03570045
1.11203749 0.05103920 0.03537684
1.11330879 0.05040060 0.03505996
1.11458010 0.04979603 0.03475044
1.11585141 0.04923010 0.03444889
1.11712271 0.04870140 0.03415715
1.11839402 0.04820026 0.03388312
1.11966532 0.04770544 0.03362921
1.12093663 0.04718913 0.03338406
1.12220793 0.04660773 0.03313075
1.12347924 0.04592970 0.03285718
1.12475054 0.04517628 0.03257068
1.12603663 0.04439729 0.03229010
1.12730794 0.04363732 0.03202778
1.12857924 0.04291951 0.03178604
1.12985055 0.04226195 0.03156507
1.13112185 0.04167804 0.03136373
1.13239316 0.04118096 0.03118119
1.13366446 0.04078437 0.03101778
1.13493577 0.04049673 0.03087309
1.13620707 0.04032408 0.03074886
1.13747838 0.04022498 0.03066458
1.13874969 0.04016063 0.03065439
1.14002099 0.04008330 0.03065342
1.14130708 0.03996007 0.03058558
1.14257838 0.03981731 0.03046582
1.14384969 0.03962750 0.03030530
1.14512100 0.03933008 0.03011139
1.14639230 0.03890050 0.02989262
1.14766361 0.03840582 0.02963667
1.14893491 0.03798937 0.02933722
1.15020622 0.03770862 0.02903503
1.15147752 0.03743874 0.02876119
1.15274883 0.03704681 0.02851090
1.15402013 0.03659235 0.02825603
1.15529144 0.03644910 0.02808985
1.15656274 0.03632509 0.02792754
1.15783405 0.03622159 0.02777002
1.15912014 0.03613863 0.02761728
1.16039144 0.03607620 0.02746928
1.16166275 0.03603426 0.02732600
1.16293405 0.03601274 0.02718744
1.16420536 0.03601152 0.02705358
1.16547667 0.03603048 0.02692443
1.16674797 0.03606944 0.02680001
1.16801928 0.03612820 0.02668032
1.16929058 0.03620651 0.02656543
1.17056189 0.03630411 0.02645536
1.17183319 0.03642068 0.02635019
1.17310450 0.03655590 0.02624999
1.17437580 0.03670937 0.02615485
1.17564711 0.03688070 0.02606489
1.17691841 0.03706945 0.02598022
1.17818972 0.03727512 0.02590097
1.17946103 0.03749722 0.02582730
1.18074711 0.03773519 0.02575937
1.18201842 0.03798845 0.02569735
1.18328972 0.03825640 0.02564143
1.18456103 0.03853836 0.02559180
1.18583234 0.03883367 0.02554867
1.18710364 0.03914161 0.02551223
1.18837495 0.03946141 0.02548271
1.18964625 0.03979229 0.02546031
1.19091756 0.04013343 0.02544524
1.19218886 0.04048398 0.02543770
1.19346017 0.04084305 0.02543790
1.19473147 0.04120971 0.02544601
1.19600278 0.04158301 0.02546220
1.19727408 0.04196196 0.02548662
1.19854539 0.04234554 0.02551940
1.19981670 0.04273270 0.02556062
1.20108800 0.04312235 0.02561036
1.20235931 0.04351338 0.02566863
1.20363061 0.04390464 0.02573543
1.20490192 0.04429494 0.02581070
1.20617322 0.04468308 0.02589432
1.20744453 0.04506782 0.02598613
1.20873062 0.04544789 0.02608590
1.21000192 0.04582200 0.02619335
1.21127323 0.04618881 0.02630812
1.21254453 0.04654697 0.02642978
1.21381584 0.04689510 0.02655784
1.21508714 0.04723178 0.02669170
1.21635845 0.04755558 0.02683071
1.21762975 0.04786505 0.02697410
1.21890106 0.04815868 0.02712105
1.22017237 0.04843497 0.02727061
1.22144367 0.04869239 0.02742175
1.22271498 0.04892936 0.02757334
1.22398628 0.04914432 0.02772416
1.22525759 0.04933565 0.02787285
1.22652889 0.04950173 0.02801799
1.22780020 0.04964092 0.02815801
1.22907150 0.04975154 0.02829125
1.23034281 0.04983192 0.02841592
1.23161411 0.04988035 0.02853012
1.23288542 0.04989512 0.02863182
1.23415673 0.04987448 0.02871887
1.23542803 0.04981669 0.02878901
1.23669934 0.04971998 0.02883981
1.23797064 0.04958257 0.02886874
1.23924195 0.04940267 0.02887311
1.24051325 0.04917848 0.02885011
1.24178456 0.04890818 0.02879677
1.24305586 0.04858995 0.02870996
1.24432717 0.04822196 0.02858643
1.24559847 0.04780237 0.02842274
1.24686978 0.04732933 0.02821530
1.24814109 0.04680100 0.02796037
1.24941239 0.04621551 0.02765402
1.25068370 0.04557101 0.02729215
1.25195500 0.04486564 0.02687047
1.25322631 0.04409754 0.02638454
1.25449761 0.04326484 0.02582969
1.25576892 0.04236570 0.02520107
1.25704022 0.04139825 0.02449366
1.25831153 0.04036065 0.02370219
1.25958283 0.03925104 0.02282121
1.26085414 0.03806759 0.02184507
1.26212545 0.03680847 0.02076790
1.26339675 0.03547186 0.01958360
1.26466806 0.03405596 0.01828591
1.26593936 0.03255895 0.01686836
1.26721067 0.03097906 0.01532431
1.26848197 0.02931453 0.01364708
1.26975328 0.02756359 0.01183004
1.27102458 0.02572453 0.00986707
1.27229589 0.02379561 0.00775375
1.27356719 0.02177516 0.00549193
1.27483850 0.01966151 0.00311725
1.27610981 0.01745300 0.00117028
1.27738111 0.01514802 0.00284308
1.27865242 0.01274497 0.00576619
1.27992372 0.01024231 0.00898502
1.28119503 0.00763849 0.01244643
-0.96316762 0.03141523 0.00303937
-0.96189631 0.02974663 0.00097122
-0.96062353 0.02420020 0.00027415
-0.95934927 0.02138937 0.00087029
-0.95807353 0.02139753 0.00240681
-0.95679779 0.02473577 0.00490640
-0.95551909 0.02989760 0.00672046
-0.95423744 0.04323933 0.00763408
-0.95295431 0.04008273 0.02082969
-0.95167118 0.11349803 0.04879775
-0.95038804 0.22753733 0.05769063
-0.94910048 0.23846000 0.05034299
-0.94781143 0.20167267 0.04646904
-0.94651943 0.17485100 0.04553162
-0.94522743 0.16392200 0.04502862
-0.94393247 0.15720833 0.04410378
-0.94263604 0.15397067 0.04313218
-0.94133960 0.15133933 0.04244849
-0.94004021 0.14813533 0.04175845
-0.93873934 0.14460053 0.04114747
-0.93743699 0.14140197 0.04067139
-0.93613316 0.13850140 0.04024102
-0.93482786 0.13591623 0.03984819
-0.93351959 0.13358207 0.03948652
-0.93221133 0.13147193 0.03914877
-0.93090011 0.12955027 0.03883129
-0.92958890 0.12779013 0.03853105
-0.92827472 0.12616787 0.03824586
-0.92695907 0.12466353 0.03797429
-0.92564341 0.12325963 0.03771480
-0.92432480 0.12194067 0.03746630
-0.92300472 0.12069310 0.03722856
-0.92168315 0.11950347 0.03700098
-0.92036010 0.11835950 0.03678349
-0.91903410 0.11724757 0.03657547
-0.91770810 0.11615393 0.03637363
-0.91638062 0.11508760 0.03617017
-0.91505167 0.11411243 0.03596309
-0.91371975 0.11328787 0.03576190
-0.91238784 0.11256843 0.03556760
-0.91105297 0.11187243 0.03537113
-0.90971810 0.11118510 0.03517547
-0.90838027 0.11051443 0.03498420
-0.90704096 0.10986057 0.03479589
-0.90570166 0.10922423 0.03461035
-0.90435940 0.10860303 0.03442691
-0.90301565 0.10799650 0.03424527
-0.90167044 0.10740393 0.03406545
-0.90032374 0.10682480 0.03388770
-0.89897556 0.10625743 0.03371118
-0.89762591 0.10570133 0.03353612
-0.89627478 0.10515553 0.03336249
-0.89492217 0.10461933 0.03318963
-0.89356808 0.10409240 0.03301827
-0.89221251 0.10357390 0.03284778
-0.89085547 0.10306317 0.03267796
-0.88949695 0.10255987 0.03250902
-0.88813547 0.10206337 0.03234073
-0.88677399 0.10157333 0.03217333
-0.88541103 0.10108930 0.03200645
-0.88404659 0.10061090 0.03184039
-0.88267920 0.10013733 0.03167432
-0.88131181 0.09966870 0.03150885
-0.87994294 0.09920480 0.03134412
-0.87857259 0.09874477 0.03117942
-0.87719928 0.09828883 0.03101519
-0.87582598 0.09783643 0.03085122
-0.87445120 0.09738750 0.03068754
-0.87307345 0.09694157 0.03052381
-0.87169571 0.09649880 0.03036055
-0.87031650 0.09605880 0.03019740
-0.86893580 0.09562143 0.03003443
-0.86755215 0.09518633 0.02987128
-0.86616849 0.09475367 0.02970845
-0.86478336 0.09432307 0.02954554
-0.86339675 0.09389447 0.02938261
-0.86200866 0.09346783 0.02921967
-0.86061762 0.09304273 0.02905638
-0.85922657 0.09261947 0.02889316
-0.85783405 0.09219797 0.02873010
-0.85644005 0.09177793 0.02856672
-0.85504457 0.09135930 0.02840308
-0.85364761 0.09094170 0.02823876
-0.85224918 0.09052587 0.02807460
-0.85084926 0.09011137 0.02791022
-0.84944787 0.08969790 0.02774519
-0.84804648 0.08928557 0.02757942
-0.84664213 0.08887473 0.02741336
-0.84523630 0.08846570 0.02724684
-0.84382899 0.08805857 0.02707923
-0.84242169 0.08765290 0.02691150
-0.84101143 0.08724607 0.02674270
-0.83960116 0.08683790 0.02657361
-0.83818795 0.08642817 0.02640381
-0.83677473 0.08601647 0.02623296
-0.83536003 0.08560290 0.02606169
-0.83394238 0.08518667 0.02589001
-0.83252472 0.08476643 0.02571824
-0.83110559 0.08433817 0.02554639
-0.82968498 0.08389777 0.02537507
-0.82826289 0.08344360 0.02520399
-0.82684081 0.08297723 0.02503364
-0.82541576 0.08249903 0.02486443
-0.82398924 0.08200813 0.02469627
-0.82256272 0.08150397 0.02452951
-0.82113324 0.08098607 0.02436446
-0.81970376 0.08045423 0.02420122
-0.81827280 0.07990887 0.02404011
-0.81684036 0.07935077 0.02388118
-0.81540645 0.07878143 0.02372467
-0.81397106 0.07820280 0.02357056
-0.81253418 0.07761807 0.02341921
-0.81109584 0.07702983 0.02326951
-0.80965749 0.07644273 0.02312224
-0.80821618 0.07586027 0.02297632
-0.80677488 0.07528713 0.02283188
-0.80533209 0.07472747 0.02268875
-0.80388783 0.07418443 0.02254617
-0.80244209 0.07366080 0.02240357
-0.80099487 0.07315913 0.02226128
-0.79954765 0.07267997 0.02211831
-0.79809748 0.07222437 0.02197525
-0.79664730 0.07179103 0.02183106
-0.79519565 0.07137937 0.02168614
-0.79374252 0.07098757 0.02154009
-0.79228791 0.07061357 0.02139281
-0.79083182 0.07025547 0.02124426
-0.78937573 0.06991067 0.02109442
-0.78791669 0.06957620 0.02094301
-0.78645764 0.06925107 0.02078957
-0.78499712 0.06893717 0.02063440
-0.78353512 0.06863203 0.02047793
-0.78207164 0.06832900 0.02031979
-0.78060816 0.06802290 0.02016029
-0.77914320 0.06771000 0.02000001
-0.77767528 0.06738523 0.01983994
-0.77620885 0.06704027 0.01968047
-0.77473946 0.06666803 0.01952158
-0.77326859 0.06626943 0.01936372
-0.77179771 0.06584730 0.01920763
-0.77032537 0.06540267 0.01905329
-0.76885154 0.06493643 0.01890093
-0.76737623 0.06444930 0.01875088
-0.76590093 0.06394210 0.01860339
-0.76442266 0.06341613 0.01845872
-0.76294440 0.06287297 0.01831716
-0.76146466 0.06231483 0.01817875
-0.75998492 0.06174450 0.01804363
-0.75850222 0.06116540 0.01791177
-0.75701953 0.06058163 0.01778303
-0.75553535 0.05999753 0.01765720
-0.75405118 0.05941817 0.01753395
-0.75256405 0.05884840 0.01741293
-0.75107691 0.05829317 0.01729370
-0.74958830 0.05775687 0.01717581
-0.74809822 0.05724337 0.01705873
-0.74660813 0.05675573 0.01694217
-0.74511656 0.05629603 0.01682553
-0.74362352 0.05586533 0.01670852
-0.74212899 0.05546387 0.01659077
-0.74063447 0.05509080 0.01647195
-0.73913847 0.05474470 0.01635181
-0.73764099 0.05442360 0.01623006
-0.73614351 0.05412493 0.01610658
-0.73464307 0.05384597 0.01598124
-0.73314412 0.05358353 0.01585389
-0.73164220 0.05333413 0.01572468
-0.73014029 0.05309403 0.01559377
-0.72863542 0.05285780 0.01546197
-0.72713202 0.05261897 0.01533138
-0.72562567 0.05236047 0.01520705
-0.72411933 0.05202880 0.01509298
-0.72261150 0.05157497 0.01498098
-0.72110367 0.05105237 0.01486746
-0.71959436 0.05055483 0.01475981
-0.71808358 0.05010140 0.01465503
-0.71657132 0.04967807 0.01454858
-0.71505906 0.04927753 0.01444192
-0.71354532 0.04889400 0.01433527
-0.71203158 0.04852443 0.01422877
-0.71051488 0.04816610 0.01412256
-0.70899966 0.04781727 0.01401669
-0.70748148 0.04747633 0.01391121
-0.70596331 0.04714220 0.01380621
-0.70444366 0.04681380 0.01370172
-0.70292400 0.04649043 0.01359763
-0.70140287 0.04617143 0.01349411
-0.69988026 0.04585617 0.01339107
-0.69835765 0.04554427 0.01328855
-0.69683356 0.04523523 0.01318651
-0.69530800 0.04492880 0.01308497
-0.69378243 0.04462463 0.01298399
-0.69225538 0.04432240 0.01288351
-0.69072834 0.04402197 0.01278355
-0.68919982 0.04372307 0.01268411
-0.68766982 0.04342547 0.01258522
-0.68613981 0.04312903 0.01248682
-0.68460833 0.04283360 0.01238896
-0.68307685 0.04253903 0.01229168
-0.68154390 0.04224517 0.01219493
-0.68001094 0.04195183 0.01209879
-0.67847650 0.04165897 0.01200323
-0.67694059 0.04136643 0.01190827
-0.67540467 0.04107403 0.01181398
-0.67386728 0.04078173 0.01172033
-0.67232841 0.04048937 0.01162740
-0.67078954 0.04019680 0.01153519
-0.66925067 0.03990393 0.01144373
-0.66771032 0.03961063 0.01135308
-0.66616849 0.03931670 0.01126332
-0.66462666 0.03902193 0.01117454
-0.66308484 0.03872617 0.01108677
-0.66154005 0.03842930 0.01100015
-0.65999675 0.03813133 0.01091468
-0.65845049 0.03783213 0.01083040
-0.65690570 0.03753153 0.01074749
-0.65535796 0.03722957 0.01066593
-0.65381022 0.03692620 0.01058592
-0.65226248 0.03662160 0.01050737
-0.65071326 0.03631617 0.01043030
-0.64916404 0.03601077 0.01035455
-0.64761335 0.03570713 0.01027943
-0.64606265 0.03540940 0.01020324
-0.64451047 0.03513450 0.01012387
-0.64295830 0.03490757 0.01004320
-0.64140464 0.03472287 0.00996423
-0.63985099 0.03454340 0.00988431
-0.63829586 0.03435107 0.00980335
-0.63674073 0.03414587 0.00972374
-0.63518412 0.03392833 0.00964495
-0.63362751 0.03370270 0.00956712
-0.63207090 0.03347140 0.00949037
-0.63051133 0.03323590 0.00941445
-0.62895324 0.03299707 0.00933939
-0.62739368 0.03275567 0.00926513
-0.62583411 0.03251233 0.00919170
-0.62427306 0.03226760 0.00911907
-0.62271202 0.03202197 0.00904724
-0.62114950 0.03177580 0.00897622
-0.61958697 0.03152947 0.00890599
-0.61802445 0.03128337 0.00883649
-0.61646045 0.03103773 0.00876781
-0.61489497 0.03079287 0.00870000
-0.61333097 0.03054900 0.00863285
-0.61176401 0.03030637 0.00856657
-0.61019853 0.03006510 0.00850111
-0.60863157 0.02982547 0.00843644
-0.60706461 0.02958763 0.00837258
-0.60549618 0.02935190 0.00830939
-0.60392774 0.02911850 0.00824699
-0.60235783 0.02888750 0.00818534
-0.60078939 0.02865913 0.00812432
-0.59921800 0.02843347 0.00806403
-0.59764808 0.02821063 0.00800445
-0.59607669 0.02799087 0.00794547
-0.59450530 0.02777417 0.00788712
-0.59293243 0.02756067 0.00782940
-0.59135956 0.02735047 0.00777226
-0.58978669 0.02714370 0.00771567
-0.58821234 0.02694033 0.00765961
-0.58663799 0.02674053 0.00760405
-0.58506364 0.02654430 0.00754897
-0.58348781 0.02635167 0.00749431
-0.58191198 0.02616270 0.00744005
-0.58033616 0.02597743 0.00738614
-0.57875885 0.02579580 0.00733258
-0.57718302 0.02561793 0.00727934
-0.57560424 0.02544373 0.00722628
-0.57402693 0.02527320 0.00717347
-0.57244815 0.02510633 0.00712077
-0.57086937 0.02494310 0.00706822
-0.56929058 0.02478343 0.00701574
-0.56771032 0.02462727 0.00696323
-0.56613006 0.02447453 0.00691073
-0.56454980 0.02432520 0.00685809
-0.56296805 0.02417903 0.00680535
-0.56138779 0.02403587 0.00675242
-0.55980605 0.02389557 0.00669921
-0.55822283 0.02375770 0.00664584
-0.55664109 0.02362183 0.00659232
-0.55505787 0.02348713 0.00653877
-0.55347466 0.02335263 0.00648545
-0.55189144 0.02321617 0.00643294
-0.55030822 0.02307503 0.00638252
-0.54872352 0.02291823 0.00633650
-0.54713882 0.02271970 0.00629441
-0.54555413 0.02247117 0.00625101
-0.54396943 0.02221263 0.00620759
-0.54238325 0.02197780 0.00616730
-0.54079708 0.02176550 0.00612744
-0.53921090 0.02157003 0.00608705
-0.53762473 0.02138707 0.00604663
-0.53603855 0.02121423 0.00600620
-0.53445090 0.02104967 0.00596573
-0.53286472 0.02089193 0.00592537
-0.53127707 0.02074000 0.00588518
-0.52968942 0.02059297 0.00584515
-0.52810029 0.02045007 0.00580530
-0.52651263 0.02031070 0.00576568
-0.52492498 0.02017447 0.00572626
-0.52333585 0.02004080 0.00568709
-0.52174671 0.01990943 0.00564816
-0.52015758 0.01978000 0.00560952
-0.51856845 0.01965220 0.00557110
-0.51697932 0.01952583 0.00553297
-0.51538871 0.01940067 0.00549508
-0.51379958 0.01927650 0.00545745
-0.51220897 0.01915317 0.00542018
-0.51061836 0.01903047 0.00538315
-0.50902775 0.01890827 0.00534643
-0.50743714 0.01878643 0.00531006
-0.50584653 0.01866487 0.00527397
-0.50425592 0.01854333 0.00523830
-0.50266383 0.01842177 0.00520296
-0.50107322 0.01830003 0.00516798
-0.49948261 0.01817810 0.00513345
-0.49789052 0.01805587 0.00509927
-0.49629843 0.01793317 0.00506561
-0.49470782 0.01780997 0.00503234
-0.49311573 0.01768613 0.00499957
-0.49152364 0.01756153 0.00496737
-0.48993156 0.01743617 0.00493570
-0.48833947 0.01730980 0.00490469
-0.48674738 0.01718250 0.00487431
-0.48515529 0.01705403 0.00484462
-0.48356320 0.01692447 0.00481565
-0.48196964 0.01679360 0.00478746
-0.48037755 0.01666157 0.00476007
-0.47878546 0.01652837 0.00473351
-0.47719337 0.01639407 0.00470774
-0.47559980 0.01625903 0.00468272
-0.47400772 0.01612373 0.00465827
-0.47241563 0.01598920 0.00463419
-0.47082206 0.01585683 0.00460980
-0.46922997 0.01573060 0.00458393
-0.46763788 0.01562247 0.00455603
-0.46604432 0.01554570 0.00452837
-0.46445223 0.01549283 0.00450216
-0.46286014 0.01544183 0.00447543
-0.46126658 0.01538190 0.00444786
-0.45967449 0.01531447 0.00442040
-0.45808240 0.01524240 0.00439355
-0.45649031 0.01516693 0.00436707
-0.45489822 0.01508880 0.00434107
-0.45330613 0.01500857 0.00431536
-0.45171257 0.01492673 0.00429003
-0.45012048 0.01484363 0.00426498
-0.44852839 0.01475950 0.00424031
-0.44693778 0.01467453 0.00421596
-0.44534569 0.01458897 0.00419189
-0.44375360 0.01450300 0.00416812
-0.44216151 0.01441677 0.00414469
-0.44057090 0.01433040 0.00412151
-0.43897882 0.01424407 0.00409862
-0.43738821 0.01415774 0.00407601
-0.43579612 0.01407158 0.00405365
-0.43420551 0.01398568 0.00403155
-0.43261490 0.01390009 0.00400973
-0.43102429 0.01381489 0.00398821
-0.42943368 0.01373012 0.00396691
-0.42784307 0.01364583 0.00394590
-0.42625394 0.01356202 0.00392512
-0.42466333 0.01347882 0.00390462
-0.42307419 0.01339621 0.00388436
-0.42148358 0.01331426 0.00386435
-0.41989445 0.01323296 0.00384458
-0.41830532 0.01315239 0.00382508
-0.41671619 0.01307248 0.00380581
-0.41512853 0.01299338 0.00378676
-0.41353940 0.01291504 0.00376801
-0.41195175 0.01283753 0.00374947
-0.41036262 0.01276078 0.00373115
-0.40877496 0.01268489 0.00371308
-0.40718731 0.01260984 0.00369520
-0.40560114 0.01253565 0.00367761
-0.40401348 0.01246232 0.00366020
-0.40242731 0.01238986 0.00364301
-0.40084113 0.01231830 0.00362603
-0.39925496 0.01224769 0.00360931
-0.39766878 0.01217793 0.00359275
-0.39608261 0.01210912 0.00357643
-0.39449791 0.01204119 0.00356032
-0.39291321 0.01197420 0.00354439
-0.39132851 0.01190817 0.00352869
-0.38974382 0.01184308 0.00351318
-0.38816060 0.01177889 0.00349785
-0.38657738 0.01171565 0.00348269
-0.38499416 0.01165340 0.00346774
-0.38341094 0.01159208 0.00345295
-0.38182920 0.01153177 0.00343835
-0.38024598 0.01147246 0.00342386
-0.37866424 0.01141423 0.00340951
-0.37708398 0.01135723 0.00339527
-0.37550224 0.01130148 0.00338103
-0.37392198 0.01124725 0.00336676
-0.37234172 0.01119518 0.00335232
-0.37076145 0.01114698 0.00333789
-0.36918267 0.01110285 0.00332383
-0.36760388 0.01105986 0.00331005
-0.36602510 0.01101564 0.00329618
-0.36444780 0.01097025 0.00328241
-0.36286901 0.01092407 0.00326889
-0.36129171 0.01087732 0.00325548
-0.35971588 0.01083022 0.00324231
-0.35814005 0.01078291 0.00322934
-0.35656422 0.01073546 0.00321654
-0.35498840 0.01068796 0.00320391
-0.35341405 0.01064052 0.00319151
-0.35183970 0.01059310 0.00317922
-0.35026535 0.01054585 0.00316715
-0.34869248 0.01049875 0.00315525
-0.34711961 0.01045186 0.00314354
-0.34554674 0.01040517 0.00313196
-0.34397534 0.01035876 0.00312059
-0.34240395 0.01031264 0.00310942
-0.34083256 0.01026680 0.00309840
-0.33926264 0.01022127 0.00308757
-0.33769273 0.01017610 0.00307695
-0.33612429 0.01013123 0.00306647
-0.33455586 0.01008679 0.00305624
-0.33298742 0.01004266 0.00304612
-0.33142046 0.00999899 0.00303623
-0.32985350 0.00995574 0.00302652
-0.32828655 0.00991294 0.00301698
-0.32672107 0.00987061 0.00300766
-0.32515559 0.00982876 0.00299848
-0.32359159 0.00978744 0.00298949
-0.32202758 0.00974671 0.00298070
-0.32046358 0.00970656 0.00297206
-0.31890106 0.00966712 0.00296361
-0.31734002 0.00962843 0.00295526
-0.31577749 0.00959061 0.00294700
-0.31421793 0.00955385 0.00293882
-0.31265688 0.00951837 0.00293064
-0.31109731 0.00948448 0.00292233
-0.30953923 0.00945269 0.00291378
-0.30798114 0.00942379 0.00290467
-0.30642305 0.00939909 0.00289453
-0.30486644 0.00938277 0.00288307
-0.30330983 0.00938145 0.00287146
-0.30175470 0.00939313 0.00286102
-0.30019957 0.00940534 0.00285037
-0.29864591 0.00941154 0.00283879
-0.29709226 0.00941271 0.00282736
-0.29554008 0.00940941 0.00281598
-0.29398791 0.00940236 0.00280471
-0.29243721 0.00939215 0.00279350
-0.29088651 0.00937947 0.00278237
-0.28933730 0.00936471 0.00277139
-0.28778808 0.00934813 0.00276044
-0.28623886 0.00932997 0.00274951
-0.28469112 0.00931051 0.00273866
-0.28314485 0.00928988 0.00272782
-0.28159859 0.00926830 0.00271704
-0.28005381 0.00924587 0.00270626
-0.27850902 0.00922275 0.00269548
-0.27696572 0.00919902 0.00268467
-0.27542241 0.00917487 0.00267389
-0.27388059 0.00915032 0.00266306
-0.27234024 0.00912552 0.00265222
-0.27079989 0.00910051 0.00264134
-0.26925954 0.00907538 0.00263042
-0.26772067 0.00905018 0.00261944
-0.26618327 0.00902498 0.00260840
-0.26464588 0.00899978 0.00259724
-0.26310997 0.00897470 0.00258609
-0.26157405 0.00894968 0.00257478
-0.26003962 0.00892482 0.00256344
-0.25850518 0.00890003 0.00255193
-0.25697222 0.00887538 0.00254035
-0.25544074 0.00885081 0.00252867
-0.25390926 0.00882627 0.00251691
-0.25237926 0.00880163 0.00250504
-0.25084926 0.00877673 0.00249310
-0.24932074 0.00875140 0.00248121
-0.24779369 0.00872528 0.00246940
-0.24626665 0.00869792 0.00245780
-0.24474108 0.00866860 0.00244670
-0.24321552 0.00863629 0.00243633
-0.24169143 0.00859918 0.00242734
-0.24016882 0.00855486 0.00242070
-0.23864621 0.00849681 0.00241801
-0.23712508 0.00840596 0.00241732
-0.23560542 0.00827553 0.00241233
-0.23408577 0.00814102 0.00240449
-0.23256759 0.00803684 0.00239907
-0.23104942 0.00796265 0.00239439
-0.22953272 0.00790875 0.00238878
-0.22801750 0.00786878 0.00238255
-0.22650376 0.00783886 0.00237567
-0.22499002 0.00781637 0.00236837
-0.22347628 0.00779931 0.00236064
-0.22196550 0.00778632 0.00235259
-0.22045471 0.00777635 0.00234426
-0.21894541 0.00776866 0.00233575
-0.21743610 0.00776263 0.00232706
-0.21592827 0.00775779 0.00231818
-0.21442193 0.00775378 0.00230915
-0.21291705 0.00775035 0.00230000
-0.21141218 0.00774728 0.00229076
-0.20990879 0.00774433 0.00228136
-0.20840540 0.00774143 0.00227188
-0.20690496 0.00773839 0.00226228
-0.20540453 0.00773516 0.00225262
-0.20390557 0.00773156 0.00224282
-0.20240661 0.00772758 0.00223300
-0.20090913 0.00772305 0.00222310
-0.19941313 0.00771787 0.00221317
-0.19791861 0.00771188 0.00220325
-0.19642408 0.00770487 0.00219336
-0.19493104 0.00769658 0.00218367
-0.19343947 0.00768647 0.00217422
-0.19194791 0.00767342 0.00216523
-0.19045930 0.00765557 0.00215645
-0.18897069 0.00763239 0.00214755
-0.18748355 0.00760608 0.00213847
-0.18599642 0.00757994 0.00212949
-0.18451077 0.00755564 0.00212069
-0.18302659 0.00753289 0.00211194
-0.18154390 0.00751113 0.00210314
-0.18006268 0.00749017 0.00209427
-0.17858146 0.00747000 0.00208541
-0.17710172 0.00745051 0.00207650
-0.17562346 0.00743173 0.00206760
-0.17414667 0.00741355 0.00205862
-0.17266989 0.00739601 0.00204962
-0.17119606 0.00737910 0.00204061
-0.16972223 0.00736277 0.00203154
-0.16824841 0.00734703 0.00202242
-0.16677754 0.00733187 0.00201324
-0.16530667 0.00731732 0.00200405
-0.16383875 0.00730335 0.00199482
-0.16237084 0.00728993 0.00198549
-0.16090440 0.00727711 0.00197615
-0.15943796 0.00726483 0.00196672
-0.15797449 0.00725313 0.00195724
-0.15651101 0.00724198 0.00194773
-0.15504900 0.00723138 0.00193813
-0.15358848 0.00722130 0.00192846
-0.15212944 0.00721174 0.00191872
-0.15067039 0.00720269 0.00190890
-0.14921430 0.00719413 0.00189901
-0.14775822 0.00718604 0.00188903
-0.14630375 0.00717842 0.00187897
-0.14485062 0.00717124 0.00186882
-0.14339867 0.00716449 0.00185857
-0.14194791 0.00715814 0.00184823
-0.14049847 0.00715217 0.00183779
-0.13905022 0.00714656 0.00182724
-0.13760344 0.00714129 0.00181659
-0.13615770 0.00713633 0.00180582
-0.13471344 0.00713165 0.00179493
-0.13327021 0.00712722 0.00178390
-0.13182846 0.00712296 0.00177266
-0.13038804 0.00711885 0.00176121
-0.12894881 0.00711493 0.00174966
-0.12751090 0.00711116 0.00173799
-0.12607433 0.00710750 0.00172618
-0.12463893 0.00710391 0.00171424
-0.12320502 0.00710034 0.00170216
-0.12177229 0.00709672 0.00168997
-0.12034104 0.00709297 0.00167766
-0.11891096 0.00708898 0.00166526
-0.11748222 0.00708458 0.00165281
-0.11605496 0.00707955 0.00164037
-0.11462888 0.00707345 0.00162809
-0.11320413 0.00706571 0.00161620
-0.11178086 0.00705456 0.00160505
-0.11035892 0.00703520 0.00159423
-0.10893816 0.00700613 0.00158247
-0.10751888 0.00697652 0.00157009
-0.10610108 0.00695472 0.00155820
-0.10468446 0.00693947 0.00154641
-0.10326932 0.00692742 0.00153436
-0.10185551 0.00691692 0.00152215
-0.10044304 0.00690714 0.00150981
-0.09903203 0.00689763 0.00149736
-0.09762236 0.00688809 0.00148483
-0.09621417 0.00687835 0.00147223
-0.09480731 0.00686829 0.00145959
-0.09340178 0.00685784 0.00144690
-0.09199772 0.00684695 0.00143417
-0.09059500 0.00683557 0.00142142
-0.08919376 0.00682366 0.00140864
-0.08779384 0.00681117 0.00139585
-0.08639541 0.00679805 0.00138308
-0.08499845 0.00678424 0.00137033
-0.08360282 0.00676969 0.00135763
-0.08220867 0.00675430 0.00134502
-0.08081600 0.00673800 0.00133251
-0.07942466 0.00672064 0.00132015
-0.07803480 0.00670206 0.00130798
-0.07664641 0.00668206 0.00129608
-0.07525951 0.00666035 0.00128453
-0.07387393 0.00663649 0.00127347
-0.07248984 0.00660996 0.00126310
-0.07110722 0.00657983 0.00125366
-0.06972608 0.00654502 0.00124558
-0.06834642 0.00650305 0.00123933
-0.06696823 0.00644506 0.00123362
-0.06559138 0.00637261 0.00122486
-0.06421615 0.00631971 0.00121379
-0.06284240 0.00631362 0.00120445
-0.06146998 0.00634014 0.00119569
-0.06009919 0.00637856 0.00118559
-0.05872988 0.00642231 0.00117473
-0.05736204 0.00647016 0.00116311
-0.05599568 0.00652387 0.00115056
-0.05463080 0.00658610 0.00113661
-0.05326740 0.00666257 0.00112037
-0.05190548 0.00676034 0.00110032
-0.05054518 0.00689401 0.00107407
-0.04918636 0.00708285 0.00103836
-0.04782902 0.00737177 0.00099233
-0.04647316 0.00780735 0.00094708
-0.04511893 0.00822338 0.00091483
-0.04376617 0.00831739 0.00087996
-0.04241504 0.00814874 0.00083896
-0.04106524 0.00797198 0.00080716
-0.03971706 0.00784798 0.00077998
-0.03837051 0.00776027 0.00075167
-0.03702529 0.00769693 0.00072223
-0.03568185 0.00765604 0.00069079
-0.03433973 0.00763930 0.00065659
-0.03299939 0.00765637 0.00061782
-0.03166038 0.00772424 0.00057213
-0.03032315 0.00789322 0.00051633
-0.02898739 0.00824353 0.00045449
-0.02765326 0.00859507 0.00039472
-0.02632105 0.00845256 0.00033352
-0.02499002 0.00773941 0.00027411
-0.02366047 0.00683979 0.00023512
-0.02233255 0.00594514 0.00021023
-0.02100625 0.00506795 0.00019159
-0.01968143 0.00422693 0.00017131
-0.01835824 0.00342175 0.00015502
-0.01703653 0.00266247 0.00013385
-0.01571644 0.00193178 0.00011812
-0.01439801 0.00123469 0.00010147
-0.01308110 0.00053683 0.00006690
-0.01176578 0.00026887 0.00007707
-0.01045207 0.00070478 0.00011706
-0.00913993 0.00135441 0.00015270
-0.00782941 0.00198716 0.00016157
-0.00652048 0.00268925 0.00017395
-0.00521317 0.00338923 0.00018833
-0.00390746 0.00433502 0.00019096
-0.00260335 0.00527237 0.00022216
-0.00130087 0.00759009 0.00018597
-0.00000000 0.00876178 0.00032118
