# s/c   cf_mean    cf_std
0.00000000 0.00215071 0.00029021
0.00130087 0.00345607 0.00030177
0.00260174 0.00466985 0.00032184
0.00390261 0.00579726 0.00034941
0.00520348 0.00684331 0.00038355
0.00650435 0.00781285 0.00042349
0.00780522 0.00871053 0.00046859
0.00910609 0.00954085 0.00051832
0.01040697 0.01030814 0.00057224
0.01170784 0.01101657 0.00062997
0.01300871 0.01167013 0.00069116
0.01430958 0.01227268 0.00075548
0.01561045 0.01282790 0.00082265
0.01691132 0.01333935 0.00089240
0.01821219 0.01381043 0.00096446
0.01951306 0.01424440 0.00103859
0.02081393 0.01464437 0.00111458
0.02211480 0.01501333 0.00119220
0.02341567 0.01535413 0.00127127
0.02470176 0.01566950 0.00135160
0.02600263 0.01596203 0.00143302
0.02730350 0.01623420 0.00151538
0.02860437 0.01648835 0.00159854
0.02990524 0.01672674 0.00168238
0.03120611 0.01695149 0.00176678
0.03250698 0.01716462 0.00185163
0.03380786 0.01736803 0.00193685
0.03510873 0.01756353 0.00202237
0.03640960 0.01775282 0.00210810
0.03771047 0.01793751 0.00219400
0.03901134 0.01811912 0.00228002
0.04029743 0.01829906 0.00236613
0.04159830 0.01847865 0.00245229
0.04289917 0.01865915 0.00253849
0.04420004 0.01884171 0.00262472
0.04550091 0.01902740 0.00271097
0.04680178 0.01921723 0.00279726
0.04810265 0.01941212 0.00288359
0.04940352 0.01961291 0.00296998
0.05068961 0.01982038 0.00305646
0.05199048 0.02003525 0.00314306
0.05329135 0.02025814 0.00322982
0.05459222 0.02048965 0.00331677
0.05589309 0.02073029 0.00340397
0.05719396 0.02098053 0.00349146
0.05849483 0.02124075 0.00357930
0.05978092 0.02151132 0.00366755
0.06108179 0.02179253 0.00375626
0.06238266 0.02208463 0.00384550
0.06368353 0.02238781 0.00393534
0.06498440 0.02270223 0.00402584
0.06628528 0.02302801 0.00411708
0.06757136 0.02336521 0.00420912
0.06887223 0.02371386 0.00430203
0.07017310 0.02407397 0.00439590
0.07147398 0.02444548 0.00449079
0.07277485 0.02482832 0.00458678
0.07407572 0.02522240 0.00468394
0.07536180 0.02562756 0.00478235
0.07666268 0.02604366 0.00488208
0.07796355 0.02647050 0.00498320
0.07926442 0.02690788 0.00508579
0.08056529 0.02735555 0.00518991
0.08185138 0.02781326 0.00529564
0.08315225 0.02828075 0.00540305
0.08445312 0.02875770 0.00551219
0.08575399 0.02924383 0.00562314
0.08704008 0.02973881 0.00573595
0.08834095 0.03024230 0.00585069
0.08964182 0.03075397 0.00596742
0.09094269 0.03127344 0.00608618
0.09224356 0.03180037 0.00620704
0.09352965 0.03233438 0.00633003
0.09483052 0.03287509 0.00645522
0.09613139 0.03342212 0.00658263
0.09743226 0.03397510 0.00671230
0.09871835 0.03453362 0.00684429
0.10001922 0.03509731 0.00697861
0.10132009 0.03566577 0.00711529
0.10260618 0.03623863 0.00725437
0.10390705 0.03681549 0.00739586
0.10520792 0.03739599 0.00753977
0.10650879 0.03797974 0.00768613
0.10779488 0.03856637 0.00783494
0.10909575 0.03915553 0.00798621
0.11039662 0.03974684 0.00813994
0.11169749 0.04033998 0.00829611
0.11298358 0.04093459 0.00845474
0.11428445 0.04153034 0.00861579
0.11558532 0.04212693 0.00877927
0.11687141 0.04272403 0.00894514
0.11817228 0.04332136 0.00911338
0.11947315 0.04391862 0.00928397
0.12075924 0.04451555 0.00945686
0.12206011 0.04511190 0.00963202
0.12336098 0.04570740 0.00980942
0.12466185 0.04630185 0.00998899
0.12594794 0.04689502 0.01017070
0.12724881 0.04748671 0.01035449
0.12854968 0.04807675 0.01054029
0.12983577 0.04866332 0.01072769
0.13113664 0.04930555 0.01092750
0.13243751 0.04991378 0.01113524
0.13372359 0.05052542 0.01134501
0.13502447 0.05114046 0.01155373
0.13632534 0.05173968 0.01176318
0.13761142 0.05232256 0.01197340
0.13891229 0.05291757 0.01217962
0.14019838 0.05358998 0.01237918
0.14149925 0.05440842 0.01257728
0.14280012 0.05528955 0.01277131
0.14408621 0.05604928 0.01296157
0.14538708 0.05658587 0.01316129
0.14668795 0.05695381 0.01338235
0.14797404 0.05726051 0.01361602
0.14927491 0.05759949 0.01384823
0.15056100 0.05804794 0.01407567
0.15186187 0.05856800 0.01429538
0.15316274 0.05902438 0.01450259
0.15444883 0.05939085 0.01470756
0.15574970 0.05980198 0.01492006
0.15703579 0.06028438 0.01512994
0.15833666 0.06074542 0.01533563
0.15963753 0.06107831 0.01553403
0.16092362 0.06142532 0.01572602
0.16222449 0.06206407 0.01591713
0.16351058 0.06300466 0.01609325
0.16481145 0.06396636 0.01624169
0.16611232 0.06471074 0.01638806
0.16739841 0.06525379 0.01655259
0.16869928 0.06567528 0.01673878
0.16998537 0.06603600 0.01694148
0.17128624 0.06637230 0.01714871
0.17257232 0.06670333 0.01735643
0.17387319 0.06704290 0.01756075
0.17517407 0.06740400 0.01776082
0.17646015 0.06779678 0.01795590
0.17776102 0.06822181 0.01814539
0.17904711 0.06867693 0.01832995
0.18034798 0.06915772 0.01850970
0.18163407 0.06967688 0.01868444
0.18293494 0.07025210 0.01885333
0.18422103 0.07091259 0.01901841
0.18552190 0.07165220 0.01918567
0.18680799 0.07236655 0.01935057
0.18810886 0.07292577 0.01950540
0.18939495 0.07330588 0.01966238
0.19069582 0.07372445 0.01982691
0.19199669 0.07443452 0.02000220
0.19328278 0.07545959 0.02017270
0.19458365 0.07653376 0.02031664
0.19586974 0.07744343 0.02044892
0.19717061 0.07822076 0.02058462
0.19845669 0.07897180 0.02074006
0.19975757 0.07974924 0.02091317
0.20104365 0.08050780 0.02108940
0.20234452 0.08116845 0.02126645
0.20363061 0.08165412 0.02143754
0.20493148 0.08210967 0.02161981
0.20621757 0.08281120 0.02181249
0.20750366 0.08383051 0.02199901
0.20880453 0.08497457 0.02217753
0.21009062 0.08600860 0.02233982
0.21139149 0.08686212 0.02249147
0.21267758 0.08763410 0.02265648
0.21397845 0.08845119 0.02283940
0.21526454 0.08935449 0.02302616
0.21656541 0.09032276 0.02321285
0.21785149 0.09131803 0.02339700
0.21915236 0.09230622 0.02358046
0.22043845 0.09326049 0.02376503
0.22173932 0.09415776 0.02395056
0.22302541 0.09498690 0.02413457
0.22432628 0.09580599 0.02432155
0.22561237 0.09668518 0.02451253
0.22689846 0.09766046 0.02470785
0.22819933 0.09868616 0.02490383
0.22948542 0.09966372 0.02509418
0.23078629 0.10055366 0.02527922
0.23207238 0.10136419 0.02546331
0.23337325 0.10211295 0.02565120
0.23465933 0.10278717 0.02584346
0.23594542 0.10336196 0.02604097
0.23724629 0.10384472 0.02624374
0.23853238 0.10428666 0.02645184
0.23983325 0.10475644 0.02666341
0.24111934 0.10528815 0.02687295
0.24240543 0.10587562 0.02707922
0.24370630 0.10646988 0.02728365
0.24499239 0.10700648 0.02748680
0.24629326 0.10745419 0.02769082
0.24757935 0.10781846 0.02789234
0.24886543 0.10811449 0.02808914
0.25016630 0.10837178 0.02828378
0.25145239 0.10862890 0.02848120
0.25275326 0.10887908 0.02868130
0.25403935 0.10911000 0.02888374
0.25532544 0.10932313 0.02908845
0.25662631 0.10950746 0.02928996
0.25791240 0.10964297 0.02948702
0.25919849 0.10970189 0.02967105
0.26049936 0.10967909 0.02984301
0.26178545 0.10962635 0.03001679
0.26307153 0.10956676 0.03019034
0.26437240 0.10952404 0.03036201
0.26565849 0.10956674 0.03054307
0.26695936 0.10973173 0.03073129
0.26824545 0.10998968 0.03091443
0.26953154 0.11021607 0.03108231
0.27083241 0.11026847 0.03122501
0.27211850 0.11008427 0.03135657
0.27340459 0.10972328 0.03149319
0.27470546 0.10937449 0.03164725
0.27599154 0.10916591 0.03182566
0.27727763 0.10907323 0.03200849
0.27857850 0.10900905 0.03218063
0.27986459 0.10889858 0.03233270
0.28115068 0.10872210 0.03245216
0.28243677 0.10846124 0.03256463
0.28373764 0.10810441 0.03269620
0.28502373 0.10762954 0.03283666
0.28630981 0.10712380 0.03298685
0.28761068 0.10676280 0.03315824
0.28889677 0.10654137 0.03332094
0.29018286 0.10623704 0.03344101
0.29148373 0.10568664 0.03354312
0.29276982 0.10495026 0.03364660
0.29405591 0.10417262 0.03375842
0.29534200 0.10349087 0.03388373
0.29664287 0.10295379 0.03401450
0.29792895 0.10249893 0.03414035
0.29921504 0.10201454 0.03425397
0.30051591 0.10140043 0.03435054
0.30180200 0.10062931 0.03443480
0.30308809 0.09975712 0.03451890
0.30437418 0.09889387 0.03460614
0.30567505 0.09814428 0.03469800
0.30696114 0.09755715 0.03478552
0.30824722 0.09710098 0.03486034
0.30953331 0.09669599 0.03492675
0.31083418 0.09623108 0.03498726
0.31212027 0.09561272 0.03504090
0.31340636 0.09485762 0.03508388
0.31469245 0.09406607 0.03512342
0.31599332 0.09329119 0.03516429
0.31727941 0.09248659 0.03520188
0.31856549 0.09165369 0.03524455
0.31985158 0.09087175 0.03529189
0.32115245 0.09022416 0.03534184
0.32243854 0.08974453 0.03538985
0.32372463 0.08943071 0.03543631
0.32501072 0.08923582 0.03548188
0.32629681 0.08907483 0.03551695
0.32759768 0.08887105 0.03553457
0.32888376 0.08859118 0.03553638
0.33016985 0.08824390 0.03553407
0.33145594 0.08783728 0.03552885
0.33275681 0.08741658 0.03552883
0.33404290 0.08704689 0.03554620
0.33532899 0.08674235 0.03557703
0.33661508 0.08645589 0.03560860
0.33790116 0.08615323 0.03563313
0.33918725 0.08583944 0.03564801
0.34048812 0.08554609 0.03565385
0.34177421 0.08530959 0.03565477
0.34306030 0.08515354 0.03565227
0.34434639 0.08509204 0.03565117
0.34563247 0.08511742 0.03565453
0.34693335 0.08518557 0.03566869
0.34821943 0.08521251 0.03568754
0.34950552 0.08514004 0.03570510
0.35079161 0.08496373 0.03572083
0.35207770 0.08469858 0.03572336
0.35336379 0.08439053 0.03571892
0.35466466 0.08410963 0.03571475
0.35595074 0.08393112 0.03571480
0.35723683 0.08390565 0.03572623
0.35852292 0.08397247 0.03573877
0.35980901 0.08402817 0.03574606
0.36109510 0.08406170 0.03575447
0.36238118 0.08409392 0.03576294
0.36368206 0.08411274 0.03576971
0.36496814 0.08406586 0.03576953
0.36625423 0.08392259 0.03576294
0.36754032 0.08371463 0.03575834
0.36882641 0.08352260 0.03575932
0.37011250 0.08344520 0.03577688
0.37139858 0.08349545 0.03580711
0.37269945 0.08356276 0.03582998
0.37398554 0.08356422 0.03584352
0.37527163 0.08349894 0.03584946
0.37655772 0.08338947 0.03584552
0.37784381 0.08327462 0.03583109
0.37912989 0.08321075 0.03581166
0.38041598 0.08322964 0.03579612
0.38170207 0.08324609 0.03578193
0.38298816 0.08316689 0.03577341
0.38428903 0.08302766 0.03578357
0.38557512 0.08289211 0.03580915
0.38686121 0.08278182 0.03583987
0.38814729 0.08270868 0.03586910
0.38943338 0.08268799 0.03589379
0.39071947 0.08272424 0.03591326
0.39200556 0.08278620 0.03592490
0.39329165 0.08284498 0.03592977
0.39457773 0.08290778 0.03593170
0.39586382 0.08299640 0.03593079
0.39714991 0.08312397 0.03592765
0.39843600 0.08326530 0.03592588
0.39973687 0.08333021 0.03592805
0.40102296 0.08317590 0.03592514
0.40230905 0.08281195 0.03592323
0.40359513 0.08241494 0.03594237
0.40488122 0.08216049 0.03598621
0.40616731 0.08207500 0.03603190
0.40745340 0.08207647 0.03606144
0.40873949 0.08206557 0.03607332
0.41002557 0.08194034 0.03606898
0.41131166 0.08171198 0.03605700
0.41259775 0.08153315 0.03605811
0.41388384 0.08149539 0.03606817
0.41516993 0.08152002 0.03606871
0.41645601 0.08160890 0.03606686
0.41774210 0.08187124 0.03607168
0.41902819 0.08242305 0.03608374
0.42031428 0.08312166 0.03608843
0.42160037 0.08361311 0.03606233
0.42288645 0.08372409 0.03601408
0.42417254 0.08360794 0.03598449
0.42545863 0.08349644 0.03598320
0.42674472 0.08343402 0.03599672
0.42803081 0.08339455 0.03600666
0.42931690 0.08338719 0.03601404
0.43060298 0.08344909 0.03603063
0.43188907 0.08357954 0.03605174
0.43317516 0.08374775 0.03607052
0.43446125 0.08393090 0.03608493
0.43574734 0.08411443 0.03609373
0.43703342 0.08429547 0.03609805
0.43831951 0.08447169 0.03609763
0.43960560 0.08464479 0.03609349
0.44089169 0.08480264 0.03608590
0.44217778 0.08493127 0.03607895
0.44346386 0.08500720 0.03607580
0.44474995 0.08500973 0.03606676
0.44603604 0.08501612 0.03605987
0.44732213 0.08519419 0.03607792
0.44860822 0.08566419 0.03611633
0.44989430 0.08626817 0.03615243
0.45118039 0.08668321 0.03615081
0.45246648 0.08672808 0.03611127
0.45375257 0.08654378 0.03607768
0.45503866 0.08633502 0.03607309
0.45632474 0.08610920 0.03608767
0.45761083 0.08578141 0.03608895
0.45889692 0.08533529 0.03607749
0.46018301 0.08488482 0.03608072
0.46146910 0.08458608 0.03611032
0.46275519 0.08460510 0.03617479
0.46404127 0.08487921 0.03624053
0.46532736 0.08510920 0.03627760
0.46661345 0.08508698 0.03628368
0.46789954 0.08487175 0.03627098
0.46917084 0.08467004 0.03627772
0.47045693 0.08462417 0.03632223
0.47174302 0.08471273 0.03637913
0.47302911 0.08481778 0.03641669
0.47431520 0.08485130 0.03643253
0.47560128 0.08478093 0.03642970
0.47688737 0.08462485 0.03641971
0.47817346 0.08443468 0.03641404
0.47945955 0.08426347 0.03641571
0.48074564 0.08416243 0.03642628
0.48203172 0.08417888 0.03644985
0.48331781 0.08428290 0.03647688
0.48460390 0.08439562 0.03649858
0.48587521 0.08443081 0.03650671
0.48716129 0.08435653 0.03650011
0.48844738 0.08421702 0.03649073
0.48973347 0.08406270 0.03648839
0.49101956 0.08392724 0.03649537
0.49230565 0.08382036 0.03650725
0.49359173 0.08374838 0.03652254
0.49487782 0.08371485 0.03653948
0.49616391 0.08371509 0.03655589
0.49743522 0.08373627 0.03657042
0.49872130 0.08375600 0.03658014
0.50000739 0.08375564 0.03658541
0.50129348 0.08371994 0.03658683
0.50257957 0.08363823 0.03658346
0.50386566 0.08350698 0.03657601
0.50515174 0.08334447 0.03656675
0.50643783 0.08318547 0.03656278
0.50770914 0.08306571 0.03656802
0.50899523 0.08300035 0.03658173
0.51028131 0.08295554 0.03659477
0.51156740 0.08288498 0.03659989
0.51285349 0.08275826 0.03659642
0.51413958 0.08257583 0.03658728
0.51542567 0.08235693 0.03657803
0.51669697 0.08212784 0.03656834
0.51798306 0.08194286 0.03656943
0.51926915 0.08185846 0.03658682
0.52055524 0.08187091 0.03660709
0.52184132 0.08196673 0.03662898
0.52312741 0.08208542 0.03665089
0.52439872 0.08210097 0.03665168
0.52568480 0.08193186 0.03662183
0.52697089 0.08159008 0.03657228
0.52825698 0.08119224 0.03652410
0.52954307 0.08086769 0.03650409
0.53082916 0.08071386 0.03651636
0.53210046 0.08075952 0.03655066
0.53338655 0.08086491 0.03658119
0.53467264 0.08086756 0.03657966
0.53595873 0.08071992 0.03655247
0.53724481 0.08047076 0.03651308
0.53853090 0.08023109 0.03647856
0.53980221 0.08014696 0.03648381
0.54108830 0.08025277 0.03651715
0.54237438 0.08040326 0.03653252
0.54366047 0.08052200 0.03653687
0.54494656 0.08056209 0.03652831
0.54621787 0.08045238 0.03648790
0.54750395 0.08026599 0.03644097
0.54879004 0.08010604 0.03641272
0.55007613 0.08003065 0.03640053
0.55134744 0.08006912 0.03640141
0.55263352 0.08018387 0.03640542
0.55391961 0.08028275 0.03639580
0.55520570 0.08029001 0.03636637
0.55649179 0.08020804 0.03632286
0.55776309 0.08009387 0.03627917
0.55904918 0.08003347 0.03625218
0.56033527 0.08007695 0.03624604
0.56162136 0.08020408 0.03624694
0.56289266 0.08035080 0.03624560
0.56417875 0.08045874 0.03623373
0.56546484 0.08048894 0.03620934
0.56675093 0.08043417 0.03617779
0.56803702 0.08030612 0.03614137
0.56930832 0.08010881 0.03610088
0.57059441 0.07987437 0.03606105
0.57188050 0.07965447 0.03603435
0.57316659 0.07949453 0.03602321
0.57443789 0.07941695 0.03601962
0.57572398 0.07942871 0.03601939
0.57701007 0.07952715 0.03601703
0.57829616 0.07969711 0.03601419
0.57956746 0.07988544 0.03600591
0.58085355 0.08002457 0.03598994
0.58213964 0.08005282 0.03596182
0.58341094 0.07995013 0.03591812
0.58469703 0.07975449 0.03586929
0.58598312 0.07953038 0.03582938
0.58726921 0.07932717 0.03580493
0.58854051 0.07916402 0.03579029
0.58982660 0.07906301 0.03578779
0.59111269 0.07899949 0.03578881
0.59239878 0.07890290 0.03577625
0.59367008 0.07873487 0.03574801
0.59495617 0.07853659 0.03572089
0.59624226 0.07836310 0.03570599
0.59751356 0.07825676 0.03570695
0.59879965 0.07823480 0.03572106
0.60008574 0.07828591 0.03573919
0.60137183 0.07839119 0.03575904
0.60264313 0.07850644 0.03577310
0.60392922 0.07857730 0.03577805
0.60521531 0.07854571 0.03576485
0.60648661 0.07838517 0.03573128
0.60777270 0.07811494 0.03568207
0.60905879 0.07779768 0.03563135
0.61033010 0.07753119 0.03560294
0.61161618 0.07736186 0.03559405
0.61290227 0.07728366 0.03559542
0.61417358 0.07726554 0.03559997
0.61545967 0.07725914 0.03559963
0.61674575 0.07724443 0.03559748
0.61801706 0.07722363 0.03559723
0.61930315 0.07719354 0.03559746
0.62058924 0.07715457 0.03559819
0.62187532 0.07710967 0.03559601
0.62314663 0.07708615 0.03559492
0.62443272 0.07710831 0.03559806
0.62571880 0.07716745 0.03559969
0.62699011 0.07721887 0.03559578
0.62827620 0.07719669 0.03557557
0.62954750 0.07705775 0.03553576
0.63083359 0.07682107 0.03548916
0.63211968 0.07652687 0.03544345
0.63339099 0.07620476 0.03540331
0.63467707 0.07588941 0.03537349
0.63596316 0.07561359 0.03535669
0.63723447 0.07540153 0.03535151
0.63852056 0.07526751 0.03535565
0.63980664 0.07522715 0.03536998
0.64107795 0.07527236 0.03539212
0.64236404 0.07536178 0.03541172
0.64365012 0.07545860 0.03542486
0.64492143 0.07554999 0.03543373
0.64620752 0.07563011 0.03543851
0.64749361 0.07569651 0.03544122
0.64876491 0.07574294 0.03544117
0.65005100 0.07576425 0.03543841
0.65132231 0.07575444 0.03543225
0.65260839 0.07570841 0.03542247
0.65389448 0.07561889 0.03540684
0.65516579 0.07548323 0.03538536
0.65645188 0.07530698 0.03535955
0.65772318 0.07510449 0.03533404
0.65900927 0.07489735 0.03531583
0.66029536 0.07468740 0.03530377
0.66156666 0.07446322 0.03529530
0.66285275 0.07420097 0.03528259
0.66413884 0.07389973 0.03526499
0.66541014 0.07360065 0.03525502
0.66669623 0.07335454 0.03526467
0.66796754 0.07318629 0.03529435
0.66925363 0.07308486 0.03533398
0.67053971 0.07303134 0.03537292
0.67181102 0.07301070 0.03540890
0.67309711 0.07299840 0.03543924
0.67436841 0.07293789 0.03545729
0.67565450 0.07277592 0.03545391
0.67692581 0.07252294 0.03543761
0.67821189 0.07222115 0.03542289
0.67949798 0.07189190 0.03541091
0.68076929 0.07153700 0.03539883
0.68205538 0.07115258 0.03537977
0.68332668 0.07076147 0.03535799
0.68461277 0.07042617 0.03535096
0.68589886 0.07020930 0.03537534
0.68717016 0.07009232 0.03541846
0.68845625 0.07000190 0.03545828
0.68972756 0.06989755 0.03548944
0.69101364 0.06977588 0.03551568
0.69228495 0.06963815 0.03553740
0.69357104 0.06948675 0.03555508
0.69484234 0.06932936 0.03556888
0.69612843 0.06918353 0.03558164
0.69741452 0.06906819 0.03559531
0.69868582 0.06899736 0.03561211
0.69997191 0.06896093 0.03562818
0.70124322 0.06891158 0.03563067
0.70252931 0.06882570 0.03562039
0.70380061 0.06871892 0.03561056
0.70508670 0.06861066 0.03560968
0.70635801 0.06849827 0.03561485
0.70764409 0.06836722 0.03562013
0.70893018 0.06821299 0.03562387
0.71020149 0.06803194 0.03562497
0.71148758 0.06782938 0.03562452
0.71275888 0.06761672 0.03562322
0.71404497 0.06742811 0.03562787
0.71531627 0.06731195 0.03564897
0.71660236 0.06727434 0.03567996
0.71787367 0.06726764 0.03570289
0.71915976 0.06724867 0.03571005
0.72043106 0.06720868 0.03570502
0.72171715 0.06715249 0.03569285
0.72298845 0.06709203 0.03567879
0.72427454 0.06703781 0.03566845
0.72554585 0.06699206 0.03566465
0.72683194 0.06693628 0.03566310
0.72810324 0.06684231 0.03565713
0.72938933 0.06669929 0.03564243
0.73066064 0.06653117 0.03562872
0.73194672 0.06637379 0.03562400
0.73321803 0.06624985 0.03563144
0.73450412 0.06616408 0.03564810
0.73577542 0.06610262 0.03566474
0.73706151 0.06605096 0.03567736
0.73833282 0.06600238 0.03568449
0.73961890 0.06595388 0.03568655
0.74089021 0.06590348 0.03568360
0.74217630 0.06584834 0.03567538
0.74344760 0.06578697 0.03566191
0.74473369 0.06571842 0.03564336
0.74600500 0.06564485 0.03562114
0.74729108 0.06557348 0.03559878
0.74856239 0.06551162 0.03557945
0.74984848 0.06546450 0.03556497
0.75111978 0.06543298 0.03555529
0.75240587 0.06541579 0.03554943
0.75367718 0.06541017 0.03554623
0.75496327 0.06541345 0.03554473
0.75623457 0.06542311 0.03554402
0.75752066 0.06543673 0.03554343
0.75879196 0.06545236 0.03554234
0.76007805 0.06546853 0.03554032
0.76134936 0.06548484 0.03553721
0.76263545 0.06550210 0.03553323
0.76390675 0.06552247 0.03552887
0.76517806 0.06554977 0.03552513
0.76646414 0.06559007 0.03552379
0.76773545 0.06564983 0.03552657
0.76902154 0.06573111 0.03553370
0.77029284 0.06582178 0.03553971
0.77157893 0.06589887 0.03553788
0.77285024 0.06594765 0.03552664
0.77413633 0.06596513 0.03550831
0.77540763 0.06595180 0.03548549
0.77669372 0.06590887 0.03545964
0.77796502 0.06583644 0.03543139
0.77923633 0.06573943 0.03540259
0.78052242 0.06562558 0.03537659
0.78179372 0.06550601 0.03535609
0.78307981 0.06539085 0.03534285
0.78435112 0.06529090 0.03533830
0.78563720 0.06521009 0.03534076
0.78690851 0.06514154 0.03534589
0.78817982 0.06508245 0.03535167
0.78946590 0.06503136 0.03535703
0.79073721 0.06498782 0.03536123
0.79202330 0.06495047 0.03536358
0.79329460 0.06491698 0.03536336
0.79458069 0.06488305 0.03535976
0.79585200 0.06484228 0.03535145
0.79712330 0.06479044 0.03533942
0.79840939 0.06472434 0.03532498
0.79968070 0.06464071 0.03530851
0.80096678 0.06453898 0.03529094
0.80223809 0.06442090 0.03527264
0.80350939 0.06429587 0.03525748
0.80479548 0.06417628 0.03525011
0.80606679 0.06407317 0.03525416
0.80735288 0.06398721 0.03526823
0.80862418 0.06391062 0.03528630
0.80989549 0.06384017 0.03530553
0.81118157 0.06377651 0.03532459
0.81245288 0.06372458 0.03534409
0.81373897 0.06368781 0.03536512
0.81501027 0.06365856 0.03538424
0.81628158 0.06362314 0.03539745
0.81756767 0.06357481 0.03540401
0.81883897 0.06351228 0.03540461
0.82012506 0.06343234 0.03539821
0.82139637 0.06333017 0.03538284
0.82266767 0.06319744 0.03535400
0.82395376 0.06303760 0.03531367
0.82522507 0.06287785 0.03527703
0.82651115 0.06274649 0.03525833
0.82778246 0.06264771 0.03525765
0.82905376 0.06257187 0.03526902
0.83033985 0.06250992 0.03528802
0.83161116 0.06245331 0.03531052
0.83288246 0.06239696 0.03533472
0.83416855 0.06233597 0.03535872
0.83543986 0.06226543 0.03538062
0.83672594 0.06218086 0.03539874
0.83799725 0.06207980 0.03541242
0.83926856 0.06196082 0.03542142
0.84055464 0.06182288 0.03542544
0.84182595 0.06166521 0.03542424
0.84309725 0.06148811 0.03541734
0.84438334 0.06129519 0.03540589
0.84565465 0.06109468 0.03539174
0.84692595 0.06089912 0.03537818
0.84821204 0.06072673 0.03537036
0.84948335 0.06059570 0.03537307
0.85076944 0.06051213 0.03538819
0.85204074 0.06045246 0.03540611
0.85331205 0.06038979 0.03541998
0.85459813 0.06030990 0.03542837
0.85586944 0.06020721 0.03543141
0.85714075 0.06008282 0.03543120
0.85842683 0.05993503 0.03542704
0.85969814 0.05976694 0.03542042
0.86096944 0.05958358 0.03541226
0.86225553 0.05939788 0.03540675
0.86352684 0.05923120 0.03541042
0.86479814 0.05910997 0.03543262
0.86608423 0.05904863 0.03547733
0.86735554 0.05903801 0.03553766
0.86862684 0.05905417 0.03560048
0.86991293 0.05907338 0.03565348
0.87118424 0.05907966 0.03569096
0.87245554 0.05906159 0.03571209
0.87374163 0.05901013 0.03571764
0.87501293 0.05891707 0.03570816
0.87628424 0.05877806 0.03568506
0.87757033 0.05859264 0.03564980
0.87884163 0.05836534 0.03560530
0.88011294 0.05810601 0.03555592
0.88138424 0.05782706 0.03550668
0.88267033 0.05754160 0.03546249
0.88394164 0.05726018 0.03542628
0.88521294 0.05699029 0.03539979
0.88649903 0.05673731 0.03538361
0.88777034 0.05651193 0.03538246
0.88904164 0.05632139 0.03539788
0.89032773 0.05615762 0.03542114
0.89159904 0.05601334 0.03544511
0.89287034 0.05589037 0.03546815
0.89415643 0.05579170 0.03549096
0.89542774 0.05571381 0.03551235
0.89669904 0.05564843 0.03553074
0.89797035 0.05558676 0.03554482
0.89925643 0.05552311 0.03555514
0.90052774 0.05545371 0.03556201
0.90179905 0.05537520 0.03556552
0.90308513 0.05528497 0.03556600
0.90435644 0.05517964 0.03556258
0.90562774 0.05505700 0.03555517
0.90691383 0.05491602 0.03554352
0.90818514 0.05475793 0.03552817
0.90945644 0.05458625 0.03550987
0.91072775 0.05441167 0.03549243
0.91201384 0.05424622 0.03547916
0.91328514 0.05410084 0.03547246
0.91455645 0.05398339 0.03547332
0.91582775 0.05389703 0.03548062
0.91711384 0.05384617 0.03549484
0.91838515 0.05383021 0.03551471
0.91965645 0.05384715 0.03553976
0.92094254 0.05388743 0.03556763
0.92221385 0.05393615 0.03559497
0.92348515 0.05396872 0.03561456
0.92475646 0.05396480 0.03562056
0.92604254 0.05392512 0.03561539
0.92731385 0.05385993 0.03560417
0.92858516 0.05378101 0.03559194
0.92985646 0.05369411 0.03558088
0.93114255 0.05360105 0.03557117
0.93241385 0.05350349 0.03556359
0.93368516 0.05340618 0.03555997
0.93495647 0.05332100 0.03556707
0.93624255 0.05325352 0.03558463
0.93751386 0.05320229 0.03560664
0.93878516 0.05318259 0.03563598
0.94005647 0.05320617 0.03567472
0.94134256 0.05325021 0.03571213
0.94261386 0.05327880 0.03573546
0.94388517 0.05328058 0.03574490
0.94515647 0.05325755 0.03574419
0.94644256 0.05321005 0.03573538
0.94771387 0.05313779 0.03571888
0.94898517 0.05303914 0.03569459
0.95025648 0.05291565 0.03566310
0.95154257 0.05276864 0.03562460
0.95281387 0.05259664 0.03557666
0.95408518 0.05240744 0.03552221
0.95535648 0.05222299 0.03547082
0.95664257 0.05207781 0.03543783
0.95791388 0.05200059 0.03543358
0.95918518 0.05199121 0.03545401
0.96045649 0.05202032 0.03548407
0.96174258 0.05205303 0.03551068
0.96301388 0.05207553 0.03553085
0.96428519 0.05208411 0.03554486
0.96555649 0.05207274 0.03555106
0.96682780 0.05203432 0.03554559
0.96811389 0.05196535 0.03552785
0.96938519 0.05186791 0.03549939
0.97065650 0.05174726 0.03546319
0.97192780 0.05161080 0.03542252
0.97321389 0.05146458 0.03537955
0.97448520 0.05131637 0.03533702
0.97575650 0.05117373 0.03529716
0.97702781 0.05104601 0.03526296
0.97829911 0.05094242 0.03523723
0.97958520 0.05086533 0.03521982
0.98085651 0.05081231 0.03520937
0.98212781 0.05077468 0.03520196
0.98339912 0.05074464 0.03519537
0.98468520 0.05071568 0.03518801
0.98595651 0.05068247 0.03517859
0.98722781 0.05064170 0.03516678
0.98849912 0.05058961 0.03515157
0.98977043 0.05052379 0.03513240
0.99105651 0.05044452 0.03510990
0.99232782 0.05035451 0.03508565
0.99359912 0.05025753 0.03506178
0.99487043 0.05015446 0.03503877
0.99614174 0.05004104 0.03501362
0.99742782 0.04991282 0.03498333
0.99869913 0.04977265 0.03494887
0.99997043 0.04962697 0.03491287
1.00124174 0.04948436 0.03487879
1.00251305 0.04935189 0.03484920
1.00378435 0.04923067 0.03482381
1.00507044 0.04911885 0.03480121
1.00634174 0.04901312 0.03477985
1.00761305 0.04891195 0.03475914
1.00888436 0.04881474 0.03473917
1.01015566 0.04872204 0.03472035
1.01144175 0.04863424 0.03470293
1.01271305 0.04855184 0.03468733
1.01398436 0.04847575 0.03467392
1.01525567 0.04840691 0.03466326
1.01652697 0.04834672 0.03465599
1.01779828 0.04829634 0.03465281
1.01908436 0.04825588 0.03465405
1.02035567 0.04821992 0.03465686
1.02162698 0.04817816 0.03465584
1.02289828 0.04812155 0.03464691
1.02416959 0.04804371 0.03462735
1.02545567 0.04794509 0.03459791
1.02672698 0.04783501 0.03456366
1.02799829 0.04772371 0.03452952
1.02926959 0.04761669 0.03449766
1.03054090 0.04751675 0.03446890
1.03181220 0.04742672 0.03444434
1.03309829 0.04734943 0.03442494
1.03436960 0.04728900 0.03441258
1.03564090 0.04724605 0.03440748
1.03691221 0.04721648 0.03440732
1.03818351 0.04719510 0.03440975
1.03945482 0.04717853 0.03441351
1.04072612 0.04716571 0.03441841
1.04201221 0.04715553 0.03442414
1.04328352 0.04714795 0.03443105
1.04455482 0.04714135 0.03443848
1.04582613 0.04713089 0.03444372
1.04709743 0.04711183 0.03444417
1.04836874 0.04708254 0.03443902
1.04965483 0.04704324 0.03442820
1.05092613 0.04699604 0.03441251
1.05219744 0.04694595 0.03439425
1.05346874 0.04689988 0.03437675
1.05474005 0.04686418 0.03436304
1.05601135 0.04684511 0.03435595
1.05728266 0.04684820 0.03435787
1.05856875 0.04687794 0.03437091
1.05984005 0.04693274 0.03439401
1.06111136 0.04700547 0.03442366
1.06238266 0.04708379 0.03445388
1.06365397 0.04716105 0.03448186
1.06492527 0.04723894 0.03450936
1.06619658 0.04731535 0.03453557
1.06746788 0.04738487 0.03455780
1.06875397 0.04743955 0.03457203
1.07002528 0.04747350 0.03457545
1.07129658 0.04748443 0.03456731
1.07256789 0.04747270 0.03454812
1.07383919 0.04744000 0.03451886
1.07511050 0.04738821 0.03448026
1.07638181 0.04732528 0.03443634
1.07766789 0.04726525 0.03439381
1.07893920 0.04723187 0.03436494
1.08021050 0.04724346 0.03435849
1.08148181 0.04728980 0.03436663
1.08275312 0.04734594 0.03437491
1.08402442 0.04739987 0.03437785
1.08529573 0.04745086 0.03437596
1.08656703 0.04749818 0.03437013
1.08783834 0.04754129 0.03436319
1.08912443 0.04757678 0.03435706
1.09039573 0.04760187 0.03435393
1.09166704 0.04761553 0.03435544
1.09293834 0.04761889 0.03436252
1.09420965 0.04761334 0.03437418
1.09548095 0.04760059 0.03438822
1.09675226 0.04758192 0.03440170
1.09802356 0.04755828 0.03441186
1.09930965 0.04753094 0.03441687
1.10058096 0.04750201 0.03441607
1.10185226 0.04747291 0.03440900
1.10312357 0.04744464 0.03439554
1.10439487 0.04741783 0.03437575
1.10566618 0.04739226 0.03434947
1.10693748 0.04736816 0.03431703
1.10820879 0.04734590 0.03427912
1.10948010 0.04732658 0.03423691
1.11075140 0.04731158 0.03419184
1.11203749 0.04730225 0.03414537
1.11330879 0.04729937 0.03409865
1.11458010 0.04730359 0.03405290
1.11585141 0.04731571 0.03400964
1.11712271 0.04733439 0.03396917
1.11839402 0.04735731 0.03393185
1.11966532 0.04737716 0.03389562
1.12093663 0.04737858 0.03385441
1.12220793 0.04733860 0.03379807
1.12347924 0.04723930 0.03371892
1.12475054 0.04709586 0.03362216
1.12603663 0.04694877 0.03351941
1.12730794 0.04683282 0.03341670
1.12857924 0.04676876 0.03331472
1.12985055 0.04677267 0.03321083
1.13112185 0.04685927 0.03310550
1.13239316 0.04704017 0.03299695
1.13366446 0.04732437 0.03288657
1.13493577 0.04771456 0.03278004
1.13620707 0.04819166 0.03269402
1.13747838 0.04866207 0.03268880
1.13874969 0.04907055 0.03278069
1.14002099 0.04937111 0.03287640
1.14130708 0.04953951 0.03292998
1.14257838 0.04962457 0.03296786
1.14384969 0.04961088 0.03299195
1.14512100 0.04945945 0.03300104
1.14639230 0.04914405 0.03300053
1.14766361 0.04872559 0.03298540
1.14893491 0.04834763 0.03294503
1.15020622 0.04807516 0.03289709
1.15147752 0.04778067 0.03286123
1.15274883 0.04732680 0.03284494
1.15402013 0.04678648 0.03283081
1.15529144 0.04664655 0.03284398
1.15656274 0.04650324 0.03285766
1.15783405 0.04635877 0.03287279
1.15912014 0.04621386 0.03288917
1.16039144 0.04606922 0.03290660
1.16166275 0.04592560 0.03292487
1.16293405 0.04578376 0.03294374
1.16420536 0.04564449 0.03296296
1.16547667 0.04550859 0.03298229
1.16674797 0.04537686 0.03300144
1.16801928 0.04525015 0.03302013
1.16929058 0.04512928 0.03303807
1.17056189 0.04501511 0.03305496
1.17183319 0.04490848 0.03307046
1.17310450 0.04481025 0.03308424
1.17437580 0.04472128 0.03309598
1.17564711 0.04464240 0.03310530
1.17691841 0.04457447 0.03311186
1.17818972 0.04451833 0.03311527
1.17946103 0.04447479 0.03311516
1.18074711 0.04444467 0.03311114
1.18201842 0.04442876 0.03310281
1.18328972 0.04442782 0.03308977
1.18456103 0.04444260 0.03307161
1.18583234 0.04447382 0.03304792
1.18710364 0.04452215 0.03301828
1.18837495 0.04458824 0.03298227
1.18964625 0.04467271 0.03293948
1.19091756 0.04477610 0.03288948
1.19218886 0.04489894 0.03283185
1.19346017 0.04504168 0.03276616
1.19473147 0.04520473 0.03269201
1.19600278 0.04538843 0.03260897
1.19727408 0.04559306 0.03251663
1.19854539 0.04581882 0.03241459
1.19981670 0.04606586 0.03230245
1.20108800 0.04633422 0.03217982
1.20235931 0.04662387 0.03204632
1.20363061 0.04693469 0.03190158
1.20490192 0.04726647 0.03174524
1.20617322 0.04761889 0.03157696
1.20744453 0.04799153 0.03139640
1.20873062 0.04838387 0.03120325
1.21000192 0.04879525 0.03099720
1.21127323 0.04922493 0.03077797
1.21254453 0.04967199 0.03054530
1.21381584 0.05013541 0.03029893
1.21508714 0.05061405 0.03003865
1.21635845 0.05110657 0.02976424
1.21762975 0.05161154 0.02947552
1.21890106 0.05212733 0.02917233
1.22017237 0.05265216 0.02885453
1.22144367 0.05318410 0.02852200
1.22271498 0.05372102 0.02817466
1.22398628 0.05426062 0.02781243
1.22525759 0.05480040 0.02743526
1.22652889 0.05533769 0.02704315
1.22780020 0.05586958 0.02663608
1.22907150 0.05639299 0.02621409
1.23034281 0.05690461 0.02577721
1.23161411 0.05740089 0.02532553
1.23288542 0.05787807 0.02485911
1.23415673 0.05833215 0.02437807
1.23542803 0.05875887 0.02388252
1.23669934 0.05915374 0.02337259
1.23797064 0.05951200 0.02284842
1.23924195 0.05982862 0.02231016
1.24051325 0.06009828 0.02175795
1.24178456 0.06031542 0.02119193
1.24305586 0.06047414 0.02061223
1.24432717 0.06056827 0.02001898
1.24559847 0.06059132 0.01941228
1.24686978 0.06053650 0.01879219
1.24814109 0.06039668 0.01815875
1.24941239 0.06016439 0.01751194
1.25068370 0.05983185 0.01685171
1.25195500 0.05939089 0.01617791
1.25322631 0.05883302 0.01549035
1.25449761 0.05814935 0.01478873
1.25576892 0.05733065 0.01407265
1.25704022 0.05636726 0.01334160
1.25831153 0.05524915 0.01259496
1.25958283 0.05396590 0.01183196
1.26085414 0.05250665 0.01105166
1.26212545 0.05086013 0.01025298
1.26339675 0.04901464 0.00943467
1.26466806 0.04695802 0.00859528
1.26593936 0.04467769 0.00773319
1.26721067 0.04216058 0.00684662
1.26848197 0.03939317 0.00593366
1.26975328 0.03636144 0.00499240
1.27102458 0.03305088 0.00402124
1.27229589 0.02944650 0.00301995
1.27356719 0.02553278 0.00199409
1.27483850 0.02129367 0.00098916
1.27610981 0.01671261 0.00063810
1.27738111 0.01177248 0.00161003
1.27865242 0.00645560 0.00281413
1.27992372 0.00074374 0.00410351
1.28119503 -0.00538190 0.00546579
-0.96316762 0.02916920 0.00346862
-0.96189631 0.02638150 0.00204214
-0.96062353 0.01992077 0.00123028
-0.95934927 0.01705133 0.00113410
-0.95807353 0.01724897 0.00241201
-0.95679779 0.02023070 0.00439003
-0.95551909 0.02373587 0.00533826
-0.95423744 0.03221667 0.00549907
-0.95295431 0.03123660 0.01698562
-0.95167118 0.09020723 0.04039152
-0.95038804 0.17733233 0.04676464
-0.94910048 0.18549533 0.04069524
-0.94781143 0.15812667 0.03735584
-0.94651943 0.13847237 0.03665592
-0.94522743 0.13086653 0.03640157
-0.94393247 0.12632053 0.03580164
-0.94263604 0.12434377 0.03517530
-0.94133960 0.12270673 0.03474122
-0.94004021 0.12055907 0.03427938
-0.93873934 0.11808123 0.03385850
-0.93743699 0.11581907 0.03353476
-0.93613316 0.11375190 0.03323800
-0.93482786 0.11190090 0.03296466
-0.93351959 0.11022113 0.03271114
-0.93221133 0.10869677 0.03247217
-0.93090011 0.10730283 0.03224559
-0.92958890 0.10602280 0.03202989
-0.92827472 0.10483967 0.03182352
-0.92695907 0.10374000 0.03162606
-0.92564341 0.10271063 0.03143562
-0.92432480 0.10174173 0.03125277
-0.92300472 0.10082290 0.03107701
-0.92168315 0.09994447 0.03090801
-0.92036010 0.09909690 0.03074576
-0.91903410 0.09827047 0.03058997
-0.91770810 0.09745437 0.03043777
-0.91638062 0.09665647 0.03028317
-0.91505167 0.09592920 0.03012470
-0.91371975 0.09532090 0.02997079
-0.91238784 0.09479533 0.02982230
-0.91105297 0.09428637 0.02967139
-0.90971810 0.09378213 0.02952028
-0.90838027 0.09328923 0.02937195
-0.90704096 0.09280830 0.02922586
-0.90570166 0.09233910 0.02908108
-0.90435940 0.09188063 0.02893756
-0.90301565 0.09143273 0.02879544
-0.90167044 0.09099470 0.02865455
-0.90032374 0.09056577 0.02851477
-0.89897556 0.09014493 0.02837540
-0.89762591 0.08973213 0.02823720
-0.89627478 0.08932640 0.02809948
-0.89492217 0.08892773 0.02796292
-0.89356808 0.08853480 0.02782641
-0.89221251 0.08814770 0.02769059
-0.89085547 0.08776613 0.02755560
-0.88949695 0.08738923 0.02742077
-0.88813547 0.08701673 0.02728624
-0.88677399 0.08664843 0.02715215
-0.88541103 0.08628383 0.02701822
-0.88404659 0.08592270 0.02688454
-0.88267920 0.08556497 0.02675121
-0.88131181 0.08521003 0.02661796
-0.87994294 0.08485783 0.02648484
-0.87857259 0.08450820 0.02635193
-0.87719928 0.08416087 0.02621941
-0.87582598 0.08381513 0.02608639
-0.87445120 0.08347153 0.02595386
-0.87307345 0.08312973 0.02582141
-0.87169571 0.08278933 0.02568870
-0.87031650 0.08245027 0.02555575
-0.86893580 0.08211277 0.02542309
-0.86755215 0.08177647 0.02529025
-0.86616849 0.08144163 0.02515779
-0.86478336 0.08110720 0.02502440
-0.86339675 0.08077413 0.02489143
-0.86200866 0.08044170 0.02475802
-0.86061762 0.08011023 0.02462467
-0.85922657 0.07977937 0.02449092
-0.85783405 0.07944940 0.02435725
-0.85644005 0.07911963 0.02422284
-0.85504457 0.07879080 0.02408847
-0.85364761 0.07846213 0.02395338
-0.85224918 0.07813437 0.02381838
-0.85084926 0.07780680 0.02368263
-0.84944787 0.07747980 0.02354657
-0.84804648 0.07715313 0.02340967
-0.84664213 0.07682710 0.02327241
-0.84523630 0.07650203 0.02313462
-0.84382899 0.07617823 0.02299614
-0.84242169 0.07585470 0.02285703
-0.84101143 0.07552970 0.02271703
-0.83960116 0.07520280 0.02257645
-0.83818795 0.07487400 0.02243537
-0.83677473 0.07454323 0.02229385
-0.83536003 0.07421003 0.02215159
-0.83394238 0.07387383 0.02200906
-0.83252472 0.07353313 0.02186601
-0.83110559 0.07318530 0.02172350
-0.82968498 0.07282600 0.02158098
-0.82826289 0.07245400 0.02143860
-0.82684081 0.07207080 0.02129682
-0.82541576 0.07167680 0.02115622
-0.82398924 0.07127093 0.02101646
-0.82256272 0.07085287 0.02087793
-0.82113324 0.07042207 0.02074078
-0.81970376 0.06997863 0.02060530
-0.81827280 0.06952270 0.02047159
-0.81684036 0.06905517 0.02033981
-0.81540645 0.06857717 0.02021005
-0.81397106 0.06809063 0.02008230
-0.81253418 0.06759797 0.01995654
-0.81109584 0.06710217 0.01983254
-0.80965749 0.06660660 0.01971019
-0.80821618 0.06611503 0.01958920
-0.80677488 0.06563107 0.01946926
-0.80533209 0.06515840 0.01935005
-0.80388783 0.06470007 0.01923124
-0.80244209 0.06425857 0.01911251
-0.80099487 0.06383583 0.01899363
-0.79954765 0.06343283 0.01887428
-0.79809748 0.06304987 0.01875429
-0.79664730 0.06268653 0.01863350
-0.79519565 0.06234180 0.01851169
-0.79374252 0.06201427 0.01838890
-0.79228791 0.06170230 0.01826492
-0.79083182 0.06140403 0.01813968
-0.78937573 0.06111730 0.01801323
-0.78791669 0.06083957 0.01788537
-0.78645764 0.06057003 0.01775553
-0.78499712 0.06031013 0.01762423
-0.78353512 0.06005770 0.01749167
-0.78207164 0.05980673 0.01735771
-0.78060816 0.05955280 0.01722262
-0.77914320 0.05929240 0.01708692
-0.77767528 0.05902110 0.01695146
-0.77620885 0.05873140 0.01681669
-0.77473946 0.05841733 0.01668253
-0.77326859 0.05807957 0.01654938
-0.77179771 0.05772067 0.01641780
-0.77032537 0.05734147 0.01628778
-0.76885154 0.05694277 0.01615962
-0.76737623 0.05652520 0.01603357
-0.76590093 0.05608950 0.01590973
-0.76442266 0.05563683 0.01578845
-0.76294440 0.05516863 0.01566988
-0.76146466 0.05468687 0.01555405
-0.75998492 0.05419400 0.01544106
-0.75850222 0.05369310 0.01533079
-0.75701953 0.05318787 0.01522320
-0.75553535 0.05268223 0.01511803
-0.75405118 0.05218047 0.01501495
-0.75256405 0.05168713 0.01491369
-0.75107691 0.05120643 0.01481384
-0.74958830 0.05074237 0.01471498
-0.74809822 0.05029833 0.01461668
-0.74660813 0.04987707 0.01451863
-0.74511656 0.04948037 0.01442033
-0.74362352 0.04910920 0.01432156
-0.74212899 0.04876377 0.01422192
-0.74063447 0.04844340 0.01412120
-0.73913847 0.04814680 0.01401920
-0.73764099 0.04787213 0.01391572
-0.73614351 0.04761723 0.01381069
-0.73464307 0.04737947 0.01370387
-0.73314412 0.04715617 0.01359536
-0.73164220 0.04694407 0.01348527
-0.73014029 0.04673963 0.01337385
-0.72863542 0.04653800 0.01326191
-0.72713202 0.04633313 0.01315123
-0.72562567 0.04610970 0.01304632
-0.72411933 0.04582190 0.01295026
-0.72261150 0.04542860 0.01285573
-0.72110367 0.04497623 0.01275968
-0.71959436 0.04454500 0.01266849
-0.71808358 0.04415163 0.01257985
-0.71657132 0.04378437 0.01248987
-0.71505906 0.04343670 0.01239971
-0.71354532 0.04310390 0.01230951
-0.71203158 0.04278330 0.01221929
-0.71051488 0.04247260 0.01212929
-0.70899966 0.04217013 0.01203952
-0.70748148 0.04187457 0.01195007
-0.70596331 0.04158493 0.01186092
-0.70444366 0.04130033 0.01177216
-0.70292400 0.04102010 0.01168376
-0.70140287 0.04074363 0.01159578
-0.69988026 0.04047047 0.01150817
-0.69835765 0.04020013 0.01142101
-0.69683356 0.03993227 0.01133423
-0.69530800 0.03966663 0.01124788
-0.69378243 0.03940287 0.01116196
-0.69225538 0.03914073 0.01107647
-0.69072834 0.03888010 0.01099135
-0.68919982 0.03862070 0.01090670
-0.68766982 0.03836240 0.01082251
-0.68613981 0.03810500 0.01073877
-0.68460833 0.03784840 0.01065540
-0.68307685 0.03759250 0.01057257
-0.68154390 0.03733703 0.01049024
-0.68001094 0.03708203 0.01040831
-0.67847650 0.03682727 0.01032690
-0.67694059 0.03657273 0.01024605
-0.67540467 0.03631823 0.01016571
-0.67386728 0.03606367 0.01008596
-0.67232841 0.03580893 0.01000677
-0.67078954 0.03555390 0.00992826
-0.66925067 0.03529853 0.00985036
-0.66771032 0.03504263 0.00977322
-0.66616849 0.03478607 0.00969679
-0.66462666 0.03452877 0.00962119
-0.66308484 0.03427057 0.00954644
-0.66154005 0.03401130 0.00947265
-0.65999675 0.03375080 0.00939991
-0.65845049 0.03348903 0.00932827
-0.65690570 0.03322583 0.00925781
-0.65535796 0.03296137 0.00918848
-0.65381022 0.03269560 0.00912054
-0.65226248 0.03242877 0.00905379
-0.65071326 0.03216127 0.00898824
-0.64916404 0.03189393 0.00892370
-0.64761335 0.03162843 0.00885951
-0.64606265 0.03136853 0.00879430
-0.64451047 0.03112910 0.00872620
-0.64295830 0.03093143 0.00865701
-0.64140464 0.03077030 0.00858939
-0.63985099 0.03061363 0.00852101
-0.63829586 0.03044583 0.00845171
-0.63674073 0.03026667 0.00838358
-0.63518412 0.03007667 0.00831614
-0.63362751 0.02987943 0.00824951
-0.63207090 0.02967713 0.00818386
-0.63051133 0.02947103 0.00811892
-0.62895324 0.02926183 0.00805478
-0.62739368 0.02905030 0.00799132
-0.62583411 0.02883690 0.00792861
-0.62427306 0.02862220 0.00786654
-0.62271202 0.02840663 0.00780521
-0.62114950 0.02819050 0.00774456
-0.61958697 0.02797410 0.00768457
-0.61802445 0.02775780 0.00762535
-0.61646045 0.02754187 0.00756670
-0.61489497 0.02732657 0.00750879
-0.61333097 0.02711210 0.00745159
-0.61176401 0.02689870 0.00739502
-0.61019853 0.02668653 0.00733908
-0.60863157 0.02647580 0.00728385
-0.60706461 0.02626663 0.00722928
-0.60549618 0.02605917 0.00717541
-0.60392774 0.02585363 0.00712215
-0.60235783 0.02565020 0.00706948
-0.60078939 0.02544907 0.00701740
-0.59921800 0.02525033 0.00696591
-0.59764808 0.02505417 0.00691502
-0.59607669 0.02486060 0.00686464
-0.59450530 0.02466973 0.00681477
-0.59293243 0.02448173 0.00676544
-0.59135956 0.02429667 0.00671659
-0.58978669 0.02411460 0.00666817
-0.58821234 0.02393553 0.00662019
-0.58663799 0.02375963 0.00657267
-0.58506364 0.02358690 0.00652545
-0.58348781 0.02341737 0.00647861
-0.58191198 0.02325107 0.00643211
-0.58033616 0.02308810 0.00638587
-0.57875885 0.02292837 0.00633992
-0.57718302 0.02277190 0.00629422
-0.57560424 0.02261877 0.00624864
-0.57402693 0.02246887 0.00620321
-0.57244815 0.02232220 0.00615791
-0.57086937 0.02217880 0.00611275
-0.56929058 0.02203853 0.00606752
-0.56771032 0.02190140 0.00602230
-0.56613006 0.02176733 0.00597708
-0.56454980 0.02163617 0.00593172
-0.56296805 0.02150780 0.00588627
-0.56138779 0.02138207 0.00584060
-0.55980605 0.02125887 0.00579480
-0.55822283 0.02113763 0.00574880
-0.55664109 0.02101810 0.00570274
-0.55505787 0.02089943 0.00565668
-0.55347466 0.02078070 0.00561097
-0.55189144 0.02065990 0.00556603
-0.55030822 0.02053437 0.00552314
-0.54872352 0.02039467 0.00548421
-0.54713882 0.02021823 0.00544848
-0.54555413 0.01999850 0.00541153
-0.54396943 0.01977017 0.00537443
-0.54238325 0.01956247 0.00534000
-0.54079708 0.01937460 0.00530590
-0.53921090 0.01920143 0.00527140
-0.53762473 0.01903940 0.00523685
-0.53603855 0.01888633 0.00520220
-0.53445090 0.01874057 0.00516758
-0.53286472 0.01860090 0.00513304
-0.53127707 0.01846640 0.00509853
-0.52968942 0.01833620 0.00506417
-0.52810029 0.01820973 0.00502995
-0.52651263 0.01808647 0.00499596
-0.52492498 0.01796590 0.00496205
-0.52333585 0.01784767 0.00492843
-0.52174671 0.01773143 0.00489496
-0.52015758 0.01761690 0.00486173
-0.51856845 0.01750387 0.00482866
-0.51697932 0.01739207 0.00479589
-0.51538871 0.01728133 0.00476330
-0.51379958 0.01717147 0.00473098
-0.51220897 0.01706230 0.00469889
-0.51061836 0.01695370 0.00466708
-0.50902775 0.01684550 0.00463550
-0.50743714 0.01673763 0.00460423
-0.50584653 0.01662997 0.00457325
-0.50425592 0.01652233 0.00454256
-0.50266383 0.01641457 0.00451219
-0.50107322 0.01630670 0.00448220
-0.49948261 0.01619857 0.00445255
-0.49789052 0.01609007 0.00442326
-0.49629843 0.01598117 0.00439436
-0.49470782 0.01587173 0.00436588
-0.49311573 0.01576170 0.00433790
-0.49152364 0.01565100 0.00431028
-0.48993156 0.01553950 0.00428326
-0.48833947 0.01542713 0.00425673
-0.48674738 0.01531383 0.00423080
-0.48515529 0.01519950 0.00420545
-0.48356320 0.01508413 0.00418078
-0.48196964 0.01496767 0.00415673
-0.48037755 0.01485013 0.00413341
-0.47878546 0.01473153 0.00411079
-0.47719337 0.01461207 0.00408880
-0.47559980 0.01449207 0.00406744
-0.47400772 0.01437193 0.00404654
-0.47241563 0.01425257 0.00402585
-0.47082206 0.01413543 0.00400482
-0.46922997 0.01402400 0.00398238
-0.46763788 0.01392865 0.00395813
-0.46604432 0.01386075 0.00393425
-0.46445223 0.01381356 0.00391168
-0.46286014 0.01376796 0.00388870
-0.46126658 0.01371466 0.00386497
-0.45967449 0.01365481 0.00384140
-0.45808240 0.01359087 0.00381828
-0.45649031 0.01352390 0.00379547
-0.45489822 0.01345461 0.00377303
-0.45330613 0.01338345 0.00375093
-0.45171257 0.01331077 0.00372912
-0.45012048 0.01323697 0.00370764
-0.44852839 0.01316227 0.00368644
-0.44693778 0.01308681 0.00366550
-0.44534569 0.01301079 0.00364482
-0.44375360 0.01293438 0.00362448
-0.44216151 0.01285770 0.00360434
-0.44057090 0.01278089 0.00358450
-0.43897882 0.01270402 0.00356487
-0.43738821 0.01262722 0.00354548
-0.43579612 0.01255055 0.00352635
-0.43420551 0.01247411 0.00350744
-0.43261490 0.01239783 0.00348875
-0.43102429 0.01232193 0.00347031
-0.42943368 0.01224640 0.00345210
-0.42784307 0.01217128 0.00343412
-0.42625394 0.01209660 0.00341637
-0.42466333 0.01202239 0.00339886
-0.42307419 0.01194872 0.00338154
-0.42148358 0.01187563 0.00336445
-0.41989445 0.01180308 0.00334760
-0.41830532 0.01173118 0.00333095
-0.41671619 0.01165992 0.00331454
-0.41512853 0.01158929 0.00329832
-0.41353940 0.01151934 0.00328226
-0.41195175 0.01145009 0.00326647
-0.41036262 0.01138156 0.00325088
-0.40877496 0.01131375 0.00323548
-0.40718731 0.01124668 0.00322027
-0.40560114 0.01118038 0.00320528
-0.40401348 0.01111485 0.00319052
-0.40242731 0.01105004 0.00317588
-0.40084113 0.01098607 0.00316148
-0.39925496 0.01092286 0.00314725
-0.39766878 0.01086046 0.00313322
-0.39608261 0.01079887 0.00311938
-0.39449791 0.01073810 0.00310573
-0.39291321 0.01067812 0.00309222
-0.39132851 0.01061897 0.00307890
-0.38974382 0.01056068 0.00306580
-0.38816060 0.01050320 0.00305282
-0.38657738 0.01044656 0.00304001
-0.38499416 0.01039074 0.00302733
-0.38341094 0.01033581 0.00301483
-0.38182920 0.01028177 0.00300248
-0.38024598 0.01022865 0.00299030
-0.37866424 0.01017645 0.00297815
-0.37708398 0.01012533 0.00296615
-0.37550224 0.01007537 0.00295415
-0.37392198 0.01002676 0.00294211
-0.37234172 0.00998007 0.00292992
-0.37076145 0.00993672 0.00291774
-0.36918267 0.00989694 0.00290599
-0.36760388 0.00985809 0.00289442
-0.36602510 0.00981814 0.00288276
-0.36444780 0.00977722 0.00287128
-0.36286901 0.00973556 0.00285995
-0.36129171 0.00969343 0.00284880
-0.35971588 0.00965096 0.00283781
-0.35814005 0.00960829 0.00282702
-0.35656422 0.00956550 0.00281639
-0.35498840 0.00952267 0.00280592
-0.35341405 0.00947985 0.00279558
-0.35183970 0.00943712 0.00278545
-0.35026535 0.00939451 0.00277545
-0.34869248 0.00935208 0.00276562
-0.34711961 0.00930983 0.00275593
-0.34554674 0.00926781 0.00274636
-0.34397534 0.00922607 0.00273696
-0.34240395 0.00918463 0.00272770
-0.34083256 0.00914352 0.00271863
-0.33926264 0.00910272 0.00270964
-0.33769273 0.00906229 0.00270082
-0.33612429 0.00902223 0.00269210
-0.33455586 0.00898256 0.00268353
-0.33298742 0.00894332 0.00267510
-0.33142046 0.00890455 0.00266684
-0.32985350 0.00886620 0.00265865
-0.32828655 0.00882836 0.00265061
-0.32672107 0.00879102 0.00264271
-0.32515559 0.00875423 0.00263494
-0.32359159 0.00871798 0.00262728
-0.32202758 0.00868232 0.00261972
-0.32046358 0.00864731 0.00261227
-0.31890106 0.00861299 0.00260491
-0.31734002 0.00857945 0.00259764
-0.31577749 0.00854680 0.00259039
-0.31421793 0.00851516 0.00258314
-0.31265688 0.00848477 0.00257585
-0.31109731 0.00845592 0.00256840
-0.30953923 0.00842901 0.00256064
-0.30798114 0.00840481 0.00255238
-0.30642305 0.00838443 0.00254314
-0.30486644 0.00837148 0.00253275
-0.30330983 0.00837162 0.00252234
-0.30175470 0.00838301 0.00251305
-0.30019957 0.00839479 0.00250357
-0.29864591 0.00840140 0.00249336
-0.29709226 0.00840353 0.00248312
-0.29554008 0.00840180 0.00247300
-0.29398791 0.00839669 0.00246287
-0.29243721 0.00838887 0.00245290
-0.29088651 0.00837882 0.00244297
-0.28933730 0.00836689 0.00243311
-0.28778808 0.00835336 0.00242333
-0.28623886 0.00833842 0.00241357
-0.28469112 0.00832228 0.00240383
-0.28314485 0.00830511 0.00239412
-0.28159859 0.00828709 0.00238447
-0.28005381 0.00826831 0.00237480
-0.27850902 0.00824888 0.00236511
-0.27696572 0.00822895 0.00235544
-0.27542241 0.00820859 0.00234574
-0.27388059 0.00818788 0.00233600
-0.27234024 0.00816693 0.00232625
-0.27079989 0.00814581 0.00231649
-0.26925954 0.00812453 0.00230663
-0.26772067 0.00810320 0.00229676
-0.26618327 0.00808186 0.00228684
-0.26464588 0.00806053 0.00227685
-0.26310997 0.00803924 0.00226678
-0.26157405 0.00801801 0.00225661
-0.26003962 0.00799687 0.00224638
-0.25850518 0.00797583 0.00223610
-0.25697222 0.00795481 0.00222568
-0.25544074 0.00793385 0.00221522
-0.25390926 0.00791284 0.00220468
-0.25237926 0.00789170 0.00219409
-0.25084926 0.00787029 0.00218351
-0.24932074 0.00784838 0.00217294
-0.24779369 0.00782567 0.00216253
-0.24626665 0.00780171 0.00215231
-0.24474108 0.00777588 0.00214259
-0.24321552 0.00774721 0.00213354
-0.24169143 0.00771406 0.00212569
-0.24016882 0.00767436 0.00211994
-0.23864621 0.00762238 0.00211748
-0.23712508 0.00754182 0.00211648
-0.23560542 0.00742709 0.00211141
-0.23408577 0.00730915 0.00210372
-0.23256759 0.00721782 0.00209814
-0.23104942 0.00715282 0.00209336
-0.22953272 0.00710569 0.00208794
-0.22801750 0.00707082 0.00208193
-0.22650376 0.00704488 0.00207543
-0.22499002 0.00702552 0.00206850
-0.22347628 0.00701103 0.00206124
-0.22196550 0.00700019 0.00205370
-0.22045471 0.00699206 0.00204593
-0.21894541 0.00698596 0.00203796
-0.21743610 0.00698135 0.00202982
-0.21592827 0.00697782 0.00202154
-0.21442193 0.00697504 0.00201313
-0.21291705 0.00697278 0.00200460
-0.21141218 0.00697080 0.00199597
-0.20990879 0.00696897 0.00198724
-0.20840540 0.00696714 0.00197842
-0.20690496 0.00696519 0.00196951
-0.20540453 0.00696303 0.00196053
-0.20390557 0.00696056 0.00195149
-0.20240661 0.00695768 0.00194239
-0.20090913 0.00695431 0.00193325
-0.19941313 0.00695032 0.00192410
-0.19791861 0.00694557 0.00191497
-0.19642408 0.00693988 0.00190591
-0.19493104 0.00693299 0.00189700
-0.19343947 0.00692447 0.00188838
-0.19194791 0.00691330 0.00188013
-0.19045930 0.00689788 0.00187206
-0.18897069 0.00687777 0.00186387
-0.18748355 0.00685493 0.00185552
-0.18599642 0.00683221 0.00184724
-0.18451077 0.00681109 0.00183914
-0.18302659 0.00679133 0.00183109
-0.18154390 0.00677241 0.00182302
-0.18006268 0.00675422 0.00181492
-0.17858146 0.00673670 0.00180680
-0.17710172 0.00671979 0.00179866
-0.17562346 0.00670347 0.00179051
-0.17414667 0.00668772 0.00178233
-0.17266989 0.00667252 0.00177412
-0.17119606 0.00665786 0.00176590
-0.16972223 0.00664373 0.00175765
-0.16824841 0.00663013 0.00174936
-0.16677754 0.00661706 0.00174105
-0.16530667 0.00660450 0.00173270
-0.16383875 0.00659246 0.00172431
-0.16237084 0.00658092 0.00171587
-0.16090440 0.00656990 0.00170740
-0.15943796 0.00655937 0.00169888
-0.15797449 0.00654934 0.00169031
-0.15651101 0.00653980 0.00168169
-0.15504900 0.00653074 0.00167301
-0.15358848 0.00652214 0.00166428
-0.15212944 0.00651402 0.00165549
-0.15067039 0.00650633 0.00164664
-0.14921430 0.00649909 0.00163772
-0.14775822 0.00649227 0.00162874
-0.14630375 0.00648586 0.00161969
-0.14485062 0.00647985 0.00161056
-0.14339867 0.00647421 0.00160136
-0.14194791 0.00646894 0.00159207
-0.14049847 0.00646400 0.00158271
-0.13905022 0.00645938 0.00157326
-0.13760344 0.00645506 0.00156372
-0.13615770 0.00645102 0.00155409
-0.13471344 0.00644722 0.00154437
-0.13327021 0.00644366 0.00153455
-0.13182846 0.00644031 0.00152464
-0.13038804 0.00643713 0.00151462
-0.12894881 0.00643411 0.00150450
-0.12751090 0.00643121 0.00149427
-0.12607433 0.00642841 0.00148395
-0.12463893 0.00642564 0.00147351
-0.12320502 0.00642288 0.00146298
-0.12177229 0.00642005 0.00145235
-0.12034104 0.00641709 0.00144163
-0.11891096 0.00641390 0.00143085
-0.11748222 0.00641031 0.00142005
-0.11605496 0.00640613 0.00140928
-0.11462888 0.00640097 0.00139865
-0.11320413 0.00639431 0.00138839
-0.11178086 0.00638458 0.00137878
-0.11035892 0.00636759 0.00136938
-0.10893816 0.00634210 0.00135911
-0.10751888 0.00631617 0.00134829
-0.10610108 0.00629714 0.00133791
-0.10468446 0.00628387 0.00132767
-0.10326932 0.00627340 0.00131719
-0.10185551 0.00626429 0.00130659
-0.10044304 0.00625582 0.00129586
-0.09903203 0.00624757 0.00128502
-0.09762236 0.00623929 0.00127410
-0.09621417 0.00623082 0.00126309
-0.09480731 0.00622208 0.00125204
-0.09340178 0.00621300 0.00124097
-0.09199772 0.00620351 0.00122989
-0.09059500 0.00619357 0.00121879
-0.08919376 0.00618312 0.00120768
-0.08779384 0.00617215 0.00119657
-0.08639541 0.00616060 0.00118550
-0.08499845 0.00614842 0.00117444
-0.08360282 0.00613556 0.00116345
-0.08220867 0.00612195 0.00115252
-0.08081600 0.00610752 0.00114168
-0.07942466 0.00609214 0.00113099
-0.07803480 0.00607567 0.00112048
-0.07664641 0.00605788 0.00111023
-0.07525951 0.00603854 0.00110034
-0.07387393 0.00601725 0.00109089
-0.07248984 0.00599357 0.00108206
-0.07110722 0.00596671 0.00107407
-0.06972608 0.00593572 0.00106726
-0.06834642 0.00589845 0.00106194
-0.06696823 0.00584722 0.00105681
-0.06559138 0.00578364 0.00104884
-0.06421615 0.00573776 0.00103893
-0.06284240 0.00573343 0.00103061
-0.06146998 0.00575800 0.00102286
-0.06009919 0.00579328 0.00101394
-0.05872988 0.00583356 0.00100426
-0.05736204 0.00587779 0.00099384
-0.05599568 0.00592753 0.00098250
-0.05463080 0.00598525 0.00096976
-0.05326740 0.00605603 0.00095486
-0.05190548 0.00614631 0.00093643
-0.05054518 0.00626904 0.00091241
-0.04918636 0.00644130 0.00088035
-0.04782902 0.00670242 0.00084024
-0.04647316 0.00709184 0.00080224
-0.04511893 0.00746061 0.00077539
-0.04376617 0.00754349 0.00074519
-0.04241504 0.00739467 0.00070935
-0.04106524 0.00723838 0.00068148
-0.03971706 0.00712888 0.00065795
-0.03837051 0.00705145 0.00063365
-0.03702529 0.00699560 0.00060828
-0.03568185 0.00695994 0.00058104
-0.03433973 0.00694620 0.00055128
-0.03299939 0.00696321 0.00051751
-0.03166038 0.00702647 0.00047819
-0.03032315 0.00718009 0.00043133
-0.02898739 0.00749202 0.00038093
-0.02765326 0.00779707 0.00033173
-0.02632105 0.00765752 0.00027940
-0.02499002 0.00700914 0.00022848
-0.02366047 0.00619259 0.00019565
-0.02233255 0.00537870 0.00017542
-0.02100625 0.00458097 0.00016075
-0.01968143 0.00381449 0.00014470
-0.01835824 0.00308131 0.00013126
-0.01703653 0.00238830 0.00011377
-0.01571644 0.00172427 0.00009919
-0.01439801 0.00109084 0.00008249
-0.01308110 0.00045701 0.00004902
-0.01176578 0.00025982 0.00006259
-0.01045207 0.00069083 0.00010572
-0.00913993 0.00127905 0.00013662
-0.00782941 0.00185559 0.00014514
-0.00652048 0.00249581 0.00015554
-0.00521317 0.00313687 0.00016610
-0.00390746 0.00400163 0.00016654
-0.00260335 0.00486110 0.00019275
-0.00130087 0.00696321 0.00015934
-0.00000000 0.00804392 0.00028722
