# y/t    TKE_mean   TKE_std
0.00000000 0.00134074 0.00137946
0.00502513 0.00121130 0.00119742
0.01005025 0.00113702 0.00109283
0.01507538 0.00112867 0.00108047
0.02010050 0.00112031 0.00106810
0.02512563 0.00111192 0.00105569
0.03015075 0.00110459 0.00104434
0.03517588 0.00109725 0.00103298
0.04020101 0.00108986 0.00102156
0.04522613 0.00108325 0.00101121
0.05025126 0.00107664 0.00100084
0.05527638 0.00107000 0.00099045
0.06030151 0.00106377 0.00098123
0.06532663 0.00105752 0.00097195
0.07035176 0.00105126 0.00096279
0.07537688 0.00104510 0.00095479
0.08040201 0.00103892 0.00094668
0.08542714 0.00103275 0.00093889
0.09045226 0.00102662 0.00093202
0.09547739 0.00102045 0.00092503
0.10050251 0.00101442 0.00091847
0.10552764 0.00100853 0.00091244
0.11055276 0.00100259 0.00090632
0.11557789 0.00099703 0.00090066
0.12060302 0.00099161 0.00089518
0.12562814 0.00098615 0.00088966
0.13065327 0.00098129 0.00088460
0.13567839 0.00097642 0.00087953
0.14070352 0.00097166 0.00087455
0.14572864 0.00096736 0.00086991
0.15075377 0.00096298 0.00086521
0.15577889 0.00095890 0.00086078
0.16080402 0.00095502 0.00085652
0.16582915 0.00095108 0.00085221
0.17085427 0.00094759 0.00084839
0.17587940 0.00094408 0.00084454
0.18090452 0.00094071 0.00084089
0.18592965 0.00093759 0.00083756
0.19095477 0.00093442 0.00083415
0.19597990 0.00093161 0.00083125
0.20100503 0.00092883 0.00082840
0.20603015 0.00092617 0.00082572
0.21105528 0.00092377 0.00082341
0.21608040 0.00092133 0.00082105
0.22110553 0.00091927 0.00081923
0.22613065 0.00091724 0.00081746
0.23115578 0.00091537 0.00081592
0.23618090 0.00091372 0.00081470
0.24120603 0.00091211 0.00081352
0.24623116 0.00091085 0.00081287
0.25125628 0.00090960 0.00081222
0.25628141 0.00090867 0.00081205
0.26130653 0.00090783 0.00081201
0.26633166 0.00090722 0.00081230
0.27135678 0.00090681 0.00081291
0.27638191 0.00090650 0.00081365
0.28140704 0.00090660 0.00081501
0.28643216 0.00090667 0.00081632
0.29145729 0.00090729 0.00081843
0.29648241 0.00090790 0.00082054
0.30150754 0.00090895 0.00082330
0.30653266 0.00091021 0.00082637
0.31155779 0.00091175 0.00082984
0.31658291 0.00091368 0.00083390
0.32160804 0.00091577 0.00083821
0.32663317 0.00091840 0.00084330
0.33165829 0.00092113 0.00084853
0.33668342 0.00092453 0.00085463
0.34170854 0.00092794 0.00086072
0.34673367 0.00093233 0.00086761
0.35175879 0.00093664 0.00087450
0.35678392 0.00094316 0.00088109
0.36180905 0.00094930 0.00088802
0.36683417 0.00096412 0.00089036
0.37185930 0.00097969 0.00089247
0.37688442 0.00102858 0.00087496
0.38190955 0.00108954 0.00085126
0.38693467 0.00127819 0.00075745
0.39195980 0.00152329 0.00065113
0.39698492 0.00223624 0.00047702
0.40201005 0.00308089 0.00075928
0.40703518 0.00506669 0.00172995
0.41206030 0.00734311 0.00303294
0.41708543 0.01111305 0.00480885
0.42211055 0.01545951 0.00689865
0.42713568 0.02078037 0.00861478
0.43216080 0.02651191 0.01028667
0.43718593 0.03257886 0.01053044
0.44221106 0.03874544 0.01049392
0.44723618 0.04473258 0.00925429
0.45226131 0.05076873 0.00824353
0.45728643 0.05583303 0.00754135
0.46231156 0.06100483 0.00760503
0.46733668 0.06474188 0.00823063
0.47236181 0.06835670 0.00919536
0.47738693 0.07086436 0.01007894
0.48241206 0.07300604 0.01092103
0.48743719 0.07444471 0.01154548
0.49246231 0.07543371 0.01198004
0.49748744 0.07601179 0.01222991
0.50251256 0.07618604 0.01224965
0.50753769 0.07614868 0.01215189
0.51256281 0.07584783 0.01185914
0.51758794 0.07547887 0.01152270
0.52261307 0.07508663 0.01109928
0.52763819 0.07474340 0.01069595
0.53266332 0.07453795 0.01032504
0.53768844 0.07445954 0.01002677
0.54271357 0.07452697 0.00980315
0.54773869 0.07476638 0.00974017
0.55276382 0.07508609 0.00974796
0.55778894 0.07557351 0.01005167
0.56281407 0.07608590 0.01046673
0.56783920 0.07665477 0.01116346
0.57286432 0.07719265 0.01210614
0.57788945 0.07771419 0.01326014
0.58291457 0.07807743 0.01485769
0.58793970 0.07838316 0.01661339
0.59296482 0.07836684 0.01894855
0.59798995 0.07812535 0.02156876
0.60301508 0.07758358 0.02457747
0.60804020 0.07650556 0.02801009
0.61306533 0.07527323 0.03159190
0.61809045 0.07341078 0.03526023
0.62311558 0.07146868 0.03869491
0.62814070 0.06932164 0.04171979
0.63316583 0.06716211 0.04366424
0.63819095 0.06496701 0.04505678
0.64321608 0.06267306 0.04535200
0.64824121 0.06002293 0.04509061
0.65326633 0.05719924 0.04460200
0.65829146 0.05343167 0.04355895
0.66331658 0.04937409 0.04263527
0.66834171 0.04477206 0.04171872
0.67336683 0.03997828 0.04061394
0.67839196 0.03530253 0.03940871
0.68341709 0.03093886 0.03769058
0.68844221 0.02719188 0.03508643
0.69346734 0.02365024 0.03212022
0.69849246 0.02055590 0.02833254
0.70351759 0.01756637 0.02436526
0.70854271 0.01468273 0.02031144
0.71356784 0.01200135 0.01648054
0.71859296 0.00963810 0.01311995
0.72361809 0.00753378 0.01013779
0.72864322 0.00599824 0.00796825
0.73366834 0.00483972 0.00633063
0.73869347 0.00390151 0.00500375
0.74371859 0.00341841 0.00432006
0.74874372 0.00302780 0.00376729
0.75376884 0.00276259 0.00339198
0.75879397 0.00260893 0.00317446
0.76381910 0.00248043 0.00299254
0.76884422 0.00238367 0.00285551
0.77386935 0.00231046 0.00275182
0.77889447 0.00224524 0.00265943
0.78391960 0.00218988 0.00258100
0.78894472 0.00214136 0.00251225
0.79396985 0.00209540 0.00244712
0.79899497 0.00205370 0.00238802
0.80402010 0.00201371 0.00233136
0.80904523 0.00197503 0.00227654
0.81407035 0.00193808 0.00222419
0.81909548 0.00190185 0.00217286
0.82412060 0.00186618 0.00212232
0.82914573 0.00183169 0.00207348
0.83417085 0.00179757 0.00202514
0.83919598 0.00176433 0.00197808
0.84422111 0.00173207 0.00193240
0.84924623 0.00170036 0.00188749
0.85427136 0.00166998 0.00184450
0.85929648 0.00164036 0.00180257
0.86432161 0.00161156 0.00176181
0.86934673 0.00158423 0.00172316
0.87437186 0.00155757 0.00168545
0.87939698 0.00153225 0.00164967
0.88442211 0.00150806 0.00161550
0.88944724 0.00148440 0.00158209
0.89447236 0.00146252 0.00155121
0.89949749 0.00144101 0.00152087
0.90452261 0.00142064 0.00149215
0.90954774 0.00140108 0.00146458
0.91457286 0.00138195 0.00143764
0.91959799 0.00136319 0.00141123
0.92462312 0.00134957 0.00139201
0.92964824 0.00134133 0.00138030
0.93467337 0.00132598 0.00135878
0.93969849 0.00130730 0.00133259
0.94472362 0.00128829 0.00130595
0.94974874 0.00127263 0.00128399
0.95477387 0.00125917 0.00126511
0.95979899 0.00124560 0.00124606
0.96482412 0.00123277 0.00122805
0.96984925 0.00122084 0.00121131
0.97487437 0.00120885 0.00119449
0.97989950 0.00119727 0.00117822
0.98492462 0.00118659 0.00116320
0.98994975 0.00117591 0.00114818
0.99497487 0.00119193 0.00117064
1.00000000 0.00134074 0.00137946
