# s/c    cf
1.28119503 -0.01300100
1.27992372 -0.00502332
1.27865242 0.00247262
1.27738111 0.00950759
1.27610981 0.01610178
1.27483850 0.02227475
1.27356719 0.02804548
1.27229589 0.03343234
1.27102458 0.03845315
1.26975328 0.04312516
1.26848197 0.04746506
1.26721067 0.05148902
1.26593936 0.05521266
1.26466806 0.05865110
1.26339675 0.06181893
1.26212545 0.06473025
1.26085414 0.06739868
1.25958283 0.06983737
1.25831153 0.07205898
1.25704022 0.07407572
1.25576892 0.07589938
1.25449761 0.07754126
1.25322631 0.07901230
1.25195500 0.08032296
1.25068370 0.08148332
1.24941239 0.08250308
1.24814109 0.08339152
1.24686978 0.08415755
1.24559847 0.08480971
1.24432717 0.08535619
1.24305586 0.08580482
1.24178456 0.08616307
1.24051325 0.08643810
1.23924195 0.08663674
1.23797064 0.08676547
1.23669934 0.08683052
1.23542803 0.08683776
1.23415673 0.08679282
1.23288542 0.08670099
1.23161411 0.08656733
1.23034281 0.08639662
1.22907150 0.08619336
1.22780020 0.08596183
1.22652889 0.08570603
1.22525759 0.08542974
1.22398628 0.08513653
1.22271498 0.08482970
1.22144367 0.08451238
1.22017237 0.08418746
1.21890106 0.08385766
1.21762975 0.08352547
1.21635845 0.08319321
1.21508714 0.08286303
1.21381584 0.08253689
1.21254453 0.08221659
1.21127323 0.08190375
1.21000192 0.08159987
1.20873062 0.08130628
1.20744453 0.08102416
1.20617322 0.08075456
1.20490192 0.08049842
1.20363061 0.08025653
1.20235931 0.08002956
1.20108800 0.07981808
1.19981670 0.07962255
1.19854539 0.07944332
1.19727408 0.07928065
1.19600278 0.07913470
1.19473147 0.07900555
1.19346017 0.07889320
1.19218886 0.07879756
1.19091756 0.07871847
1.18964625 0.07865573
1.18837495 0.07860903
1.18710364 0.07857804
1.18583234 0.07856237
1.18456103 0.07856155
1.18328972 0.07857509
1.18201842 0.07860247
1.18074711 0.07864311
1.17946103 0.07869639
1.17818972 0.07876168
1.17691841 0.07883832
1.17564711 0.07892561
1.17437580 0.07902286
1.17310450 0.07912933
1.17183319 0.07924430
1.17056189 0.07936701
1.16929058 0.07949671
1.16801928 0.07963265
1.16674797 0.07977406
1.16547667 0.07992020
1.16420536 0.08007031
1.16293405 0.08022364
1.16166275 0.08037947
1.16039144 0.08053706
1.15912014 0.08069571
1.15783405 0.08085473
1.15656274 0.08101343
1.15529144 0.08117117
1.15402013 0.08184438
1.15274883 0.08235432
1.15147752 0.08273748
1.15020622 0.08310316
1.14893491 0.08353849
1.14766361 0.08396350
1.14639230 0.08426969
1.14512100 0.08441981
1.14384969 0.08442437
1.14257838 0.08428939
1.14130708 0.08401052
1.14002099 0.08349665
1.13874969 0.08286194
1.13747838 0.08234668
1.13620707 0.08197600
1.13493577 0.08171455
1.13366446 0.08155282
1.13239316 0.08148161
1.13112185 0.08149167
1.12985055 0.08157482
1.12857924 0.08171354
1.12730794 0.08189751
1.12603663 0.08211135
1.12475054 0.08233282
1.12347924 0.08252533
1.12220793 0.08265722
1.12093663 0.08272331
1.11966532 0.08274561
1.11839402 0.08275009
1.11712271 0.08275371
1.11585141 0.08276288
1.11458010 0.08277928
1.11330879 0.08280346
1.11203749 0.08283337
1.11075140 0.08286799
1.10948010 0.08290562
1.10820879 0.08294438
1.10693748 0.08298219
1.10566618 0.08301756
1.10439487 0.08304988
1.10312357 0.08307912
1.10185226 0.08310596
1.10058096 0.08313027
1.09930965 0.08315173
1.09802356 0.08316992
1.09675226 0.08318381
1.09548095 0.08319378
1.09420965 0.08319953
1.09293834 0.08320054
1.09166704 0.08319653
1.09039573 0.08318701
1.08912443 0.08317058
1.08783834 0.08314696
1.08656703 0.08311712
1.08529573 0.08308309
1.08402442 0.08304322
1.08275312 0.08299818
1.08148181 0.08294731
1.08021050 0.08290228
1.07893920 0.08289471
1.07766789 0.08293890
1.07638181 0.08301225
1.07511050 0.08308449
1.07383919 0.08314001
1.07256789 0.08317098
1.07129658 0.08317537
1.07002528 0.08315201
1.06875397 0.08310287
1.06746788 0.08303428
1.06619658 0.08295639
1.06492527 0.08287872
1.06365397 0.08280522
1.06238266 0.08273466
1.06111136 0.08266234
1.05984005 0.08259478
1.05856875 0.08254507
1.05728266 0.08252322
1.05601135 0.08253153
1.05474005 0.08256245
1.05346874 0.08260579
1.05219744 0.08265358
1.05092613 0.08270066
1.04965483 0.08274381
1.04836874 0.08278072
1.04709743 0.08280849
1.04582613 0.08282839
1.04455482 0.08284522
1.04328352 0.08286497
1.04201221 0.08288879
1.04072612 0.08291591
1.03945482 0.08294679
1.03818351 0.08298241
1.03691221 0.08302381
1.03564090 0.08307401
1.03436960 0.08313852
1.03309829 0.08322273
1.03181220 0.08332490
1.03054090 0.08343999
1.02926959 0.08356429
1.02799829 0.08369439
1.02672698 0.08382720
1.02545567 0.08395672
1.02416959 0.08407147
1.02289828 0.08415967
1.02162698 0.08422168
1.02035567 0.08427029
1.01908436 0.08432187
1.01779828 0.08438520
1.01652697 0.08446069
1.01525567 0.08454730
1.01398436 0.08464362
1.01271305 0.08474804
1.01144175 0.08485907
1.01015566 0.08497570
1.00888436 0.08509670
1.00761305 0.08522165
1.00634174 0.08534966
1.00507044 0.08548053
1.00378435 0.08561597
1.00251305 0.08575909
1.00124174 0.08591255
0.99997043 0.08607519
0.99869913 0.08623936
0.99742782 0.08639564
0.99614174 0.08653946
0.99487043 0.08667400
0.99359912 0.08680493
0.99232782 0.08693014
0.99105651 0.08704584
0.98977043 0.08715006
0.98849912 0.08724002
0.98722781 0.08731548
0.98595651 0.08737925
0.98468520 0.08743569
0.98339912 0.08748756
0.98212781 0.08754023
0.98085651 0.08759994
0.97958520 0.08767424
0.97829911 0.08777302
0.97702781 0.08789870
0.97575650 0.08804860
0.97448520 0.08821245
0.97321389 0.08837964
0.97192780 0.08854158
0.97065650 0.08868996
0.96938519 0.08881793
0.96811389 0.08891660
0.96682780 0.08897937
0.96555649 0.08900858
0.96428519 0.08901581
0.96301388 0.08900988
0.96174258 0.08899270
0.96045649 0.08896794
0.95918518 0.08895054
0.95791388 0.08898050
0.95664257 0.08909464
0.95535648 0.08928283
0.95408518 0.08949325
0.95281387 0.08968876
0.95154257 0.08986057
0.95025648 0.09000722
0.94898517 0.09013037
0.94771387 0.09022755
0.94644256 0.09029707
0.94515647 0.09033947
0.94388517 0.09035591
0.94261386 0.09034369
0.94134256 0.09029847
0.94005647 0.09022807
0.93878516 0.09017089
0.93751386 0.09016216
0.93624255 0.09020412
0.93495647 0.09028540
0.93368516 0.09039135
0.93241385 0.09050337
0.93114255 0.09061055
0.92985646 0.09071181
0.92858516 0.09080734
0.92731385 0.09089503
0.92604254 0.09096920
0.92475646 0.09101904
0.92348515 0.09103365
0.92221385 0.09101017
0.92094254 0.09097018
0.91965645 0.09093984
0.91838515 0.09093406
0.91711384 0.09096206
0.91582775 0.09102506
0.91455645 0.09112408
0.91328514 0.09125421
0.91201384 0.09141288
0.91072775 0.09159280
0.90945644 0.09178298
0.90818514 0.09197057
0.90691383 0.09214405
0.90562774 0.09230025
0.90435644 0.09243835
0.90308513 0.09255962
0.90179905 0.09266644
0.90052774 0.09276237
0.89925643 0.09284983
0.89797035 0.09293081
0.89669904 0.09300726
0.89542774 0.09308333
0.89415643 0.09316699
0.89287034 0.09326646
0.89159904 0.09338545
0.89032773 0.09352741
0.88904164 0.09370482
0.88777034 0.09393069
0.88649903 0.09419537
0.88521294 0.09448023
0.88394164 0.09477800
0.88267033 0.09508604
0.88138424 0.09539882
0.88011294 0.09570323
0.87884163 0.09598409
0.87757033 0.09622865
0.87628424 0.09642702
0.87501293 0.09657240
0.87374163 0.09666400
0.87245554 0.09670391
0.87118424 0.09669822
0.86991293 0.09665775
0.86862684 0.09660698
0.86735554 0.09658203
0.86608423 0.09661015
0.86479814 0.09669744
0.86352684 0.09684327
0.86225553 0.09703242
0.86096944 0.09723931
0.85969814 0.09744340
0.85842683 0.09763097
0.85714075 0.09779938
0.85586944 0.09794455
0.85459813 0.09806906
0.85331205 0.09817110
0.85204074 0.09825528
0.85076944 0.09833283
0.84948335 0.09843009
0.84821204 0.09857398
0.84692595 0.09875573
0.84565465 0.09895619
0.84438334 0.09915610
0.84309725 0.09934377
0.84182595 0.09951335
0.84055464 0.09966123
0.83926856 0.09978866
0.83799725 0.09989667
0.83672594 0.09998708
0.83543986 0.10006248
0.83416855 0.10012821
0.83288246 0.10018994
0.83161116 0.10025335
0.83033985 0.10032352
0.82905376 0.10041046
0.82778246 0.10052344
0.82651115 0.10067467
0.82522507 0.10086201
0.82395376 0.10105080
0.82266767 0.10120568
0.82139637 0.10132324
0.82012506 0.10141531
0.81883897 0.10148780
0.81756767 0.10154542
0.81628158 0.10158815
0.81501027 0.10161727
0.81373897 0.10163902
0.81245288 0.10166797
0.81118157 0.10171339
0.80989549 0.10177129
0.80862418 0.10183974
0.80735288 0.10192246
0.80606679 0.10202955
0.80479548 0.10216132
0.80350939 0.10230608
0.80223809 0.10244972
0.80096678 0.10258134
0.79968070 0.10269674
0.79840939 0.10279428
0.79712330 0.10287122
0.79585200 0.10292880
0.79458069 0.10297105
0.79329460 0.10300450
0.79202330 0.10303769
0.79073721 0.10307373
0.78946590 0.10311571
0.78817982 0.10316505
0.78690851 0.10322297
0.78563720 0.10329097
0.78435112 0.10337274
0.78307981 0.10347656
0.78179372 0.10360065
0.78052242 0.10373175
0.77923633 0.10385504
0.77796502 0.10395620
0.77669372 0.10402994
0.77540763 0.10407465
0.77413633 0.10408863
0.77285024 0.10407020
0.77157893 0.10401646
0.77029284 0.10393117
0.76902154 0.10383619
0.76773545 0.10376194
0.76646414 0.10371625
0.76517806 0.10368838
0.76390675 0.10367084
0.76263545 0.10365861
0.76134936 0.10364889
0.76007805 0.10364046
0.75879196 0.10363340
0.75752066 0.10362892
0.75623457 0.10362907
0.75496327 0.10363587
0.75367718 0.10365220
0.75240587 0.10368051
0.75111978 0.10372345
0.74984848 0.10378296
0.74856239 0.10385772
0.74729108 0.10394238
0.74600500 0.10402811
0.74473369 0.10410652
0.74344760 0.10417479
0.74217630 0.10423384
0.74089021 0.10428539
0.73961890 0.10433198
0.73833282 0.10437520
0.73706151 0.10441716
0.73577542 0.10445978
0.73450412 0.10451124
0.73321803 0.10458872
0.73194672 0.10471147
0.73066064 0.10487586
0.72938933 0.10505990
0.72810324 0.10522913
0.72683194 0.10535122
0.72554585 0.10543664
0.72427454 0.10551106
0.72298845 0.10558661
0.72171715 0.10566067
0.72043106 0.10572173
0.71915976 0.10576393
0.71787367 0.10578233
0.71660236 0.10578086
0.71531627 0.10580230
0.71404497 0.10590224
0.71275888 0.10608453
0.71148758 0.10629744
0.71020149 0.10650432
0.70893018 0.10669491
0.70764409 0.10686737
0.70635801 0.10702995
0.70508670 0.10719027
0.70380061 0.10735635
0.70252931 0.10750378
0.70124322 0.10759652
0.69997191 0.10763188
0.69868582 0.10765656
0.69741452 0.10772042
0.69612843 0.10782993
0.69484234 0.10797223
0.69357104 0.10812607
0.69228495 0.10827987
0.69101364 0.10842888
0.68972756 0.10857085
0.68845625 0.10870630
0.68717016 0.10883812
0.68589886 0.10900752
0.68461277 0.10928260
0.68332668 0.10964775
0.68205538 0.11002081
0.68076929 0.11036926
0.67949798 0.11069765
0.67821189 0.11100842
0.67692581 0.11129774
0.67565450 0.11154874
0.67436841 0.11171068
0.67309711 0.11176538
0.67181102 0.11176847
0.67053971 0.11178182
0.66925363 0.11183814
0.66796754 0.11195926
0.66669623 0.11216820
0.66541014 0.11245832
0.66413884 0.11279573
0.66285275 0.11312885
0.66156666 0.11341001
0.66029536 0.11364375
0.65900927 0.11385505
0.65772318 0.11405951
0.65645188 0.11425297
0.65516579 0.11441542
0.65389448 0.11453613
0.65260839 0.11461609
0.65132231 0.11466306
0.65005100 0.11468198
0.64876491 0.11467846
0.64749361 0.11465849
0.64620752 0.11462756
0.64492143 0.11459169
0.64365012 0.11455424
0.64236404 0.11452039
0.64107795 0.11449765
0.63980664 0.11451663
0.63852056 0.11461421
0.63723447 0.11479185
0.63596316 0.11503132
0.63467707 0.11532247
0.63339099 0.11564971
0.63211968 0.11598554
0.63083359 0.11629552
0.62954750 0.11655280
0.62827620 0.11671458
0.62699011 0.11674920
0.62571880 0.11670012
0.62443272 0.11664299
0.62314663 0.11662562
0.62187532 0.11666307
0.62058924 0.11673536
0.61930315 0.11681623
0.61801706 0.11690197
0.61674575 0.11698978
0.61545967 0.11707667
0.61417358 0.11715124
0.61290227 0.11722065
0.61161618 0.11733524
0.61033010 0.11752902
0.60905879 0.11780861
0.60777270 0.11812687
0.60648661 0.11838854
0.60521531 0.11854556
0.60392922 0.11858696
0.60264313 0.11853869
0.60137183 0.11845482
0.60008574 0.11839133
0.59879965 0.11838697
0.59751356 0.11846542
0.59624226 0.11863911
0.59495617 0.11888698
0.59367008 0.11914603
0.59239878 0.11934295
0.59111269 0.11945101
0.58982660 0.11951611
0.58854051 0.11962233
0.58726921 0.11979350
0.58598312 0.12000576
0.58469703 0.12024911
0.58341094 0.12047296
0.58213964 0.12061160
0.58085355 0.12062265
0.57956746 0.12052875
0.57829616 0.12038803
0.57701007 0.12026287
0.57572398 0.12020344
0.57443789 0.12021980
0.57316659 0.12031679
0.57188050 0.12048824
0.57059441 0.12072140
0.56930832 0.12097521
0.56803702 0.12119273
0.56675093 0.12134349
0.56546484 0.12142668
0.56417875 0.12143273
0.56289266 0.12136399
0.56162136 0.12125621
0.56033527 0.12116971
0.55904918 0.12116509
0.55776309 0.12126895
0.55649179 0.12142323
0.55520570 0.12153449
0.55391961 0.12155506
0.55263352 0.12148031
0.55134744 0.12138039
0.55007613 0.12135274
0.54879004 0.12143379
0.54750395 0.12160102
0.54621787 0.12181345
0.54494656 0.12195940
0.54366047 0.12195526
0.54237438 0.12188193
0.54108830 0.12178636
0.53980221 0.12171419
0.53853090 0.12183104
0.53724481 0.12212193
0.53595873 0.12242076
0.53467264 0.12262020
0.53338655 0.12266768
0.53210046 0.12259598
0.53082916 0.12257289
0.52954307 0.12273934
0.52825698 0.12307369
0.52697089 0.12347849
0.52568480 0.12382556
0.52439872 0.12400964
0.52312741 0.12401182
0.52184132 0.12391285
0.52055524 0.12384186
0.51926915 0.12385435
0.51798306 0.12395688
0.51669697 0.12416715
0.51542567 0.12443190
0.51413958 0.12468831
0.51285349 0.12490329
0.51156740 0.12504648
0.51028131 0.12512428
0.50899523 0.12517340
0.50770914 0.12524012
0.50643783 0.12536031
0.50515174 0.12552141
0.50386566 0.12568865
0.50257957 0.12582514
0.50129348 0.12591404
0.50000739 0.12595943
0.49872130 0.12597202
0.49743522 0.12596528
0.49616391 0.12595610
0.49487782 0.12596567
0.49359173 0.12600683
0.49230565 0.12608359
0.49101956 0.12619379
0.48973347 0.12633203
0.48844738 0.12649424
0.48716129 0.12665205
0.48587521 0.12675330
0.48460390 0.12674898
0.48331781 0.12666595
0.48203172 0.12658676
0.48074564 0.12658868
0.47945955 0.12670318
0.47817346 0.12687670
0.47688737 0.12704978
0.47560128 0.12716339
0.47431520 0.12717946
0.47302911 0.12709281
0.47174302 0.12695840
0.47045693 0.12686605
0.46917084 0.12691649
0.46789954 0.12713383
0.46661345 0.12737210
0.46532736 0.12742569
0.46404127 0.12724101
0.46275519 0.12700370
0.46146910 0.12701460
0.46018301 0.12735174
0.45889692 0.12780220
0.45761083 0.12817816
0.45632474 0.12838122
0.45503866 0.12848752
0.45375257 0.12860851
0.45246648 0.12874011
0.45118039 0.12869181
0.44989430 0.12828669
0.44860822 0.12769124
0.44732213 0.12722721
0.44603604 0.12706453
0.44474995 0.12709924
0.44346386 0.12714526
0.44217778 0.12709496
0.44089169 0.12695196
0.43960560 0.12676009
0.43831951 0.12654855
0.43703342 0.12633833
0.43574734 0.12613146
0.43446125 0.12593162
0.43317516 0.12574399
0.43188907 0.12558668
0.43060298 0.12549241
0.42931690 0.12546149
0.42803081 0.12544227
0.42674472 0.12540173
0.42545863 0.12537970
0.42417254 0.12541683
0.42288645 0.12549187
0.42160037 0.12538930
0.42031428 0.12492174
0.41902819 0.12425346
0.41774210 0.12378538
0.41645601 0.12365261
0.41516993 0.12366712
0.41388384 0.12369035
0.41259775 0.12372831
0.41131166 0.12389031
0.41002557 0.12409437
0.40873949 0.12417903
0.40745340 0.12414192
0.40616731 0.12411032
0.40488122 0.12418788
0.40359513 0.12442598
0.40230905 0.12479289
0.40102296 0.12512614
0.39973687 0.12525050
0.39843600 0.12516486
0.39714991 0.12501793
0.39586382 0.12489173
0.39457773 0.12480306
0.39329165 0.12474057
0.39200556 0.12468530
0.39071947 0.12462689
0.38943338 0.12459314
0.38814729 0.12461695
0.38686121 0.12470159
0.38557512 0.12483634
0.38428903 0.12501766
0.38298816 0.12520568
0.38170207 0.12531551
0.38041598 0.12531269
0.37912989 0.12529296
0.37784381 0.12533406
0.37655772 0.12540554
0.37527163 0.12546614
0.37398554 0.12549891
0.37269945 0.12549300
0.37139858 0.12547456
0.37011250 0.12552492
0.36882641 0.12569756
0.36754032 0.12593575
0.36625423 0.12613905
0.36496814 0.12624995
0.36368206 0.12627362
0.36238118 0.12626128
0.36109510 0.12625493
0.35980901 0.12627417
0.35852292 0.12629935
0.35723683 0.12634048
0.35595074 0.12647737
0.35466466 0.12672057
0.35336379 0.12700710
0.35207770 0.12726561
0.35079161 0.12745873
0.34950552 0.12761704
0.34821943 0.12774103
0.34693335 0.12782414
0.34563247 0.12789754
0.34434639 0.12800803
0.34306030 0.12817761
0.34177421 0.12840357
0.34048812 0.12867960
0.33918725 0.12898403
0.33790116 0.12930748
0.33661508 0.12965204
0.33532899 0.13002660
0.33404290 0.13046342
0.33275681 0.13095602
0.33145594 0.13143463
0.33016985 0.13185591
0.32888376 0.13221495
0.32759768 0.13249421
0.32629681 0.13272303
0.32501072 0.13297552
0.32372463 0.13333827
0.32243854 0.13385137
0.32115245 0.13451199
0.31985158 0.13529399
0.31856549 0.13615450
0.31727941 0.13703709
0.31599332 0.13785677
0.31469245 0.13860504
0.31340636 0.13934085
0.31212027 0.14004552
0.31083418 0.14064677
0.30953331 0.14112567
0.30824722 0.14155667
0.30696114 0.14206353
0.30567505 0.14271555
0.30437418 0.14351807
0.30308809 0.14439485
0.30180200 0.14521460
0.30051591 0.14587525
0.29921504 0.14638157
0.29792895 0.14681418
0.29664287 0.14727354
0.29534200 0.14785150
0.29405591 0.14853411
0.29276982 0.14921766
0.29148373 0.14978643
0.29018286 0.15014254
0.28889677 0.15022961
0.28761068 0.15028491
0.28630981 0.15060252
0.28502373 0.15106476
0.28373764 0.15150137
0.28243677 0.15180005
0.28115068 0.15181862
0.27986459 0.15168597
0.27857850 0.15157185
0.27727763 0.15151295
0.27599154 0.15158019
0.27470546 0.15180547
0.27340459 0.15205941
0.27211850 0.15215773
0.27083241 0.15202227
0.26953154 0.15165316
0.26824545 0.15117441
0.26695936 0.15078282
0.26565849 0.15056674
0.26437240 0.15046851
0.26307153 0.15036260
0.26178545 0.15020233
0.26049936 0.14999764
0.25919849 0.14970938
0.25791240 0.14934797
0.25662631 0.14895004
0.25532544 0.14853398
0.25403935 0.14812045
0.25275326 0.14770271
0.25145239 0.14725151
0.25016630 0.14675091
0.24886543 0.14619725
0.24757935 0.14558745
0.24629326 0.14491826
0.24499239 0.14419477
0.24370630 0.14340897
0.24240543 0.14257389
0.24111934 0.14174674
0.23983325 0.14097022
0.23853238 0.14024381
0.23724629 0.13952693
0.23594542 0.13875297
0.23465933 0.13787235
0.23337325 0.13688155
0.23207238 0.13580753
0.23078629 0.13466216
0.22948542 0.13345432
0.22819933 0.13221489
0.22689846 0.13101074
0.22561237 0.12988666
0.22432628 0.12882102
0.22302541 0.12774656
0.22173932 0.12660570
0.22043845 0.12541162
0.21915236 0.12418702
0.21785149 0.12295676
0.21656541 0.12175128
0.21526454 0.12059881
0.21397845 0.11950904
0.21267758 0.11847627
0.21139149 0.11740055
0.21009062 0.11616402
0.20880453 0.11481700
0.20750366 0.11357603
0.20621757 0.11262399
0.20493148 0.11191513
0.20363061 0.11118483
0.20234452 0.11027530
0.20104365 0.10927204
0.19975757 0.10825364
0.19845669 0.10728382
0.19717061 0.10631589
0.19586974 0.10522866
0.19458365 0.10397019
0.19328278 0.10272492
0.19199669 0.10178154
0.19069582 0.10113725
0.18939495 0.10053309
0.18810886 0.09974622
0.18680799 0.09879842
0.18552190 0.09783556
0.18422103 0.09696076
0.18293494 0.09616739
0.18163407 0.09541616
0.18034798 0.09468633
0.17904711 0.09396735
0.17776102 0.09326558
0.17646015 0.09258676
0.17517407 0.09193757
0.17387319 0.09131230
0.17257232 0.09069931
0.17128624 0.09008780
0.16998537 0.08946125
0.16869928 0.08879763
0.16739841 0.08803986
0.16611232 0.08710396
0.16481145 0.08594603
0.16351058 0.08476752
0.16222449 0.08386610
0.16092362 0.08325249
0.15963753 0.08264432
0.15833666 0.08189899
0.15703579 0.08112752
0.15574970 0.08042529
0.15444883 0.07978000
0.15316274 0.07904386
0.15186187 0.07822775
0.15056100 0.07747248
0.14927491 0.07681984
0.14797404 0.07619689
0.14668795 0.07552938
0.14538708 0.07472128
0.14408621 0.07370187
0.14280012 0.07255481
0.14149925 0.07146260
0.14019838 0.07051461
0.13891229 0.06963413
0.13761142 0.06875981
0.13632534 0.06786821
0.13502447 0.06696181
0.13372359 0.06605522
0.13243751 0.06516574
0.13113664 0.06425868
0.12983577 0.06328486
0.12854968 0.06285548
0.12724881 0.06200248
0.12594794 0.06115081
0.12466185 0.06030074
0.12336098 0.05945256
0.12206011 0.05860655
0.12075924 0.05776302
0.11947315 0.05692229
0.11817228 0.05608467
0.11687141 0.05525048
0.11558532 0.05442006
0.11428445 0.05359374
0.11298358 0.05277186
0.11169749 0.05195477
0.11039662 0.05114281
0.10909575 0.05033634
0.10779488 0.04953571
0.10650879 0.04874127
0.10520792 0.04795338
0.10390705 0.04717239
0.10260618 0.04639866
0.10132009 0.04563253
0.10001922 0.04487435
0.09871835 0.04412448
0.09743226 0.04338324
0.09613139 0.04265097
0.09483052 0.04192800
0.09352965 0.04121465
0.09224356 0.04051123
0.09094269 0.03981803
0.08964182 0.03913536
0.08834095 0.03846349
0.08704008 0.03780268
0.08575399 0.03715319
0.08445312 0.03651525
0.08315225 0.03588908
0.08185138 0.03527489
0.08056529 0.03467285
0.07926442 0.03408313
0.07796355 0.03350588
0.07666268 0.03294120
0.07536180 0.03238921
0.07407572 0.03184996
0.07277485 0.03132350
0.07147398 0.03080984
0.07017310 0.03030898
0.06887223 0.02982086
0.06757136 0.02934541
0.06628528 0.02888251
0.06498440 0.02843202
0.06368353 0.02799376
0.06238266 0.02756750
0.06108179 0.02715299
0.05978092 0.02674991
0.05849483 0.02635792
0.05719396 0.02597663
0.05589309 0.02560560
0.05459222 0.02524434
0.05329135 0.02489233
0.05199048 0.02454896
0.05068961 0.02421360
0.04940352 0.02388555
0.04810265 0.02356406
0.04680178 0.02324832
0.04550091 0.02293744
0.04420004 0.02263051
0.04289917 0.02232651
0.04159830 0.02202437
0.04029743 0.02172298
0.03901134 0.02142111
0.03771047 0.02111750
0.03640960 0.02081079
0.03510873 0.02049955
0.03380786 0.02018227
0.03250698 0.01985738
0.03120611 0.01952319
0.02990524 0.01917797
0.02860437 0.01881985
0.02730350 0.01844693
0.02600263 0.01805716
0.02470176 0.01764845
0.02341567 0.01721858
0.02211480 0.01676524
0.02081393 0.01628602
0.01951306 0.01577841
0.01821219 0.01523979
0.01691132 0.01466745
0.01561045 0.01405855
0.01430958 0.01341015
0.01300871 0.01271918
0.01170784 0.01198247
0.01040697 0.01119672
0.00910609 0.01035852
0.00780522 0.00946432
0.00650435 0.00851045
0.00520348 0.00749312
0.00390261 0.00640840
0.00260174 0.00525221
0.00130087 0.00402036
0.00000000 0.00270850
-0.00000000 0.00860580
-0.00130087 0.00731989
-0.00260335 0.00521176
-0.00390746 0.00429703
-0.00521317 0.00341035
-0.00652048 0.00274292
-0.00782941 0.00207692
-0.00913993 0.00148044
-0.01045207 0.00084261
-0.01176578 0.00034609
-0.01308110 0.00052165
-0.01439801 0.00120683
-0.01571644 0.00187272
-0.01703653 0.00256931
-0.01835824 0.00330073
-0.01968143 0.00406765
-0.02100625 0.00487200
-0.02233255 0.00570569
-0.02366047 0.00656267
-0.02499002 0.00743593
-0.02632105 0.00815799
-0.02765326 0.00836251
-0.02898739 0.00810634
-0.03032315 0.00784179
-0.03166038 0.00773778
-0.03299939 0.00772046
-0.03433973 0.00774522
-0.03568185 0.00779672
-0.03702529 0.00786757
-0.03837051 0.00795678
-0.03971706 0.00806664
-0.04106524 0.00820827
-0.04241504 0.00840243
-0.04376617 0.00859719
-0.04511893 0.00855031
-0.04647316 0.00820903
-0.04782902 0.00785952
-0.04918636 0.00764464
-0.05054518 0.00751149
-0.05190548 0.00741904
-0.05326740 0.00735233
-0.05463080 0.00730072
-0.05599568 0.00725947
-0.05736204 0.00722444
-0.05872988 0.00719380
-0.06009919 0.00716619
-0.06146998 0.00714272
-0.06284240 0.00712877
-0.06421615 0.00714483
-0.06559138 0.00720489
-0.06696823 0.00728051
-0.06834642 0.00733983
-0.06972608 0.00738489
-0.07110722 0.00742537
-0.07248984 0.00746320
-0.07387393 0.00749891
-0.07525951 0.00753300
-0.07664641 0.00756573
-0.07803480 0.00759733
-0.07942466 0.00762795
-0.08081600 0.00765773
-0.08220867 0.00768677
-0.08360282 0.00771509
-0.08499845 0.00774270
-0.08639541 0.00776963
-0.08779384 0.00779594
-0.08919376 0.00782166
-0.09059500 0.00784685
-0.09199772 0.00787151
-0.09340178 0.00789569
-0.09480731 0.00791942
-0.09621417 0.00794274
-0.09762236 0.00796571
-0.09903203 0.00798843
-0.10044304 0.00801104
-0.10185551 0.00803380
-0.10326932 0.00805706
-0.10468446 0.00808154
-0.10610108 0.00810859
-0.10751888 0.00814163
-0.10893816 0.00818213
-0.11035892 0.00822150
-0.11178086 0.00825111
-0.11320413 0.00827357
-0.11462888 0.00829376
-0.11605496 0.00831294
-0.11748222 0.00833135
-0.11891096 0.00834922
-0.12034104 0.00836666
-0.12177229 0.00838378
-0.12320502 0.00840065
-0.12463893 0.00841734
-0.12607433 0.00843389
-0.12751090 0.00845034
-0.12894881 0.00846674
-0.13038804 0.00848313
-0.13182846 0.00849954
-0.13327021 0.00851601
-0.13471344 0.00853255
-0.13615770 0.00854921
-0.13760344 0.00856600
-0.13905022 0.00858295
-0.14049847 0.00860009
-0.14194791 0.00861744
-0.14339867 0.00863503
-0.14485062 0.00865287
-0.14630375 0.00867099
-0.14775822 0.00868942
-0.14921430 0.00870816
-0.15067039 0.00872725
-0.15212944 0.00874669
-0.15358848 0.00876651
-0.15504900 0.00878672
-0.15651101 0.00880733
-0.15797449 0.00882835
-0.15943796 0.00884979
-0.16090440 0.00887168
-0.16237084 0.00889400
-0.16383875 0.00891679
-0.16530667 0.00894003
-0.16677754 0.00896374
-0.16824841 0.00898793
-0.16972223 0.00901260
-0.17119606 0.00903775
-0.17266989 0.00906341
-0.17414667 0.00908957
-0.17562346 0.00911626
-0.17710172 0.00914348
-0.17858146 0.00917127
-0.18006268 0.00919965
-0.18154390 0.00922866
-0.18302659 0.00925838
-0.18451077 0.00928889
-0.18599642 0.00932084
-0.18748355 0.00935459
-0.18897069 0.00938851
-0.19045930 0.00941947
-0.19194791 0.00944550
-0.19343947 0.00946747
-0.19493104 0.00948725
-0.19642408 0.00950578
-0.19791861 0.00952329
-0.19941313 0.00953995
-0.20090913 0.00955587
-0.20240661 0.00957114
-0.20390557 0.00958585
-0.20540453 0.00960008
-0.20690496 0.00961391
-0.20840540 0.00962743
-0.20990879 0.00964073
-0.21141218 0.00965391
-0.21291705 0.00966709
-0.21442193 0.00968044
-0.21592827 0.00969414
-0.21743610 0.00970844
-0.21894541 0.00972366
-0.22045471 0.00974017
-0.22196550 0.00975850
-0.22347628 0.00977930
-0.22499002 0.00980344
-0.22650376 0.00983209
-0.22801750 0.00986685
-0.22953272 0.00990996
-0.23104942 0.00996477
-0.23256759 0.01003670
-0.23408577 0.01013600
-0.23560542 0.01026450
-0.23712508 0.01038640
-0.23864621 0.01046840
-0.24016882 0.01052340
-0.24169143 0.01057070
-0.24321552 0.01061440
-0.24474108 0.01065540
-0.24626665 0.01069460
-0.24779369 0.01073250
-0.24932074 0.01076940
-0.25084926 0.01080570
-0.25237926 0.01084150
-0.25390926 0.01087690
-0.25544074 0.01091210
-0.25697222 0.01094710
-0.25850518 0.01098200
-0.26003962 0.01101680
-0.26157405 0.01105150
-0.26310997 0.01108620
-0.26464588 0.01112090
-0.26618327 0.01115540
-0.26772067 0.01118990
-0.26925954 0.01122420
-0.27079989 0.01125840
-0.27234024 0.01129230
-0.27388059 0.01132600
-0.27542241 0.01135930
-0.27696572 0.01139230
-0.27850902 0.01142470
-0.28005381 0.01145660
-0.28159859 0.01148790
-0.28314485 0.01151830
-0.28469112 0.01154790
-0.28623886 0.01157640
-0.28778808 0.01160370
-0.28933730 0.01162960
-0.29088651 0.01165390
-0.29243721 0.01167640
-0.29398791 0.01169680
-0.29554008 0.01171440
-0.29709226 0.01172880
-0.29864591 0.01173930
-0.30019957 0.01174540
-0.30175470 0.01174540
-0.30330983 0.01174560
-0.30486644 0.01175840
-0.30642305 0.01178420
-0.30798114 0.01181590
-0.30953923 0.01185000
-0.31109731 0.01188620
-0.31265688 0.01192400
-0.31421793 0.01196310
-0.31577749 0.01200340
-0.31734002 0.01204480
-0.31890106 0.01208720
-0.32046358 0.01213050
-0.32202758 0.01217460
-0.32359159 0.01221950
-0.32515559 0.01226520
-0.32672107 0.01231160
-0.32828655 0.01235870
-0.32985350 0.01240650
-0.33142046 0.01245500
-0.33298742 0.01250410
-0.33455586 0.01255390
-0.33612429 0.01260430
-0.33769273 0.01265520
-0.33926264 0.01270680
-0.34083256 0.01275890
-0.34240395 0.01281150
-0.34397534 0.01286460
-0.34554674 0.01291830
-0.34711961 0.01297240
-0.34869248 0.01302690
-0.35026535 0.01308190
-0.35183970 0.01313730
-0.35341405 0.01319300
-0.35498840 0.01324900
-0.35656422 0.01330520
-0.35814005 0.01336150
-0.35971588 0.01341770
-0.36129171 0.01347390
-0.36286901 0.01353000
-0.36444780 0.01358570
-0.36602510 0.01364090
-0.36760388 0.01369530
-0.36918267 0.01374850
-0.37076145 0.01380300
-0.37234172 0.01386150
-0.37392198 0.01392340
-0.37550224 0.01398700
-0.37708398 0.01405200
-0.37866424 0.01411820
-0.38024598 0.01418550
-0.38182920 0.01425410
-0.38341094 0.01432370
-0.38499416 0.01439450
-0.38657738 0.01446640
-0.38816060 0.01453940
-0.38974382 0.01461350
-0.39132851 0.01468860
-0.39291321 0.01476490
-0.39449791 0.01484230
-0.39608261 0.01492070
-0.39766878 0.01500030
-0.39925496 0.01508090
-0.40084113 0.01516260
-0.40242731 0.01524540
-0.40401348 0.01532920
-0.40560114 0.01541410
-0.40718731 0.01550000
-0.40877496 0.01558700
-0.41036262 0.01567500
-0.41195175 0.01576410
-0.41353940 0.01585410
-0.41512853 0.01594520
-0.41671619 0.01603720
-0.41830532 0.01613010
-0.41989445 0.01622400
-0.42148358 0.01631890
-0.42307419 0.01641460
-0.42466333 0.01651110
-0.42625394 0.01660850
-0.42784307 0.01670670
-0.42943368 0.01680560
-0.43102429 0.01690530
-0.43261490 0.01700560
-0.43420551 0.01710650
-0.43579612 0.01720800
-0.43738821 0.01731010
-0.43897882 0.01741250
-0.44057090 0.01751530
-0.44216151 0.01761840
-0.44375360 0.01772160
-0.44534569 0.01782500
-0.44693778 0.01792830
-0.44852839 0.01803130
-0.45012048 0.01813410
-0.45171257 0.01823620
-0.45330613 0.01833760
-0.45489822 0.01843790
-0.45649031 0.01853670
-0.45808240 0.01863370
-0.45967449 0.01872800
-0.46126658 0.01881900
-0.46286014 0.01890370
-0.46445223 0.01897980
-0.46604432 0.01905730
-0.46763788 0.01915690
-0.46922997 0.01928380
-0.47082206 0.01942430
-0.47241563 0.01956890
-0.47400772 0.01971560
-0.47559980 0.01986350
-0.47719337 0.02001220
-0.47878546 0.02016120
-0.48037755 0.02031030
-0.48196964 0.02045940
-0.48356320 0.02060840
-0.48515529 0.02075730
-0.48674738 0.02090590
-0.48833947 0.02105430
-0.48993156 0.02120250
-0.49152364 0.02135060
-0.49311573 0.02149850
-0.49470782 0.02164630
-0.49629843 0.02179410
-0.49789052 0.02194180
-0.49948261 0.02208960
-0.50107322 0.02223750
-0.50266383 0.02238560
-0.50425592 0.02253400
-0.50584653 0.02268270
-0.50743714 0.02283190
-0.50902775 0.02298160
-0.51061836 0.02313190
-0.51220897 0.02328300
-0.51379958 0.02343500
-0.51538871 0.02358800
-0.51697932 0.02374220
-0.51856845 0.02389770
-0.52015758 0.02405470
-0.52174671 0.02421360
-0.52333585 0.02437440
-0.52492498 0.02453750
-0.52651263 0.02470330
-0.52810029 0.02487210
-0.52968942 0.02504430
-0.53127707 0.02522050
-0.53286472 0.02540130
-0.53445090 0.02558740
-0.53603855 0.02577980
-0.53762473 0.02597970
-0.53921090 0.02618850
-0.54079708 0.02640840
-0.54238325 0.02664250
-0.54396943 0.02689670
-0.54555413 0.02717450
-0.54713882 0.02744370
-0.54872352 0.02766900
-0.55030822 0.02786240
-0.55189144 0.02804650
-0.55347466 0.02822820
-0.55505787 0.02840850
-0.55664109 0.02858870
-0.55822283 0.02876960
-0.55980605 0.02895180
-0.56138779 0.02913570
-0.56296805 0.02932170
-0.56454980 0.02950990
-0.56613006 0.02970080
-0.56771032 0.02989440
-0.56929058 0.03009100
-0.57086937 0.03029060
-0.57244815 0.03049350
-0.57402693 0.03069970
-0.57560424 0.03090930
-0.57718302 0.03112250
-0.57875885 0.03133920
-0.58033616 0.03155950
-0.58191198 0.03178360
-0.58348781 0.03201130
-0.58506364 0.03224270
-0.58663799 0.03247790
-0.58821234 0.03271690
-0.58978669 0.03295960
-0.59135956 0.03320590
-0.59293243 0.03345590
-0.59450530 0.03370960
-0.59607669 0.03396680
-0.59764808 0.03422750
-0.59921800 0.03449160
-0.60078939 0.03475900
-0.60235783 0.03502960
-0.60392774 0.03530330
-0.60549618 0.03557990
-0.60706461 0.03585940
-0.60863157 0.03614160
-0.61019853 0.03642620
-0.61176401 0.03671320
-0.61333097 0.03700230
-0.61489497 0.03729330
-0.61646045 0.03758610
-0.61802445 0.03788030
-0.61958697 0.03817570
-0.62114950 0.03847210
-0.62271202 0.03876910
-0.62427306 0.03906640
-0.62583411 0.03936360
-0.62739368 0.03966020
-0.62895324 0.03995590
-0.63051133 0.04025000
-0.63207090 0.04054200
-0.63362751 0.04083080
-0.63518412 0.04111570
-0.63674073 0.04139440
-0.63829586 0.04166310
-0.63985099 0.04192190
-0.64140464 0.04216870
-0.64295830 0.04241910
-0.64451047 0.04270710
-0.64606265 0.04303470
-0.64761335 0.04337900
-0.64916404 0.04372810
-0.65071326 0.04408020
-0.65226248 0.04443420
-0.65381022 0.04478930
-0.65535796 0.04514520
-0.65690570 0.04550160
-0.65845049 0.04585840
-0.65999675 0.04621530
-0.66154005 0.04657240
-0.66308484 0.04692960
-0.66462666 0.04728700
-0.66616849 0.04764460
-0.66771032 0.04800230
-0.66925067 0.04836030
-0.67078954 0.04871870
-0.67232841 0.04907730
-0.67386728 0.04943650
-0.67540467 0.04979610
-0.67694059 0.05015630
-0.67847650 0.05051710
-0.68001094 0.05087870
-0.68154390 0.05124110
-0.68307685 0.05160450
-0.68460833 0.05196890
-0.68613981 0.05233440
-0.68766982 0.05270130
-0.68919982 0.05306950
-0.69072834 0.05343940
-0.69225538 0.05381100
-0.69378243 0.05418460
-0.69530800 0.05456040
-0.69683356 0.05493860
-0.69835765 0.05531950
-0.69988026 0.05570340
-0.70140287 0.05609080
-0.70292400 0.05648190
-0.70444366 0.05687740
-0.70596331 0.05727790
-0.70748148 0.05768390
-0.70899966 0.05809630
-0.71051488 0.05851630
-0.71203158 0.05894500
-0.71354532 0.05938400
-0.71505906 0.05983540
-0.71657132 0.06030180
-0.71808358 0.06078780
-0.71959436 0.06129810
-0.72110367 0.06184900
-0.72261150 0.06242630
-0.72411933 0.06294410
-0.72562567 0.06336150
-0.72713202 0.06372630
-0.72863542 0.06407830
-0.73014029 0.06442690
-0.73164220 0.06477620
-0.73314412 0.06513050
-0.73464307 0.06549320
-0.73614351 0.06586780
-0.73764099 0.06625720
-0.73913847 0.06666440
-0.74063447 0.06709180
-0.74212899 0.06754180
-0.74362352 0.06801590
-0.74511656 0.06851540
-0.74660813 0.06904040
-0.74809822 0.06959070
-0.74958830 0.07016480
-0.75107691 0.07076060
-0.75256405 0.07137530
-0.75405118 0.07200520
-0.75553535 0.07264670
-0.75701953 0.07329560
-0.75850222 0.07394780
-0.75998492 0.07459930
-0.76146466 0.07524670
-0.76294440 0.07588660
-0.76442266 0.07651640
-0.76590093 0.07713390
-0.76737623 0.07773710
-0.76885154 0.07832450
-0.77032537 0.07889500
-0.77179771 0.07944750
-0.77326859 0.07998090
-0.77473946 0.08049420
-0.77620885 0.08098440
-0.77767528 0.08145030
-0.77914320 0.08189790
-0.78060816 0.08233370
-0.78207164 0.08276130
-0.78353512 0.08318350
-0.78499712 0.08360460
-0.78645764 0.08403090
-0.78791669 0.08446430
-0.78937573 0.08490330
-0.79083182 0.08534940
-0.79228791 0.08580540
-0.79374252 0.08627380
-0.79519565 0.08675650
-0.79664730 0.08725540
-0.79809748 0.08777220
-0.79954765 0.08830810
-0.80099487 0.08886390
-0.80244209 0.08943950
-0.80388783 0.09003450
-0.80533209 0.09064730
-0.80677488 0.09127580
-0.80821618 0.09191740
-0.80965749 0.09256880
-0.81109584 0.09322660
-0.81253418 0.09388730
-0.81397106 0.09454780
-0.81540645 0.09520500
-0.81684036 0.09585650
-0.81827280 0.09650020
-0.81970376 0.09713470
-0.82113324 0.09775880
-0.82256272 0.09837190
-0.82398924 0.09897380
-0.82541576 0.09956430
-0.82684081 0.10014400
-0.82826289 0.10071300
-0.82968498 0.10127000
-0.83110559 0.10181500
-0.83252472 0.10234900
-0.83394238 0.10287400
-0.83536003 0.10339400
-0.83677473 0.10391000
-0.83818795 0.10442200
-0.83960116 0.10493100
-0.84101143 0.10543700
-0.84242169 0.10593900
-0.84382899 0.10643900
-0.84523630 0.10693800
-0.84664213 0.10743800
-0.84804648 0.10793700
-0.84944787 0.10843600
-0.85084926 0.10893400
-0.85224918 0.10943300
-0.85364761 0.10993100
-0.85504457 0.11042900
-0.85644005 0.11092800
-0.85783405 0.11142700
-0.85922657 0.11192600
-0.86061762 0.11242500
-0.86200866 0.11292500
-0.86339675 0.11342600
-0.86478336 0.11392700
-0.86616849 0.11442900
-0.86755215 0.11493200
-0.86893580 0.11543700
-0.87031650 0.11594300
-0.87169571 0.11645000
-0.87307345 0.11695900
-0.87445120 0.11746900
-0.87582598 0.11798200
-0.87719928 0.11849700
-0.87857259 0.11901500
-0.87994294 0.11953500
-0.88131181 0.12005800
-0.88267920 0.12058500
-0.88404659 0.12111500
-0.88541103 0.12164900
-0.88677399 0.12218800
-0.88813547 0.12273100
-0.88949695 0.12327900
-0.89085547 0.12383200
-0.89221251 0.12439200
-0.89356808 0.12495800
-0.89492217 0.12553100
-0.89627478 0.12611200
-0.89762591 0.12670100
-0.89897556 0.12729900
-0.90032374 0.12790700
-0.90167044 0.12852500
-0.90301565 0.12915500
-0.90435940 0.12979700
-0.90570166 0.13045200
-0.90704096 0.13112100
-0.90838027 0.13180600
-0.90971810 0.13250600
-0.91105297 0.13322300
-0.91238784 0.13394800
-0.91371975 0.13468900
-0.91505167 0.13551900
-0.91638062 0.13647200
-0.91770810 0.13749200
-0.91903410 0.13853400
-0.92036010 0.13959800
-0.92168315 0.14069600
-0.92300472 0.14183700
-0.92432480 0.14303200
-0.92564341 0.14428900
-0.92695907 0.14561900
-0.92827472 0.14703500
-0.92958890 0.14855000
-0.93090011 0.15017800
-0.93221133 0.15194000
-0.93351959 0.15385600
-0.93482786 0.15595300
-0.93613316 0.15825400
-0.93743699 0.16080800
-0.93873934 0.16360500
-0.94004021 0.16675500
-0.94133960 0.16965800
-0.94263604 0.17207800
-0.94393247 0.17510900
-0.94522743 0.18061100
-0.94651943 0.18868000
-0.94781143 0.20903400
-0.94910048 0.24047200
-0.95038804 0.24172500
-0.95167118 0.14838500
-0.95295431 0.05537240
-0.95423744 0.03547370
-0.95551909 0.02940560
-0.95679779 0.02505110
-0.95807353 0.01897150
-0.95934927 0.01671160
-0.96062353 0.01814800
-0.96189631 0.02339550
-0.96316762 0.02414700
