# s/c    cf
1.28119503 -0.00679140
1.27992372 -0.00018543
1.27865242 0.00599745
1.27738111 0.01177303
1.27610981 0.01715676
1.27483850 0.02216369
1.27356719 0.02680853
1.27229589 0.03110561
1.27102458 0.03506890
1.26975328 0.03871205
1.26848197 0.04204833
1.26721067 0.04509069
1.26593936 0.04785174
1.26466806 0.05034375
1.26339675 0.05257867
1.26212545 0.05456815
1.26085414 0.05632350
1.25958283 0.05785572
1.25831153 0.05917552
1.25704022 0.06029330
1.25576892 0.06121916
1.25449761 0.06196293
1.25322631 0.06253411
1.25195500 0.06294197
1.25068370 0.06319547
1.24941239 0.06330331
1.24814109 0.06327391
1.24686978 0.06311544
1.24559847 0.06283581
1.24432717 0.06244267
1.24305586 0.06194343
1.24178456 0.06134523
1.24051325 0.06065501
1.23924195 0.05987943
1.23797064 0.05902495
1.23669934 0.05809779
1.23542803 0.05710394
1.23415673 0.05604918
1.23288542 0.05493908
1.23161411 0.05377898
1.23034281 0.05257403
1.22907150 0.05132918
1.22780020 0.05004915
1.22652889 0.04873852
1.22525759 0.04740162
1.22398628 0.04604263
1.22271498 0.04466555
1.22144367 0.04327418
1.22017237 0.04187215
1.21890106 0.04046294
1.21762975 0.03904983
1.21635845 0.03763597
1.21508714 0.03622432
1.21381584 0.03481771
1.21254453 0.03341879
1.21127323 0.03203008
1.21000192 0.03065397
1.20873062 0.02929267
1.20744453 0.02794828
1.20617322 0.02662276
1.20490192 0.02531794
1.20363061 0.02403551
1.20235931 0.02277704
1.20108800 0.02154401
1.19981670 0.02033773
1.19854539 0.01915944
1.19727408 0.01801025
1.19600278 0.01689117
1.19473147 0.01580308
1.19346017 0.01474680
1.19218886 0.01372303
1.19091756 0.01273237
1.18964625 0.01177534
1.18837495 0.01085236
1.18710364 0.00996378
1.18583234 0.00910986
1.18456103 0.00829077
1.18328972 0.00750661
1.18201842 0.00675742
1.18074711 0.00604314
1.17946103 0.00536367
1.17818972 0.00471884
1.17691841 0.00410839
1.17564711 0.00353204
1.17437580 0.00298942
1.17310450 0.00248012
1.17183319 0.00200368
1.17056189 0.00155959
1.16929058 0.00114728
1.16801928 0.00076616
1.16674797 0.00041557
1.16547667 0.00009483
1.16420536 -0.00019678
1.16293405 -0.00046002
1.16166275 -0.00069568
1.16039144 -0.00090458
1.15912014 -0.00108757
1.15783405 -0.00124551
1.15656274 -0.00137931
1.15529144 -0.00148988
1.15402013 -0.00105665
1.15274883 -0.00065090
1.15147752 -0.00041613
1.15020622 -0.00018449
1.14893491 0.00020998
1.14766361 0.00070668
1.14639230 0.00113285
1.14512100 0.00141529
1.14384969 0.00158800
1.14257838 0.00168467
1.14130708 0.00171445
1.14002099 0.00164344
1.13874969 0.00144907
1.13747838 0.00106813
1.13620707 0.00057559
1.13493577 0.00016288
1.13366446 -0.00012367
1.13239316 -0.00027740
1.13112185 -0.00030896
1.12985055 -0.00023596
1.12857924 -0.00007518
1.12730794 0.00014931
1.12603663 0.00041475
1.12475054 0.00069037
1.12347924 0.00094584
1.12220793 0.00116739
1.12093663 0.00135786
1.11966532 0.00152131
1.11839402 0.00166086
1.11712271 0.00177827
1.11585141 0.00187435
1.11458010 0.00194920
1.11330879 0.00200260
1.11203749 0.00203430
1.11075140 0.00204405
1.10948010 0.00203177
1.10820879 0.00199755
1.10693748 0.00194194
1.10566618 0.00186589
1.10439487 0.00177086
1.10312357 0.00165883
1.10185226 0.00153226
1.10058096 0.00139410
1.09930965 0.00124766
1.09802356 0.00109677
1.09675226 0.00094546
1.09548095 0.00079773
1.09420965 0.00065644
1.09293834 0.00052290
1.09166704 0.00039797
1.09039573 0.00028241
1.08912443 0.00017691
1.08783834 0.00008200
1.08656703 -0.00000173
1.08529573 -0.00007400
1.08402442 -0.00013429
1.08275312 -0.00018230
1.08148181 -0.00021742
1.08021050 -0.00023809
1.07893920 -0.00024359
1.07766789 -0.00023604
1.07638181 -0.00021990
1.07511050 -0.00019943
1.07383919 -0.00017752
1.07256789 -0.00015596
1.07129658 -0.00013600
1.07002528 -0.00011843
1.06875397 -0.00010341
1.06746788 -0.00009095
1.06619658 -0.00008209
1.06492527 -0.00008009
1.06365397 -0.00009091
1.06238266 -0.00012297
1.06111136 -0.00017291
1.05984005 -0.00021310
1.05856875 -0.00022326
1.05728266 -0.00020581
1.05601135 -0.00016950
1.05474005 -0.00012577
1.05346874 -0.00008385
1.05219744 -0.00004738
1.05092613 -0.00001708
1.04965483 0.00000590
1.04836874 0.00002448
1.04709743 0.00004302
1.04582613 0.00006204
1.04455482 0.00008142
1.04328352 0.00010128
1.04201221 0.00012179
1.04072612 0.00014314
1.03945482 0.00016567
1.03818351 0.00018987
1.03691221 0.00021642
1.03564090 0.00024626
1.03436960 0.00028049
1.03309829 0.00031960
1.03181220 0.00036308
1.03054090 0.00040992
1.02926959 0.00045902
1.02799829 0.00050934
1.02672698 0.00055977
1.02545567 0.00060878
1.02416959 0.00065459
1.02289828 0.00069631
1.02162698 0.00073488
1.02035567 0.00077258
1.01908436 0.00081157
1.01779828 0.00085314
1.01652697 0.00089782
1.01525567 0.00094571
1.01398436 0.00099662
1.01271305 0.00105030
1.01144175 0.00110655
1.01015566 0.00116527
1.00888436 0.00122649
1.00761305 0.00129034
1.00634174 0.00135714
1.00507044 0.00142743
1.00378435 0.00150190
1.00251305 0.00158110
1.00124174 0.00166473
0.99997043 0.00175113
0.99869913 0.00183759
0.99742782 0.00192126
0.99614174 0.00199997
0.99487043 0.00207244
0.99359912 0.00213792
0.99232782 0.00219599
0.99105651 0.00224642
0.98977043 0.00228903
0.98849912 0.00232384
0.98722781 0.00235168
0.98595651 0.00237426
0.98468520 0.00239392
0.98339912 0.00241340
0.98212781 0.00243606
0.98085651 0.00246573
0.97958520 0.00250641
0.97829911 0.00256065
0.97702781 0.00262830
0.97575650 0.00270638
0.97448520 0.00279016
0.97321389 0.00287486
0.97192780 0.00295643
0.97065650 0.00303174
0.96938519 0.00309854
0.96811389 0.00315506
0.96682780 0.00320095
0.96555649 0.00323696
0.96428519 0.00326570
0.96301388 0.00328839
0.96174258 0.00330862
0.96045649 0.00333024
0.95918518 0.00336171
0.95791388 0.00341608
0.95664257 0.00349853
0.95535648 0.00360125
0.95408518 0.00371130
0.95281387 0.00382019
0.95154257 0.00392251
0.95025648 0.00401568
0.94898517 0.00409729
0.94771387 0.00416630
0.94644256 0.00422236
0.94515647 0.00426672
0.94388517 0.00430146
0.94261386 0.00432959
0.94134256 0.00435549
0.94005647 0.00439092
0.93878516 0.00445111
0.93751386 0.00454249
0.93624255 0.00465498
0.93495647 0.00477579
0.93368516 0.00489573
0.93241385 0.00500848
0.93114255 0.00511239
0.92985646 0.00520589
0.92858516 0.00528884
0.92731385 0.00536004
0.92604254 0.00541767
0.92475646 0.00545886
0.92348515 0.00548211
0.92221385 0.00549116
0.92094254 0.00549793
0.91965645 0.00551649
0.91838515 0.00555746
0.91711384 0.00562643
0.91582775 0.00572466
0.91455645 0.00584996
0.91328514 0.00599831
0.91201384 0.00616359
0.91072775 0.00633905
0.90945644 0.00651727
0.90818514 0.00669050
0.90691383 0.00685422
0.90562774 0.00700574
0.90435644 0.00714509
0.90308513 0.00727272
0.90179905 0.00739120
0.90052774 0.00750240
0.89925643 0.00761103
0.89797035 0.00772096
0.89669904 0.00783666
0.89542774 0.00796599
0.89415643 0.00811576
0.89287034 0.00829264
0.89159904 0.00849821
0.89032773 0.00873015
0.88904164 0.00898264
0.88777034 0.00924909
0.88649903 0.00952236
0.88521294 0.00979646
0.88394164 0.01006727
0.88267033 0.01033083
0.88138424 0.01058232
0.88011294 0.01081606
0.87884163 0.01102691
0.87757033 0.01121109
0.87628424 0.01136631
0.87501293 0.01149372
0.87374163 0.01159671
0.87245554 0.01168404
0.87118424 0.01176636
0.86991293 0.01185568
0.86862684 0.01196389
0.86735554 0.01209777
0.86608423 0.01225923
0.86479814 0.01244916
0.86352684 0.01266260
0.86225553 0.01289037
0.86096944 0.01312047
0.85969814 0.01334067
0.85842683 0.01354574
0.85714075 0.01373177
0.85586944 0.01389891
0.85459813 0.01404773
0.85331205 0.01418184
0.85204074 0.01430722
0.85076944 0.01443592
0.84948335 0.01458516
0.84821204 0.01476398
0.84692595 0.01496845
0.84565465 0.01518739
0.84438334 0.01540998
0.84309725 0.01562861
0.84182595 0.01583863
0.84055464 0.01603771
0.83926856 0.01622543
0.83799725 0.01640210
0.83672594 0.01656868
0.83543986 0.01672642
0.83416855 0.01687689
0.83288246 0.01702177
0.83161116 0.01716271
0.83033985 0.01730125
0.82905376 0.01743875
0.82778246 0.01757602
0.82651115 0.01771264
0.82522507 0.01784599
0.82395376 0.01797226
0.82266767 0.01808933
0.82139637 0.01819756
0.82012506 0.01829854
0.81883897 0.01839361
0.81756767 0.01848440
0.81628158 0.01857240
0.81501027 0.01866003
0.81373897 0.01875340
0.81245288 0.01885972
0.81118157 0.01898223
0.80989549 0.01911780
0.80862418 0.01926273
0.80735288 0.01941293
0.80606679 0.01956542
0.80479548 0.01971645
0.80350939 0.01986031
0.80223809 0.01999196
0.80096678 0.02010744
0.79968070 0.02020368
0.79840939 0.02028106
0.79712330 0.02034171
0.79585200 0.02039008
0.79458069 0.02043372
0.79329460 0.02047872
0.79202330 0.02053061
0.79073721 0.02059218
0.78946590 0.02066471
0.78817982 0.02074805
0.78690851 0.02084112
0.78563720 0.02094282
0.78435112 0.02105211
0.78307981 0.02116765
0.78179372 0.02128206
0.78052242 0.02138509
0.77923633 0.02146794
0.77796502 0.02152443
0.77669372 0.02155234
0.77540763 0.02155154
0.77413633 0.02152279
0.77285024 0.02146918
0.77157893 0.02139506
0.77029284 0.02130871
0.76902154 0.02122508
0.76773545 0.02115630
0.76646414 0.02110531
0.76517806 0.02106821
0.76390675 0.02104073
0.76263545 0.02101969
0.76134936 0.02100318
0.76007805 0.02099008
0.75879196 0.02098017
0.75752066 0.02097378
0.75623457 0.02097165
0.75496327 0.02097470
0.75367718 0.02098390
0.75240587 0.02100008
0.75111978 0.02102369
0.74984848 0.02105448
0.74856239 0.02109130
0.74729108 0.02113216
0.74600500 0.02117497
0.74473369 0.02121861
0.74344760 0.02126332
0.74217630 0.02131041
0.74089021 0.02136178
0.73961890 0.02141952
0.73833282 0.02148608
0.73706151 0.02156408
0.73577542 0.02165725
0.73450412 0.02177075
0.73321803 0.02191182
0.73194672 0.02207990
0.73066064 0.02226423
0.72938933 0.02244599
0.72810324 0.02260186
0.72683194 0.02271980
0.72554585 0.02280318
0.72427454 0.02286758
0.72298845 0.02292480
0.72171715 0.02297818
0.72043106 0.02302799
0.71915976 0.02307435
0.71787367 0.02312215
0.71660236 0.02318699
0.71531627 0.02330003
0.71404497 0.02348120
0.71275888 0.02371462
0.71148758 0.02396592
0.71020149 0.02421140
0.70893018 0.02444027
0.70764409 0.02465126
0.70635801 0.02484452
0.70508670 0.02502113
0.70380061 0.02517867
0.70252931 0.02530580
0.70124322 0.02539733
0.69997191 0.02546764
0.69868582 0.02555028
0.69741452 0.02567388
0.69612843 0.02584350
0.69484234 0.02604601
0.69357104 0.02626626
0.69228495 0.02649214
0.69101364 0.02671744
0.68972756 0.02694062
0.68845625 0.02716258
0.68717016 0.02739106
0.68589886 0.02765521
0.68461277 0.02798227
0.68332668 0.02835883
0.68205538 0.02874740
0.68076929 0.02912572
0.67949798 0.02948396
0.67821189 0.02981486
0.67692581 0.03011278
0.67565450 0.03035636
0.67436841 0.03052919
0.67309711 0.03063236
0.67181102 0.03070808
0.67053971 0.03080887
0.66925363 0.03095816
0.66796754 0.03116916
0.66669623 0.03143974
0.66541014 0.03175522
0.66413884 0.03208456
0.66285275 0.03239288
0.66156666 0.03265807
0.66029536 0.03287997
0.65900927 0.03307112
0.65772318 0.03324017
0.65645188 0.03338466
0.65516579 0.03349651
0.65389448 0.03357159
0.65260839 0.03361049
0.65132231 0.03361737
0.65005100 0.03359716
0.64876491 0.03355509
0.64749361 0.03349801
0.64620752 0.03343099
0.64492143 0.03336207
0.64365012 0.03329651
0.64236404 0.03324056
0.64107795 0.03320976
0.63980664 0.03322922
0.63852056 0.03332067
0.63723447 0.03348290
0.63596316 0.03369959
0.63467707 0.03395202
0.63339099 0.03421576
0.63211968 0.03446265
0.63083359 0.03466631
0.62954750 0.03480473
0.62827620 0.03485101
0.62699011 0.03480609
0.62571880 0.03471087
0.62443272 0.03462036
0.62314663 0.03457612
0.62187532 0.03457917
0.62058924 0.03461252
0.61930315 0.03465448
0.61801706 0.03469607
0.61674575 0.03473347
0.61545967 0.03476337
0.61417358 0.03478570
0.61290227 0.03481944
0.61161618 0.03490152
0.61033010 0.03504984
0.60905879 0.03525270
0.60777270 0.03546136
0.60648661 0.03562007
0.60521531 0.03569415
0.60392922 0.03567978
0.60264313 0.03559978
0.60137183 0.03550011
0.60008574 0.03543221
0.59879965 0.03542819
0.59751356 0.03550188
0.59624226 0.03564554
0.59495617 0.03582848
0.59367008 0.03600174
0.59239878 0.03612624
0.59111269 0.03619514
0.58982660 0.03625061
0.58854051 0.03633928
0.58726921 0.03647138
0.58598312 0.03662611
0.58469703 0.03677511
0.58341094 0.03688093
0.58213964 0.03690080
0.58085355 0.03681504
0.57956746 0.03663882
0.57829616 0.03642738
0.57701007 0.03624708
0.57572398 0.03614235
0.57443789 0.03612981
0.57316659 0.03620182
0.57188050 0.03634139
0.57059441 0.03651386
0.56930832 0.03667823
0.56803702 0.03680187
0.56675093 0.03686274
0.56546484 0.03685951
0.56417875 0.03678749
0.56289266 0.03666243
0.56162136 0.03651971
0.56033527 0.03640576
0.55904918 0.03636405
0.55776309 0.03639080
0.55649179 0.03643740
0.55520570 0.03644446
0.55391961 0.03638372
0.55263352 0.03626343
0.55134744 0.03615011
0.55007613 0.03610912
0.54879004 0.03616002
0.54750395 0.03626914
0.54621787 0.03638111
0.54494656 0.03643447
0.54366047 0.03639935
0.54237438 0.03631800
0.54108830 0.03623590
0.53980221 0.03623076
0.53853090 0.03636976
0.53724481 0.03660290
0.53595873 0.03683545
0.53467264 0.03698847
0.53338655 0.03703558
0.53210046 0.03703029
0.53082916 0.03708841
0.52954307 0.03730077
0.52825698 0.03762036
0.52697089 0.03795591
0.52568480 0.03822889
0.52439872 0.03836720
0.52312741 0.03837657
0.52184132 0.03832431
0.52055524 0.03830189
0.51926915 0.03836617
0.51798306 0.03852390
0.51669697 0.03875920
0.51542567 0.03902390
0.51413958 0.03927806
0.51285349 0.03948885
0.51156740 0.03964396
0.51028131 0.03975202
0.50899523 0.03984437
0.50770914 0.03995728
0.50643783 0.04010673
0.50515174 0.04027781
0.50386566 0.04044194
0.50257957 0.04057647
0.50129348 0.04066858
0.50000739 0.04072429
0.49872130 0.04075321
0.49743522 0.04077132
0.49616391 0.04079842
0.49487782 0.04085081
0.49359173 0.04093900
0.49230565 0.04106285
0.49101956 0.04121551
0.48973347 0.04138743
0.48844738 0.04156318
0.48716129 0.04171615
0.48587521 0.04181329
0.48460390 0.04183064
0.48331781 0.04179488
0.48203172 0.04177396
0.48074564 0.04182900
0.47945955 0.04196783
0.47817346 0.04214579
0.47688737 0.04230738
0.47560128 0.04241218
0.47431520 0.04243956
0.47302911 0.04240425
0.47174302 0.04236002
0.47045693 0.04238209
0.46917084 0.04252722
0.46789954 0.04276526
0.46661345 0.04298595
0.46532736 0.04305737
0.46404127 0.04294539
0.46275519 0.04284564
0.46146910 0.04299643
0.46018301 0.04338796
0.45889692 0.04383600
0.45761083 0.04420267
0.45632474 0.04444416
0.45503866 0.04460266
0.45375257 0.04471649
0.45246648 0.04476668
0.45118039 0.04460213
0.44989430 0.04414807
0.44860822 0.04357969
0.44732213 0.04315948
0.44603604 0.04300820
0.44474995 0.04299801
0.44346386 0.04298586
0.44217778 0.04288901
0.44089169 0.04270255
0.43960560 0.04246870
0.43831951 0.04222263
0.43703342 0.04198458
0.43574734 0.04176080
0.43446125 0.04155551
0.43317516 0.04137528
0.43188907 0.04123573
0.43060298 0.04115170
0.42931690 0.04111317
0.42803081 0.04108886
0.42674472 0.04106991
0.42545863 0.04106954
0.42417254 0.04109256
0.42288645 0.04108567
0.42160037 0.04084348
0.42031428 0.04027376
0.41902819 0.03957899
0.41774210 0.03908597
0.41645601 0.03890591
0.41516993 0.03887832
0.41388384 0.03888053
0.41259775 0.03892942
0.41131166 0.03908395
0.41002557 0.03925884
0.40873949 0.03933697
0.40745340 0.03933578
0.40616731 0.03937304
0.40488122 0.03953799
0.40359513 0.03986384
0.40230905 0.04027715
0.40102296 0.04060963
0.39973687 0.04072555
0.39843600 0.04062778
0.39714991 0.04045099
0.39586382 0.04029199
0.39457773 0.04017745
0.39329165 0.04009816
0.39200556 0.04003426
0.39071947 0.03998530
0.38943338 0.03998406
0.38814729 0.04005981
0.38686121 0.04020968
0.38557512 0.04041463
0.38428903 0.04064315
0.38298816 0.04083486
0.38170207 0.04090809
0.38041598 0.04084915
0.37912989 0.04076588
0.37784381 0.04074475
0.37655772 0.04077846
0.37527163 0.04083119
0.37398554 0.04087492
0.37269945 0.04089423
0.37139858 0.04091174
0.37011250 0.04098825
0.36882641 0.04116368
0.36754032 0.04138947
0.36625423 0.04157387
0.36496814 0.04167219
0.36368206 0.04169134
0.36238118 0.04167851
0.36109510 0.04167843
0.35980901 0.04170201
0.35852292 0.04172911
0.35723683 0.04177414
0.35595074 0.04190055
0.35466466 0.04211920
0.35336379 0.04238335
0.35207770 0.04263819
0.35079161 0.04286763
0.34950552 0.04307042
0.34821943 0.04322634
0.34693335 0.04332884
0.34563247 0.04340396
0.34434639 0.04350101
0.34306030 0.04364994
0.34177421 0.04386275
0.34048812 0.04413877
0.33918725 0.04447220
0.33790116 0.04485483
0.33661508 0.04527586
0.33532899 0.04572932
0.33404290 0.04622084
0.33275681 0.04672716
0.33145594 0.04720410
0.33016985 0.04762452
0.32888376 0.04798694
0.32759768 0.04830427
0.32629681 0.04861219
0.32501072 0.04897508
0.32372463 0.04945885
0.32243854 0.05010793
0.32115245 0.05092113
0.31985158 0.05186394
0.31856549 0.05288559
0.31727941 0.05390558
0.31599332 0.05485099
0.31469245 0.05573572
0.31340636 0.05663093
0.31212027 0.05751585
0.31083418 0.05830653
0.30953331 0.05898468
0.30824722 0.05963392
0.30696114 0.06038407
0.30567505 0.06130111
0.30437418 0.06237632
0.30308809 0.06352130
0.30180200 0.06460979
0.30051591 0.06557202
0.29921504 0.06641907
0.29792895 0.06721829
0.29664287 0.06805728
0.29534200 0.06900361
0.29405591 0.07002834
0.29276982 0.07103847
0.29148373 0.07192701
0.29018286 0.07261817
0.28889677 0.07312065
0.28761068 0.07366889
0.28630981 0.07444895
0.28502373 0.07534440
0.28373764 0.07617657
0.28243677 0.07678571
0.28115068 0.07714581
0.27986459 0.07744456
0.27857850 0.07781415
0.27727763 0.07827479
0.27599154 0.07885278
0.27470546 0.07952139
0.27340459 0.08016860
0.27211850 0.08064791
0.27083241 0.08091907
0.26953154 0.08101775
0.26824545 0.08105895
0.26695936 0.08120883
0.26565849 0.08151197
0.26437240 0.08190160
0.26307153 0.08227862
0.26178545 0.08259502
0.26049936 0.08285969
0.25919849 0.08307431
0.25791240 0.08325664
0.25662631 0.08342108
0.25532544 0.08358152
0.25403935 0.08373909
0.25275326 0.08387505
0.25145239 0.08395709
0.25016630 0.08397746
0.24886543 0.08395178
0.24757935 0.08388632
0.24629326 0.08377812
0.24499239 0.08361520
0.24370630 0.08338465
0.24240543 0.08310258
0.24111934 0.08282960
0.23983325 0.08260707
0.23853238 0.08242670
0.23724629 0.08223857
0.23594542 0.08196978
0.23465933 0.08157323
0.23337325 0.08105211
0.23207238 0.08044281
0.23078629 0.07977795
0.22948542 0.07907603
0.22819933 0.07835687
0.22689846 0.07766368
0.22561237 0.07702942
0.22432628 0.07643317
0.22302541 0.07581706
0.22173932 0.07514411
0.22043845 0.07442045
0.21915236 0.07366929
0.21785149 0.07291685
0.21656541 0.07219129
0.21526454 0.07150688
0.21397845 0.07086344
0.21267758 0.07023114
0.21139149 0.06953982
0.21009062 0.06874950
0.20880453 0.06791698
0.20750366 0.06720355
0.20621757 0.06675808
0.20493148 0.06649305
0.20363061 0.06616763
0.20234452 0.06569108
0.20104365 0.06512870
0.19975757 0.06453994
0.19845669 0.06394660
0.19717061 0.06330875
0.19586974 0.06257481
0.19458365 0.06174229
0.19328278 0.06099228
0.19199669 0.06051699
0.19069582 0.06027134
0.18939495 0.06003367
0.18810886 0.05963102
0.18680799 0.05912225
0.18552190 0.05861470
0.18422103 0.05818079
0.18293494 0.05782890
0.18163407 0.05752731
0.18034798 0.05725370
0.17904711 0.05699976
0.17776102 0.05677072
0.17646015 0.05657415
0.17517407 0.05641317
0.17387319 0.05627884
0.17257232 0.05615446
0.17128624 0.05601732
0.16998537 0.05583801
0.16869928 0.05557163
0.16739841 0.05516232
0.16611232 0.05455763
0.16481145 0.05376803
0.16351058 0.05302976
0.16222449 0.05257584
0.16092362 0.05238407
0.15963753 0.05221667
0.15833666 0.05193948
0.15703579 0.05164681
0.15574970 0.05141939
0.15444883 0.05122332
0.15316274 0.05094954
0.15186187 0.05063107
0.15056100 0.05038221
0.14927491 0.05023114
0.14797404 0.05009649
0.14668795 0.04987616
0.14538708 0.04946580
0.14408621 0.04883956
0.14280012 0.04810606
0.14149925 0.04742792
0.14019838 0.04689020
0.13891229 0.04643346
0.13761142 0.04598954
0.13632534 0.04552747
0.13502447 0.04504780
0.13372359 0.04456686
0.13243751 0.04409200
0.13113664 0.04357958
0.12983577 0.04297520
0.12854968 0.04273488
0.12724881 0.04225467
0.12594794 0.04177072
0.12466185 0.04128324
0.12336098 0.04079248
0.12206011 0.04029867
0.12075924 0.03980210
0.11947315 0.03930304
0.11817228 0.03880179
0.11687141 0.03829867
0.11558532 0.03779399
0.11428445 0.03728811
0.11298358 0.03678136
0.11169749 0.03627411
0.11039662 0.03576673
0.10909575 0.03525961
0.10779488 0.03475313
0.10650879 0.03424770
0.10520792 0.03374373
0.10390705 0.03324162
0.10260618 0.03274180
0.10132009 0.03224469
0.10001922 0.03175072
0.09871835 0.03126031
0.09743226 0.03077390
0.09613139 0.03029191
0.09483052 0.02981478
0.09352965 0.02934293
0.09224356 0.02887678
0.09094269 0.02841674
0.08964182 0.02796324
0.08834095 0.02751667
0.08704008 0.02707743
0.08575399 0.02664590
0.08445312 0.02622245
0.08315225 0.02580744
0.08185138 0.02540120
0.08056529 0.02500407
0.07926442 0.02461635
0.07796355 0.02423833
0.07666268 0.02387027
0.07536180 0.02351241
0.07407572 0.02316497
0.07277485 0.02282813
0.07147398 0.02250206
0.07017310 0.02218687
0.06887223 0.02188267
0.06757136 0.02158952
0.06628528 0.02130744
0.06498440 0.02103640
0.06368353 0.02077636
0.06238266 0.02052722
0.06108179 0.02028882
0.05978092 0.02006098
0.05849483 0.01984346
0.05719396 0.01963594
0.05589309 0.01943810
0.05459222 0.01924952
0.05329135 0.01906974
0.05199048 0.01889822
0.05068961 0.01873439
0.04940352 0.01857758
0.04810265 0.01842707
0.04680178 0.01828206
0.04550091 0.01814168
0.04420004 0.01800498
0.04289917 0.01787094
0.04159830 0.01773845
0.04029743 0.01760631
0.03901134 0.01747325
0.03771047 0.01733788
0.03640960 0.01719875
0.03510873 0.01705430
0.03380786 0.01690287
0.03250698 0.01674269
0.03120611 0.01657190
0.02990524 0.01638852
0.02860437 0.01619047
0.02730350 0.01597555
0.02600263 0.01574145
0.02470176 0.01548571
0.02341567 0.01520580
0.02211480 0.01489901
0.02081393 0.01456252
0.01951306 0.01419340
0.01821219 0.01378854
0.01691132 0.01334472
0.01561045 0.01285857
0.01430958 0.01232657
0.01300871 0.01174505
0.01170784 0.01111018
0.01040697 0.01041797
0.00910609 0.00966430
0.00780522 0.00884484
0.00650435 0.00795513
0.00520348 0.00699050
0.00390261 0.00594614
0.00260174 0.00481704
0.00130087 0.00359800
0.00000000 0.00228365
-0.00000000 0.00828446
-0.00130087 0.00724890
-0.00260335 0.00500111
-0.00390746 0.00410894
-0.00521317 0.00319152
-0.00652048 0.00251972
-0.00782941 0.00184746
-0.00913993 0.00124173
-0.01045207 0.00064020
-0.01176578 0.00022358
-0.01308110 0.00045587
-0.01439801 0.00110421
-0.01571644 0.00176487
-0.01703653 0.00245949
-0.01835824 0.00318129
-0.01968143 0.00394921
-0.02100625 0.00474973
-0.02233255 0.00558427
-0.02366047 0.00643080
-0.02499002 0.00726803
-0.02632105 0.00790918
-0.02765326 0.00801110
-0.02898739 0.00764584
-0.03032315 0.00727120
-0.03166038 0.00706705
-0.03299939 0.00696588
-0.03433973 0.00691941
-0.03568185 0.00690943
-0.03702529 0.00692516
-0.03837051 0.00696397
-0.03971706 0.00702642
-0.04106524 0.00712290
-0.04241504 0.00726448
-0.04376617 0.00739039
-0.04511893 0.00727789
-0.04647316 0.00686894
-0.04782902 0.00642783
-0.04918636 0.00611800
-0.05054518 0.00590772
-0.05190548 0.00575658
-0.05326740 0.00564473
-0.05463080 0.00555685
-0.05599568 0.00548498
-0.05736204 0.00542305
-0.05872988 0.00536802
-0.06009919 0.00531807
-0.06146998 0.00527424
-0.06284240 0.00524271
-0.06421615 0.00524097
-0.06559138 0.00528126
-0.06696823 0.00534178
-0.06834642 0.00539214
-0.06972608 0.00542808
-0.07110722 0.00545631
-0.07248984 0.00547924
-0.07387393 0.00549806
-0.07525951 0.00551377
-0.07664641 0.00552697
-0.07803480 0.00553817
-0.07942466 0.00554770
-0.08081600 0.00555584
-0.08220867 0.00556280
-0.08360282 0.00556875
-0.08499845 0.00557381
-0.08639541 0.00557805
-0.08779384 0.00558156
-0.08919376 0.00558441
-0.09059500 0.00558665
-0.09199772 0.00558834
-0.09340178 0.00558953
-0.09480731 0.00559028
-0.09621417 0.00559066
-0.09762236 0.00559077
-0.09903203 0.00559072
-0.10044304 0.00559070
-0.10185551 0.00559097
-0.10326932 0.00559200
-0.10468446 0.00559453
-0.10610108 0.00560012
-0.10751888 0.00561156
-0.10893816 0.00562976
-0.11035892 0.00564796
-0.11178086 0.00565809
-0.11320413 0.00566052
-0.11462888 0.00565921
-0.11605496 0.00565594
-0.11748222 0.00565144
-0.11891096 0.00564621
-0.12034104 0.00564053
-0.12177229 0.00563460
-0.12320502 0.00562854
-0.12463893 0.00562245
-0.12607433 0.00561641
-0.12751090 0.00561046
-0.12894881 0.00560466
-0.13038804 0.00559904
-0.13182846 0.00559364
-0.13327021 0.00558848
-0.13471344 0.00558360
-0.13615770 0.00557901
-0.13760344 0.00557475
-0.13905022 0.00557082
-0.14049847 0.00556724
-0.14194791 0.00556405
-0.14339867 0.00556126
-0.14485062 0.00555889
-0.14630375 0.00555695
-0.14775822 0.00555546
-0.14921430 0.00555444
-0.15067039 0.00555389
-0.15212944 0.00555384
-0.15358848 0.00555428
-0.15504900 0.00555523
-0.15651101 0.00555669
-0.15797449 0.00555868
-0.15943796 0.00556119
-0.16090440 0.00556424
-0.16237084 0.00556783
-0.16383875 0.00557195
-0.16530667 0.00557661
-0.16677754 0.00558182
-0.16824841 0.00558757
-0.16972223 0.00559386
-0.17119606 0.00560070
-0.17266989 0.00560808
-0.17414667 0.00561602
-0.17562346 0.00562452
-0.17710172 0.00563360
-0.17858146 0.00564327
-0.18006268 0.00565357
-0.18154390 0.00566452
-0.18302659 0.00567621
-0.18451077 0.00568875
-0.18599642 0.00570257
-0.18748355 0.00571783
-0.18897069 0.00573309
-0.19045930 0.00574564
-0.19194791 0.00575344
-0.19343947 0.00575666
-0.19493104 0.00575676
-0.19642408 0.00575483
-0.19791861 0.00575139
-0.19941313 0.00574680
-0.20090913 0.00574130
-0.20240661 0.00573507
-0.20390557 0.00572826
-0.20540453 0.00572099
-0.20690496 0.00571337
-0.20840540 0.00570553
-0.20990879 0.00569757
-0.21141218 0.00568964
-0.21291705 0.00568189
-0.21442193 0.00567451
-0.21592827 0.00566772
-0.21743610 0.00566182
-0.21894541 0.00565715
-0.22045471 0.00565418
-0.22196550 0.00565350
-0.22347628 0.00565586
-0.22499002 0.00566227
-0.22650376 0.00567405
-0.22801750 0.00569302
-0.22953272 0.00572167
-0.23104942 0.00576342
-0.23256759 0.00582389
-0.23408577 0.00591053
-0.23560542 0.00602256
-0.23712508 0.00613386
-0.23864621 0.00621463
-0.24016882 0.00626576
-0.24169143 0.00630161
-0.24321552 0.00632861
-0.24474108 0.00634956
-0.24626665 0.00636658
-0.24779369 0.00638086
-0.24932074 0.00639333
-0.25084926 0.00640456
-0.25237926 0.00641500
-0.25390926 0.00642494
-0.25544074 0.00643458
-0.25697222 0.00644407
-0.25850518 0.00645351
-0.26003962 0.00646296
-0.26157405 0.00647245
-0.26310997 0.00648198
-0.26464588 0.00649155
-0.26618327 0.00650115
-0.26772067 0.00651073
-0.26925954 0.00652025
-0.27079989 0.00652966
-0.27234024 0.00653889
-0.27388059 0.00654788
-0.27542241 0.00655653
-0.27696572 0.00656477
-0.27850902 0.00657250
-0.28005381 0.00657959
-0.28159859 0.00658595
-0.28314485 0.00659142
-0.28469112 0.00659588
-0.28623886 0.00659915
-0.28778808 0.00660105
-0.28933730 0.00660136
-0.29088651 0.00659987
-0.29243721 0.00659626
-0.29398791 0.00659023
-0.29554008 0.00658120
-0.29709226 0.00656865
-0.29864591 0.00655204
-0.30019957 0.00653089
-0.30175470 0.00650515
-0.30330983 0.00647988
-0.30486644 0.00646465
-0.30642305 0.00646224
-0.30798114 0.00646825
-0.30953923 0.00647915
-0.31109731 0.00649349
-0.31265688 0.00651034
-0.31421793 0.00652910
-0.31577749 0.00654935
-0.31734002 0.00657082
-0.31890106 0.00659328
-0.32046358 0.00661658
-0.32202758 0.00664062
-0.32359159 0.00666529
-0.32515559 0.00669054
-0.32672107 0.00671630
-0.32828655 0.00674255
-0.32985350 0.00676924
-0.33142046 0.00679636
-0.33298742 0.00682386
-0.33455586 0.00685174
-0.33612429 0.00687996
-0.33769273 0.00690851
-0.33926264 0.00693735
-0.34083256 0.00696647
-0.34240395 0.00699585
-0.34397534 0.00702547
-0.34554674 0.00705531
-0.34711961 0.00708534
-0.34869248 0.00711554
-0.35026535 0.00714586
-0.35183970 0.00717627
-0.35341405 0.00720674
-0.35498840 0.00723720
-0.35656422 0.00726760
-0.35814005 0.00729789
-0.35971588 0.00732796
-0.36129171 0.00735774
-0.36286901 0.00738708
-0.36444780 0.00741587
-0.36602510 0.00744385
-0.36760388 0.00747080
-0.36918267 0.00749683
-0.37076145 0.00752366
-0.37234172 0.00755364
-0.37392198 0.00758694
-0.37550224 0.00762241
-0.37708398 0.00765946
-0.37866424 0.00769785
-0.38024598 0.00773739
-0.38182920 0.00777799
-0.38341094 0.00781956
-0.38499416 0.00786205
-0.38657738 0.00790542
-0.38816060 0.00794965
-0.38974382 0.00799470
-0.39132851 0.00804057
-0.39291321 0.00808723
-0.39449791 0.00813466
-0.39608261 0.00818287
-0.39766878 0.00823182
-0.39925496 0.00828152
-0.40084113 0.00833194
-0.40242731 0.00838307
-0.40401348 0.00843491
-0.40560114 0.00848743
-0.40718731 0.00854062
-0.40877496 0.00859445
-0.41036262 0.00864893
-0.41195175 0.00870401
-0.41353940 0.00875969
-0.41512853 0.00881593
-0.41671619 0.00887272
-0.41830532 0.00893003
-0.41989445 0.00898783
-0.42148358 0.00904609
-0.42307419 0.00910477
-0.42466333 0.00916383
-0.42625394 0.00922325
-0.42784307 0.00928297
-0.42943368 0.00934294
-0.43102429 0.00940313
-0.43261490 0.00946347
-0.43420551 0.00952390
-0.43579612 0.00958437
-0.43738821 0.00964479
-0.43897882 0.00970509
-0.44057090 0.00976517
-0.44216151 0.00982495
-0.44375360 0.00988431
-0.44534569 0.00994312
-0.44693778 0.01000120
-0.44852839 0.01005850
-0.45012048 0.01011470
-0.45171257 0.01016960
-0.45330613 0.01022300
-0.45489822 0.01027450
-0.45649031 0.01032370
-0.45808240 0.01037000
-0.45967449 0.01041290
-0.46126658 0.01045120
-0.46286014 0.01048300
-0.46445223 0.01050780
-0.46604432 0.01053470
-0.46763788 0.01058040
-0.46922997 0.01065270
-0.47082206 0.01074300
-0.47241563 0.01084140
-0.47400772 0.01094340
-0.47559980 0.01104690
-0.47719337 0.01115060
-0.47878546 0.01125350
-0.48037755 0.01135510
-0.48196964 0.01145530
-0.48356320 0.01155390
-0.48515529 0.01165070
-0.48674738 0.01174570
-0.48833947 0.01183910
-0.48993156 0.01193100
-0.49152364 0.01202130
-0.49311573 0.01211010
-0.49470782 0.01219770
-0.49629843 0.01228410
-0.49789052 0.01236940
-0.49948261 0.01245380
-0.50107322 0.01253730
-0.50266383 0.01262010
-0.50425592 0.01270230
-0.50584653 0.01278410
-0.50743714 0.01286550
-0.50902775 0.01294670
-0.51061836 0.01302780
-0.51220897 0.01310910
-0.51379958 0.01319060
-0.51538871 0.01327250
-0.51697932 0.01335500
-0.51856845 0.01343830
-0.52015758 0.01352270
-0.52174671 0.01360830
-0.52333585 0.01369550
-0.52492498 0.01378460
-0.52651263 0.01387590
-0.52810029 0.01397000
-0.52968942 0.01406720
-0.53127707 0.01416820
-0.53286472 0.01427380
-0.53445090 0.01438470
-0.53603855 0.01450200
-0.53762473 0.01462710
-0.53921090 0.01476170
-0.54079708 0.01490810
-0.54238325 0.01506990
-0.54396943 0.01525160
-0.54555413 0.01545140
-0.54713882 0.01564330
-0.54872352 0.01579450
-0.55030822 0.01590620
-0.55189144 0.01599830
-0.55347466 0.01608200
-0.55505787 0.01616130
-0.55664109 0.01623910
-0.55822283 0.01631700
-0.55980605 0.01639610
-0.56138779 0.01647690
-0.56296805 0.01656010
-0.56454980 0.01664590
-0.56613006 0.01673450
-0.56771032 0.01682620
-0.56929058 0.01692100
-0.57086937 0.01701910
-0.57244815 0.01712040
-0.57402693 0.01722500
-0.57560424 0.01733290
-0.57718302 0.01744410
-0.57875885 0.01755870
-0.58033616 0.01767650
-0.58191198 0.01779760
-0.58348781 0.01792190
-0.58506364 0.01804940
-0.58663799 0.01818000
-0.58821234 0.01831360
-0.58978669 0.01845010
-0.59135956 0.01858950
-0.59293243 0.01873170
-0.59450530 0.01887650
-0.59607669 0.01902390
-0.59764808 0.01917360
-0.59921800 0.01932570
-0.60078939 0.01947980
-0.60235783 0.01963590
-0.60392774 0.01979390
-0.60549618 0.01995340
-0.60706461 0.02011440
-0.60863157 0.02027670
-0.61019853 0.02044000
-0.61176401 0.02060410
-0.61333097 0.02076880
-0.61489497 0.02093390
-0.61646045 0.02109900
-0.61802445 0.02126410
-0.61958697 0.02142870
-0.62114950 0.02159250
-0.62271202 0.02175520
-0.62427306 0.02191640
-0.62583411 0.02207580
-0.62739368 0.02223280
-0.62895324 0.02238700
-0.63051133 0.02253760
-0.63207090 0.02268390
-0.63362751 0.02282510
-0.63518412 0.02295970
-0.63674073 0.02308560
-0.63829586 0.02319950
-0.63985099 0.02330050
-0.64140464 0.02339080
-0.64295830 0.02348610
-0.64451047 0.02361560
-0.64606265 0.02378760
-0.64761335 0.02398410
-0.64916404 0.02418940
-0.65071326 0.02439760
-0.65226248 0.02460620
-0.65381022 0.02481340
-0.65535796 0.02501870
-0.65690570 0.02522140
-0.65845049 0.02542160
-0.65999675 0.02561920
-0.66154005 0.02581420
-0.66308484 0.02600680
-0.66462666 0.02619720
-0.66616849 0.02638550
-0.66771032 0.02657190
-0.66925067 0.02675660
-0.67078954 0.02693970
-0.67232841 0.02712140
-0.67386728 0.02730180
-0.67540467 0.02748110
-0.67694059 0.02765940
-0.67847650 0.02783700
-0.68001094 0.02801390
-0.68154390 0.02819030
-0.68307685 0.02836630
-0.68460833 0.02854210
-0.68613981 0.02871780
-0.68766982 0.02889360
-0.68919982 0.02906980
-0.69072834 0.02924640
-0.69225538 0.02942360
-0.69378243 0.02960180
-0.69530800 0.02978110
-0.69683356 0.02996180
-0.69835765 0.03014420
-0.69988026 0.03032880
-0.70140287 0.03051580
-0.70292400 0.03070580
-0.70444366 0.03089930
-0.70596331 0.03109700
-0.70748148 0.03129970
-0.70899966 0.03150830
-0.71051488 0.03172400
-0.71203158 0.03194820
-0.71354532 0.03218280
-0.71505906 0.03243050
-0.71657132 0.03269390
-0.71808358 0.03297820
-0.71959436 0.03329090
-0.72110367 0.03363960
-0.72261150 0.03400400
-0.72411933 0.03431230
-0.72562567 0.03451480
-0.72713202 0.03464110
-0.72863542 0.03473740
-0.73014029 0.03482440
-0.73164220 0.03491150
-0.73314412 0.03500580
-0.73464307 0.03511200
-0.73614351 0.03523430
-0.73764099 0.03537600
-0.73913847 0.03554010
-0.74063447 0.03572930
-0.74212899 0.03594540
-0.74362352 0.03618990
-0.74511656 0.03646330
-0.74660813 0.03676550
-0.74809822 0.03709510
-0.74958830 0.03745000
-0.75107691 0.03782690
-0.75256405 0.03822170
-0.75405118 0.03863000
-0.75553535 0.03904640
-0.75701953 0.03946580
-0.75850222 0.03988320
-0.75998492 0.04029360
-0.76146466 0.04069290
-0.76294440 0.04107740
-0.76442266 0.04144420
-0.76590093 0.04179100
-0.76737623 0.04211620
-0.76885154 0.04241850
-0.77032537 0.04269730
-0.77179771 0.04295180
-0.77326859 0.04318150
-0.77473946 0.04338560
-0.77620885 0.04356200
-0.77767528 0.04371080
-0.77914320 0.04383790
-0.78060816 0.04395120
-0.78207164 0.04405630
-0.78353512 0.04415770
-0.78499712 0.04426080
-0.78645764 0.04437160
-0.78791669 0.04449340
-0.78937573 0.04462540
-0.79083182 0.04476850
-0.79228791 0.04492530
-0.79374252 0.04509810
-0.79519565 0.04528900
-0.79664730 0.04549980
-0.79809748 0.04573210
-0.79954765 0.04598680
-0.80099487 0.04626440
-0.80244209 0.04656450
-0.80388783 0.04688570
-0.80533209 0.04722600
-0.80677488 0.04758230
-0.80821618 0.04795100
-0.80965749 0.04832790
-0.81109584 0.04870860
-0.81253418 0.04908880
-0.81397106 0.04946440
-0.81540645 0.04983190
-0.81684036 0.05018840
-0.81827280 0.05053150
-0.81970376 0.05085990
-0.82113324 0.05117260
-0.82256272 0.05146930
-0.82398924 0.05175010
-0.82541576 0.05201550
-0.82684081 0.05226640
-0.82826289 0.05250340
-0.82968498 0.05272660
-0.83110559 0.05293530
-0.83252472 0.05313070
-0.83394238 0.05331690
-0.83536003 0.05349740
-0.83677473 0.05367400
-0.83818795 0.05384780
-0.83960116 0.05401930
-0.84101143 0.05418890
-0.84242169 0.05435660
-0.84382899 0.05452330
-0.84523630 0.05469060
-0.84664213 0.05485960
-0.84804648 0.05503000
-0.84944787 0.05520150
-0.85084926 0.05537410
-0.85224918 0.05554770
-0.85364761 0.05572240
-0.85504457 0.05589810
-0.85644005 0.05607490
-0.85783405 0.05625270
-0.85922657 0.05643170
-0.86061762 0.05661190
-0.86200866 0.05679320
-0.86339675 0.05697580
-0.86478336 0.05715980
-0.86616849 0.05734520
-0.86755215 0.05753220
-0.86893580 0.05772070
-0.87031650 0.05791100
-0.87169571 0.05810320
-0.87307345 0.05829730
-0.87445120 0.05849360
-0.87582598 0.05869220
-0.87719928 0.05889320
-0.87857259 0.05909690
-0.87994294 0.05930350
-0.88131181 0.05951310
-0.88267920 0.05972600
-0.88404659 0.05994250
-0.88541103 0.06016280
-0.88677399 0.06038730
-0.88813547 0.06061610
-0.88949695 0.06084980
-0.89085547 0.06108860
-0.89221251 0.06133300
-0.89356808 0.06158330
-0.89492217 0.06184010
-0.89627478 0.06210390
-0.89762591 0.06237510
-0.89897556 0.06265430
-0.90032374 0.06294220
-0.90167044 0.06323940
-0.90301565 0.06354650
-0.90435940 0.06386420
-0.90570166 0.06419340
-0.90704096 0.06453440
-0.90838027 0.06488810
-0.90971810 0.06525480
-0.91105297 0.06563290
-0.91238784 0.06601990
-0.91371975 0.06643150
-0.91505167 0.06692400
-0.91638062 0.06753450
-0.91770810 0.06822820
-0.91903410 0.06895420
-0.92036010 0.06969700
-0.92168315 0.07046220
-0.92300472 0.07125860
-0.92432480 0.07209600
-0.92564341 0.07298460
-0.92695907 0.07393530
-0.92827472 0.07495990
-0.92958890 0.07607110
-0.93090011 0.07728370
-0.93221133 0.07861490
-0.93351959 0.08008280
-0.93482786 0.08171330
-0.93613316 0.08351920
-0.93743699 0.08554160
-0.93873934 0.08776440
-0.94004021 0.09012670
-0.94133960 0.09214000
-0.94263604 0.09374400
-0.94393247 0.09553890
-0.94522743 0.10006000
-0.94651943 0.10827500
-0.94781143 0.12844200
-0.94910048 0.15390100
-0.95038804 0.13975600
-0.95167118 0.05876230
-0.95295431 0.01845030
-0.95423744 0.02742200
-0.95551909 0.01807620
-0.95679779 0.01548250
-0.95807353 0.01487520
-0.95934927 0.01725100
-0.96062353 0.02233500
-0.96189631 0.03059380
-0.96316762 0.03473380
