# s/c    cf
1.28119503 0.00762955
1.27992372 0.00994393
1.27865242 0.01219870
1.27738111 0.01439157
1.27610981 0.01652050
1.27483850 0.01858368
1.27356719 0.02057948
1.27229589 0.02250651
1.27102458 0.02436354
1.26975328 0.02614956
1.26848197 0.02786374
1.26721067 0.02950542
1.26593936 0.03107413
1.26466806 0.03256954
1.26339675 0.03399150
1.26212545 0.03534002
1.26085414 0.03661524
1.25958283 0.03781744
1.25831153 0.03894705
1.25704022 0.04000464
1.25576892 0.04099087
1.25449761 0.04190656
1.25322631 0.04275261
1.25195500 0.04353005
1.25068370 0.04424001
1.24941239 0.04488370
1.24814109 0.04546244
1.24686978 0.04597764
1.24559847 0.04643078
1.24432717 0.04682342
1.24305586 0.04715720
1.24178456 0.04743383
1.24051325 0.04765506
1.23924195 0.04782273
1.23797064 0.04793872
1.23669934 0.04800495
1.23542803 0.04802339
1.23415673 0.04799606
1.23288542 0.04792502
1.23161411 0.04781234
1.23034281 0.04766014
1.22907150 0.04747055
1.22780020 0.04724573
1.22652889 0.04698786
1.22525759 0.04669911
1.22398628 0.04638170
1.22271498 0.04603781
1.22144367 0.04566965
1.22017237 0.04527943
1.21890106 0.04486935
1.21762975 0.04444159
1.21635845 0.04399833
1.21508714 0.04354175
1.21381584 0.04307398
1.21254453 0.04259717
1.21127323 0.04211342
1.21000192 0.04162480
1.20873062 0.04113337
1.20744453 0.04064116
1.20617322 0.04015016
1.20490192 0.03966231
1.20363061 0.03917953
1.20235931 0.03870371
1.20108800 0.03823666
1.19981670 0.03778019
1.19854539 0.03733603
1.19727408 0.03690587
1.19600278 0.03649137
1.19473147 0.03609411
1.19346017 0.03571562
1.19218886 0.03535739
1.19091756 0.03502085
1.18964625 0.03470735
1.18837495 0.03441821
1.18710364 0.03415467
1.18583234 0.03391792
1.18456103 0.03370906
1.18328972 0.03352917
1.18201842 0.03337922
1.18074711 0.03326014
1.17946103 0.03317278
1.17818972 0.03311793
1.17691841 0.03309631
1.17564711 0.03310857
1.17437580 0.03315530
1.17310450 0.03323699
1.17183319 0.03335408
1.17056189 0.03350696
1.16929058 0.03369591
1.16801928 0.03392116
1.16674797 0.03418287
1.16547667 0.03448112
1.16420536 0.03481593
1.16293405 0.03518725
1.16166275 0.03559494
1.16039144 0.03603881
1.15912014 0.03651860
1.15783405 0.03703397
1.15656274 0.03758452
1.15529144 0.03816978
1.15402013 0.03946928
1.15274883 0.04041928
1.15147752 0.04122899
1.15020622 0.04208567
1.14893491 0.04313045
1.14766361 0.04427823
1.14639230 0.04538093
1.14512100 0.04636870
1.14384969 0.04723930
1.14257838 0.04802062
1.14130708 0.04876630
1.14002099 0.04949409
1.13874969 0.05020642
1.13747838 0.05084172
1.13620707 0.05145445
1.13493577 0.05218697
1.13366446 0.05305880
1.13239316 0.05405954
1.13112185 0.05517290
1.12985055 0.05637988
1.12857924 0.05766525
1.12730794 0.05901072
1.12603663 0.06039428
1.12475054 0.06177606
1.12347924 0.06308812
1.12220793 0.06426878
1.12093663 0.06529816
1.11966532 0.06622739
1.11839402 0.06712218
1.11712271 0.06802350
1.11585141 0.06895746
1.11458010 0.06992817
1.11330879 0.07093484
1.11203749 0.07197071
1.11075140 0.07302826
1.10948010 0.07409862
1.10820879 0.07517205
1.10693748 0.07623858
1.10566618 0.07729005
1.10439487 0.07832002
1.10312357 0.07932483
1.10185226 0.08029954
1.10058096 0.08124225
1.09930965 0.08214566
1.09802356 0.08300250
1.09675226 0.08380813
1.09548095 0.08455624
1.09420965 0.08524489
1.09293834 0.08587179
1.09166704 0.08643681
1.09039573 0.08693911
1.08912443 0.08737688
1.08783834 0.08775181
1.08656703 0.08806778
1.08529573 0.08833060
1.08402442 0.08854460
1.08275312 0.08871018
1.08148181 0.08883678
1.08021050 0.08896757
1.07893920 0.08917329
1.07766789 0.08948217
1.07638181 0.08984871
1.07511050 0.09020877
1.07383919 0.09052325
1.07256789 0.09077301
1.07129658 0.09095010
1.07002528 0.09105229
1.06875397 0.09108252
1.06746788 0.09105004
1.06619658 0.09096950
1.06492527 0.09085307
1.06365397 0.09070872
1.06238266 0.09053172
1.06111136 0.09032828
1.05984005 0.09012023
1.05856875 0.08994418
1.05728266 0.08983409
1.05601135 0.08979286
1.05474005 0.08981062
1.05346874 0.08987219
1.05219744 0.08996509
1.05092613 0.09008400
1.04965483 0.09021608
1.04836874 0.09034655
1.04709743 0.09046681
1.04582613 0.09057084
1.04455482 0.09066128
1.04328352 0.09074141
1.04201221 0.09081289
1.04072612 0.09087803
1.03945482 0.09093843
1.03818351 0.09100021
1.03691221 0.09106916
1.03564090 0.09115320
1.03436960 0.09126961
1.03309829 0.09142923
1.03181220 0.09163049
1.03054090 0.09186233
1.02926959 0.09211833
1.02799829 0.09238972
1.02672698 0.09266722
1.02545567 0.09293628
1.02416959 0.09316824
1.02289828 0.09334119
1.02162698 0.09345644
1.02035567 0.09353943
1.01908436 0.09361765
1.01779828 0.09370658
1.01652697 0.09381213
1.01525567 0.09393479
1.01398436 0.09407288
1.01271305 0.09422339
1.01144175 0.09438336
1.01015566 0.09455023
1.00888436 0.09472165
1.00761305 0.09489541
1.00634174 0.09506997
1.00507044 0.09524570
1.00378435 0.09542625
1.00251305 0.09561875
1.00124174 0.09582777
0.99997043 0.09604959
0.99869913 0.09626726
0.99742782 0.09646079
0.99614174 0.09662095
0.99487043 0.09675268
0.99359912 0.09686506
0.99232782 0.09695680
0.99105651 0.09702364
0.98977043 0.09706191
0.98849912 0.09706710
0.98722781 0.09704048
0.98595651 0.09698895
0.98468520 0.09692404
0.98339912 0.09685536
0.98212781 0.09679305
0.98085651 0.09675315
0.97958520 0.09675423
0.97829911 0.09681289
0.97702781 0.09693450
0.97575650 0.09710628
0.97448520 0.09730834
0.97321389 0.09751389
0.97192780 0.09769918
0.97065650 0.09784695
0.96938519 0.09793687
0.96811389 0.09795006
0.96682780 0.09787299
0.96555649 0.09771553
0.96428519 0.09750192
0.96301388 0.09725697
0.96174258 0.09699365
0.96045649 0.09672521
0.95918518 0.09650435
0.95791388 0.09641546
0.95664257 0.09652651
0.95535648 0.09680698
0.95408518 0.09714824
0.95281387 0.09746887
0.95154257 0.09773607
0.95025648 0.09794487
0.94898517 0.09809311
0.94771387 0.09817465
0.94644256 0.09818698
0.94515647 0.09812915
0.94388517 0.09800308
0.94261386 0.09780546
0.94134256 0.09752901
0.94005647 0.09720163
0.93878516 0.09690319
0.93751386 0.09670379
0.93624255 0.09661935
0.93495647 0.09664467
0.93368516 0.09674556
0.93241385 0.09687860
0.93114255 0.09702076
0.92985646 0.09716111
0.92858516 0.09729540
0.92731385 0.09741352
0.92604254 0.09749779
0.92475646 0.09752484
0.92348515 0.09746643
0.92221385 0.09732905
0.92094254 0.09715602
0.91965645 0.09699892
0.91838515 0.09689734
0.91711384 0.09686654
0.91582775 0.09691293
0.91455645 0.09703459
0.91328514 0.09722114
0.91201384 0.09746528
0.91072775 0.09774762
0.90945644 0.09804245
0.90818514 0.09832417
0.90691383 0.09856796
0.90562774 0.09876546
0.90435644 0.09891356
0.90308513 0.09901389
0.90179905 0.09907411
0.90052774 0.09909892
0.89925643 0.09909740
0.89797035 0.09907563
0.89669904 0.09903603
0.89542774 0.09899041
0.89415643 0.09895262
0.89287034 0.09893756
0.89159904 0.09895351
0.89032773 0.09901389
0.88904164 0.09915915
0.88777034 0.09941444
0.88649903 0.09975846
0.88521294 0.10015566
0.88394164 0.10057873
0.88267033 0.10101877
0.88138424 0.10145842
0.88011294 0.10186703
0.87884163 0.10221004
0.87757033 0.10245843
0.87628424 0.10258366
0.87501293 0.10257465
0.87374163 0.10241833
0.87245554 0.10212356
0.87118424 0.10170677
0.86991293 0.10119259
0.86862684 0.10065788
0.86735554 0.10018673
0.86608423 0.09985836
0.86479814 0.09968817
0.86352684 0.09966942
0.86225553 0.09976268
0.86096944 0.09990463
0.85969814 0.10005126
0.85842683 0.10016767
0.85714075 0.10024085
0.85586944 0.10026244
0.85459813 0.10023017
0.85331205 0.10014749
0.85204074 0.10002603
0.85076944 0.09989735
0.84948335 0.09982272
0.84821204 0.09984193
0.84692595 0.09994328
0.84565465 0.10008179
0.84438334 0.10021951
0.84309725 0.10032879
0.84182595 0.10039071
0.84055464 0.10039999
0.83926856 0.10035591
0.83799725 0.10026195
0.83672594 0.10012279
0.83543986 0.09994741
0.83416855 0.09975028
0.83288246 0.09954687
0.83161116 0.09935394
0.83033985 0.09918903
0.82905376 0.09907371
0.82778246 0.09903790
0.82651115 0.09910568
0.82522507 0.09925772
0.82395376 0.09941397
0.82266767 0.09950013
0.82139637 0.09950326
0.82012506 0.09944378
0.81883897 0.09933782
0.81756767 0.09919410
0.81628158 0.09901682
0.81501027 0.09881103
0.81373897 0.09859469
0.81245288 0.09839788
0.81118157 0.09823650
0.80989549 0.09810848
0.80862418 0.09801263
0.80735288 0.09796602
0.80606679 0.09798483
0.80479548 0.09806834
0.80350939 0.09819037
0.80223809 0.09831167
0.80096678 0.09841120
0.79968070 0.09847473
0.79840939 0.09849851
0.79712330 0.09847978
0.79585200 0.09841378
0.79458069 0.09831390
0.79329460 0.09819717
0.79202330 0.09807721
0.79073721 0.09796561
0.78946590 0.09786818
0.78817982 0.09779005
0.78690851 0.09773464
0.78563720 0.09770685
0.78435112 0.09771607
0.78307981 0.09777732
0.78179372 0.09788355
0.78052242 0.09801031
0.77923633 0.09812661
0.77796502 0.09820155
0.77669372 0.09822112
0.77540763 0.09817940
0.77413633 0.09807204
0.77285024 0.09789218
0.77157893 0.09764005
0.77029284 0.09732945
0.76902154 0.09701034
0.76773545 0.09674371
0.76646414 0.09654739
0.76517806 0.09640717
0.76390675 0.09630635
0.76263545 0.09623423
0.76134936 0.09618192
0.76007805 0.09614487
0.75879196 0.09612185
0.75752066 0.09611348
0.75623457 0.09612302
0.75496327 0.09615402
0.75367718 0.09621170
0.75240587 0.09630080
0.75111978 0.09642709
0.74984848 0.09659284
0.74856239 0.09679320
0.74729108 0.09701475
0.74600500 0.09723711
0.74473369 0.09744162
0.74344760 0.09762092
0.74217630 0.09777640
0.74089021 0.09791177
0.73961890 0.09803245
0.73833282 0.09814255
0.73706151 0.09824658
0.73577542 0.09835132
0.73450412 0.09847497
0.73321803 0.09865583
0.73194672 0.09892261
0.73066064 0.09926923
0.72938933 0.09965275
0.72810324 0.10000620
0.72683194 0.10028322
0.72554585 0.10049415
0.72427454 0.10066941
0.72298845 0.10082577
0.72171715 0.10095537
0.72043106 0.10104064
0.71915976 0.10106768
0.71787367 0.10103059
0.71660236 0.10095102
0.71531627 0.10090957
0.71404497 0.10099906
0.71275888 0.10122109
0.71148758 0.10150082
0.71020149 0.10177766
0.70893018 0.10203447
0.70764409 0.10226451
0.70635801 0.10247990
0.70508670 0.10269755
0.70380061 0.10291705
0.70252931 0.10307541
0.70124322 0.10310549
0.69997191 0.10301395
0.69868582 0.10287959
0.69741452 0.10279147
0.69612843 0.10276791
0.69484234 0.10279070
0.69357104 0.10282817
0.69228495 0.10285696
0.69101364 0.10287139
0.68972756 0.10286705
0.68845625 0.10285193
0.68717016 0.10284211
0.68589886 0.10292487
0.68461277 0.10320688
0.68332668 0.10363625
0.68205538 0.10407969
0.68076929 0.10447612
0.67949798 0.10482295
0.67821189 0.10512123
0.67692581 0.10535882
0.67565450 0.10549237
0.67436841 0.10543551
0.67309711 0.10517254
0.67181102 0.10480151
0.67053971 0.10443275
0.66925363 0.10413897
0.66796754 0.10398529
0.66669623 0.10401223
0.66541014 0.10420784
0.66413884 0.10450585
0.66285275 0.10480538
0.66156666 0.10502776
0.66029536 0.10517246
0.65900927 0.10527176
0.65772318 0.10534777
0.65645188 0.10538628
0.65516579 0.10535489
0.65389448 0.10523997
0.65260839 0.10503955
0.65132231 0.10477020
0.65005100 0.10444237
0.64876491 0.10407003
0.64749361 0.10366712
0.64620752 0.10324512
0.64492143 0.10281860
0.64365012 0.10239625
0.64236404 0.10198784
0.64107795 0.10161919
0.63980664 0.10134890
0.63852056 0.10123429
0.63723447 0.10127872
0.63596316 0.10144942
0.63467707 0.10173157
0.63339099 0.10208602
0.63211968 0.10245404
0.63083359 0.10277690
0.62954750 0.10299338
0.62827620 0.10301514
0.62699011 0.10280133
0.62571880 0.10243403
0.62443272 0.10203470
0.62314663 0.10169794
0.62187532 0.10145532
0.62058924 0.10128566
0.61930315 0.10115038
0.61801706 0.10105556
0.61674575 0.10098433
0.61545967 0.10093232
0.61417358 0.10088337
0.61290227 0.10084498
0.61161618 0.10090697
0.61033010 0.10111802
0.60905879 0.10148367
0.60777270 0.10189682
0.60648661 0.10220307
0.60521531 0.10232228
0.60392922 0.10222711
0.60264313 0.10196954
0.60137183 0.10164848
0.60008574 0.10136396
0.59879965 0.10120089
0.59751356 0.10120709
0.59624226 0.10140992
0.59495617 0.10176274
0.59367008 0.10213695
0.59239878 0.10241574
0.59111269 0.10254328
0.58982660 0.10260209
0.58854051 0.10271514
0.58726921 0.10293266
0.58598312 0.10322426
0.58469703 0.10355566
0.58341094 0.10384300
0.58213964 0.10397301
0.58085355 0.10387888
0.57956746 0.10359281
0.57829616 0.10321620
0.57701007 0.10285046
0.57572398 0.10258389
0.57443789 0.10244352
0.57316659 0.10244247
0.57188050 0.10257855
0.57059441 0.10282538
0.56930832 0.10311121
0.56803702 0.10335290
0.56675093 0.10349799
0.56546484 0.10353692
0.56417875 0.10344596
0.56289266 0.10323586
0.56162136 0.10297408
0.56033527 0.10275444
0.55904918 0.10268907
0.55776309 0.10280022
0.55649179 0.10298422
0.55520570 0.10309611
0.55391961 0.10305150
0.55263352 0.10284790
0.55134744 0.10260355
0.55007613 0.10246343
0.54879004 0.10250071
0.54750395 0.10268215
0.54621787 0.10291642
0.54494656 0.10304548
0.54366047 0.10296076
0.54237438 0.10277275
0.54108830 0.10254691
0.53980221 0.10240510
0.53853090 0.10258147
0.53724481 0.10301776
0.53595873 0.10348003
0.53467264 0.10378322
0.53338655 0.10384002
0.53210046 0.10372508
0.53082916 0.10368630
0.52954307 0.10394253
0.52825698 0.10445519
0.52697089 0.10506048
0.52568480 0.10556407
0.52439872 0.10579135
0.52312741 0.10571998
0.52184132 0.10548304
0.52055524 0.10526875
0.51926915 0.10517632
0.51798306 0.10523832
0.51669697 0.10547671
0.51542567 0.10580967
0.51413958 0.10614824
0.51285349 0.10642853
0.51156740 0.10659480
0.51028131 0.10665533
0.50899523 0.10666566
0.50770914 0.10669744
0.50643783 0.10680451
0.50515174 0.10696712
0.50386566 0.10713124
0.50257957 0.10724277
0.50129348 0.10727388
0.50000739 0.10722752
0.49872130 0.10711974
0.49743522 0.10697393
0.49616391 0.10681988
0.49487782 0.10669328
0.49359173 0.10661682
0.49230565 0.10660437
0.49101956 0.10665460
0.48973347 0.10676357
0.48844738 0.10691868
0.48716129 0.10706416
0.48587521 0.10712009
0.48460390 0.10701565
0.48331781 0.10679694
0.48203172 0.10659113
0.48074564 0.10651192
0.47945955 0.10660271
0.47817346 0.10678325
0.47688737 0.10694952
0.47560128 0.10699868
0.47431520 0.10686694
0.47302911 0.10655766
0.47174302 0.10616844
0.47045693 0.10586602
0.46917084 0.10579868
0.46789954 0.10597120
0.46661345 0.10616502
0.46532736 0.10607831
0.46404127 0.10563765
0.46275519 0.10515935
0.46146910 0.10508887
0.46018301 0.10551423
0.45889692 0.10613061
0.45761083 0.10664104
0.45632474 0.10692031
0.45503866 0.10706805
0.45375257 0.10721763
0.45246648 0.10733623
0.45118039 0.10710278
0.44989430 0.10632651
0.44860822 0.10529494
0.44732213 0.10446333
0.44603604 0.10408375
0.44474995 0.10400502
0.44346386 0.10397617
0.44217778 0.10383499
0.44089169 0.10356152
0.43960560 0.10320768
0.43831951 0.10280955
0.43703342 0.10240020
0.43574734 0.10199031
0.43446125 0.10158812
0.43317516 0.10121513
0.43188907 0.10090729
0.43060298 0.10071829
0.42931690 0.10064599
0.42803081 0.10059801
0.42674472 0.10054821
0.42545863 0.10053596
0.42417254 0.10059771
0.42288645 0.10065272
0.42160037 0.10035589
0.42031428 0.09951265
0.41902819 0.09841200
0.41774210 0.09760872
0.41645601 0.09728754
0.41516993 0.09720503
0.41388384 0.09717192
0.41259775 0.09719853
0.41131166 0.09738828
0.41002557 0.09760182
0.40873949 0.09763439
0.40745340 0.09749637
0.40616731 0.09736940
0.40488122 0.09742375
0.40359513 0.09773170
0.40230905 0.09822097
0.40102296 0.09863832
0.39973687 0.09875078
0.39843600 0.09857896
0.39714991 0.09829973
0.39586382 0.09802543
0.39457773 0.09778963
0.39329165 0.09757680
0.39200556 0.09736017
0.39071947 0.09713625
0.38943338 0.09695019
0.38814729 0.09685323
0.38686121 0.09685939
0.38557512 0.09697059
0.38428903 0.09717739
0.38298816 0.09740532
0.38170207 0.09752398
0.38041598 0.09748587
0.37912989 0.09741515
0.37784381 0.09738257
0.37655772 0.09735200
0.37527163 0.09727611
0.37398554 0.09712777
0.37269945 0.09690536
0.37139858 0.09668805
0.37011250 0.09660894
0.36882641 0.09672056
0.36754032 0.09693189
0.36625423 0.09708683
0.36496814 0.09709387
0.36368206 0.09695825
0.36238118 0.09675461
0.36109510 0.09654370
0.35980901 0.09636149
0.35852292 0.09618903
0.35723683 0.09606966
0.35595074 0.09610791
0.35466466 0.09628803
0.35336379 0.09651407
0.35207770 0.09666421
0.35079161 0.09669463
0.34950552 0.09664135
0.34821943 0.09651242
0.34693335 0.09634028
0.34563247 0.09617341
0.34434639 0.09606510
0.34306030 0.09603887
0.34177421 0.09608189
0.34048812 0.09617532
0.33918725 0.09628169
0.33790116 0.09639062
0.33661508 0.09652022
0.33532899 0.09669588
0.33404290 0.09697699
0.33275681 0.09733464
0.33145594 0.09766111
0.33016985 0.09787166
0.32888376 0.09794257
0.32759768 0.09785464
0.32629681 0.09765567
0.32501072 0.09747353
0.32372463 0.09745101
0.32243854 0.09766529
0.32115245 0.09811538
0.31985158 0.09876773
0.31856549 0.09954770
0.31727941 0.10036296
0.31599332 0.10110313
0.31469245 0.10175221
0.31340636 0.10235703
0.31212027 0.10288309
0.31083418 0.10325095
0.30953331 0.10345524
0.30824722 0.10360033
0.30696114 0.10386669
0.30567505 0.10436402
0.30437418 0.10509371
0.30308809 0.10594469
0.30180200 0.10671670
0.30051591 0.10727642
0.29921504 0.10763534
0.29792895 0.10791652
0.29664287 0.10828344
0.29534200 0.10886529
0.29405591 0.10962838
0.29276982 0.11041231
0.29148373 0.11102425
0.29018286 0.11132681
0.28889677 0.11130460
0.28761068 0.11129699
0.28630981 0.11163081
0.28502373 0.11216233
0.28373764 0.11271030
0.28243677 0.11309505
0.28115068 0.11311313
0.27986459 0.11290481
0.27857850 0.11269064
0.27727763 0.11258188
0.27599154 0.11271081
0.27470546 0.11310396
0.27340459 0.11356981
0.27211850 0.11381641
0.27083241 0.11372208
0.26953154 0.11329871
0.26824545 0.11272627
0.26695936 0.11229326
0.26565849 0.11212804
0.26437240 0.11216088
0.26307153 0.11222962
0.26178545 0.11225763
0.26049936 0.11222382
0.25919849 0.11207368
0.25791240 0.11182962
0.25662631 0.11154088
0.25532544 0.11124612
0.25403935 0.11098162
0.25275326 0.11074376
0.25145239 0.11049619
0.25016630 0.11021013
0.24886543 0.10985905
0.24757935 0.10943261
0.24629326 0.10893066
0.24499239 0.10835933
0.24370630 0.10772001
0.24240543 0.10704241
0.24111934 0.10640109
0.23983325 0.10584943
0.23853238 0.10538574
0.23724629 0.10494732
0.23594542 0.10444598
0.23465933 0.10381294
0.23337325 0.10303472
0.23207238 0.10212863
0.23078629 0.10110209
0.22948542 0.09997875
0.22819933 0.09881715
0.22689846 0.09773056
0.22561237 0.09677818
0.22432628 0.09591644
0.22302541 0.09504655
0.22173932 0.09408233
0.22043845 0.09303636
0.21915236 0.09193906
0.21785149 0.09083462
0.21656541 0.08977228
0.21526454 0.08879167
0.21397845 0.08790803
0.21267758 0.08706838
0.21139149 0.08611060
0.21009062 0.08489610
0.20880453 0.08351840
0.20750366 0.08231187
0.20621757 0.08155794
0.20493148 0.08115650
0.20363061 0.08072041
0.20234452 0.08004269
0.20104365 0.07922389
0.19975757 0.07838224
0.19845669 0.07757658
0.19717061 0.07672287
0.19586974 0.07565598
0.19458365 0.07432510
0.19328278 0.07306479
0.19199669 0.07225655
0.19069582 0.07185668
0.18939495 0.07150327
0.18810886 0.07088385
0.18680799 0.07004076
0.18552190 0.06916677
0.18422103 0.06841016
0.18293494 0.06777400
0.18163407 0.06720880
0.18034798 0.06668582
0.17904711 0.06618611
0.17776102 0.06571896
0.17646015 0.06529467
0.17517407 0.06492400
0.17387319 0.06460163
0.17257232 0.06431582
0.17128624 0.06404750
0.16998537 0.06377193
0.16869928 0.06342367
0.16739841 0.06290664
0.16611232 0.06209839
0.16481145 0.06097893
0.16351058 0.05989222
0.16222449 0.05921211
0.16092362 0.05891291
0.15963753 0.05862878
0.15833666 0.05818234
0.15703579 0.05771406
0.15574970 0.05734677
0.15444883 0.05704107
0.15316274 0.05662220
0.15186187 0.05612986
0.15056100 0.05574155
0.14927491 0.05550728
0.14797404 0.05533069
0.14668795 0.05508631
0.14538708 0.05462661
0.14408621 0.05387118
0.14280012 0.05295832
0.14149925 0.05213370
0.14019838 0.05149350
0.13891229 0.05095257
0.13761142 0.05043233
0.13632534 0.04989164
0.13502447 0.04933415
0.13372359 0.04878255
0.13243751 0.04825333
0.13113664 0.04769594
0.12983577 0.04704033
0.12854968 0.04676373
0.12724881 0.04621252
0.12594794 0.04565915
0.12466185 0.04510376
0.12336098 0.04454650
0.12206011 0.04398754
0.12075924 0.04342706
0.11947315 0.04286529
0.11817228 0.04230245
0.11687141 0.04173879
0.11558532 0.04117456
0.11428445 0.04061007
0.11298358 0.04004559
0.11169749 0.03948145
0.11039662 0.03891797
0.10909575 0.03835550
0.10779488 0.03779439
0.10650879 0.03723501
0.10520792 0.03667774
0.10390705 0.03612297
0.10260618 0.03557109
0.10132009 0.03502253
0.10001922 0.03447768
0.09871835 0.03393697
0.09743226 0.03340083
0.09613139 0.03286968
0.09483052 0.03234395
0.09352965 0.03182408
0.09224356 0.03131049
0.09094269 0.03080361
0.08964182 0.03030387
0.08834095 0.02981169
0.08704008 0.02932747
0.08575399 0.02885163
0.08445312 0.02838455
0.08315225 0.02792661
0.08185138 0.02747820
0.08056529 0.02703965
0.07926442 0.02661130
0.07796355 0.02619348
0.07666268 0.02578647
0.07536180 0.02539054
0.07407572 0.02500594
0.07277485 0.02463289
0.07147398 0.02427158
0.07017310 0.02392217
0.06887223 0.02358477
0.06757136 0.02325947
0.06628528 0.02294633
0.06498440 0.02264534
0.06368353 0.02235647
0.06238266 0.02207965
0.06108179 0.02181472
0.05978092 0.02156152
0.05849483 0.02131981
0.05719396 0.02108929
0.05589309 0.02086961
0.05459222 0.02066035
0.05329135 0.02046105
0.05199048 0.02027114
0.05068961 0.02009002
0.04940352 0.01991699
0.04810265 0.01975129
0.04680178 0.01959207
0.04550091 0.01943840
0.04420004 0.01928927
0.04289917 0.01914357
0.04159830 0.01900010
0.04029743 0.01885759
0.03901134 0.01871463
0.03771047 0.01856973
0.03640960 0.01842130
0.03510873 0.01826763
0.03380786 0.01810691
0.03250698 0.01793719
0.03120611 0.01775642
0.02990524 0.01756244
0.02860437 0.01735292
0.02730350 0.01712544
0.02600263 0.01687742
0.02470176 0.01660617
0.02341567 0.01630882
0.02211480 0.01598238
0.02081393 0.01562372
0.01951306 0.01522951
0.01821219 0.01479631
0.01691132 0.01432050
0.01561045 0.01379829
0.01430958 0.01322572
0.01300871 0.01259866
0.01170784 0.01191279
0.01040697 0.01116363
0.00910609 0.01034648
0.00780522 0.00945648
0.00650435 0.00848854
0.00520348 0.00743740
0.00390261 0.00629758
0.00260174 0.00506338
0.00130087 0.00372889
0.00000000 0.00228801
-0.00000000 0.00884661
-0.00130087 0.00769633
-0.00260335 0.00530533
-0.00390746 0.00435487
-0.00521317 0.00337724
-0.00652048 0.00266615
-0.00782941 0.00195106
-0.00913993 0.00130970
-0.01045207 0.00065378
-0.01176578 0.00022990
-0.01308110 0.00051720
-0.01439801 0.00121441
-0.01571644 0.00191742
-0.01703653 0.00265911
-0.01835824 0.00343124
-0.01968143 0.00425255
-0.02100625 0.00510922
-0.02233255 0.00600230
-0.02366047 0.00690887
-0.02499002 0.00780893
-0.02632105 0.00850214
-0.02765326 0.00861020
-0.02898739 0.00820905
-0.03032315 0.00780117
-0.03166038 0.00758110
-0.03299939 0.00747337
-0.03433973 0.00742544
-0.03568185 0.00741749
-0.03702529 0.00743779
-0.03837051 0.00748354
-0.03971706 0.00755562
-0.04106524 0.00766617
-0.04241504 0.00782832
-0.04376617 0.00797648
-0.04511893 0.00786283
-0.04647316 0.00742095
-0.04782902 0.00694449
-0.04918636 0.00661414
-0.05054518 0.00639322
-0.05190548 0.00623652
-0.05326740 0.00612197
-0.05463080 0.00603285
-0.05599568 0.00596059
-0.05736204 0.00589858
-0.05872988 0.00584363
-0.06009919 0.00579365
-0.06146998 0.00574988
-0.06284240 0.00571932
-0.06421615 0.00572175
-0.06559138 0.00577108
-0.06696823 0.00584261
-0.06834642 0.00590195
-0.06972608 0.00594465
-0.07110722 0.00597866
-0.07248984 0.00600681
-0.07387393 0.00603050
-0.07525951 0.00605086
-0.07664641 0.00606855
-0.07803480 0.00608412
-0.07942466 0.00609792
-0.08081600 0.00611026
-0.08220867 0.00612135
-0.08360282 0.00613136
-0.08499845 0.00614041
-0.08639541 0.00614861
-0.08779384 0.00615605
-0.08919376 0.00616279
-0.09059500 0.00616890
-0.09199772 0.00617443
-0.09340178 0.00617944
-0.09480731 0.00618399
-0.09621417 0.00618816
-0.09762236 0.00619204
-0.09903203 0.00619576
-0.10044304 0.00619952
-0.10185551 0.00620363
-0.10326932 0.00620858
-0.10468446 0.00621522
-0.10610108 0.00622535
-0.10751888 0.00624217
-0.10893816 0.00626677
-0.11035892 0.00629135
-0.11178086 0.00630658
-0.11320413 0.00631306
-0.11462888 0.00631548
-0.11605496 0.00631590
-0.11748222 0.00631514
-0.11891096 0.00631374
-0.12034104 0.00631197
-0.12177229 0.00631005
-0.12320502 0.00630810
-0.12463893 0.00630622
-0.12607433 0.00630448
-0.12751090 0.00630294
-0.12894881 0.00630164
-0.13038804 0.00630061
-0.13182846 0.00629990
-0.13327021 0.00629954
-0.13471344 0.00629954
-0.13615770 0.00629995
-0.13760344 0.00630077
-0.13905022 0.00630203
-0.14049847 0.00630375
-0.14194791 0.00630596
-0.14339867 0.00630868
-0.14485062 0.00631192
-0.14630375 0.00631570
-0.14775822 0.00632005
-0.14921430 0.00632497
-0.15067039 0.00633047
-0.15212944 0.00633658
-0.15358848 0.00634331
-0.15504900 0.00635066
-0.15651101 0.00635864
-0.15797449 0.00636727
-0.15943796 0.00637656
-0.16090440 0.00638650
-0.16237084 0.00639710
-0.16383875 0.00640836
-0.16530667 0.00642029
-0.16677754 0.00643288
-0.16824841 0.00644614
-0.16972223 0.00646007
-0.17119606 0.00647467
-0.17266989 0.00648994
-0.17414667 0.00650590
-0.17562346 0.00652255
-0.17710172 0.00653992
-0.17858146 0.00655802
-0.18006268 0.00657689
-0.18154390 0.00659659
-0.18302659 0.00661720
-0.18451077 0.00663889
-0.18599642 0.00666220
-0.18748355 0.00668735
-0.18897069 0.00671265
-0.19045930 0.00673481
-0.19194791 0.00675144
-0.19343947 0.00676286
-0.19493104 0.00677091
-0.19642408 0.00677695
-0.19791861 0.00678158
-0.19941313 0.00678518
-0.20090913 0.00678799
-0.20240661 0.00679019
-0.20390557 0.00679193
-0.20540453 0.00679333
-0.20690496 0.00679449
-0.20840540 0.00679551
-0.20990879 0.00679652
-0.21141218 0.00679765
-0.21291705 0.00679905
-0.21442193 0.00680090
-0.21592827 0.00680346
-0.21743610 0.00680700
-0.21894541 0.00681191
-0.22045471 0.00681868
-0.22196550 0.00682793
-0.22347628 0.00684051
-0.22499002 0.00685753
-0.22650376 0.00688048
-0.22801750 0.00691144
-0.22953272 0.00695330
-0.23104942 0.00701018
-0.23256759 0.00708904
-0.23408577 0.00719921
-0.23560542 0.00734016
-0.23712508 0.00747846
-0.23864621 0.00757657
-0.24016882 0.00763766
-0.24169143 0.00768146
-0.24321552 0.00771632
-0.24474108 0.00774552
-0.24626665 0.00777140
-0.24779369 0.00779515
-0.24932074 0.00781765
-0.25084926 0.00783940
-0.25237926 0.00786076
-0.25390926 0.00788198
-0.25544074 0.00790325
-0.25697222 0.00792466
-0.25850518 0.00794628
-0.26003962 0.00796815
-0.26157405 0.00799026
-0.26310997 0.00801262
-0.26464588 0.00803519
-0.26618327 0.00805794
-0.26772067 0.00808082
-0.26925954 0.00810377
-0.27079989 0.00812673
-0.27234024 0.00814963
-0.27388059 0.00817237
-0.27542241 0.00819488
-0.27696572 0.00821706
-0.27850902 0.00823879
-0.28005381 0.00825996
-0.28159859 0.00828043
-0.28314485 0.00830007
-0.28469112 0.00831872
-0.28623886 0.00833619
-0.28778808 0.00835228
-0.28933730 0.00836675
-0.29088651 0.00837934
-0.29243721 0.00838971
-0.29398791 0.00839748
-0.29554008 0.00840194
-0.29709226 0.00840241
-0.29864591 0.00839812
-0.30019957 0.00838839
-0.30175470 0.00837281
-0.30330983 0.00835789
-0.30486644 0.00835643
-0.30642305 0.00837153
-0.30798114 0.00839653
-0.30953923 0.00842652
-0.31109731 0.00845971
-0.31265688 0.00849506
-0.31421793 0.00853200
-0.31577749 0.00857013
-0.31734002 0.00860919
-0.31890106 0.00864900
-0.32046358 0.00868944
-0.32202758 0.00873043
-0.32359159 0.00877191
-0.32515559 0.00881381
-0.32672107 0.00885612
-0.32828655 0.00889880
-0.32985350 0.00894183
-0.33142046 0.00898521
-0.33298742 0.00902890
-0.33455586 0.00907291
-0.33612429 0.00911720
-0.33769273 0.00916177
-0.33926264 0.00920659
-0.34083256 0.00925167
-0.34240395 0.00929698
-0.34397534 0.00934251
-0.34554674 0.00938823
-0.34711961 0.00943413
-0.34869248 0.00948018
-0.35026535 0.00952633
-0.35183970 0.00957257
-0.35341405 0.00961884
-0.35498840 0.00966510
-0.35656422 0.00971129
-0.35814005 0.00975733
-0.35971588 0.00980314
-0.36129171 0.00984862
-0.36286901 0.00989360
-0.36444780 0.00993792
-0.36602510 0.00998126
-0.36760388 0.01002330
-0.36918267 0.01006390
-0.37076145 0.01010560
-0.37234172 0.01015160
-0.37392198 0.01020180
-0.37550224 0.01025440
-0.37708398 0.01030860
-0.37866424 0.01036410
-0.38024598 0.01042070
-0.38182920 0.01047830
-0.38341094 0.01053690
-0.38499416 0.01059640
-0.38657738 0.01065680
-0.38816060 0.01071810
-0.38974382 0.01078020
-0.39132851 0.01084320
-0.39291321 0.01090700
-0.39449791 0.01097160
-0.39608261 0.01103710
-0.39766878 0.01110340
-0.39925496 0.01117050
-0.40084113 0.01123840
-0.40242731 0.01130710
-0.40401348 0.01137660
-0.40560114 0.01144690
-0.40718731 0.01151790
-0.40877496 0.01158970
-0.41036262 0.01166230
-0.41195175 0.01173550
-0.41353940 0.01180950
-0.41512853 0.01188420
-0.41671619 0.01195960
-0.41830532 0.01203560
-0.41989445 0.01211220
-0.42148358 0.01218940
-0.42307419 0.01226720
-0.42466333 0.01234550
-0.42625394 0.01242440
-0.42784307 0.01250370
-0.42943368 0.01258340
-0.43102429 0.01266360
-0.43261490 0.01274400
-0.43420551 0.01282470
-0.43579612 0.01290550
-0.43738821 0.01298640
-0.43897882 0.01306720
-0.44057090 0.01314790
-0.44216151 0.01322850
-0.44375360 0.01330890
-0.44534569 0.01338890
-0.44693778 0.01346830
-0.44852839 0.01354710
-0.45012048 0.01362500
-0.45171257 0.01370170
-0.45330613 0.01377700
-0.45489822 0.01385050
-0.45649031 0.01392170
-0.45808240 0.01399010
-0.45967449 0.01405460
-0.46126658 0.01411410
-0.46286014 0.01416530
-0.46445223 0.01420740
-0.46604432 0.01425180
-0.46763788 0.01432170
-0.46922997 0.01442630
-0.47082206 0.01455160
-0.47241563 0.01468350
-0.47400772 0.01481690
-0.47559980 0.01495020
-0.47719337 0.01508220
-0.47878546 0.01521260
-0.48037755 0.01534100
-0.48196964 0.01546760
-0.48356320 0.01559230
-0.48515529 0.01571530
-0.48674738 0.01583660
-0.48833947 0.01595640
-0.48993156 0.01607480
-0.49152364 0.01619200
-0.49311573 0.01630800
-0.49470782 0.01642290
-0.49629843 0.01653680
-0.49789052 0.01664990
-0.49948261 0.01676250
-0.50107322 0.01687470
-0.50266383 0.01698650
-0.50425592 0.01709820
-0.50584653 0.01720990
-0.50743714 0.01732170
-0.50902775 0.01743370
-0.51061836 0.01754600
-0.51220897 0.01765890
-0.51379958 0.01777250
-0.51538871 0.01788700
-0.51697932 0.01800250
-0.51856845 0.01811920
-0.52015758 0.01823740
-0.52174671 0.01835720
-0.52333585 0.01847910
-0.52492498 0.01860340
-0.52651263 0.01873030
-0.52810029 0.01886040
-0.52968942 0.01899420
-0.53127707 0.01913220
-0.53286472 0.01927530
-0.53445090 0.01942440
-0.53603855 0.01958060
-0.53762473 0.01974550
-0.53921090 0.01992080
-0.54079708 0.02010940
-0.54238325 0.02031590
-0.54396943 0.02054630
-0.54555413 0.02080030
-0.54713882 0.02104270
-0.54872352 0.02122990
-0.55030822 0.02136900
-0.55189144 0.02148980
-0.55347466 0.02160610
-0.55505787 0.02172140
-0.55664109 0.02183810
-0.55822283 0.02195710
-0.55980605 0.02207910
-0.56138779 0.02220440
-0.56296805 0.02233330
-0.56454980 0.02246590
-0.56613006 0.02260230
-0.56771032 0.02274250
-0.56929058 0.02288650
-0.57086937 0.02303450
-0.57244815 0.02318630
-0.57402693 0.02334200
-0.57560424 0.02350160
-0.57718302 0.02366510
-0.57875885 0.02383230
-0.58033616 0.02400340
-0.58191198 0.02417820
-0.58348781 0.02435670
-0.58506364 0.02453890
-0.58663799 0.02472460
-0.58821234 0.02491390
-0.58978669 0.02510660
-0.59135956 0.02530260
-0.59293243 0.02550190
-0.59450530 0.02570430
-0.59607669 0.02590960
-0.59764808 0.02611740
-0.59921800 0.02632770
-0.60078939 0.02654060
-0.60235783 0.02675580
-0.60392774 0.02697340
-0.60549618 0.02719310
-0.60706461 0.02741490
-0.60863157 0.02763840
-0.61019853 0.02786370
-0.61176401 0.02809040
-0.61333097 0.02831830
-0.61489497 0.02854730
-0.61646045 0.02877710
-0.61802445 0.02900740
-0.61958697 0.02923800
-0.62114950 0.02946860
-0.62271202 0.02969890
-0.62427306 0.02992840
-0.62583411 0.03015690
-0.62739368 0.03038380
-0.62895324 0.03060870
-0.63051133 0.03083080
-0.63207090 0.03104930
-0.63362751 0.03126340
-0.63518412 0.03147160
-0.63674073 0.03167120
-0.63829586 0.03185760
-0.63985099 0.03203000
-0.64140464 0.03218960
-0.64295830 0.03235570
-0.64451047 0.03256810
-0.64606265 0.03283420
-0.64761335 0.03312540
-0.64916404 0.03342120
-0.65071326 0.03371680
-0.65226248 0.03401050
-0.65381022 0.03430190
-0.65535796 0.03459080
-0.65690570 0.03487720
-0.65845049 0.03516150
-0.65999675 0.03544370
-0.66154005 0.03572420
-0.66308484 0.03600310
-0.66462666 0.03628090
-0.66616849 0.03655750
-0.66771032 0.03683340
-0.66925067 0.03710860
-0.67078954 0.03738340
-0.67232841 0.03765780
-0.67386728 0.03793220
-0.67540467 0.03820660
-0.67694059 0.03848120
-0.67847650 0.03875610
-0.68001094 0.03903160
-0.68154390 0.03930760
-0.68307685 0.03958440
-0.68460833 0.03986210
-0.68613981 0.04014090
-0.68766982 0.04042090
-0.68919982 0.04070230
-0.69072834 0.04098520
-0.69225538 0.04127000
-0.69378243 0.04155670
-0.69530800 0.04184560
-0.69683356 0.04213690
-0.69835765 0.04243100
-0.69988026 0.04272820
-0.70140287 0.04302850
-0.70292400 0.04333230
-0.70444366 0.04364020
-0.70596331 0.04395300
-0.70748148 0.04427170
-0.70899966 0.04459720
-0.71051488 0.04493080
-0.71203158 0.04527400
-0.71354532 0.04562880
-0.71505906 0.04599800
-0.71657132 0.04638460
-0.71808358 0.04679520
-0.71959436 0.04723830
-0.72110367 0.04772740
-0.72261150 0.04824140
-0.72411933 0.04867950
-0.72562567 0.04898100
-0.72713202 0.04920070
-0.72863542 0.04940250
-0.73014029 0.04960680
-0.73164220 0.04981980
-0.73314412 0.05004660
-0.73464307 0.05029020
-0.73614351 0.05055370
-0.73764099 0.05083960
-0.73913847 0.05115040
-0.74063447 0.05148810
-0.74212899 0.05185440
-0.74362352 0.05225030
-0.74511656 0.05267600
-0.74660813 0.05313090
-0.74809822 0.05361340
-0.74958830 0.05412090
-0.75107691 0.05464990
-0.75256405 0.05519610
-0.75405118 0.05575470
-0.75553535 0.05632050
-0.75701953 0.05688840
-0.75850222 0.05745330
-0.75998492 0.05800990
-0.76146466 0.05855420
-0.76294440 0.05908360
-0.76442266 0.05959580
-0.76590093 0.06008930
-0.76737623 0.06056290
-0.76885154 0.06101590
-0.77032537 0.06144780
-0.77179771 0.06185830
-0.77326859 0.06224670
-0.77473946 0.06261220
-0.77620885 0.06295200
-0.77767528 0.06326550
-0.77914320 0.06356030
-0.78060816 0.06384610
-0.78207164 0.06412820
-0.78353512 0.06441050
-0.78499712 0.06469820
-0.78645764 0.06499810
-0.78791669 0.06531250
-0.78937573 0.06563870
-0.79083182 0.06597680
-0.79228791 0.06632980
-0.79374252 0.06670010
-0.79519565 0.06708950
-0.79664730 0.06749980
-0.79809748 0.06793240
-0.79954765 0.06838810
-0.80099487 0.06886710
-0.80244209 0.06936880
-0.80388783 0.06989160
-0.80533209 0.07043320
-0.80677488 0.07099030
-0.80821618 0.07155900
-0.80965749 0.07213500
-0.81109584 0.07271390
-0.81253418 0.07329160
-0.81397106 0.07386410
-0.81540645 0.07442820
-0.81684036 0.07498150
-0.81827280 0.07552220
-0.81970376 0.07604910
-0.82113324 0.07656190
-0.82256272 0.07706080
-0.82398924 0.07754560
-0.82541576 0.07801650
-0.82684081 0.07847450
-0.82826289 0.07892110
-0.82968498 0.07935660
-0.83110559 0.07977920
-0.83252472 0.08019040
-0.83394238 0.08059550
-0.83536003 0.08099860
-0.83677473 0.08140110
-0.83818795 0.08180330
-0.83960116 0.08220550
-0.84101143 0.08260760
-0.84242169 0.08300930
-0.84382899 0.08341130
-0.84523630 0.08381580
-0.84664213 0.08422370
-0.84804648 0.08463440
-0.84944787 0.08504710
-0.85084926 0.08546180
-0.85224918 0.08587830
-0.85364761 0.08629670
-0.85504457 0.08671690
-0.85644005 0.08713880
-0.85783405 0.08756260
-0.85922657 0.08798820
-0.86061762 0.08841560
-0.86200866 0.08884500
-0.86339675 0.08927630
-0.86478336 0.08970960
-0.86616849 0.09014510
-0.86755215 0.09058270
-0.86893580 0.09102270
-0.87031650 0.09146510
-0.87169571 0.09191000
-0.87307345 0.09235770
-0.87445120 0.09280810
-0.87582598 0.09326170
-0.87719928 0.09371840
-0.87857259 0.09417850
-0.87994294 0.09464230
-0.88131181 0.09510990
-0.88267920 0.09558160
-0.88404659 0.09605770
-0.88541103 0.09653850
-0.88677399 0.09702420
-0.88813547 0.09751530
-0.88949695 0.09801210
-0.89085547 0.09851500
-0.89221251 0.09902450
-0.89356808 0.09954110
-0.89492217 0.10006500
-0.89627478 0.10059800
-0.89762591 0.10113900
-0.89897556 0.10168900
-0.90032374 0.10225000
-0.90167044 0.10282100
-0.90301565 0.10340300
-0.90435940 0.10399800
-0.90570166 0.10460600
-0.90704096 0.10522800
-0.90838027 0.10586400
-0.90971810 0.10651300
-0.91105297 0.10717600
-0.91238784 0.10784300
-0.91371975 0.10853000
-0.91505167 0.10932700
-0.91638062 0.11028500
-0.91770810 0.11133500
-0.91903410 0.11239800
-0.92036010 0.11346300
-0.92168315 0.11454900
-0.92300472 0.11567100
-0.92432480 0.11684200
-0.92564341 0.11807500
-0.92695907 0.11938600
-0.92827472 0.12078800
-0.92958890 0.12229900
-0.93090011 0.12393900
-0.93221133 0.12573000
-0.93351959 0.12769700
-0.93482786 0.12987600
-0.93613316 0.13228900
-0.93743699 0.13500600
-0.93873934 0.13799100
-0.94004021 0.14127200
-0.94133960 0.14413900
-0.94263604 0.14625300
-0.94393247 0.14891800
-0.94522743 0.15534800
-0.94651943 0.16623100
-0.94781143 0.19405500
-0.94910048 0.23120800
-0.95038804 0.21455700
-0.95167118 0.09222300
-0.95295431 0.03083490
-0.95423744 0.04779520
-0.95551909 0.03233900
-0.95679779 0.02703890
-0.95807353 0.02387370
-0.95934927 0.02305570
-0.96062353 0.02478860
-0.96189631 0.03005180
-0.96316762 0.03383090
