# s/c    cf
1.28119503 -0.00049561
1.27992372 0.00433029
1.27865242 0.00887441
1.27738111 0.01314850
1.27610981 0.01716399
1.27483850 0.02093199
1.27356719 0.02446325
1.27229589 0.02776822
1.27102458 0.03085703
1.26975328 0.03373951
1.26848197 0.03642516
1.26721067 0.03892321
1.26593936 0.04124259
1.26466806 0.04339194
1.26339675 0.04537961
1.26212545 0.04721371
1.26085414 0.04890203
1.25958283 0.05045214
1.25831153 0.05187133
1.25704022 0.05316665
1.25576892 0.05434488
1.25449761 0.05541258
1.25322631 0.05637607
1.25195500 0.05724142
1.25068370 0.05801451
1.24941239 0.05870095
1.24814109 0.05930617
1.24686978 0.05983537
1.24559847 0.06029356
1.24432717 0.06068554
1.24305586 0.06101591
1.24178456 0.06128907
1.24051325 0.06150925
1.23924195 0.06168049
1.23797064 0.06180666
1.23669934 0.06189142
1.23542803 0.06193832
1.23415673 0.06195069
1.23288542 0.06193174
1.23161411 0.06188450
1.23034281 0.06181186
1.22907150 0.06171655
1.22780020 0.06160117
1.22652889 0.06146818
1.22525759 0.06131990
1.22398628 0.06115852
1.22271498 0.06098610
1.22144367 0.06080459
1.22017237 0.06061580
1.21890106 0.06042143
1.21762975 0.06022309
1.21635845 0.06002226
1.21508714 0.05982032
1.21381584 0.05961856
1.21254453 0.05941814
1.21127323 0.05922017
1.21000192 0.05902565
1.20873062 0.05883548
1.20744453 0.05865050
1.20617322 0.05847146
1.20490192 0.05829902
1.20363061 0.05813380
1.20235931 0.05797630
1.20108800 0.05782700
1.19981670 0.05768628
1.19854539 0.05755449
1.19727408 0.05743190
1.19600278 0.05731872
1.19473147 0.05721512
1.19346017 0.05712121
1.19218886 0.05703707
1.19091756 0.05696272
1.18964625 0.05689813
1.18837495 0.05684324
1.18710364 0.05679797
1.18583234 0.05676216
1.18456103 0.05673567
1.18328972 0.05671829
1.18201842 0.05670980
1.18074711 0.05670995
1.17946103 0.05671846
1.17818972 0.05673505
1.17691841 0.05675940
1.17564711 0.05679117
1.17437580 0.05683001
1.17310450 0.05687557
1.17183319 0.05692748
1.17056189 0.05698534
1.16929058 0.05704876
1.16801928 0.05711736
1.16674797 0.05719072
1.16547667 0.05726844
1.16420536 0.05735010
1.16293405 0.05743531
1.16166275 0.05752364
1.16039144 0.05761470
1.15912014 0.05770807
1.15783405 0.05780337
1.15656274 0.05790021
1.15529144 0.05799818
1.15402013 0.05856719
1.15274883 0.05898618
1.15147752 0.05922340
1.15020622 0.05945675
1.14893491 0.05984763
1.14766361 0.06032100
1.14639230 0.06070575
1.14512100 0.06092956
1.14384969 0.06101347
1.14257838 0.06098556
1.14130708 0.06088177
1.14002099 0.06069885
1.13874969 0.06042512
1.13747838 0.05998723
1.13620707 0.05944816
1.13493577 0.05900120
1.13366446 0.05868643
1.13239316 0.05850746
1.13112185 0.05844904
1.12985055 0.05849435
1.12857924 0.05863258
1.12730794 0.05884223
1.12603663 0.05910520
1.12475054 0.05938367
1.12347924 0.05962501
1.12220793 0.05978538
1.12093663 0.05985762
1.11966532 0.05986922
1.11839402 0.05985384
1.11712271 0.05983667
1.11585141 0.05982816
1.11458010 0.05983158
1.11330879 0.05984867
1.11203749 0.05987642
1.11075140 0.05991416
1.10948010 0.05995911
1.10820879 0.06000867
1.10693748 0.06005986
1.10566618 0.06011044
1.10439487 0.06015973
1.10312357 0.06020728
1.10185226 0.06025420
1.10058096 0.06029956
1.09930965 0.06034252
1.09802356 0.06038244
1.09675226 0.06041703
1.09548095 0.06044677
1.09420965 0.06047024
1.09293834 0.06048645
1.09166704 0.06049472
1.09039573 0.06049342
1.08912443 0.06048047
1.08783834 0.06045519
1.08656703 0.06041898
1.08529573 0.06037330
1.08402442 0.06031600
1.08275312 0.06024605
1.08148181 0.06016485
1.08021050 0.06009544
1.07893920 0.06008319
1.07766789 0.06014591
1.07638181 0.06025458
1.07511050 0.06036921
1.07383919 0.06046530
1.07256789 0.06052999
1.07129658 0.06055758
1.07002528 0.06054505
1.06875397 0.06049407
1.06746788 0.06041276
1.06619658 0.06031404
1.06492527 0.06020986
1.06365397 0.06010461
1.06238266 0.05999654
1.06111136 0.05987995
1.05984005 0.05976607
1.05856875 0.05967545
1.05728266 0.05962308
1.05601135 0.05961271
1.05474005 0.05963530
1.05346874 0.05967699
1.05219744 0.05972776
1.05092613 0.05978000
1.04965483 0.05982727
1.04836874 0.05986552
1.04709743 0.05988947
1.04582613 0.05990072
1.04455482 0.05990494
1.04328352 0.05990904
1.04201221 0.05991424
1.04072612 0.05992027
1.03945482 0.05992748
1.03818351 0.05993767
1.03691221 0.05995253
1.03564090 0.05997839
1.03436960 0.06002467
1.03309829 0.06009854
1.03181220 0.06019885
1.03054090 0.06031908
1.02926959 0.06045427
1.02799829 0.06059974
1.02672698 0.06075063
1.02545567 0.06089629
1.02416959 0.06101843
1.02289828 0.06110064
1.02162698 0.06114375
1.02035567 0.06116546
1.01908436 0.06118767
1.01779828 0.06122261
1.01652697 0.06127259
1.01525567 0.06133698
1.01398436 0.06141415
1.01271305 0.06150208
1.01144175 0.06159925
1.01015566 0.06170392
1.00888436 0.06181559
1.00761305 0.06193282
1.00634174 0.06205455
1.00507044 0.06218165
1.00378435 0.06231691
1.00251305 0.06246662
1.00124174 0.06263422
0.99997043 0.06281901
0.99869913 0.06300900
0.99742782 0.06319099
0.99614174 0.06335930
0.99487043 0.06351671
0.99359912 0.06366872
0.99232782 0.06381208
0.99105651 0.06394159
0.98977043 0.06405280
0.98849912 0.06414136
0.98722781 0.06420626
0.98595651 0.06425145
0.98468520 0.06428246
0.98339912 0.06430456
0.98212781 0.06432657
0.98085651 0.06435942
0.97958520 0.06441630
0.97829911 0.06451269
0.97702781 0.06465343
0.97575650 0.06483615
0.97448520 0.06504557
0.97321389 0.06526607
0.97192780 0.06548500
0.97065650 0.06568770
0.96938519 0.06586226
0.96811389 0.06599301
0.96682780 0.06607008
0.96555649 0.06609545
0.96428519 0.06608380
0.96301388 0.06604318
0.96174258 0.06597870
0.96045649 0.06589662
0.95918518 0.06582562
0.95791388 0.06583076
0.95664257 0.06596177
0.95535648 0.06620511
0.95408518 0.06648990
0.95281387 0.06676644
0.95154257 0.06701662
0.95025648 0.06723528
0.94898517 0.06742167
0.94771387 0.06756964
0.94644256 0.06767551
0.94515647 0.06773907
0.94388517 0.06775658
0.94261386 0.06772491
0.94134256 0.06763653
0.94005647 0.06750693
0.93878516 0.06739942
0.93751386 0.06736151
0.93624255 0.06740009
0.93495647 0.06749857
0.93368516 0.06763351
0.93241385 0.06777906
0.93114255 0.06791998
0.92985646 0.06805332
0.92858516 0.06817784
0.92731385 0.06828836
0.92604254 0.06837358
0.92475646 0.06841401
0.92348515 0.06839231
0.92221385 0.06830568
0.92094254 0.06818698
0.91965645 0.06807603
0.91838515 0.06799644
0.91711384 0.06796465
0.91582775 0.06798512
0.91455645 0.06806047
0.91328514 0.06818518
0.91201384 0.06835685
0.91072775 0.06856307
0.90945644 0.06878635
0.90818514 0.06900771
0.90691383 0.06920839
0.90562774 0.06938211
0.90435644 0.06952544
0.90308513 0.06963966
0.90179905 0.06972675
0.90052774 0.06979243
0.89925643 0.06983766
0.89797035 0.06986731
0.89669904 0.06988504
0.89542774 0.06989694
0.89415643 0.06991824
0.89287034 0.06996084
0.89159904 0.07003329
0.89032773 0.07014431
0.88904164 0.07031333
0.88777034 0.07055577
0.88649903 0.07085837
0.88521294 0.07119883
0.88394164 0.07156800
0.88267033 0.07196028
0.88138424 0.07236634
0.88011294 0.07276588
0.87884163 0.07313502
0.87757033 0.07345164
0.87628424 0.07369781
0.87501293 0.07386119
0.87374163 0.07393637
0.87245554 0.07392550
0.87118424 0.07383764
0.86991293 0.07369260
0.86862684 0.07353139
0.86735554 0.07340564
0.86608423 0.07335518
0.86479814 0.07339331
0.86352684 0.07352447
0.86225553 0.07372353
0.86096944 0.07395275
0.85969814 0.07418282
0.85842683 0.07438943
0.85714075 0.07456598
0.85586944 0.07470487
0.85459813 0.07480760
0.85331205 0.07487091
0.85204074 0.07490318
0.85076944 0.07492774
0.84948335 0.07498729
0.84821204 0.07511965
0.84692595 0.07531499
0.84565465 0.07554607
0.84438334 0.07578553
0.84309725 0.07601310
0.84182595 0.07621721
0.84055464 0.07639196
0.83926856 0.07653682
0.83799725 0.07665208
0.83672594 0.07673930
0.83543986 0.07680205
0.83416855 0.07684732
0.83288246 0.07688313
0.83161116 0.07691760
0.83033985 0.07696027
0.82905376 0.07702699
0.82778246 0.07713600
0.82651115 0.07730621
0.82522507 0.07753016
0.82395376 0.07775852
0.82266767 0.07794416
0.82139637 0.07808006
0.82012506 0.07817788
0.81883897 0.07824632
0.81756767 0.07828873
0.81628158 0.07830704
0.81501027 0.07830259
0.81373897 0.07828540
0.81245288 0.07827900
0.81118157 0.07829508
0.80989549 0.07832977
0.80862418 0.07838316
0.80735288 0.07846080
0.80606679 0.07857700
0.80479548 0.07873251
0.80350939 0.07890893
0.80223809 0.07908673
0.80096678 0.07924890
0.79968070 0.07938782
0.79840939 0.07949877
0.79712330 0.07957735
0.79585200 0.07962557
0.79458069 0.07965115
0.79329460 0.07966412
0.79202330 0.07967659
0.79073721 0.07969461
0.78946590 0.07972325
0.78817982 0.07976537
0.78690851 0.07982356
0.78563720 0.07990135
0.78435112 0.08000663
0.78307981 0.08015129
0.78179372 0.08033216
0.78052242 0.08052866
0.77923633 0.08071751
0.77796502 0.08087727
0.77669372 0.08099769
0.77540763 0.08107392
0.77413633 0.08110186
0.77285024 0.08107559
0.77157893 0.08099099
0.77029284 0.08085593
0.76902154 0.08070510
0.76773545 0.08058210
0.76646414 0.08049712
0.76517806 0.08043868
0.76390675 0.08039537
0.76263545 0.08035938
0.76134936 0.08032573
0.76007805 0.08029218
0.75879196 0.08025867
0.75752066 0.08022672
0.75623457 0.08019903
0.75496327 0.08017949
0.75367718 0.08017188
0.75240587 0.08018094
0.75111978 0.08021206
0.74984848 0.08026745
0.74856239 0.08034662
0.74729108 0.08044050
0.74600500 0.08053625
0.74473369 0.08062077
0.74344760 0.08068963
0.74217630 0.08074326
0.74089021 0.08078268
0.73961890 0.08081165
0.73833282 0.08083196
0.73706151 0.08084674
0.73577542 0.08086030
0.73450412 0.08088784
0.73321803 0.08095905
0.73194672 0.08110017
0.73066064 0.08130510
0.72938933 0.08153869
0.72810324 0.08174719
0.72683194 0.08188936
0.72554585 0.08197795
0.72427454 0.08204556
0.72298845 0.08210892
0.72171715 0.08216468
0.72043106 0.08219480
0.71915976 0.08218905
0.71787367 0.08213854
0.71660236 0.08205434
0.71531627 0.08200763
0.71404497 0.08207399
0.71275888 0.08225770
0.71148758 0.08249012
0.71020149 0.08271929
0.70893018 0.08292826
0.70764409 0.08311454
0.70635801 0.08328835
0.70508670 0.08346130
0.70380061 0.08364146
0.70252931 0.08378176
0.70124322 0.08383573
0.69997191 0.08380466
0.69868582 0.08375373
0.69741452 0.08375347
0.69612843 0.08381361
0.69484234 0.08391891
0.69357104 0.08403977
0.69228495 0.08415525
0.69101364 0.08425890
0.68972756 0.08434336
0.68845625 0.08441359
0.68717016 0.08447971
0.68589886 0.08461442
0.68461277 0.08491212
0.68332668 0.08533729
0.68205538 0.08578807
0.68076929 0.08621643
0.67949798 0.08662105
0.67821189 0.08700195
0.67692581 0.08734869
0.67565450 0.08762445
0.67436841 0.08775338
0.67309711 0.08771938
0.67181102 0.08760090
0.67053971 0.08748285
0.66925363 0.08742380
0.66796754 0.08746600
0.66669623 0.08764648
0.66541014 0.08795630
0.66413884 0.08834240
0.66285275 0.08873013
0.66156666 0.08905440
0.66029536 0.08932022
0.65900927 0.08955768
0.65772318 0.08978630
0.65645188 0.08999591
0.65516579 0.09015890
0.65389448 0.09025987
0.65260839 0.09029587
0.65132231 0.09027676
0.65005100 0.09020807
0.64876491 0.09009806
0.64749361 0.08995421
0.64620752 0.08978514
0.64492143 0.08959781
0.64365012 0.08939956
0.64236404 0.08919763
0.64107795 0.08901035
0.63980664 0.08888909
0.63852056 0.08888294
0.63723447 0.08899985
0.63596316 0.08921684
0.63467707 0.08952513
0.63339099 0.08989624
0.63211968 0.09028502
0.63083359 0.09064374
0.62954750 0.09092209
0.62827620 0.09104747
0.62699011 0.09098322
0.62571880 0.09079429
0.62443272 0.09058087
0.62314663 0.09041498
0.62187532 0.09032244
0.62058924 0.09027659
0.61930315 0.09024379
0.61801706 0.09022296
0.61674575 0.09020386
0.61545967 0.09018352
0.61417358 0.09014680
0.61290227 0.09011126
0.61161618 0.09015047
0.61033010 0.09031456
0.60905879 0.09060949
0.60777270 0.09095153
0.60648661 0.09121132
0.60521531 0.09131853
0.60392922 0.09124609
0.60264313 0.09103509
0.60137183 0.09076432
0.60008574 0.09051419
0.59879965 0.09035085
0.59751356 0.09031739
0.59624226 0.09043453
0.59495617 0.09066773
0.59367008 0.09092000
0.59239878 0.09108924
0.59111269 0.09113938
0.58982660 0.09114128
0.58854051 0.09119975
0.58726921 0.09135756
0.58598312 0.09158793
0.58469703 0.09186255
0.58341094 0.09210669
0.58213964 0.09222409
0.58085355 0.09215446
0.57956746 0.09192622
0.57829616 0.09162520
0.57701007 0.09133542
0.57572398 0.09113305
0.57443789 0.09103971
0.57316659 0.09106688
0.57188050 0.09121332
0.57059441 0.09145513
0.56930832 0.09173043
0.56803702 0.09196579
0.56675093 0.09211436
0.56546484 0.09216703
0.56417875 0.09210412
0.56289266 0.09193252
0.56162136 0.09171196
0.56033527 0.09152300
0.55904918 0.09146425
0.55776309 0.09155843
0.55649179 0.09171518
0.55520570 0.09181286
0.55391961 0.09177475
0.55263352 0.09159768
0.55134744 0.09138551
0.55007613 0.09126513
0.54879004 0.09129990
0.54750395 0.09145828
0.54621787 0.09165675
0.54494656 0.09175405
0.54366047 0.09164870
0.54237438 0.09144016
0.54108830 0.09118594
0.53980221 0.09099276
0.53853090 0.09107164
0.53724481 0.09137266
0.53595873 0.09169091
0.53467264 0.09186557
0.53338655 0.09182035
0.53210046 0.09162369
0.53082916 0.09149961
0.52954307 0.09164595
0.52825698 0.09202832
0.52697089 0.09250344
0.52568480 0.09289667
0.52439872 0.09305048
0.52312741 0.09294583
0.52184132 0.09269842
0.52055524 0.09247606
0.51926915 0.09236317
0.51798306 0.09239004
0.51669697 0.09257177
0.51542567 0.09283510
0.51413958 0.09310214
0.51285349 0.09331634
0.51156740 0.09343165
0.51028131 0.09345765
0.50899523 0.09344604
0.50770914 0.09346034
0.50643783 0.09355169
0.50515174 0.09370097
0.50386566 0.09385926
0.50257957 0.09397766
0.50129348 0.09402983
0.50000739 0.09401747
0.49872130 0.09395419
0.49743522 0.09386006
0.49616391 0.09375899
0.49487782 0.09368316
0.49359173 0.09365153
0.49230565 0.09367524
0.49101956 0.09375229
0.48973347 0.09387902
0.48844738 0.09404398
0.48716129 0.09419620
0.48587521 0.09426444
0.48460390 0.09418498
0.48331781 0.09400120
0.48203172 0.09382969
0.48074564 0.09377437
0.47945955 0.09387811
0.47817346 0.09406868
0.47688737 0.09425769
0.47560128 0.09435340
0.47431520 0.09429721
0.47302911 0.09409158
0.47174302 0.09381833
0.47045693 0.09362339
0.46917084 0.09363741
0.46789954 0.09386043
0.46661345 0.09409199
0.46532736 0.09405907
0.46404127 0.09369582
0.46275519 0.09328966
0.46146910 0.09324480
0.46018301 0.09364678
0.45889692 0.09422522
0.45761083 0.09471878
0.45632474 0.09501607
0.45503866 0.09520945
0.45375257 0.09542122
0.45246648 0.09561841
0.45118039 0.09550896
0.44989430 0.09491479
0.44860822 0.09409196
0.44732213 0.09345164
0.44603604 0.09321759
0.44474995 0.09324730
0.44346386 0.09331260
0.44217778 0.09326943
0.44089169 0.09310682
0.43960560 0.09287529
0.43831951 0.09260906
0.43703342 0.09233794
0.43574734 0.09206761
0.43446125 0.09180361
0.43317516 0.09155976
0.43188907 0.09136815
0.43060298 0.09127425
0.42931690 0.09127591
0.42803081 0.09129949
0.42674472 0.09132427
0.42545863 0.09138858
0.42417254 0.09152505
0.42288645 0.09165850
0.42160037 0.09147636
0.42031428 0.09079985
0.41902819 0.08988478
0.41774210 0.08922740
0.41645601 0.08898863
0.41516993 0.08894978
0.41388384 0.08894637
0.41259775 0.08899291
0.41131166 0.08918762
0.41002557 0.08940649
0.40873949 0.08946638
0.40745340 0.08937596
0.40616731 0.08929806
0.40488122 0.08938348
0.40359513 0.08969779
0.40230905 0.09017493
0.40102296 0.09058777
0.39973687 0.09072699
0.39843600 0.09061115
0.39714991 0.09040305
0.39586382 0.09020431
0.39457773 0.09004544
0.39329165 0.08991072
0.39200556 0.08977479
0.39071947 0.08963215
0.38943338 0.08952221
0.38814729 0.08948645
0.38686121 0.08953565
0.38557512 0.08966642
0.38428903 0.08986782
0.38298816 0.09007825
0.38170207 0.09018444
0.38041598 0.09015145
0.37912989 0.09009588
0.37784381 0.09008826
0.37655772 0.09009728
0.37527163 0.09007741
0.37398554 0.09000029
0.37269945 0.08986077
0.37139858 0.08971815
0.37011250 0.08968747
0.36882641 0.08981944
0.36754032 0.09003403
0.36625423 0.09020094
0.36496814 0.09023762
0.36368206 0.09015114
0.36238118 0.09000688
0.36109510 0.08985379
0.35980901 0.08972070
0.35852292 0.08959068
0.35723683 0.08950130
0.35595074 0.08954531
0.35466466 0.08971837
0.35336379 0.08993714
0.35207770 0.09009839
0.35079161 0.09015891
0.34950552 0.09014489
0.34821943 0.09005772
0.34693335 0.08992544
0.34563247 0.08978891
0.34434639 0.08969560
0.34306030 0.08967507
0.34177421 0.08971768
0.34048812 0.08980927
0.33918725 0.08991884
0.33790116 0.09003261
0.33661508 0.09016155
0.33532899 0.09033304
0.33404290 0.09059344
0.33275681 0.09091840
0.33145594 0.09121749
0.33016985 0.09141860
0.32888376 0.09150215
0.32759768 0.09144994
0.32629681 0.09130521
0.32501072 0.09117606
0.32372463 0.09118735
0.32243854 0.09140386
0.32115245 0.09182473
0.31985158 0.09242325
0.31856549 0.09313354
0.31727941 0.09387598
0.31599332 0.09455540
0.31469245 0.09515874
0.31340636 0.09572607
0.31212027 0.09622474
0.31083418 0.09658368
0.30953331 0.09679921
0.30824722 0.09696511
0.30696114 0.09723981
0.30567505 0.09772139
0.30437418 0.09840897
0.30308809 0.09920140
0.30180200 0.09992078
0.30051591 0.10044931
0.29921504 0.10079817
0.29792895 0.10107346
0.29664287 0.10142289
0.29534200 0.10196051
0.29405591 0.10265512
0.29276982 0.10336537
0.29148373 0.10391914
0.29018286 0.10419570
0.28889677 0.10418518
0.28761068 0.10418669
0.28630981 0.10448798
0.28502373 0.10495751
0.28373764 0.10543727
0.28243677 0.10576792
0.28115068 0.10576906
0.27986459 0.10556816
0.27857850 0.10536003
0.27727763 0.10524330
0.27599154 0.10533502
0.27470546 0.10565935
0.27340459 0.10604409
0.27211850 0.10622834
0.27083241 0.10610348
0.26953154 0.10568167
0.26824545 0.10512560
0.26695936 0.10469275
0.26565849 0.10449706
0.26437240 0.10447640
0.26307153 0.10448466
0.26178545 0.10445506
0.26049936 0.10436749
0.25919849 0.10417444
0.25791240 0.10389588
0.25662631 0.10357500
0.25532544 0.10324622
0.25403935 0.10294179
0.25275326 0.10265800
0.25145239 0.10236238
0.25016630 0.10203110
0.24886543 0.10163857
0.24757935 0.10117661
0.24629326 0.10064477
0.24499239 0.10004818
0.24370630 0.09938868
0.24240543 0.09869407
0.24111934 0.09803162
0.23983325 0.09744969
0.23853238 0.09694742
0.23724629 0.09646693
0.23594542 0.09592954
0.23465933 0.09527305
0.23337325 0.09448636
0.23207238 0.09358521
0.23078629 0.09257587
0.22948542 0.09148029
0.22819933 0.09035073
0.22689846 0.08929027
0.22561237 0.08835183
0.22432628 0.08749605
0.22302541 0.08663464
0.22173932 0.08568861
0.22043845 0.08467104
0.21915236 0.08360895
0.21785149 0.08254136
0.21656541 0.08151460
0.21526454 0.08056447
0.21397845 0.07970528
0.21267758 0.07888897
0.21139149 0.07796743
0.21009062 0.07681509
0.20880453 0.07551812
0.20750366 0.07438061
0.20621757 0.07365631
0.20493148 0.07325444
0.20363061 0.07282499
0.20234452 0.07217896
0.20104365 0.07140771
0.19975757 0.07061988
0.19845669 0.06986929
0.19717061 0.06907890
0.19586974 0.06809747
0.19458365 0.06687967
0.19328278 0.06572849
0.19199669 0.06499109
0.19069582 0.06462989
0.18939495 0.06431426
0.18810886 0.06375934
0.18680799 0.06300394
0.18552190 0.06222365
0.18422103 0.06155375
0.18293494 0.06099585
0.18163407 0.06050517
0.18034798 0.06005563
0.17904711 0.05962928
0.17776102 0.05923516
0.17646015 0.05888246
0.17517407 0.05858072
0.17387319 0.05832469
0.17257232 0.05810327
0.17128624 0.05789883
0.16998537 0.05768855
0.16869928 0.05741359
0.16739841 0.05698594
0.16611232 0.05629409
0.16481145 0.05532140
0.16351058 0.05437884
0.16222449 0.05380578
0.16092362 0.05357951
0.15963753 0.05336701
0.15833666 0.05300672
0.15703579 0.05262611
0.15574970 0.05233720
0.15444883 0.05210333
0.15316274 0.05176577
0.15186187 0.05136074
0.15056100 0.05104902
0.14927491 0.05087583
0.14797404 0.05075289
0.14668795 0.05056512
0.14538708 0.05017781
0.14408621 0.04951934
0.14280012 0.04871693
0.14149925 0.04799327
0.14019838 0.04743588
0.13891229 0.04696743
0.13761142 0.04651555
0.13632534 0.04604281
0.13502447 0.04555242
0.13372359 0.04506501
0.13243751 0.04459534
0.13113664 0.04409697
0.12983577 0.04350575
0.12854968 0.04326216
0.12724881 0.04277581
0.12594794 0.04228609
0.12466185 0.04179314
0.12336098 0.04129709
0.12206011 0.04079810
0.12075924 0.04029635
0.11947315 0.03979204
0.11817228 0.03928541
0.11687141 0.03877669
0.11558532 0.03826615
0.11428445 0.03775407
0.11298358 0.03724074
0.11169749 0.03672650
0.11039662 0.03621166
0.10909575 0.03569659
0.10779488 0.03518164
0.10650879 0.03466719
0.10520792 0.03415364
0.10390705 0.03364139
0.10260618 0.03313086
0.10132009 0.03262246
0.10001922 0.03211663
0.09871835 0.03161382
0.09743226 0.03111446
0.09613139 0.03061901
0.09483052 0.03012792
0.09352965 0.02964165
0.09224356 0.02916066
0.09094269 0.02868540
0.08964182 0.02821632
0.08834095 0.02775388
0.08704008 0.02729853
0.08575399 0.02685068
0.08445312 0.02641078
0.08315225 0.02597924
0.08185138 0.02555646
0.08056529 0.02514284
0.07926442 0.02473873
0.07796355 0.02434451
0.07666268 0.02396050
0.07536180 0.02358700
0.07407572 0.02322431
0.07277485 0.02287269
0.07147398 0.02253236
0.07017310 0.02220351
0.06887223 0.02188633
0.06757136 0.02158092
0.06628528 0.02128738
0.06498440 0.02100576
0.06368353 0.02073607
0.06238266 0.02047825
0.06108179 0.02023222
0.05978092 0.01999783
0.05849483 0.01977489
0.05719396 0.01956315
0.05589309 0.01936229
0.05459222 0.01917194
0.05329135 0.01899165
0.05199048 0.01882091
0.05068961 0.01865915
0.04940352 0.01850570
0.04810265 0.01835984
0.04680178 0.01822074
0.04550091 0.01808752
0.04420004 0.01795918
0.04289917 0.01783466
0.04159830 0.01771278
0.04029743 0.01759227
0.03901134 0.01747177
0.03771047 0.01734980
0.03640960 0.01722479
0.03510873 0.01709506
0.03380786 0.01695878
0.03250698 0.01681405
0.03120611 0.01665881
0.02990524 0.01649090
0.02860437 0.01630801
0.02730350 0.01610771
0.02600263 0.01588742
0.02470176 0.01564444
0.02341567 0.01537591
0.02211480 0.01507881
0.02081393 0.01474998
0.01951306 0.01438611
0.01821219 0.01398372
0.01691132 0.01353914
0.01561045 0.01304858
0.01430958 0.01250802
0.01300871 0.01191331
0.01170784 0.01126007
0.01040697 0.01054378
0.00910609 0.00975968
0.00780522 0.00890286
0.00650435 0.00796816
0.00520348 0.00695024
0.00390261 0.00584356
0.00260174 0.00464234
0.00130087 0.00334058
0.00000000 0.00193208
-0.00000000 0.00829837
-0.00130087 0.00726102
-0.00260335 0.00500808
-0.00390746 0.00411427
-0.00521317 0.00319504
-0.00652048 0.00252209
-0.00782941 0.00184846
-0.00913993 0.00124141
-0.01045207 0.00063835
-0.01176578 0.00022274
-0.01308110 0.00045869
-0.01439801 0.00110880
-0.01571644 0.00177112
-0.01703653 0.00246738
-0.01835824 0.00319056
-0.01968143 0.00396010
-0.02100625 0.00476222
-0.02233255 0.00559854
-0.02366047 0.00644684
-0.02499002 0.00728576
-0.02632105 0.00792782
-0.02765326 0.00802894
-0.02898739 0.00766148
-0.03032315 0.00728467
-0.03166038 0.00707898
-0.03299939 0.00697676
-0.03433973 0.00692955
-0.03568185 0.00691911
-0.03702529 0.00693461
-0.03837051 0.00697339
-0.03971706 0.00703599
-0.04106524 0.00713284
-0.04241504 0.00727499
-0.04376617 0.00740140
-0.04511893 0.00728886
-0.04647316 0.00687914
-0.04782902 0.00643707
-0.04918636 0.00612661
-0.05054518 0.00591606
-0.05190548 0.00576495
-0.05326740 0.00565335
-0.05463080 0.00556591
-0.05599568 0.00549459
-0.05736204 0.00543331
-0.05872988 0.00537900
-0.06009919 0.00532980
-0.06146998 0.00528677
-0.06284240 0.00525611
-0.06421615 0.00525535
-0.06559138 0.00529683
-0.06696823 0.00535865
-0.06834642 0.00541029
-0.06972608 0.00544744
-0.07110722 0.00547686
-0.07248984 0.00550093
-0.07387393 0.00552088
-0.07525951 0.00553772
-0.07664641 0.00555204
-0.07803480 0.00556437
-0.07942466 0.00557502
-0.08081600 0.00558430
-0.08220867 0.00559242
-0.08360282 0.00559954
-0.08499845 0.00560577
-0.08639541 0.00561121
-0.08779384 0.00561594
-0.08919376 0.00562001
-0.09059500 0.00562350
-0.09199772 0.00562645
-0.09340178 0.00562891
-0.09480731 0.00563096
-0.09621417 0.00563266
-0.09762236 0.00563410
-0.09903203 0.00563541
-0.10044304 0.00563676
-0.10185551 0.00563844
-0.10326932 0.00564089
-0.10468446 0.00564489
-0.10610108 0.00565199
-0.10751888 0.00566501
-0.10893816 0.00568489
-0.11035892 0.00570480
-0.11178086 0.00571656
-0.11320413 0.00572056
-0.11462888 0.00572082
-0.11605496 0.00571915
-0.11748222 0.00571629
-0.11891096 0.00571274
-0.12034104 0.00570877
-0.12177229 0.00570458
-0.12320502 0.00570031
-0.12463893 0.00569605
-0.12607433 0.00569186
-0.12751090 0.00568782
-0.12894881 0.00568395
-0.13038804 0.00568031
-0.13182846 0.00567693
-0.13327021 0.00567383
-0.13471344 0.00567105
-0.13615770 0.00566860
-0.13760344 0.00566651
-0.13905022 0.00566480
-0.14049847 0.00566350
-0.14194791 0.00566263
-0.14339867 0.00566220
-0.14485062 0.00566223
-0.14630375 0.00566275
-0.14775822 0.00566376
-0.14921430 0.00566529
-0.15067039 0.00566734
-0.15212944 0.00566994
-0.15358848 0.00567308
-0.15504900 0.00567678
-0.15651101 0.00568106
-0.15797449 0.00568590
-0.15943796 0.00569134
-0.16090440 0.00569736
-0.16237084 0.00570398
-0.16383875 0.00571120
-0.16530667 0.00571902
-0.16677754 0.00572744
-0.16824841 0.00573647
-0.16972223 0.00574611
-0.17119606 0.00575636
-0.17266989 0.00576722
-0.17414667 0.00577872
-0.17562346 0.00579084
-0.17710172 0.00580362
-0.17858146 0.00581706
-0.18006268 0.00583120
-0.18154390 0.00584609
-0.18302659 0.00586179
-0.18451077 0.00587844
-0.18599642 0.00589649
-0.18748355 0.00591611
-0.18897069 0.00593583
-0.19045930 0.00595284
-0.19194791 0.00596504
-0.19343947 0.00597263
-0.19493104 0.00597714
-0.19642408 0.00597971
-0.19791861 0.00598090
-0.19941313 0.00598105
-0.20090913 0.00598040
-0.20240661 0.00597914
-0.20390557 0.00597740
-0.20540453 0.00597532
-0.20690496 0.00597300
-0.20840540 0.00597056
-0.20990879 0.00596811
-0.21141218 0.00596579
-0.21291705 0.00596375
-0.21442193 0.00596218
-0.21592827 0.00596130
-0.21743610 0.00596140
-0.21894541 0.00596284
-0.22045471 0.00596607
-0.22196550 0.00597168
-0.22347628 0.00598045
-0.22499002 0.00599339
-0.22650376 0.00601186
-0.22801750 0.00603772
-0.22953272 0.00607354
-0.23104942 0.00612292
-0.23256759 0.00619179
-0.23408577 0.00628811
-0.23560542 0.00641127
-0.23712508 0.00653321
-0.23864621 0.00662205
-0.24016882 0.00667937
-0.24169143 0.00672106
-0.24321552 0.00675410
-0.24474108 0.00678141
-0.24626665 0.00680516
-0.24779369 0.00682651
-0.24932074 0.00684639
-0.25084926 0.00686533
-0.25237926 0.00688375
-0.25390926 0.00690192
-0.25544074 0.00692002
-0.25697222 0.00693819
-0.25850518 0.00695650
-0.26003962 0.00697501
-0.26157405 0.00699373
-0.26310997 0.00701268
-0.26464588 0.00703182
-0.26618327 0.00705115
-0.26772067 0.00707062
-0.26925954 0.00709019
-0.27079989 0.00710980
-0.27234024 0.00712939
-0.27388059 0.00714888
-0.27542241 0.00716819
-0.27696572 0.00718725
-0.27850902 0.00720594
-0.28005381 0.00722416
-0.28159859 0.00724180
-0.28314485 0.00725871
-0.28469112 0.00727477
-0.28623886 0.00728980
-0.28778808 0.00730362
-0.28933730 0.00731601
-0.29088651 0.00732672
-0.29243721 0.00733546
-0.29398791 0.00734188
-0.29554008 0.00734537
-0.29709226 0.00734535
-0.29864591 0.00734118
-0.30019957 0.00733230
-0.30175470 0.00731845
-0.30330983 0.00730524
-0.30486644 0.00730353
-0.30642305 0.00731624
-0.30798114 0.00733803
-0.30953923 0.00736477
-0.31109731 0.00739488
-0.31265688 0.00742739
-0.31421793 0.00746172
-0.31577749 0.00749747
-0.31734002 0.00753438
-0.31890106 0.00757226
-0.32046358 0.00761097
-0.32202758 0.00765042
-0.32359159 0.00769052
-0.32515559 0.00773123
-0.32672107 0.00777252
-0.32828655 0.00781435
-0.32985350 0.00785670
-0.33142046 0.00789954
-0.33298742 0.00794286
-0.33455586 0.00798661
-0.33612429 0.00803076
-0.33769273 0.00807530
-0.33926264 0.00812020
-0.34083256 0.00816545
-0.34240395 0.00821104
-0.34397534 0.00825692
-0.34554674 0.00830305
-0.34711961 0.00834938
-0.34869248 0.00839587
-0.35026535 0.00844249
-0.35183970 0.00848919
-0.35341405 0.00853594
-0.35498840 0.00858267
-0.35656422 0.00862933
-0.35814005 0.00867582
-0.35971588 0.00872207
-0.36129171 0.00876794
-0.36286901 0.00881331
-0.36444780 0.00885800
-0.36602510 0.00890174
-0.36760388 0.00894422
-0.36918267 0.00898550
-0.37076145 0.00902761
-0.37234172 0.00907339
-0.37392198 0.00912284
-0.37550224 0.00917444
-0.37708398 0.00922744
-0.37866424 0.00928158
-0.38024598 0.00933668
-0.38182920 0.00939266
-0.38341094 0.00944945
-0.38499416 0.00950701
-0.38657738 0.00956531
-0.38816060 0.00962433
-0.38974382 0.00968406
-0.39132851 0.00974448
-0.39291321 0.00980560
-0.39449791 0.00986739
-0.39608261 0.00992986
-0.39766878 0.00999300
-0.39925496 0.01005680
-0.40084113 0.01012130
-0.40242731 0.01018640
-0.40401348 0.01025210
-0.40560114 0.01031850
-0.40718731 0.01038550
-0.40877496 0.01045310
-0.41036262 0.01052140
-0.41195175 0.01059020
-0.41353940 0.01065960
-0.41512853 0.01072960
-0.41671619 0.01080010
-0.41830532 0.01087120
-0.41989445 0.01094270
-0.42148358 0.01101460
-0.42307419 0.01108690
-0.42466333 0.01115960
-0.42625394 0.01123270
-0.42784307 0.01130610
-0.42943368 0.01137990
-0.43102429 0.01145390
-0.43261490 0.01152820
-0.43420551 0.01160260
-0.43579612 0.01167710
-0.43738821 0.01175170
-0.43897882 0.01182630
-0.44057090 0.01190080
-0.44216151 0.01197520
-0.44375360 0.01204920
-0.44534569 0.01212280
-0.44693778 0.01219590
-0.44852839 0.01226830
-0.45012048 0.01233980
-0.45171257 0.01241020
-0.45330613 0.01247920
-0.45489822 0.01254650
-0.45649031 0.01261160
-0.45808240 0.01267410
-0.45967449 0.01273300
-0.46126658 0.01278730
-0.46286014 0.01283420
-0.46445223 0.01287300
-0.46604432 0.01291380
-0.46763788 0.01297730
-0.46922997 0.01307180
-0.47082206 0.01318540
-0.47241563 0.01330550
-0.47400772 0.01342760
-0.47559980 0.01354980
-0.47719337 0.01367110
-0.47878546 0.01379100
-0.48037755 0.01390910
-0.48196964 0.01402530
-0.48356320 0.01413980
-0.48515529 0.01425240
-0.48674738 0.01436350
-0.48833947 0.01447310
-0.48993156 0.01458140
-0.49152364 0.01468840
-0.49311573 0.01479430
-0.49470782 0.01489930
-0.49629843 0.01500340
-0.49789052 0.01510680
-0.49948261 0.01520970
-0.50107322 0.01531210
-0.50266383 0.01541420
-0.50425592 0.01551600
-0.50584653 0.01561780
-0.50743714 0.01571960
-0.50902775 0.01582150
-0.51061836 0.01592380
-0.51220897 0.01602650
-0.51379958 0.01612980
-0.51538871 0.01623390
-0.51697932 0.01633890
-0.51856845 0.01644500
-0.52015758 0.01655250
-0.52174671 0.01666150
-0.52333585 0.01677240
-0.52492498 0.01688540
-0.52651263 0.01700090
-0.52810029 0.01711930
-0.52968942 0.01724110
-0.53127707 0.01736660
-0.53286472 0.01749670
-0.53445090 0.01763220
-0.53603855 0.01777420
-0.53762473 0.01792400
-0.53921090 0.01808360
-0.54079708 0.01825520
-0.54238325 0.01844320
-0.54396943 0.01865280
-0.54555413 0.01888370
-0.54713882 0.01910460
-0.54872352 0.01927680
-0.55030822 0.01940530
-0.55189144 0.01951650
-0.55347466 0.01962280
-0.55505787 0.01972760
-0.55664109 0.01983320
-0.55822283 0.01994070
-0.55980605 0.02005070
-0.56138779 0.02016360
-0.56296805 0.02027970
-0.56454980 0.02039910
-0.56613006 0.02052200
-0.56771032 0.02064850
-0.56929058 0.02077840
-0.57086937 0.02091200
-0.57244815 0.02104910
-0.57402693 0.02118980
-0.57560424 0.02133410
-0.57718302 0.02148190
-0.57875885 0.02163330
-0.58033616 0.02178800
-0.58191198 0.02194590
-0.58348781 0.02210710
-0.58506364 0.02227150
-0.58663799 0.02243910
-0.58821234 0.02261000
-0.58978669 0.02278400
-0.59135956 0.02296100
-0.59293243 0.02314100
-0.59450530 0.02332390
-0.59607669 0.02350950
-0.59764808 0.02369790
-0.59921800 0.02388870
-0.60078939 0.02408200
-0.60235783 0.02427760
-0.60392774 0.02447540
-0.60549618 0.02467510
-0.60706461 0.02487670
-0.60863157 0.02508000
-0.61019853 0.02528480
-0.61176401 0.02549080
-0.61333097 0.02569800
-0.61489497 0.02590610
-0.61646045 0.02611480
-0.61802445 0.02632400
-0.61958697 0.02653340
-0.62114950 0.02674270
-0.62271202 0.02695160
-0.62427306 0.02715980
-0.62583411 0.02736690
-0.62739368 0.02757250
-0.62895324 0.02777600
-0.63051133 0.02797660
-0.63207090 0.02817350
-0.63362751 0.02836600
-0.63518412 0.02855270
-0.63674073 0.02873140
-0.63829586 0.02889810
-0.63985099 0.02905200
-0.64140464 0.02919440
-0.64295830 0.02934270
-0.64451047 0.02953210
-0.64606265 0.02977000
-0.64761335 0.03003160
-0.64916404 0.03029860
-0.65071326 0.03056610
-0.65226248 0.03083230
-0.65381022 0.03109660
-0.65535796 0.03135870
-0.65690570 0.03161850
-0.65845049 0.03187630
-0.65999675 0.03213210
-0.66154005 0.03238630
-0.66308484 0.03263900
-0.66462666 0.03289040
-0.66616849 0.03314080
-0.66771032 0.03339040
-0.66925067 0.03363920
-0.67078954 0.03388750
-0.67232841 0.03413550
-0.67386728 0.03438340
-0.67540467 0.03463120
-0.67694059 0.03487910
-0.67847650 0.03512710
-0.68001094 0.03537550
-0.68154390 0.03562440
-0.68307685 0.03587350
-0.68460833 0.03612290
-0.68613981 0.03637280
-0.68766982 0.03662360
-0.68919982 0.03687540
-0.69072834 0.03712850
-0.69225538 0.03738320
-0.69378243 0.03763950
-0.69530800 0.03789770
-0.69683356 0.03815810
-0.69835765 0.03842100
-0.69988026 0.03868670
-0.70140287 0.03895550
-0.70292400 0.03922800
-0.70444366 0.03950460
-0.70596331 0.03978590
-0.70748148 0.04007260
-0.70899966 0.04036570
-0.71051488 0.04066640
-0.71203158 0.04097590
-0.71354532 0.04129600
-0.71505906 0.04162930
-0.71657132 0.04197870
-0.71808358 0.04234980
-0.71959436 0.04275060
-0.72110367 0.04319270
-0.72261150 0.04365640
-0.72411933 0.04405280
-0.72562567 0.04432690
-0.72713202 0.04452580
-0.72863542 0.04470640
-0.73014029 0.04488760
-0.73164220 0.04507590
-0.73314412 0.04527600
-0.73464307 0.04549120
-0.73614351 0.04572440
-0.73764099 0.04597810
-0.73913847 0.04625460
-0.74063447 0.04655560
-0.74212899 0.04688240
-0.74362352 0.04723620
-0.74511656 0.04761730
-0.74660813 0.04802530
-0.74809822 0.04845880
-0.74958830 0.04891540
-0.75107691 0.04939180
-0.75256405 0.04988410
-0.75405118 0.05038770
-0.75553535 0.05089790
-0.75701953 0.05140990
-0.75850222 0.05191930
-0.75998492 0.05242170
-0.76146466 0.05291370
-0.76294440 0.05339230
-0.76442266 0.05385530
-0.76590093 0.05430080
-0.76737623 0.05472780
-0.76885154 0.05513540
-0.77032537 0.05552330
-0.77179771 0.05589120
-0.77326859 0.05623840
-0.77473946 0.05656420
-0.77620885 0.05686610
-0.77767528 0.05714350
-0.77914320 0.05740350
-0.78060816 0.05765460
-0.78207164 0.05790180
-0.78353512 0.05814870
-0.78499712 0.05840010
-0.78645764 0.05866240
-0.78791669 0.05893770
-0.78937573 0.05922390
-0.79083182 0.05952100
-0.79228791 0.05983170
-0.79374252 0.06015820
-0.79519565 0.06050220
-0.79664730 0.06086530
-0.79809748 0.06124870
-0.79954765 0.06165320
-0.80099487 0.06207910
-0.80244209 0.06252550
-0.80388783 0.06299050
-0.80533209 0.06347190
-0.80677488 0.06396720
-0.80821618 0.06447280
-0.80965749 0.06498490
-0.81109584 0.06549940
-0.81253418 0.06601260
-0.81397106 0.06652080
-0.81540645 0.06702100
-0.81684036 0.06751100
-0.81827280 0.06798910
-0.81970376 0.06845420
-0.82113324 0.06890600
-0.82256272 0.06934460
-0.82398924 0.06977030
-0.82541576 0.07018380
-0.82684081 0.07058600
-0.82826289 0.07097770
-0.82968498 0.07135890
-0.83110559 0.07172810
-0.83252472 0.07208650
-0.83394238 0.07243890
-0.83536003 0.07278890
-0.83677473 0.07313770
-0.83818795 0.07348600
-0.83960116 0.07383380
-0.84101143 0.07418110
-0.84242169 0.07452780
-0.84382899 0.07487430
-0.84523630 0.07522270
-0.84664213 0.07557390
-0.84804648 0.07592720
-0.84944787 0.07628210
-0.85084926 0.07663830
-0.85224918 0.07699600
-0.85364761 0.07735490
-0.85504457 0.07771500
-0.85644005 0.07807640
-0.85783405 0.07843910
-0.85922657 0.07880300
-0.86061762 0.07916820
-0.86200866 0.07953470
-0.86339675 0.07990250
-0.86478336 0.08027170
-0.86616849 0.08064240
-0.86755215 0.08101450
-0.86893580 0.08138830
-0.87031650 0.08176380
-0.87169571 0.08214100
-0.87307345 0.08252020
-0.87445120 0.08290130
-0.87582598 0.08328470
-0.87719928 0.08367030
-0.87857259 0.08405840
-0.87994294 0.08444910
-0.88131181 0.08484260
-0.88267920 0.08523910
-0.88404659 0.08563880
-0.88541103 0.08604190
-0.88677399 0.08644880
-0.88813547 0.08685980
-0.88949695 0.08727500
-0.89085547 0.08769500
-0.89221251 0.08812000
-0.89356808 0.08855040
-0.89492217 0.08898610
-0.89627478 0.08942740
-0.89762591 0.08987510
-0.89897556 0.09032980
-0.90032374 0.09079240
-0.90167044 0.09126330
-0.90301565 0.09174330
-0.90435940 0.09223290
-0.90570166 0.09273270
-0.90704096 0.09324310
-0.90838027 0.09376510
-0.90971810 0.09429750
-0.91105297 0.09484000
-0.91238784 0.09538500
-0.91371975 0.09594590
-0.91505167 0.09660010
-0.91638062 0.09739210
-0.91770810 0.09826180
-0.91903410 0.09914130
-0.92036010 0.10002000
-0.92168315 0.10091400
-0.92300472 0.10183500
-0.92432480 0.10279600
-0.92564341 0.10380800
-0.92695907 0.10488100
-0.92827472 0.10602900
-0.92958890 0.10726300
-0.93090011 0.10859900
-0.93221133 0.11005400
-0.93351959 0.11164800
-0.93482786 0.11340700
-0.93613316 0.11534600
-0.93743699 0.11752200
-0.93873934 0.11989700
-0.94004021 0.12248500
-0.94133960 0.12466100
-0.94263604 0.12616400
-0.94393247 0.12800400
-0.94522743 0.13291000
-0.94651943 0.14144300
-0.94781143 0.16399600
-0.94910048 0.19429900
-0.95038804 0.18015700
-0.95167118 0.07801690
-0.95295431 0.02595490
-0.95423744 0.03968460
-0.95551909 0.02745860
-0.95679779 0.02321670
-0.95807353 0.02032230
-0.95934927 0.01975080
-0.96062353 0.02251260
-0.96189631 0.02982890
-0.96316762 0.03328280
