# s/c   h_mean    h_std
0.00000000 602.91587250 106.49401214
0.00127130 584.01003373 94.45189628
0.00254255 566.29764325 89.45651812
0.00381371 549.72489505 91.10579957
0.00508431 534.23963706 97.81176519
0.00635379 519.79133944 107.65259436
0.00762400 506.33106304 119.08810888
0.00889459 493.81142821 131.10463350
0.01016543 482.18658392 143.09015475
0.01143637 471.41217709 154.68857872
0.01270724 461.44532231 165.69812754
0.01397753 452.24457172 176.00952029
0.01524739 443.76988535 185.56962141
0.01651781 435.98260158 194.35997732
0.01778896 428.84540795 202.38390004
0.01906042 422.32231234 209.65850344
0.02033172 416.37861430 216.20966826
0.02160318 410.98087675 222.06878135
0.02287463 406.09689798 227.27057723
0.02414593 401.69568388 231.85168088
0.02541754 397.74742049 235.84960735
0.02668899 394.22344686 239.30206506
0.02796044 391.09622816 242.24646514
0.02923189 388.33932910 244.71957312
0.03050350 385.92738763 246.75726053
0.03177495 383.83608892 248.39432772
0.03304640 382.04213967 249.66437830
0.03431800 380.52324265 250.59973131
0.03558946 379.25807155 251.23136146
0.03686106 378.22624616 251.58886051
0.03813266 377.40830778 251.70041464
0.03940426 376.78569492 251.59279433
0.04067586 376.34071936 251.29135385
0.04194746 376.05654240 250.82003854
0.04321892 375.91715147 250.20139830
0.04449066 375.90733702 249.45660630
0.04576227 376.01266962 248.60548190
0.04703387 376.21947749 247.66651742
0.04830547 376.51482419 246.65690801
0.04957722 376.88648666 245.59258448
0.05084882 377.32293353 244.48824869
0.05212042 377.81330375 243.35741119
0.05339217 378.34738544 242.21243111
0.05466377 378.91559510 241.06455778
0.05593552 379.50895709 239.92397418
0.05720727 380.11908335 238.79984174
0.05847902 380.73815348 237.70034654
0.05975062 381.35889505 236.63274632
0.06102237 381.97456425 235.60341838
0.06229426 382.57892677 234.61790786
0.06356601 383.16623903 233.68097617
0.06483761 383.73122962 232.79664934
0.06610951 384.26908115 231.96826585
0.06738126 384.77541224 231.19852376
0.06865301 385.24625992 230.48952680
0.06992490 385.67806225 229.84282910
0.07119665 386.06764126 229.25947837
0.07246855 386.41218614 228.74005730
0.07374045 386.70923681 228.28472297
0.07501220 386.95666764 227.89324404
0.07628409 387.15267157 227.56503580
0.07755599 387.29574448 227.29919282
0.07882789 387.38466985 227.09451920
0.08009978 387.41850369 226.94955650
0.08137168 387.39655981 226.86260940
0.08264358 387.31839530 226.83176895
0.08391547 387.18379637 226.85493390
0.08518752 386.99276447 226.92982980
0.08645941 386.74550262 227.05402643
0.08773131 386.44240215 227.22495340
0.08900336 386.08402962 227.43991429
0.09027540 385.67111412 227.69609949
0.09154730 385.20453476 227.99059779
0.09281934 384.68530853 228.32040708
0.09409139 384.11457842 228.68244420
0.09536343 383.49360185 229.07355415
0.09663548 382.82373929 229.49051882
0.09790752 382.10644332 229.93006533
0.09917956 381.34324790 230.38887415
0.10045161 380.53575785 230.86358707
0.10172380 379.68563881 231.35081508
0.10299585 378.79460729 231.84714635
0.10426789 377.86442116 232.34915415
0.10554008 376.89687029 232.85340497
0.10681213 375.89376765 233.35646672
0.10808432 374.85694050 233.85491708
0.10935651 373.78822204 234.34535198
0.11062870 372.68944326 234.82439417
0.11190090 371.56242507 235.28870196
0.11317309 370.40897078 235.73497796
0.11444528 369.23085880 236.15997794
0.11571747 368.02983571 236.56051961
0.11698967 366.80760950 236.93349140
0.11826201 365.56584321 237.27586119
0.11953420 364.30614884 237.58468489
0.12080654 363.03008147 237.85711479
0.12207873 361.73913374 238.09040778
0.12335107 360.43473061 238.28193330
0.12462341 359.11822443 238.42918089
0.12589561 357.79089018 238.52976752
0.12716809 356.44192796 238.57341718
0.12844029 355.49361147 239.13070019
0.12971277 354.55256722 239.17384467
0.13098511 353.55020755 238.86460021
0.13225745 352.87008505 238.18375487
0.13352979 352.51918861 237.10796701
0.13480228 352.23030898 235.94440524
0.13607462 351.70625646 234.90614554
0.13734711 350.85732141 233.91870148
0.13861945 349.74248371 232.75185657
0.13989194 348.55919320 231.32316668
0.14116443 347.44362099 229.74298379
0.14243692 346.30958105 228.34265674
0.14370940 345.07704916 227.37813663
0.14498189 343.79995212 226.64880839
0.14625453 342.51583642 225.89638872
0.14752702 341.10557457 225.06300992
0.14879891 339.55413471 224.20611835
0.15007170 337.93199699 223.40588523
0.15134448 336.28382139 222.68522039
0.15261726 334.57709965 221.98054115
0.15389005 332.79408352 221.23808600
0.15516283 331.05451407 220.51179855
0.15643561 329.50291058 219.87960999
0.15770840 327.99489601 219.19821218
0.15897970 326.23012879 218.21366534
0.16025249 324.12048433 216.85692645
0.16152527 321.82541435 215.29588109
0.16279805 319.54231139 213.74013682
0.16407084 317.33261238 212.28743644
0.16534362 315.18297546 210.92971059
0.16661641 313.03665461 209.61068454
0.16788919 310.87852528 208.31100019
0.16916197 308.71073275 207.01677265
0.17043476 306.55159332 205.72747478
0.17170754 304.43564472 204.45134104
0.17298032 302.39189981 203.19370511
0.17425311 300.44137943 201.96106009
0.17552589 298.56099026 200.73421152
0.17679868 296.72126132 199.50119169
0.17807146 294.85818995 198.22015422
0.17934424 292.88855037 196.83665823
0.18061703 290.73427988 195.28966206
0.18188981 288.40545746 193.58386032
0.18316407 286.01240150 191.81557831
0.18443686 283.75227043 190.15974454
0.18570964 281.76422467 188.71550319
0.18698242 279.80659235 187.26404938
0.18825521 277.55859872 185.53026589
0.18952799 274.93537594 183.43734718
0.19080077 272.09081843 181.13803074
0.19207356 269.21409647 178.82201495
0.19334782 266.34547029 176.53692319
0.19462060 263.47137149 174.25628733
0.19589339 260.56133285 171.93911325
0.19716617 257.62659278 169.60176781
0.19843896 254.74731159 167.34253925
0.19971322 252.02019656 165.26098275
0.20098600 249.33612473 163.23629461
0.20225878 246.42658031 161.04335273
0.20353157 243.11752502 158.53340942
0.20480583 239.46935897 155.73904327
0.20607861 235.65465429 152.81773476
0.20735140 231.83286830 149.90058770
0.20862418 228.11860479 147.04915152
0.20989844 224.51490920 144.21437900
0.21117123 220.90959208 141.29710188
0.21244401 217.16488439 138.22493153
0.21371827 213.26618395 135.02322622
0.21499106 209.24671419 131.73176497
0.21626384 205.15162484 128.39988616
0.21753810 201.02099816 125.06801709
0.21881089 196.88262008 121.76609775
0.22008367 192.70608773 118.45964060
0.22135793 188.40902993 115.08209497
0.22263072 183.95950580 111.60473653
0.22390498 179.31409139 107.99978787
0.22517776 174.48113576 104.30430899
0.22645054 169.61490002 100.63555342
0.22772481 164.83707236 97.05934581
0.22899759 160.19497883 93.59245017
0.23027185 155.64727262 90.21351042
0.23154464 151.09071778 86.87931205
0.23281890 146.47350194 83.57492645
0.23409168 141.86139627 80.32795664
0.23536594 137.34999347 77.15242902
0.23663873 132.93683883 74.01156803
0.23791299 128.61818269 70.90154184
0.23918577 124.33162989 67.79978303
0.24046004 119.95900213 64.68495096
0.24173430 115.53904359 61.62625742
0.24300708 111.18637994 58.69429191
0.24428134 106.94598806 55.90220227
0.24555413 102.86147762 53.26379249
0.24682839 98.90861982 50.74194492
0.24810117 94.94371944 48.26447171
0.24937543 90.90256965 45.82690953
0.25064970 86.84500821 43.46185128
0.25192248 82.83216280 41.19143659
0.25319674 78.93133087 39.05402950
0.25447100 75.20548726 37.08980546
0.25574379 71.69327356 35.31511036
0.25701805 68.42719835 33.72873137
0.25829231 65.37187192 32.29077970
0.25956657 62.36710825 30.94331791
0.26083936 59.29267336 29.65712414
0.26211362 56.12516389 28.42209406
0.26338788 52.99267471 27.27250162
0.26466214 50.02282609 26.24715569
0.26593493 47.19763582 25.40705963
0.26720919 44.56213436 24.79941142
0.26848345 42.13821267 24.37390641
0.26975771 39.80699108 24.05644046
0.27103197 37.44973051 23.81542059
0.27230476 35.04262966 23.64774793
0.27357902 32.64151001 23.55909655
0.27485328 30.36945832 23.52940748
0.27612754 28.39267527 23.48795941
0.27740181 26.72170517 23.38580573
0.27867607 25.07862438 23.34152605
0.27995033 23.33775283 23.44365170
0.28122459 21.56274956 23.63472609
0.28249885 19.91367025 23.78622865
0.28377164 18.56627968 23.79172239
0.28504590 17.40524664 23.74711017
0.28632016 16.34068141 23.72947765
0.28759442 15.46683364 23.67124828
0.28886869 14.80668498 23.53050006
0.29014295 14.27399629 23.33689513
0.29141721 13.79766131 23.12818779
0.29269147 13.35436162 22.92033997
0.29396573 12.96731435 22.70173123
0.29524000 12.68696500 22.43797315
0.29651426 12.56160759 22.08838529
0.29779000 12.57434024 21.65131430
0.29906426 12.67603892 21.14079027
0.30033852 12.85503302 20.54580762
0.30161278 13.05763272 19.88520164
0.30288705 13.23633750 19.18485473
0.30416131 13.42526738 18.43681380
0.30543557 13.64329126 17.65214414
0.30670983 13.90820378 16.85633308
0.30798557 14.27839039 16.04611958
0.30925983 14.86971606 15.17595817
0.31053410 15.70215497 14.25722319
0.31180836 16.66330916 13.38259214
0.31308262 17.71729821 12.60256568
0.31435836 18.85988872 11.93358100
0.31563262 19.99426227 11.39973737
0.31690688 21.01217467 11.00285520
0.31818115 21.85798926 10.71220107
0.31945689 22.52967609 10.47699489
0.32073115 23.08766692 10.27855760
0.32200541 23.58713008 10.12447973
0.32328115 24.06080665 10.04340835
0.32455541 24.54124602 10.08263501
0.32582967 25.05463370 10.28626887
0.32710541 25.59515484 10.64798472
0.32837968 26.12602590 11.10828562
0.32965394 26.61611711 11.60421438
0.33092968 27.07658653 12.11731102
0.33220394 27.53839680 12.65791152
0.33347968 28.04437317 13.24133027
0.33475394 28.59824641 13.85905834
0.33602968 29.16055139 14.47322574
0.33730395 29.68188073 15.04523955
0.33857969 30.10119091 15.52728178
0.33985395 30.36303301 15.88291984
0.34112969 30.46733829 16.13763733
0.34240395 30.41031052 16.33468082
0.34367969 30.24099114 16.55429098
0.34495395 30.08131401 16.88034165
0.34622969 30.01085267 17.33092574
0.34750395 30.04962259 17.89190379
0.34877969 30.14130569 18.49457374
0.35005396 30.18211864 19.03936659
0.35132970 30.11611617 19.46421101
0.35260544 29.92564052 19.75103517
0.35387970 29.62270744 19.92008822
0.35515544 29.26780012 20.01744213
0.35643118 28.89490605 20.06142513
0.35770544 28.52869516 20.07508699
0.35898118 28.20971837 20.11458586
0.36025692 27.95593877 20.24127272
0.36153118 27.75364963 20.47896684
0.36280692 27.50484861 20.75681270
0.36408266 27.12451916 20.99734529
0.36535840 26.58792101 21.16567648
0.36663267 25.92230547 21.28657744
0.36790841 25.22400855 21.43736632
0.36918415 24.55481577 21.66232318
0.37045989 23.93729606 21.96205891
0.37173563 23.34616902 22.29770431
0.37301137 22.72091037 22.60248414
0.37428563 22.04613214 22.84366519
0.37556137 21.36903470 23.04875446
0.37683711 20.74872326 23.25854548
0.37811285 20.19793761 23.48495098
0.37938859 19.68021927 23.70382131
0.38066433 19.16256151 23.90062329
0.38194007 18.61586204 24.06044186
0.38321581 18.00753210 24.17342464
0.38449155 17.32013807 24.24060173
0.38576729 16.55214718 24.27991164
0.38704303 15.71235998 24.32375079
0.38831877 14.79936850 24.38426309
0.38959451 13.79611166 24.45414987
0.39087025 12.66806556 24.49809786
0.39214599 11.45315443 24.53869823
0.39342173 10.27153233 24.65963639
0.39469747 9.29417615 24.98621473
0.39597321 8.55198876 25.52185514
0.39724895 7.96818889 26.17430370
0.39852469 7.42272568 26.80682409
0.39980191 6.77813639 27.28542146
0.40107765 6.05251674 27.61769914
0.40235339 5.34873547 27.87205983
0.40362913 4.78877264 28.13442344
0.40490487 4.37730924 28.40016359
0.40618209 4.02434856 28.59948745
0.40745783 3.63790923 28.67663463
0.40873357 3.18221522 28.63197288
0.41000931 2.61407531 28.47013844
0.41128653 1.77282597 28.11085321
0.41256227 0.45486585 27.45019300
0.41383801 -1.23419768 26.61344979
0.41511375 -2.94342361 25.89230226
0.41639097 -4.43576013 25.46707457
0.41766671 -5.72232867 25.30883316
0.41894245 -6.92161262 25.27810923
0.42021967 -8.07569206 25.28727544
0.42149541 -9.19669423 25.29246141
0.42277263 -10.30479789 25.26147454
0.42404837 -11.44959761 25.16273236
0.42532559 -12.65596173 24.98746475
0.42660133 -13.91678265 24.75614250
0.42787707 -15.21809263 24.49240437
0.42915429 -16.55112674 24.22986324
0.43043003 -17.92293414 24.00037717
0.43170724 -19.34384407 23.84025561
0.43298299 -20.82270603 23.76522672
0.43426020 -22.32874960 23.76331230
0.43553742 -23.81780470 23.81377633
0.43681316 -25.23681367 23.90480253
0.43809038 -26.56141236 24.02117748
0.43936612 -27.84952400 24.13346579
0.44064334 -29.23711464 24.22196310
0.44192056 -30.91771274 24.25907434
0.44319630 -32.82706304 24.29958033
0.44447352 -34.66988530 24.41816881
0.44575074 -36.23209716 24.61351689
0.44702648 -37.51995533 24.85086052
0.44830369 -38.64494092 25.11456090
0.44958091 -39.61381270 25.40451393
0.45085813 -40.39451739 25.69936094
0.45213387 -40.97775924 25.98631662
0.45341109 -41.43291524 26.28185845
0.45468831 -41.93268729 26.62256372
0.45596553 -42.69589672 27.02737262
0.45724127 -43.74245221 27.45101347
0.45851849 -44.86181788 27.86754459
0.45979570 -45.81390527 28.25482547
0.46107292 -46.56070472 28.58701203
0.46235014 -47.23510625 28.90147208
0.46362736 -47.95005163 29.24940820
0.46490458 -48.77741193 29.65801893
0.46618180 -49.66564604 30.09590486
0.46745902 -50.52876551 30.53190952
0.46873623 -51.31559586 30.94606731
0.47001345 -52.00880771 31.33201263
0.47129067 -52.62184521 31.69550492
0.47256789 -53.20265948 32.05657601
0.47384511 -53.81556496 32.43964659
0.47512233 -54.52906384 32.87232574
0.47639954 -55.35259030 33.35481471
0.47767676 -56.22714198 33.86306283
0.47895398 -57.06427939 34.35724403
0.48023120 -57.79716087 34.79807832
0.48150842 -58.42491303 35.17989179
0.48278564 -58.97133360 35.51882602
0.48406433 -59.46827449 35.83852115
0.48534155 -59.94438057 36.15649922
0.48661877 -60.42578838 36.48715975
0.48789599 -60.93309172 36.83994407
0.48917321 -61.48011134 37.21918015
0.49045190 -62.06735751 37.62286602
0.49172912 -62.67962313 38.03990852
0.49300634 -63.29563319 38.45740393
0.49428356 -63.89110250 38.86139250
0.49556226 -64.44235140 39.23449778
0.49683948 -64.93446347 39.56783886
0.49811669 -65.37013354 39.86361243
0.49939539 -65.76272614 40.13825394
0.50067261 -66.13500118 40.41470146
0.50195131 -66.50414477 40.70811794
0.50322852 -66.85471802 41.00572973
0.50450574 -67.15161600 41.28230637
0.50578444 -67.36061295 41.51479962
0.50706166 -67.46975345 41.69014910
0.50834036 -67.48133282 41.80880935
0.50961757 -67.42862583 41.89092132
0.51089627 -67.36285676 41.97514463
0.51217349 -67.35208575 42.10442089
0.51345219 -67.47220161 42.31594097
0.51473088 -67.74668238 42.61143893
0.51600810 -68.10967885 42.95166215
0.51728680 -68.44587620 43.26056494
0.51856402 -68.64358371 43.45103950
0.51984271 -68.65580303 43.49140308
0.52112141 -68.53124468 43.42366071
0.52239863 -68.37011243 43.34152226
0.52367732 -68.31119061 43.35038290
0.52495602 -68.44624519 43.49085785
0.52623324 -68.71116599 43.70508658
0.52751194 -68.98387260 43.90259639
0.52879063 -69.16481180 44.01139726
0.53006933 -69.24972894 44.03238799
0.53134803 -69.32575645 44.03097443
0.53262525 -69.49239542 44.09725386
0.53390394 -69.83744718 44.28968194
0.53518264 -70.32995626 44.56372244
0.53646134 -70.87328093 44.86018109
0.53774003 -71.37315119 45.11928811
0.53901873 -71.76454587 45.29070289
0.54029743 -72.05610773 45.38237496
0.54157612 -72.30469705 45.44906590
0.54285482 -72.60043783 45.55817886
0.54413204 -73.01156551 45.74455213
0.54541074 -73.54205275 45.99591922
0.54668943 -74.13601429 46.26758591
0.54796813 -74.71426387 46.51018993
0.54924830 -75.23289327 46.69742993
0.55052700 -75.71161162 46.85438046
0.55180570 -76.19566981 47.02499187
0.55308439 -76.72580588 47.24560995
0.55436309 -77.32804128 47.52821033
0.55564179 -77.97281479 47.84560498
0.55692048 -78.62508277 48.16765441
0.55819918 -79.24623359 48.46271813
0.55947936 -79.79302536 48.70505106
0.56075805 -80.24152888 48.87927469
0.56203675 -80.57883841 48.98096946
0.56331545 -80.82593173 49.02704075
0.56459414 -81.03695031 49.05674483
0.56587432 -81.30028438 49.12299949
0.56715301 -81.68321226 49.25532423
0.56843171 -82.20803362 49.46243412
0.56971189 -82.85862496 49.72953354
0.57099058 -83.61883875 50.04818932
0.57226928 -84.43567449 50.38979936
0.57354946 -85.23084560 50.72251771
0.57482815 -85.92939009 51.00823665
0.57610833 -86.47881677 51.20665389
0.57738702 -86.89863365 51.32692645
0.57866572 -87.21825621 51.39176583
0.57994590 -87.47105425 51.43299684
0.58122459 -87.70813646 51.48209755
0.58250477 -87.99274342 51.56691583
0.58378494 -88.34822887 51.68553954
0.58506364 -88.72695225 51.80502923
0.58634381 -89.05791266 51.89115963
0.58762251 -89.33385785 51.95483031
0.58890269 -89.58602844 52.02046240
0.59018138 -89.86264620 52.11480242
0.59146156 -90.21324565 52.26303025
0.59274173 -90.66390871 52.46626197
0.59402043 -91.23397100 52.72978798
0.59530060 -91.91936167 53.04383373
0.59658078 -92.68785930 53.39545610
0.59786095 -93.44808264 53.74056152
0.59913965 -94.06704822 54.01317701
0.60041983 -94.48198918 54.18743462
0.60170000 -94.71282199 54.27723533
0.60298018 -94.84344401 54.33394673
0.60426035 -94.96253467 54.39457895
0.60554053 -95.09524231 54.45588735
0.60681922 -95.22313793 54.50109987
0.60809940 -95.32653959 54.52346060
0.60937957 -95.42703696 54.54543463
0.61065975 -95.56643544 54.59654117
0.61193992 -95.75685305 54.68348893
0.61322010 -95.99132495 54.80361476
0.61450027 -96.27360318 54.95597082
0.61578045 -96.62055863 55.14368875
0.61706062 -97.03152687 55.35852992
0.61834080 -97.48564367 55.57746183
0.61962097 -97.91387948 55.76664357
0.62090115 -98.23879413 55.89598485
0.62218132 -98.41177303 55.94867111
0.62346298 -98.41541480 55.92162601
0.62474315 -98.26069768 55.82037096
0.62602333 -97.95822291 55.65177474
0.62730350 -97.53873510 55.43280237
0.62858368 -97.04717410 55.18597324
0.62986533 -96.53993829 54.93507132
0.63114551 -96.07282959 54.70102968
0.63242568 -95.69737088 54.50204964
0.63370586 -95.43806953 54.34787845
0.63498751 -95.27977494 54.23283041
0.63626768 -95.19659896 54.15119669
0.63754786 -95.17080574 54.10111230
0.63882951 -95.19995738 54.08334672
0.64010969 -95.28911563 54.10251420
0.64139134 -95.45297523 54.16610622
0.64267152 -95.69920682 54.27731794
0.64395169 -96.00204599 54.42119574
0.64523334 -96.31647042 54.57396716
0.64651352 -96.59400078 54.70855395
0.64779517 -96.78515965 54.79885763
0.64907535 -96.85631979 54.82719507
0.65035700 -96.79269839 54.78681003
0.65163865 -96.59596084 54.68179269
0.65291883 -96.26092509 54.50911924
0.65420048 -95.79027985 54.27182269
0.65548066 -95.20402004 53.98086627
0.65676231 -94.55464296 53.66590578
0.65804396 -93.90344480 53.36373380
0.65932414 -93.29167336 53.10039840
0.66060579 -92.74035757 52.88424656
0.66188745 -92.25083772 52.70774417
0.66316910 -91.83226862 52.56391490
0.66444927 -91.49167658 52.45038725
0.66573093 -91.21290749 52.35555450
0.66701258 -90.93095243 52.25530974
0.66829423 -90.59617995 52.13374896
0.66957589 -90.20846026 51.99537365
0.67085754 -89.78484831 51.85705776
0.67213771 -89.30990994 51.71007458
0.67341937 -88.72083327 51.51688528
0.67470102 -87.96106221 51.23851746
0.67598267 -87.03515609 50.87171873
0.67726433 -86.01889840 50.45102984
0.67854598 -85.03726956 50.03986668
0.67982763 -84.16085058 49.67468695
0.68110929 -83.39368437 49.36672322
0.68239094 -82.72112379 49.12218722
0.68367259 -82.12091300 48.93513609
0.68495573 -81.57329544 48.79600704
0.68623738 -81.04610076 48.68352688
0.68751903 -80.50896174 48.57273601
0.68880069 -79.94558454 48.44223100
0.69008234 -79.37090296 48.28603383
0.69136399 -78.84353836 48.13124229
0.69264712 -78.39523102 47.99674566
0.69392878 -77.99480517 47.87491876
0.69521043 -77.57580636 47.73782752
0.69649208 -77.09868747 47.56808451
0.69777522 -76.54495650 47.35401780
0.69905687 -75.89790587 47.08227483
0.70033852 -75.13983623 46.74216595
0.70162165 -74.29923428 46.35903564
0.70290331 -73.41781424 45.97018996
0.70418644 -72.54624132 45.61749592
0.70546809 -71.73164383 45.33613771
0.70675122 -71.00296674 45.13281124
0.70803288 -70.40206467 45.01038210
0.70931601 -69.92614953 44.93935237
0.71059766 -69.51988852 44.87054302
0.71188079 -69.10631353 44.75866911
0.71316245 -68.64219286 44.58336420
0.71444558 -68.11171021 44.33928636
0.71572723 -67.52802090 44.03849943
0.71701036 -66.90956679 43.69731950
0.71829349 -66.28492682 43.34456378
0.71957515 -65.66674069 43.00647821
0.72085828 -65.06047965 42.70867761
0.72214141 -64.47542817 42.46943637
0.72342454 -63.89380624 42.26973893
0.72470620 -63.30540442 42.08534264
0.72598933 -62.69718120 41.88660823
0.72727246 -62.06492234 41.65369524
0.72855559 -61.43763667 41.40441665
0.72983872 -60.86425725 41.18125822
0.73112185 -60.37877532 41.01569292
0.73240351 -59.97808621 40.90687921
0.73368664 -59.60416172 40.80540580
0.73496977 -59.19670764 40.65949820
0.73625290 -58.73145197 40.44917555
0.73753603 -58.20228402 40.17076429
0.73881916 -57.65691757 39.86825152
0.74010230 -57.15574486 39.59553525
0.74138543 -56.76782318 39.41334866
0.74266856 -56.50570909 39.33240988
0.74395317 -56.30336367 39.29270090
0.74523630 -56.10661173 39.24446445
0.74651943 -55.86830683 39.14417999
0.74780256 -55.59441752 38.99753478
0.74908569 -55.33729407 38.85421456
0.75036883 -55.17421710 38.78699452
0.75165344 -55.14925373 38.83855547
0.75293657 -55.18447415 38.93887352
0.75421970 -55.18299449 38.99840716
0.75550431 -55.08956739 38.96468185
0.75678744 -54.88564597 38.81903165
0.75807057 -54.60530888 38.59164167
0.75935518 -54.31664446 38.34243441
0.76063831 -54.10263046 38.14140969
0.76192145 -54.01178987 38.02595492
0.76320605 -54.02420127 37.97896517
0.76448919 -54.07384500 37.95201723
0.76577380 -54.10892355 37.91407039
0.76705693 -54.09420522 37.84530337
0.76834154 -54.00618080 37.73284948
0.76962467 -53.83883787 37.57797739
0.77090928 -53.59533158 37.38763987
0.77219389 -53.29519996 37.18066375
0.77347702 -52.96028670 36.97612274
0.77476163 -52.60511746 36.78292313
0.77604476 -52.21996593 36.58615803
0.77732937 -51.79925114 36.37255289
0.77861398 -51.34120759 36.13288549
0.77989859 -50.84730764 35.86484740
0.78118172 -50.32934767 35.57562802
0.78246633 -49.80486153 35.27710441
0.78375094 -49.29074174 34.98025659
0.78503555 -48.80158759 34.69444975
0.78632016 -48.34841050 34.42723625
0.78760477 -47.92772774 34.17603352
0.78888790 -47.52848518 33.93519874
0.79017251 -47.13021275 33.69328601
0.79145712 -46.71027097 33.43958656
0.79274173 -46.24435498 33.16135050
0.79402634 -45.71216210 32.84717034
0.79531095 -45.10641481 32.49449417
0.79659556 -44.43204545 32.10753146
0.79788017 -43.73602377 31.72062440
0.79916626 -43.07525409 31.37366650
0.80045087 -42.48779481 31.09058580
0.80173548 -41.96757538 30.86326187
0.80302009 -41.46534643 30.65345676
0.80430470 -40.94241612 30.42968654
0.80558931 -40.36849953 30.16718228
0.80687540 -39.73951413 29.86133894
0.80816001 -39.06615274 29.52166083
0.80944462 -38.37966556 29.17242345
0.81072923 -37.73621920 28.85077579
0.81201531 -37.15782785 28.56787342
0.81329992 -36.59517462 28.29029003
0.81458453 -35.98248953 27.97631659
0.81587062 -35.24369792 27.58014690
0.81715523 -34.39781228 27.11565002
0.81844132 -33.59044508 26.66953650
0.81972593 -32.96751857 26.32678875
0.82101202 -32.52386866 26.09023920
0.82229663 -32.11557601 25.88549683
0.82358272 -31.62891400 25.64949534
0.82486733 -31.01500169 25.35339187
0.82615341 -30.26626448 24.99525910
0.82743802 -29.39916483 24.58910318
0.82872411 -28.41691270 24.14389355
0.83001020 -27.27006255 23.64836531
0.83129481 -25.96504707 23.12434046
0.83258090 -24.61370964 22.62580739
0.83386699 -23.39517070 22.19241511
0.83515307 -22.34068427 21.79912431
0.83643768 -21.32642840 21.39971423
0.83772377 -20.28298390 20.97692800
0.83900986 -19.18504022 20.53075781
0.84029595 -18.04824991 20.07413572
0.84158204 -16.90053221 19.63157445
0.84286812 -15.77771499 19.23009409
0.84415421 -14.70673627 18.88966405
0.84544030 -13.67892730 18.60129737
0.84672639 -12.68283891 18.34499248
0.84801248 -11.70672797 18.10152253
0.84929856 -10.75195518 17.84872941
0.85058465 -9.82505776 17.57252895
0.85187074 -8.92996200 17.25433808
0.85315683 -8.04520865 16.89294422
0.85444292 -7.13271740 16.49852896
0.85572900 -6.17194544 16.09729179
0.85701657 -5.16516835 15.72551789
0.85830266 -4.11746275 15.43787906
0.85958875 -2.99573640 15.30786193
0.86087484 -1.80590145 15.36577499
0.86216092 -0.66409089 15.54729583
0.86344849 0.24872080 15.68827021
0.86473458 0.87942830 15.67908133
0.86602067 1.34037671 15.54574690
0.86730823 1.73190425 15.32098955
0.86859432 2.10130318 15.00278469
0.86988189 2.49236022 14.59515409
0.87116797 2.96078561 14.12102805
0.87245406 3.55199841 13.60953970
0.87374163 4.26245382 13.06414072
0.87502772 5.02313453 12.44523007
0.87631528 5.76541241 11.71954580
0.87760285 6.47752456 10.90082251
0.87888894 7.22639433 10.07085674
0.88017650 8.05786332 9.30062801
0.88146259 8.99649920 8.64593732
0.88275016 10.01828648 8.12274522
0.88403773 11.04587018 7.68527489
0.88532529 12.01921280 7.28396577
0.88661138 12.91408497 6.89969127
0.88789895 13.74534969 6.55787208
0.88918651 14.51672168 6.26156012
0.89047408 15.23032930 5.99874439
0.89176165 15.88611133 5.74611287
0.89304773 16.49000081 5.48977969
0.89433530 17.05195189 5.22651674
0.89562287 17.58493386 4.96121477
0.89691043 18.10291087 4.70493673
0.89819800 18.61893620 4.47066656
0.89948556 19.15790215 4.29471154
0.90077313 19.73271760 4.19989630
0.90206070 20.33525904 4.18603708
0.90334974 20.95136151 4.25085432
0.90463731 21.58524564 4.41661329
0.90592487 22.25418672 4.69932099
0.90721244 22.95453487 5.07394243
0.90850001 23.65669076 5.49332611
0.90978757 24.31210217 5.91102784
0.91107662 24.86140924 6.28956130
0.91236418 25.28659129 6.62316876
0.91365175 25.59955845 6.91737651
0.91494080 25.85401269 7.18722720
0.91622836 26.11662262 7.44585894
0.91751593 26.41191859 7.70586359
0.91880497 26.74233874 7.98417671
0.92009254 27.09136107 8.28651168
0.92138158 27.44259268 8.61335118
0.92266915 27.76112896 8.96118223
0.92395819 28.01541840 9.33311281
0.92524576 28.20705316 9.74047576
0.92653481 28.35414577 10.19121959
0.92782237 28.49505908 10.67766416
0.92911142 28.69274586 11.16846719
0.93040046 28.97240164 11.63313899
0.93168803 29.30154560 12.05039643
0.93297707 29.60011990 12.41182615
0.93426612 29.78338059 12.73256871
0.93555516 29.82945172 13.04432334
0.93684273 29.76369766 13.39113519
0.93813177 29.61333847 13.80459041
0.93942082 29.42529873 14.28595298
0.94070986 29.24787859 14.82189435
0.94199891 29.11309739 15.40078364
0.94328795 29.04134725 16.01372503
0.94457700 29.01967429 16.67330310
0.94586604 29.01470315 17.40996364
0.94715361 29.00638950 18.24854691
0.94844265 28.98816448 19.18581647
0.94973317 28.97853717 20.17696905
0.95102222 28.99072119 21.14265714
0.95231126 29.01705170 21.99987458
0.95360031 29.02702295 22.72899595
0.95488935 29.00180171 23.36203281
0.95617840 28.93139699 23.95896587
0.95746744 28.79205489 24.58312502
0.95875796 28.55151306 25.29757036
0.96004701 28.21449215 26.12404155
0.96133605 27.81870347 27.05128972
0.96262510 27.43059118 28.03782674
0.96391562 27.11052392 29.03325263
0.96520467 26.86614015 30.03007043
0.96649519 26.73804356 30.97649022
0.96778423 26.78408112 31.79832177
0.96907328 26.96916994 32.51622492
0.97036380 27.20825281 33.20150446
0.97165284 27.46354033 33.86861648
0.97294337 27.72619497 34.49609234
0.97423389 27.98840371 35.07252367
0.97552294 28.23388875 35.60448627
0.97681346 28.48607023 36.07453339
0.97810398 28.76381556 36.47490166
0.97939303 29.07251452 36.81458076
0.98068355 29.44777561 37.07238045
0.98197407 29.89091742 37.26044541
0.98326312 30.38108183 37.41669957
0.98455364 30.89897842 37.57323033
0.98584416 31.43105654 37.75193594
0.98713468 31.99025536 37.93909687
0.98842521 32.61791201 38.09277009
0.98971573 33.35583146 38.17632687
0.99100625 34.19545590 38.20572893
0.99229530 35.10005692 38.22752249
0.99358582 36.12374918 38.19636028
0.99487782 37.32418358 38.05919285
0.99616834 38.57440992 37.92461234
0.99745887 39.75159490 37.88282854
0.99874939 40.81868693 37.94701689
1.00003991 41.90311739 38.00445800
1.00133044 43.16946922 37.93162898
1.00262096 44.58387335 37.77384067
1.00391296 46.05693984 37.61016964
1.00520348 47.50939198 37.49818388
1.00649401 48.90073936 37.45919292
1.00778453 50.23995736 37.47864580
1.00907653 51.60459777 37.50900308
1.01036705 53.08195073 37.51079237
1.01165758 54.65378944 37.50520123
1.01294958 56.28870128 37.51565601
1.01424010 57.98243230 37.55691199
1.01553210 59.65972033 37.66243052
1.01682262 61.25542415 37.84992938
1.01811462 62.78524015 38.11872536
1.01940515 64.33559266 38.46477642
1.02069715 66.00599005 38.89372887
1.02198915 67.81803012 39.41977247
1.02327967 69.73995975 40.05104457
1.02457167 71.73795077 40.78887704
1.02586367 73.76941899 41.62594541
1.02715420 75.78658010 42.54308031
1.02844620 77.74899145 43.51347726
1.02973820 79.63367602 44.51167905
1.03103020 81.48693177 45.54635984
1.03232220 83.38341300 46.65394479
1.03361420 85.34093643 47.85232137
1.03490473 87.33205364 49.13225328
1.03619673 89.32054238 50.47176597
1.03748873 91.24633164 51.82434574
1.03878073 93.10157366 53.17431557
1.04007273 94.94842567 54.56182928
1.04136473 96.82195836 56.01340013
1.04265821 98.72933155 57.53499489
1.04395021 100.66426929 59.12011238
1.04524221 102.58022805 60.72534757
1.04653421 104.45054732 62.32426256
1.04782622 106.30661241 63.95143349
1.04911822 108.19051279 65.66564638
1.05041170 110.10900912 67.49180647
1.05170370 112.02022477 69.39765318
1.05299570 113.84886480 71.30343323
1.05428918 115.53029368 73.12318040
1.05558118 117.06473418 74.82758550
1.05687318 118.48509719 76.42328806
1.05816666 119.82857087 77.92905212
1.05945866 121.15162400 79.39154071
1.06075214 122.47882978 80.83155958
1.06204414 123.79001752 82.22499782
1.06333762 125.06328241 83.54694331
1.06463110 126.27336669 84.76601807
1.06592310 127.41041440 85.86575373
1.06721658 128.49675416 86.86539013
1.06851006 129.60793439 87.84591710
1.06980206 130.80832946 88.88084023
1.07109554 132.09054833 89.96204070
1.07238902 133.37983929 91.00598981
1.07368250 134.58641565 91.91817187
1.07497450 135.60526842 92.59326596
1.07626798 136.38954946 92.99485433
1.07756146 137.03601104 93.25103716
1.07885494 137.71686228 93.56628239
1.08014842 138.50328529 94.02160876
1.08144190 139.32785161 94.53687091
1.08273538 140.14258659 95.05564081
1.08402886 140.94685806 95.58297446
1.08532234 141.74845888 96.13232573
1.08661581 142.54192387 96.70253102
1.08790929 143.29750992 97.26180950
1.08920277 143.91466350 97.69187102
1.09049773 144.31622126 97.90161711
1.09179121 144.54626591 97.94939983
1.09308469 144.80278270 98.08497762
1.09437817 145.21224283 98.46803855
1.09567313 145.67550567 98.97676261
1.09696661 146.08929255 99.48248903
1.09826156 146.39605856 99.91210407
1.09955504 146.59743060 100.26498217
1.10084852 146.73842655 100.59380543
1.10214348 146.86888283 100.95594626
1.10343696 147.02842825 101.39555803
1.10473192 147.23341397 101.92760790
1.10602540 147.49621457 102.56252101
1.10732035 147.80567294 103.28156978
1.10861531 148.14668586 104.06170958
1.10990879 148.50185885 104.87668552
1.11120375 148.86388362 105.71257011
1.11249871 149.23236767 106.56437971
1.11379219 149.62398341 107.44635102
1.11508714 150.06149278 108.37895496
1.11638210 150.54831466 109.35301468
1.11767706 151.06758065 110.31801879
1.11897202 151.54804567 111.14330181
1.12026697 151.93188799 111.72547295
1.12156045 152.26761066 112.11153517
1.12285541 152.70408104 112.50314002
1.12415037 153.28688858 113.01583977
1.12544533 153.90666851 113.58489985
1.12674028 154.47135012 114.17487756
1.12803524 154.95692385 114.83119408
1.12933020 155.34734676 115.59584234
1.13062516 155.60928257 116.44241926
1.13192011 155.71521745 117.30609981
1.13321507 155.69452067 118.11261137
1.13451003 155.62266039 118.87610668
1.13580647 155.43160652 119.86940245
1.13710142 155.13987946 121.31096505
1.13839638 154.82187873 122.92980790
1.13969282 154.50935331 124.38112548
1.14098777 154.21711130 125.58339370
1.14228421 153.82368480 126.65386617
1.14357917 153.12735223 127.81028699
1.14487413 152.15945848 129.08037427
1.14617056 151.28026443 130.14407566
1.14746700 150.73812952 130.59462277
1.14876196 150.97654279 130.46494168
1.15005839 152.18622470 129.78729111
1.15135335 154.31388282 128.43447700
1.15264978 156.23338468 127.55671626
1.15394622 158.23439296 126.59021148
1.15524266 160.31770129 125.54256238
1.15653761 162.47856182 124.41736269
1.15783405 164.71188889 123.21851592
1.15913049 167.01227160 121.95022935
1.16042692 169.37398722 120.61700750
1.16172336 171.79101565 119.22364514
1.16301979 174.25705480 117.77522003
1.16431623 176.76553697 116.27708517
1.16561267 179.30964614 114.73486074
1.16690910 181.88233633 113.15442579
1.16820554 184.47635079 111.54190945
1.16950197 187.08424227 109.90368191
1.17079841 189.69839418 108.24634493
1.17209485 192.31104278 106.57672192
1.17339128 194.91430028 104.90184745
1.17468920 197.50017892 103.22895600
1.17598563 200.06061606 101.56546981
1.17728207 202.58750016 99.91898553
1.17857998 205.07269780 98.29725936
1.17987642 207.50808161 96.70819024
1.18117285 209.88555918 95.15980061
1.18247077 212.19710299 93.66021426
1.18376720 214.43478119 92.21763057
1.18506512 216.59078947 90.84029458
1.18636155 218.65748383 89.53646213
1.18765947 220.62741430 88.31435968
1.18895590 222.49335968 87.18213806
1.19025382 224.24836322 86.14782009
1.19155173 225.88576925 85.21924181
1.19284817 227.39926078 84.40398783
1.19414608 228.78289812 83.70932129
1.19544400 230.03115835 83.14210975
1.19674191 231.13897591 82.70874846
1.19803835 232.10178402 82.41508319
1.19933626 232.91555712 82.26633462
1.20063417 233.57685430 82.26702707
1.20193209 234.08286366 82.42092358
1.20323000 234.43144764 82.73096955
1.20452792 234.62118932 83.19924638
1.20582583 234.65143971 83.82693606
1.20712375 234.52236596 84.61429645
1.20842166 234.23500057 85.56064682
1.20971957 233.79129157 86.66436182
1.21101749 233.19415361 87.92287202
1.21231688 232.44752011 89.33266839
1.21361479 231.55639630 90.88930830
1.21491271 230.52691321 92.58742047
1.21621062 229.36638274 94.42070674
1.21751002 228.08335357 96.38193883
1.21880793 226.68766810 98.46294885
1.22010732 225.19052034 100.65461280
1.22140524 223.60451476 102.94682667
1.22270315 221.94372615 105.32847526
1.22400254 220.22376037 107.78739413
1.22530046 218.46181610 110.31032524
1.22659985 216.67674761 112.88286708
1.22789924 214.88912840 115.48942012
1.22919716 213.12131589 118.11312828
1.23049655 211.39751700 120.73581734
1.23179446 209.74385476 123.33793100
1.23309385 208.18843587 125.89846499
1.23439325 206.76141919 128.39490013
1.23569264 205.49508523 130.80313437
1.23699203 204.42390661 133.09741457
1.23828995 203.58461948 135.25026798
1.23958934 203.01629586 137.23243387
1.24088873 202.76041703 139.01279538
1.24218812 202.86094782 140.55831183
1.24348752 203.36441189 141.83395174
1.24478691 204.31996796 142.80262649
1.24608630 205.77948707 143.42512531
1.24738569 207.79763067 143.66005154
1.24868509 210.43192985 143.46376106
1.24998596 213.74286537 142.79030350
1.25128535 217.79394879 141.59136755
1.25258474 222.65180448 139.81623237
1.25388413 228.38625263 137.41172816
1.25518500 235.07039320 134.32221086
1.25648440 242.78069089 130.48955967
1.25778379 251.59706103 125.85321151
1.25908466 261.60295644 120.35025901
1.26038405 272.88545524 113.91566085
1.26168492 285.53534970 106.48266233
1.26298432 299.64723598 97.98363387
1.26428519 315.31960485 88.35180633
1.26558458 332.65493339 77.52512678
1.26688545 351.75977766 65.45580628
1.26818632 372.74486634 52.13804597
1.26948571 395.72519528 37.71054874
1.27078658 420.82012313 23.01568453
1.27208745 448.15346778 14.24078482
1.27338685 477.85360392 25.18032382
1.27468772 510.05356147 45.29504726
1.27598859 544.89112500 68.73036885
1.27728946 582.50893413 94.67973845
1.27859033 623.05458487 123.03351050
1.27989120 666.68073196 153.83226917
1.28119207 713.54519213 187.16576306
-0.96316762 672.89633333 73.59559666
-0.96189631 572.39800000 69.75320696
-0.96062353 483.69000000 61.74087982
-0.95934927 427.09600000 52.71103236
-0.95807353 395.30733333 45.43023912
-0.95679779 363.58933333 48.70882617
-0.95551909 307.63366667 81.05628492
-0.95423744 206.49336667 92.51817684
-0.95295431 28.59976667 91.31818570
-0.95167118 -305.18300000 160.56771909
-0.95038804 -539.85300000 216.22032918
-0.94910048 -482.31633333 185.65870394
-0.94781143 -359.29466667 145.85556578
-0.94651943 -284.91733333 124.80448093
-0.94522743 -252.42366667 112.78354879
-0.94393247 -231.67933333 104.59405359
-0.94263604 -216.08033333 97.34980955
-0.94133960 -201.43300000 91.01947093
-0.94004021 -186.65626667 84.77468107
-0.93873934 -171.75513333 78.76160531
-0.93743699 -158.12650000 73.28198629
-0.93613316 -145.79366667 68.30646234
-0.93482786 -134.51703333 63.72794494
-0.93351959 -124.13050000 59.49025147
-0.93221133 -114.52556667 55.54853791
-0.93090011 -105.58003333 51.86373831
-0.92958890 -97.21000000 48.40599707
-0.92827472 -89.33493333 45.14877408
-0.92695907 -81.89290000 42.07167520
-0.92564341 -74.82900000 39.15671594
-0.92432480 -68.09826667 36.39009475
-0.92300472 -61.66166667 33.76002960
-0.92168315 -55.48673333 31.25781263
-0.92036010 -49.54713333 28.87663687
-0.91903410 -43.82473333 26.61273343
-0.91770810 -38.31566667 24.46596993
-0.91638062 -33.04923333 22.44647520
-0.91505167 -28.07573333 20.57734654
-0.91371975 -23.39055000 18.87327843
-0.91238784 -18.91562667 17.32291230
-0.91105297 -14.55869333 15.91213537
-0.90971810 -10.27254000 14.65326111
-0.90838027 -6.06646333 13.57555758
-0.90704096 -1.94908667 12.70704458
-0.90570166 2.08782333 12.07345009
-0.90435940 6.04835567 11.69501808
-0.90301565 9.93650333 11.58027804
-0.90167044 13.75655667 11.72213995
-0.90032374 17.51223667 12.09851886
-0.89897556 21.20721667 12.67718652
-0.89762591 24.84482333 13.42224152
-0.89627478 28.42817333 14.29925036
-0.89492217 31.96013333 15.27828334
-0.89356808 35.44343333 16.33472264
-0.89221251 38.88043333 17.44916535
-0.89085547 42.27346667 18.60643246
-0.88949695 45.62463333 19.79494749
-0.88813547 48.93590000 21.00583126
-0.88677399 52.20896667 22.23229265
-0.88541103 55.44570000 23.46899677
-0.88404659 58.64746667 24.71198518
-0.88267920 61.81570000 25.95808032
-0.88131181 64.95186667 27.20478587
-0.87994294 68.05713333 28.45031376
-0.87857259 71.13260000 29.69312227
-0.87719928 74.17953333 30.93210239
-0.87582598 77.19856667 32.16606373
-0.87445120 80.19120000 33.39471402
-0.87307345 83.15746667 34.61688029
-0.87169571 86.09930000 35.83287154
-0.87031650 89.01663333 37.04195367
-0.86893580 91.91036667 38.24377137
-0.86755215 94.78156667 39.43833902
-0.86616849 97.63036667 40.62524846
-0.86478336 100.45716667 41.80438750
-0.86339675 103.26376667 42.97629617
-0.86200866 106.04990000 44.14048869
-0.86061762 108.81600000 45.29693306
-0.85922657 111.56283333 46.44550271
-0.85783405 114.29146667 47.58694871
-0.85644005 117.00130000 48.72032477
-0.85504457 119.69413333 49.84654523
-0.85364761 122.36970000 50.96528954
-0.85224918 125.02873333 52.07680024
-0.85084926 127.67170000 53.18088331
-0.84944787 130.30003333 54.27846368
-0.84804648 132.91316667 55.36860525
-0.84664213 135.51290000 56.45257048
-0.84523630 138.09906667 57.52942848
-0.84382899 140.67436667 58.60030829
-0.84242169 143.23976667 59.66547426
-0.84101143 145.79713333 60.72585575
-0.83960116 148.34706667 61.78141987
-0.83818795 150.89080000 62.83262714
-0.83677473 153.42880000 63.87933806
-0.83536003 155.96296667 64.92215429
-0.83394238 158.49500000 65.96173476
-0.83252472 161.02693333 66.99850587
-0.83110559 163.56093333 68.03414344
-0.82968498 166.09460000 69.06846703
-0.82826289 168.62600000 70.10026115
-0.82684081 171.15480000 71.12994967
-0.82541576 173.67663333 72.15588691
-0.82398924 176.18810000 73.17728539
-0.82256272 178.68673333 74.19344903
-0.82113324 181.16863333 75.20343629
-0.81970376 183.62960000 76.20588258
-0.81827280 186.06430000 77.19944328
-0.81684036 188.46736667 78.18249626
-0.81540645 190.83396667 79.15368964
-0.81397106 193.15743333 80.11016150
-0.81253418 195.43310000 81.05067590
-0.81109584 197.65510000 81.97228836
-0.80965749 199.81983333 82.87367351
-0.80821618 201.92460000 83.75260030
-0.80677488 203.96726667 84.60794730
-0.80533209 205.94843333 85.43870638
-0.80388783 207.86816667 86.24360803
-0.80244209 209.73053333 87.02381928
-0.80099487 211.53800000 87.77882491
-0.79954765 213.29600000 88.51012879
-0.79809748 215.01000000 89.21964825
-0.79664730 216.68500000 89.90816239
-0.79519565 218.32733333 90.57856662
-0.79374252 219.94266667 91.23278664
-0.79228791 221.53633333 91.87254048
-0.79083182 223.11333333 92.50060304
-0.78937573 224.67933333 93.11899665
-0.78791669 226.23633333 93.72887647
-0.78645764 227.78833333 94.33111152
-0.78499712 229.34433333 94.92863873
-0.78353512 230.90900000 95.52340071
-0.78207164 232.48233333 96.11737304
-0.78060816 234.06900000 96.71333012
-0.77914320 235.67166667 97.31293067
-0.77767528 237.29100000 97.91933179
-0.77620885 238.92233333 98.53279433
-0.77473946 240.55600000 99.15240179
-0.77326859 242.19066667 99.77776597
-0.77179771 243.82266667 100.40690384
-0.77032537 245.44366667 101.03691754
-0.76885154 247.04866667 101.66656450
-0.76737623 248.63233333 102.29464012
-0.76590093 250.18900000 102.91905626
-0.76442266 251.71200000 103.53859735
-0.76294440 253.19533333 104.15035645
-0.76146466 254.63233333 104.75269954
-0.75998492 256.01866667 105.34319669
-0.75850222 257.35100000 105.92031562
-0.75701953 258.62700000 106.48123028
-0.75553535 259.84433333 107.02396353
-0.75405118 261.00233333 107.54606108
-0.75256405 262.10200000 108.04675661
-0.75107691 263.14600000 108.52323796
-0.74958830 264.13800000 108.97552678
-0.74809822 265.08300000 109.40282955
-0.74660813 265.98700000 109.80515989
-0.74511656 266.85600000 110.18333903
-0.74362352 267.69700000 110.53899631
-0.74212899 268.51666667 110.87333440
-0.74063447 269.32133333 111.18797655
-0.73913847 270.11666667 111.48575112
-0.73764099 270.90866667 111.76908448
-0.73614351 271.70266667 112.03998350
-0.73464307 272.50333333 112.30086951
-0.73314412 273.31466667 112.55497899
-0.73164220 274.14166667 112.80391168
-0.73014029 274.98733333 113.05171992
-0.72863542 275.85566667 113.30245727
-0.72713202 276.75000000 113.56058783
-0.72562567 277.66966667 113.84407141
-0.72411933 278.55566667 114.16934209
-0.72261150 279.26400000 114.49864395
-0.72110367 279.85066667 114.80423620
-0.71959436 280.48033333 115.10918247
-0.71808358 281.09733333 115.39428015
-0.71657132 281.67066667 115.64811800
-0.71505906 282.23666667 115.88616983
-0.71354532 282.78866667 116.11131022
-0.71203158 283.32666667 116.32434452
-0.71051488 283.85233333 116.52690214
-0.70899966 284.36500000 116.71980644
-0.70748148 284.86600000 116.90386009
-0.70596331 285.35400000 117.08030325
-0.70444366 285.83033333 117.24951762
-0.70292400 286.29433333 117.41154683
-0.70140287 286.74533333 117.56719808
-0.69988026 287.18400000 117.71690721
-0.69835765 287.61000000 117.86065482
-0.69683356 288.02600000 117.99919686
-0.69530800 288.43066667 118.13214981
-0.69378243 288.82466667 118.25991195
-0.69225538 289.20866667 118.38288059
-0.69072834 289.58133333 118.50063591
-0.68919982 289.94366667 118.61441897
-0.68766982 290.29466667 118.72379582
-0.68613981 290.63533333 118.82837694
-0.68460833 290.96600000 118.92895930
-0.68307685 291.28500000 119.02513899
-0.68154390 291.59366667 119.11771132
-0.68001094 291.89066667 119.20587316
-0.67847650 292.17666667 119.29045525
-0.67694059 292.45166667 119.37101982
-0.67540467 292.71466667 119.44837875
-0.67386728 292.96566667 119.52133368
-0.67232841 293.20533333 119.59109657
-0.67078954 293.43233333 119.65724684
-0.66925067 293.64633333 119.71980226
-0.66771032 293.84766667 119.77917963
-0.66616849 294.03566667 119.83535612
-0.66462666 294.20866667 119.88837375
-0.66308484 294.36733333 119.93781371
-0.66154005 294.51066667 119.98411805
-0.65999675 294.63766667 120.02728841
-0.65845049 294.74666667 120.06737436
-0.65690570 294.83800000 120.10480017
-0.65535796 294.91000000 120.13917570
-0.65381022 294.96133333 120.16979293
-0.65226248 294.99100000 120.19666388
-0.65071326 294.99833333 120.21985367
-0.64916404 294.98233333 120.23774798
-0.64761335 294.94433333 120.24760686
-0.64606265 294.88600000 120.24360919
-0.64451047 294.83500000 120.21344827
-0.64295830 294.87566667 120.16734013
-0.64140464 295.01766667 120.13220369
-0.63985099 295.13833333 120.09100312
-0.63829586 295.22266667 120.04554847
-0.63674073 295.30266667 120.01096563
-0.63518412 295.35133333 119.97793706
-0.63362751 295.38233333 119.94586253
-0.63207090 295.39866667 119.91510433
-0.63051133 295.39833333 119.88403365
-0.62895324 295.38433333 119.85138091
-0.62739368 295.35600000 119.81756888
-0.62583411 295.31500000 119.78263031
-0.62427306 295.26100000 119.74568477
-0.62271202 295.19466667 119.70757917
-0.62114950 295.11733333 119.66710877
-0.61958697 295.02833333 119.62459485
-0.61802445 294.92866667 119.57932557
-0.61646045 294.81833333 119.53247041
-0.61489497 294.69833333 119.48286094
-0.61333097 294.56833333 119.43124031
-0.61176401 294.42966667 119.37686614
-0.61019853 294.28200000 119.32012820
-0.60863157 294.12600000 119.26141546
-0.60706461 293.96233333 119.19948821
-0.60549618 293.79166667 119.13566175
-0.60392774 293.61400000 119.06866013
-0.60235783 293.42966667 118.99925910
-0.60078939 293.23966667 118.92757557
-0.59921800 293.04433333 118.85345439
-0.59764808 292.84500000 118.77662683
-0.59607669 292.64066667 118.69744169
-0.59450530 292.43200000 118.61594038
-0.59293243 292.21966667 118.53182089
-0.59135956 292.00333333 118.44547418
-0.58978669 291.78466667 118.35729040
-0.58821234 291.56400000 118.26629070
-0.58663799 291.34366667 118.17290207
-0.58506364 291.12300000 118.07742260
-0.58348781 290.90300000 117.97916650
-0.58191198 290.68366667 117.87881497
-0.58033616 290.46666667 117.77640885
-0.57875885 290.25166667 117.67151705
-0.57718302 290.03933333 117.56452055
-0.57560424 289.83066667 117.45541593
-0.57402693 289.62500000 117.34415384
-0.57244815 289.42400000 117.23030039
-0.57086937 289.22800000 117.11542898
-0.56929058 289.03733333 116.99752595
-0.56771032 288.85233333 116.87816358
-0.56613006 288.67300000 116.75685783
-0.56454980 288.50066667 116.63355324
-0.56296805 288.33533333 116.50872043
-0.56138779 288.17633333 116.38263744
-0.55980605 288.02533333 116.25438611
-0.55822283 287.88100000 116.12596292
-0.55664109 287.74300000 115.99611623
-0.55505787 287.61000000 115.86765494
-0.55347466 287.47966667 115.74047172
-0.55189144 287.34766667 115.61800602
-0.55030822 287.20600000 115.50608587
-0.54872352 287.02833333 115.42102436
-0.54713882 286.71200000 115.36481154
-0.54555413 286.16200000 115.28250541
-0.54396943 285.58000000 115.18376277
-0.54238325 285.10966667 115.10084354
-0.54079708 284.66800000 115.00512270
-0.53921090 284.25500000 114.89755589
-0.53762473 283.87266667 114.78592026
-0.53603855 283.51266667 114.66993399
-0.53445090 283.17200000 114.55040161
-0.53286472 282.84700000 114.42904703
-0.53127707 282.53400000 114.30548726
-0.52968942 282.23233333 114.18015119
-0.52810029 281.93966667 114.05390139
-0.52651263 281.65366667 113.92630199
-0.52492498 281.37366667 113.79859403
-0.52333585 281.09900000 113.67007650
-0.52174671 280.82766667 113.54138972
-0.52015758 280.56000000 113.41183322
-0.51856845 280.29400000 113.28302637
-0.51697932 280.02966667 113.15334646
-0.51538871 279.76666667 113.02478888
-0.51379958 279.50366667 112.89578878
-0.51220897 279.24066667 112.76666249
-0.51061836 278.97666667 112.63839377
-0.50902775 278.71166667 112.51080549
-0.50743714 278.44433333 112.38314424
-0.50584653 278.17533333 112.25627796
-0.50425592 277.90366667 112.13020574
-0.50266383 277.62800000 112.00449165
-0.50107322 277.34900000 111.88000466
-0.49948261 277.06533333 111.75599529
-0.49789052 276.77700000 111.63358685
-0.49629843 276.48266667 111.51171726
-0.49470782 276.18233333 111.39150964
-0.49311573 275.87500000 111.27184250
-0.49152364 275.56000000 111.15446034
-0.48993156 275.23700000 111.03861920
-0.48833947 274.90366667 110.92438593
-0.48674738 274.55900000 110.81195516
-0.48515529 274.20300000 110.70214432
-0.48356320 273.83633333 110.59402518
-0.48196964 273.45733333 110.48804123
-0.48037755 273.06666667 110.38395739
-0.47878546 272.66333333 110.28178476
-0.47719337 272.24700000 110.18129454
-0.47559980 271.81933333 110.08176004
-0.47400772 271.38100000 109.98245791
-0.47241563 270.93566667 109.88135562
-0.47082206 270.48900000 109.77480608
-0.46922997 270.05466667 109.65248730
-0.46763788 269.68500000 109.50438707
-0.46604432 269.48100000 109.35413630
-0.46445223 269.40400000 109.22185313
-0.46286014 269.30900000 109.08871075
-0.46126658 269.16200000 108.95100602
-0.45967449 268.99333333 108.81956728
-0.45808240 268.80966667 108.69447154
-0.45649031 268.60833333 108.57140684
-0.45489822 268.39366667 108.45111408
-0.45330613 268.16866667 108.33227900
-0.45171257 267.93400000 108.21527161
-0.45012048 267.69133333 108.10016625
-0.44852839 267.44233333 107.98652620
-0.44693778 267.18700000 107.87384105
-0.44534569 266.92666667 107.76255191
-0.44375360 266.66166667 107.65200194
-0.44216151 266.39300000 107.54277847
-0.44057090 266.12066667 107.43459098
-0.43897882 265.84533333 107.32671100
-0.43738821 265.56733333 107.22067870
-0.43579612 265.28666667 107.11488453
-0.43420551 265.00400000 107.01021344
-0.43261490 264.71933333 106.90615102
-0.43102429 264.43333333 106.80329540
-0.42943368 264.14566667 106.70121019
-0.42784307 263.85600000 106.59969325
-0.42625394 263.56433333 106.49955817
-0.42466333 263.27200000 106.40021287
-0.42307419 262.97966667 106.30150307
-0.42148358 262.68700000 106.20403383
-0.41989445 262.39433333 106.10692581
-0.41830532 262.10233333 106.01054537
-0.41671619 261.81000000 105.91542103
-0.41512853 261.51866667 105.82067263
-0.41353940 261.22800000 105.72666571
-0.41195175 260.93800000 105.63365420
-0.41036262 260.64933333 105.54147940
-0.40877496 260.36133333 105.45006277
-0.40718731 260.07466667 105.35921935
-0.40560114 259.78966667 105.26967539
-0.40401348 259.50533333 105.18063482
-0.40242731 259.22300000 105.09254962
-0.40084113 258.94200000 105.00507032
-0.39925496 258.66266667 104.91892064
-0.39766878 258.38500000 104.83303751
-0.39608261 258.10900000 104.74850087
-0.39449791 257.83500000 104.66469610
-0.39291321 257.56300000 104.58163522
-0.39132851 257.29333333 104.50004052
-0.38974382 257.02533333 104.41876639
-0.38816060 256.75933333 104.33907206
-0.38657738 256.49600000 104.25972258
-0.38499416 256.23500000 104.18162449
-0.38341094 255.97666667 104.10443931
-0.38182920 255.72066667 104.02773548
-0.38024598 255.46766667 103.95188015
-0.37866424 255.21833333 103.87698451
-0.37708398 254.97300000 103.80216898
-0.37550224 254.73233333 103.72779926
-0.37392198 254.49800000 103.65264278
-0.37234172 254.27266667 103.57516702
-0.37076145 254.06833333 103.49477404
-0.36918267 253.89433333 103.42073532
-0.36760388 253.72333333 103.35033130
-0.36602510 253.53633333 103.27880248
-0.36444780 253.34366667 103.21116164
-0.36286901 253.14400000 103.14563297
-0.36129171 252.93833333 103.08279703
-0.35971588 252.72833333 103.02223047
-0.35814005 252.51300000 102.96396081
-0.35656422 252.29400000 102.90733065
-0.35498840 252.07166667 102.85385091
-0.35341405 251.84600000 102.80173215
-0.35183970 251.61833333 102.75214918
-0.35026535 251.38833333 102.70421754
-0.34869248 251.15700000 102.65819450
-0.34711961 250.92466667 102.61456086
-0.34554674 250.69033333 102.57255402
-0.34397534 250.45600000 102.53242384
-0.34240395 250.22066667 102.49419551
-0.34083256 249.98533333 102.45846894
-0.33926264 249.75000000 102.42390926
-0.33769273 249.51500000 102.39121088
-0.33612429 249.28033333 102.36039665
-0.33455586 249.04700000 102.33148967
-0.33298742 248.81500000 102.30393125
-0.33142046 248.58433333 102.27794306
-0.32985350 248.35666667 102.25346505
-0.32828655 248.13133333 102.23000252
-0.32672107 247.90933333 102.20834798
-0.32515559 247.69066667 102.18693966
-0.32359159 247.47600000 102.16689579
-0.32202758 247.26600000 102.14776298
-0.32046358 247.06133333 102.12908664
-0.31890106 246.86266667 102.11119228
-0.31734002 246.67000000 102.09270218
-0.31577749 246.48533333 102.07439412
-0.31421793 246.30900000 102.05594452
-0.31265688 246.14400000 102.03597137
-0.31109731 245.99200000 102.01262879
-0.30953923 245.85666667 101.98622631
-0.30798114 245.74400000 101.95338131
-0.30642305 245.66100000 101.90870717
-0.30486644 245.63466667 101.84253103
-0.30330983 245.72633333 101.76690320
-0.30175470 245.94100000 101.71219151
-0.30019957 246.14533333 101.66049105
-0.29864591 246.29500000 101.60238015
-0.29709226 246.43000000 101.55391799
-0.29554008 246.53766667 101.51047693
-0.29398791 246.62200000 101.46943524
-0.29243721 246.68833333 101.43125066
-0.29088651 246.74166667 101.39591817
-0.28933730 246.78300000 101.36204171
-0.28778808 246.81500000 101.32991904
-0.28623886 246.83866667 101.29891656
-0.28469112 246.85666667 101.26918258
-0.28314485 246.86933333 101.24040501
-0.28159859 246.87766667 101.21271468
-0.28005381 246.88333333 101.18486869
-0.27850902 246.88700000 101.15778561
-0.27696572 246.88900000 101.13128915
-0.27542241 246.89066667 101.10430455
-0.27388059 246.89300000 101.07771547
-0.27234024 246.89566667 101.05154745
-0.27079989 246.90000000 101.02498743
-0.26925954 246.90666667 100.99819263
-0.26772067 246.91533333 100.97144676
-0.26618327 246.92700000 100.94397716
-0.26464588 246.94233333 100.91606579
-0.26310997 246.96066667 100.88816611
-0.26157405 246.98300000 100.85950764
-0.26003962 247.00966667 100.83054660
-0.25850518 247.04000000 100.80120895
-0.25697222 247.07366667 100.77154388
-0.25544074 247.11100000 100.74136296
-0.25390926 247.15166667 100.71094177
-0.25237926 247.19400000 100.68138114
-0.25084926 247.23700000 100.65191633
-0.24932074 247.27900000 100.62386299
-0.24779369 247.31666667 100.59879205
-0.24626665 247.34666667 100.57687561
-0.24474108 247.36233333 100.56147947
-0.24321552 247.35600000 100.55642337
-0.24169143 247.31333333 100.56685412
-0.24016882 247.21700000 100.60550505
-0.23864621 247.02700000 100.70151921
-0.23712508 246.58066667 100.85451113
-0.23560542 245.70733333 100.93874030
-0.23408577 244.79466667 100.94800134
-0.23256759 244.23366667 100.98114930
-0.23104942 243.89500000 101.00225663
-0.22953272 243.69533333 100.99406218
-0.22801750 243.62033333 100.97657429
-0.22650376 243.63333333 100.94997956
-0.22499002 243.71500000 100.91726146
-0.22347628 243.84966667 100.88027466
-0.22196550 244.02533333 100.83958811
-0.22045471 244.23366667 100.79620142
-0.21894541 244.46833333 100.75103631
-0.21743610 244.72466667 100.70447369
-0.21592827 244.99733333 100.65677169
-0.21442193 245.28400000 100.60811663
-0.21291705 245.58300000 100.55829635
-0.21141218 245.89100000 100.50817003
-0.20990879 246.20666667 100.45665295
-0.20840540 246.52866667 100.40386822
-0.20690496 246.85466667 100.34940048
-0.20540453 247.18433333 100.29203094
-0.20390557 247.51566667 100.23315892
-0.20240661 247.85000000 100.17391928
-0.20090913 248.18566667 100.11483333
-0.19941313 248.52166667 100.05650806
-0.19791861 248.85700000 99.99905182
-0.19642408 249.18900000 99.94281059
-0.19493104 249.51533333 99.88945245
-0.19343947 249.83266667 99.84064406
-0.19194791 250.13100000 99.80050509
-0.19045930 250.39133333 99.76694386
-0.18897069 250.60300000 99.73258840
-0.18748355 250.79200000 99.69325421
-0.18599642 250.99200000 99.65206973
-0.18451077 251.21700000 99.61116922
-0.18302659 251.46066667 99.56861455
-0.18154390 251.71700000 99.52371719
-0.18006268 251.98766667 99.47741128
-0.17858146 252.27200000 99.43011602
-0.17710172 252.57000000 99.38187115
-0.17562346 252.88100000 99.33172860
-0.17414667 253.20500000 99.28105201
-0.17266989 253.54166667 99.22872251
-0.17119606 253.89200000 99.17606414
-0.16972223 254.25600000 99.12170161
-0.16824841 254.63300000 99.06613970
-0.16677754 255.02433333 99.00976602
-0.16530667 255.42900000 98.95261558
-0.16383875 255.84800000 98.89399568
-0.16237084 256.28066667 98.83433578
-0.16090440 256.72866667 98.77388556
-0.15943796 257.19033333 98.71238804
-0.15797449 257.66733333 98.64940265
-0.15651101 258.15900000 98.58605217
-0.15504900 258.66600000 98.52120546
-0.15358848 259.18800000 98.45576786
-0.15212944 259.72566667 98.38926536
-0.15067039 260.27900000 98.32169503
-0.14921430 260.84800000 98.25377542
-0.14775822 261.43333333 98.18431051
-0.14630375 262.03400000 98.11471083
-0.14485062 262.65066667 98.04380977
-0.14339867 263.28366667 97.97204762
-0.14194791 263.93300000 97.89944928
-0.14049847 264.59900000 97.82645636
-0.13905022 265.28100000 97.75284438
-0.13760344 265.98000000 97.67861081
-0.13615770 266.69500000 97.60375321
-0.13471344 267.42766667 97.52849283
-0.13327021 268.17633333 97.45260414
-0.13182846 268.94233333 97.37655603
-0.13038804 269.72533333 97.30057069
-0.12894881 270.52566667 97.22370418
-0.12751090 271.34266667 97.14714372
-0.12607433 272.17700000 97.07111242
-0.12463893 273.02833333 96.99444085
-0.12320502 273.89666667 96.91852089
-0.12177229 274.78100000 96.84337122
-0.12034104 275.68166667 96.76872593
-0.11891096 276.59766667 96.69603565
-0.11748222 277.52766667 96.62480855
-0.11605496 278.46933333 96.55738244
-0.11462888 279.41833333 96.49543252
-0.11320413 280.36966667 96.44389749
-0.11178086 281.31000000 96.41360052
-0.11035892 282.17933333 96.40382755
-0.10893816 282.92700000 96.37474555
-0.10751888 283.69300000 96.32214276
-0.10610108 284.61066667 96.27972456
-0.10468446 285.61800000 96.23829130
-0.10326932 286.67500000 96.19288596
-0.10185551 287.77933333 96.14940611
-0.10044304 288.91933333 96.10832190
-0.09903203 290.09200000 96.07103410
-0.09762236 291.29400000 96.03637029
-0.09621417 292.52466667 96.00621536
-0.09480731 293.78400000 95.97985632
-0.09340178 295.07200000 95.95801600
-0.09199772 296.38933333 95.94161531
-0.09059500 297.73666667 95.93019324
-0.08919376 299.11533333 95.92422065
-0.08779384 300.52533333 95.92439968
-0.08639541 301.96866667 95.93144171
-0.08499845 303.44600000 95.94557792
-0.08360282 304.95900000 95.96704790
-0.08220867 306.50700000 95.99632253
-0.08081600 308.09166667 96.03363357
-0.07942466 309.71266667 96.07992388
-0.07803480 311.37166667 96.13755049
-0.07664641 313.06866667 96.21075602
-0.07525951 314.80300000 96.30142617
-0.07387393 316.57200000 96.41144663
-0.07248984 318.37133333 96.54458866
-0.07110722 320.19366667 96.70745196
-0.06972608 322.02866667 96.90946101
-0.06834642 323.85633333 97.17112470
-0.06696823 325.54133333 97.47570766
-0.06559138 326.98500000 97.67660495
-0.06421615 328.81400000 97.74365127
-0.06284240 331.64866667 97.84419466
-0.06146998 335.06166667 97.96715305
-0.06009919 338.68866667 98.05831432
-0.05872988 342.57433333 98.15256171
-0.05736204 346.68966667 98.24140928
-0.05599568 351.07066667 98.31071470
-0.05463080 355.77700000 98.34091404
-0.05326740 360.90366667 98.30301434
-0.05190548 366.58600000 98.15223072
-0.05054518 373.03900000 97.81077855
-0.04918636 380.59533333 97.18413646
-0.04782902 389.93866667 96.26122734
-0.04647316 402.23200000 95.60278954
-0.04511893 415.18933333 96.07432421
-0.04376617 421.74833333 96.65287346
-0.04241504 423.99533333 96.68482993
-0.04106524 428.24633333 96.95508359
-0.03971706 433.71133333 97.30735746
-0.03837051 439.89266667 97.56462416
-0.03702529 447.11700000 97.77661507
-0.03568185 455.39000000 97.89405989
-0.03433973 464.90433333 97.83304793
-0.03299939 475.96433333 97.44343591
-0.03166038 489.13866667 96.52323214
-0.03032315 505.82066667 95.05170435
-0.02898739 529.02066667 94.04899708
-0.02765326 556.04800000 95.25579232
-0.02632105 570.75533333 97.33658093
-0.02499002 570.13166667 98.53416873
-0.02366047 568.31533333 100.36576549
-0.02233255 567.64833333 103.42463122
-0.02100625 566.12266667 107.42155518
-0.01968143 565.41200000 112.66293915
-0.01835824 566.01633333 119.79297241
-0.01703653 569.28833333 129.89165226
-0.01571644 576.64500000 145.59724411
-0.01439801 592.93233333 174.45106568
-0.01308110 622.46733333 232.70674218
-0.01176578 625.92900000 257.45578986
-0.01045207 596.73166667 211.24096444
-0.00913993 572.65966667 164.75228735
-0.00782941 562.18133333 141.97607803
-0.00652048 556.40933333 129.50078878
-0.00521317 558.19400000 120.68923810
-0.00390746 560.02200000 115.12091470
-0.00260335 576.91200000 110.84085668
-0.00130087 613.87000000 108.82415324
-0.00000000 612.25100000 104.78010558
