# s/c   h_mean    h_std
0.00000000 552.26850195 110.19831912
0.00130087 552.41545604 110.25034272
0.00260174 552.38399109 110.41087731
0.00390261 552.18659984 110.67355325
0.00520348 551.83527526 111.03223567
0.00650435 551.34152178 111.48101701
0.00780522 550.71636657 112.01420962
0.00910609 549.97037048 112.62633857
0.01040697 549.11363909 113.31213466
0.01170784 548.15583346 114.06652760
0.01300871 547.10618087 114.88463958
0.01430958 545.97348541 115.76177905
0.01561045 544.76613842 116.69343483
0.01691132 543.49212888 117.67527049
0.01821219 542.15905361 118.70311901
0.01951306 540.77412740 119.77297773
0.02081393 539.34419304 120.88100350
0.02211480 537.87573113 122.02350813
0.02341567 536.37486990 123.19695397
0.02470176 534.84739485 124.39794974
0.02600263 533.29875824 125.62324649
0.02730350 531.73408853 126.86973372
0.02860437 530.15819966 128.13443565
0.02990524 528.57560024 129.41450754
0.03120611 526.99050256 130.70723222
0.03250698 525.40683159 132.01001660
0.03380786 523.82823375 133.32038834
0.03510873 522.25808561 134.63599251
0.03640960 520.69950252 135.95458835
0.03771047 519.15534703 137.27404615
0.03901134 517.62823725 138.59234399
0.04029743 516.12055508 139.90756477
0.04159830 514.63445433 141.21789305
0.04289917 513.17186870 142.52161207
0.04420004 511.73451967 143.81710075
0.04550091 510.32392425 145.10283076
0.04680178 508.94140260 146.37736353
0.04810265 507.58808560 147.63934742
0.04940352 506.26492219 148.88751484
0.05068961 504.97268674 150.12067939
0.05199048 503.71198611 151.33773310
0.05329135 502.48326681 152.53764362
0.05459222 501.28682186 153.71945152
0.05589309 500.12279762 154.88226756
0.05719396 498.99120051 156.02527004
0.05849483 497.89190354 157.14770216
0.05978092 496.82465284 158.24886941
0.06108179 495.78907394 159.32813703
0.06238266 494.78467802 160.38492745
0.06368353 493.81086803 161.41871784
0.06498440 492.86694464 162.42903764
0.06628528 491.95211215 163.41546617
0.06757136 491.06548424 164.37763024
0.06887223 490.20608956 165.31520183
0.07017310 489.37287732 166.22789583
0.07147398 488.56472262 167.11546776
0.07277485 487.78043178 167.97771161
0.07407572 487.01874746 168.81445767
0.07536180 486.27835376 169.62557040
0.07666268 485.55788111 170.41094641
0.07796355 484.85591106 171.17051241
0.07926442 484.17098104 171.90422325
0.08056529 483.50158887 172.61206000
0.08185138 482.84619723 173.29402804
0.08315225 482.20323804 173.95015530
0.08445312 481.57111661 174.58049038
0.08575399 480.94821580 175.18510090
0.08704008 480.33289997 175.76407178
0.08834095 479.72351889 176.31750359
0.08964182 479.11841142 176.84551096
0.09094269 478.51590920 177.34822107
0.09224356 477.91434013 177.82577214
0.09352965 477.31203179 178.27831195
0.09483052 476.70731470 178.70599652
0.09613139 476.09852546 179.10898869
0.09743226 475.48400983 179.48745686
0.09871835 474.86212565 179.84157373
0.10001922 474.23124559 180.17151510
0.10132009 473.58975991 180.47745874
0.10260618 472.93607900 180.75958321
0.10390705 472.26863579 181.01806691
0.10520792 471.58588816 181.25308696
0.10650879 470.88632110 181.46481833
0.10779488 470.16844883 181.65343285
0.10909575 469.43081676 181.81909838
0.11039662 468.67200338 181.96197796
0.11169749 467.89062199 182.08222907
0.11298358 467.08532230 182.18000282
0.11428445 466.25479201 182.25544333
0.11558532 465.39775810 182.30868706
0.11687141 464.51298819 182.33986216
0.11817228 463.59929166 182.34908797
0.11947315 462.65552065 182.33647446
0.12075924 461.68057106 182.30212176
0.12206011 460.67338326 182.24611972
0.12336098 459.63294286 182.16854750
0.12466185 458.55828120 182.06947322
0.12594794 457.44847583 181.94895360
0.12724881 456.30265086 181.80703375
0.12854968 455.11997712 181.64374682
0.12983577 453.88440042 181.45300851
0.13113664 453.51766225 181.26487262
0.13243751 452.73206107 181.01373027
0.13372359 451.54736719 180.77491149
0.13502447 450.32224102 180.57240572
0.13632534 449.05765552 180.38511897
0.13761142 447.78438916 180.19622977
0.13891229 446.40581168 179.97812362
0.14019838 444.76813393 179.68966767
0.14149925 442.73256104 179.27760743
0.14280012 440.41182930 178.77665566
0.14408621 438.03560772 178.26538005
0.14538708 435.80444406 177.82199341
0.14668795 433.87565194 177.47259611
0.14797404 432.14933903 177.15045375
0.14927491 430.41958839 176.80741811
0.15056100 428.51016053 176.40244826
0.15186187 426.45841632 175.94742111
0.15316274 424.41327433 175.48681802
0.15444883 422.44659069 175.02674950
0.15574970 420.46354767 174.52701331
0.15703579 418.39923253 173.96854092
0.15833666 416.42752552 173.39209573
0.15963753 414.78725810 172.84341507
0.16092362 413.19237366 172.25829790
0.16222449 411.07845596 171.50081171
0.16351058 408.29952088 170.52468183
0.16481145 405.17665918 169.43380405
0.16611232 402.09449632 168.35766913
0.16739841 399.17411971 167.36515368
0.16869928 396.40192237 166.44162233
0.16998537 393.68693239 165.54245419
0.17128624 390.99031999 164.65614359
0.17257232 388.30818645 163.76539590
0.17387319 385.66433371 162.85909521
0.17517407 383.11007155 161.92737115
0.17646015 380.68911691 160.96038856
0.17776102 378.43538761 159.95536233
0.17904711 376.31030368 158.90518568
0.18034798 374.26582435 157.81630719
0.18163407 372.18835678 156.68027426
0.18293494 369.92986997 155.48215550
0.18422103 367.34692287 154.19258550
0.18552190 364.44757942 152.81326724
0.18680799 361.43357543 151.40535054
0.18810886 358.66324918 150.08397664
0.18939495 356.41346502 148.87766738
0.19069582 354.24266077 147.64012730
0.19199669 351.51949123 146.21678021
0.19328278 348.08708891 144.55405003
0.19458365 344.24756825 142.76579370
0.19586974 340.35996299 140.99353908
0.19717061 336.50038922 139.26954922
0.19845669 332.64083239 137.55377801
0.19975757 328.73184329 135.80123473
0.20104365 324.79581948 134.03059368
0.20234452 320.99519577 132.31989573
0.20363061 317.54294422 130.73212784
0.20493148 314.23786039 129.14763153
0.20621757 310.54239755 127.42313953
0.20750366 306.11530849 125.48426154
0.20880453 301.06994214 123.36504601
0.21009062 295.72109222 121.20751244
0.21139149 290.34292559 119.10757581
0.21267758 285.12252062 117.06719649
0.21397845 280.05144364 115.00520254
0.21526454 274.93205483 112.85318314
0.21656541 269.53963799 110.58763464
0.21785149 263.85259701 108.24626972
0.21915236 257.93686030 105.85266482
0.22043845 251.88590655 103.43593294
0.22173932 245.78252305 101.02313620
0.22302541 239.68880294 98.63105152
0.22432628 233.54146943 96.22624424
0.22561237 227.18665830 93.75304072
0.22689846 220.55291824 91.18125818
0.22819933 213.58032529 88.49367628
0.22948542 206.30540949 85.73827291
0.23078629 198.97384643 83.00156489
0.23207238 191.79240563 80.31165716
0.23337325 184.84332730 77.67279611
0.23465933 178.06086360 75.08541755
0.23594542 171.27121245 72.54697547
0.23724629 164.37329317 70.06256790
0.23853238 157.45613142 67.63003111
0.23983325 150.66906488 65.21658350
0.24111934 144.01460697 62.77268276
0.24240543 137.48619240 60.29495682
0.24370630 130.98707245 57.78082502
0.24499239 124.33143158 55.24440746
0.24629326 117.58089229 52.74725735
0.24757935 110.93559120 50.32775289
0.24886543 104.49223252 47.98335911
0.25016630 98.32927186 45.71449539
0.25145239 92.39714483 43.48527251
0.25275326 86.44544307 41.24608512
0.25403935 80.34312375 38.99872500
0.25532544 74.17148890 36.75890059
0.25662631 68.03790350 34.53443824
0.25791240 62.06678760 32.35511936
0.25919849 56.37934316 30.26403755
0.26049936 51.05302589 28.28349649
0.26178545 46.13540103 26.41321333
0.26307153 41.56009032 24.62029256
0.26437240 37.03294779 22.82787254
0.26565849 32.31579800 20.96786014
0.26695936 27.37425498 18.99770943
0.26824545 22.44602260 16.96117270
0.26953154 17.79495463 14.94557540
0.27083241 13.43874498 13.04574275
0.27211850 9.47382743 11.37031008
0.27340459 5.93544316 9.91078602
0.27470546 2.53729890 8.52176152
0.27599154 -0.98860257 7.07613903
0.27727763 -4.67662124 5.53804980
0.27857850 -8.39702299 3.94586907
0.27986459 -11.89262200 2.39994342
0.28115068 -14.84733787 1.02121605
0.28243677 -17.21404721 0.28482645
0.28373764 -19.51840445 1.39303894
0.28502373 -22.04837776 2.43261421
0.28630981 -24.71846260 3.42815383
0.28761068 -27.25261041 4.47757129
0.28889677 -29.30423082 5.54755901
0.29018286 -31.02987584 6.55437371
0.29148373 -32.56499238 7.39357043
0.29276982 -33.76317727 8.00494936
0.29405591 -34.61318361 8.46721231
0.29534200 -35.29833167 8.91102389
0.29664287 -35.96621513 9.40322066
0.29792895 -36.64296610 9.94398889
0.29921504 -37.25945723 10.46781653
0.30051591 -37.69255385 10.88554230
0.30180200 -37.84013435 11.14768597
0.30308809 -37.72660189 11.27369968
0.30437418 -37.45727467 11.33880098
0.30567505 -37.06213938 11.40244836
0.30696114 -36.62009403 11.51383811
0.30824722 -36.19499895 11.67687920
0.30953331 -35.72288214 11.84876446
0.31083418 -35.17599906 11.99430978
0.31212027 -34.53350148 12.06311694
0.31340636 -33.69677181 12.00207703
0.31469245 -32.45923549 11.77833251
0.31599332 -30.78131838 11.42154774
0.31727941 -28.86150396 10.98304565
0.31856549 -26.79843379 10.49394175
0.31985158 -24.62230212 9.98352716
0.32115245 -22.52485000 9.53389825
0.32243854 -20.71165548 9.20015530
0.32372463 -19.28379668 9.00507129
0.32501072 -18.21002919 8.93850477
0.32629681 -17.32515834 8.92959422
0.32759768 -16.46250776 8.91313119
0.32888376 -15.50863397 8.84500540
0.33016985 -14.39247134 8.70212003
0.33145594 -13.09346219 8.48129747
0.33275681 -11.70624946 8.23164190
0.33404290 -10.38815239 8.01566471
0.33532899 -9.23417996 7.86676171
0.33661508 -8.21699968 7.76539692
0.33790116 -7.25416959 7.68323878
0.33918725 -6.23484559 7.58355853
0.34048812 -5.13219754 7.44790887
0.34177421 -4.00714635 7.29036505
0.34306030 -2.95598621 7.12248241
0.34434639 -2.10014816 6.97838225
0.34563247 -1.55948509 6.88103849
0.34693335 -1.33074251 6.85022436
0.34821943 -1.36684236 6.89374683
0.34950552 -1.54109163 6.98242974
0.35079161 -1.62004520 7.06103117
0.35207770 -1.44839991 7.07084050
0.35336379 -1.00163514 7.00029969
0.35466466 -0.40874258 6.87776533
0.35595074 0.09852807 6.75056487
0.35723683 0.35765742 6.65633919
0.35852292 0.32441356 6.61045647
0.35980901 0.02526092 6.61783155
0.36109510 -0.43220919 6.67187236
0.36238118 -0.96989664 6.74478088
0.36368206 -1.52382909 6.82318163
0.36496814 -1.98180445 6.88208647
0.36625423 -2.26532321 6.90132881
0.36754032 -2.37065091 6.88657329
0.36882641 -2.49531445 6.89001450
0.37011250 -2.83359045 6.96797068
0.37139858 -3.45435211 7.14925753
0.37269945 -4.28439326 7.41574298
0.37398554 -5.12713789 7.71182712
0.37527163 -5.86556913 7.99326503
0.37655772 -6.45351971 8.22787959
0.37784381 -6.93645951 8.40519542
0.37912989 -7.43342942 8.53823808
0.38041598 -7.99781626 8.64944031
0.38170207 -8.55841491 8.74828307
0.38298816 -9.04690562 8.85749589
0.38428903 -9.48945664 9.00858614
0.38557512 -9.97135985 9.22417906
0.38686121 -10.53015697 9.50224894
0.38814729 -11.19346772 9.84073140
0.38943338 -11.99279950 10.23884952
0.39071947 -12.93530106 10.68971721
0.39200556 -14.00085656 11.18510333
0.39329165 -15.14723553 11.71053242
0.39457773 -16.36156684 12.26247699
0.39586382 -17.66220009 12.84138413
0.39714991 -19.11452726 13.46594595
0.39843600 -20.65721891 14.11810828
0.39973687 -22.09200941 14.74653705
0.40102296 -23.13941965 15.26567574
0.40230905 -23.76157412 15.65815984
0.40359513 -24.12917360 15.98334363
0.40488122 -24.49044827 16.34784074
0.40616731 -25.09970066 16.82620756
0.40745340 -25.92192038 17.36166659
0.40873949 -26.76178680 17.87311354
0.41002557 -27.40004534 18.29725381
0.41131166 -27.83488994 18.64602377
0.41259775 -28.23877125 18.98691008
0.41388384 -28.78207708 19.37300573
0.41516993 -29.52462218 19.83571964
0.41645601 -30.56792465 20.43002063
0.41774210 -32.19701192 21.25350197
0.41902819 -34.71913793 22.37140659
0.42031428 -37.88020956 23.69076715
0.42160037 -40.99601416 25.00142526
0.42288645 -43.62929926 26.15232876
0.42417254 -45.81544247 27.15111248
0.42545863 -47.80585781 28.07808403
0.42674472 -49.70136945 28.99244974
0.42803081 -51.54523391 29.90574487
0.42931690 -53.42420432 30.84668665
0.43060298 -55.48466874 31.87911508
0.43188907 -57.78096922 33.01643114
0.43317516 -60.27266391 34.23661782
0.43446125 -62.91631991 35.52333661
0.43574734 -65.65548651 36.85107253
0.43703342 -68.46063486 38.20808618
0.43831951 -71.29793022 39.57917727
0.43960560 -74.15603079 40.95957194
0.44089169 -76.99996979 42.33705422
0.44217778 -79.80261293 43.70775304
0.44346386 -82.53920596 45.06404193
0.44474995 -85.19980152 46.39283697
0.44603604 -87.89883266 47.74078683
0.44732213 -90.88567260 49.24064221
0.44860822 -94.52336281 51.01893441
0.44989430 -98.66608890 52.99133013
0.45118039 -102.70166276 54.91402669
0.45246648 -106.20475821 56.60907078
0.45375257 -109.17880951 58.07818277
0.45503866 -111.81709238 59.41185000
0.45632474 -114.09973372 60.61428719
0.45761083 -115.92977750 61.62991433
0.45889692 -117.29883199 62.45290386
0.46018301 -118.37966338 63.17438823
0.46146910 -119.53798296 63.97168504
0.46275519 -121.23449828 65.02472376
0.46404127 -123.53448617 66.28820741
0.46532736 -126.02815982 67.60391585
0.46661345 -128.26240871 68.81930744
0.46789954 -130.17898629 69.89282065
0.46917084 -132.03033292 70.94477030
0.47045693 -134.03102400 72.09186565
0.47174302 -136.28861713 73.37903251
0.47302911 -138.66609822 74.71496146
0.47431520 -140.94842664 76.00088376
0.47560128 -143.00148314 77.17845522
0.47688737 -144.78810486 78.23965462
0.47817346 -146.35275011 79.21226027
0.47945955 -147.81369851 80.15153363
0.48074564 -149.31038538 81.11833927
0.48203172 -150.99192593 82.17409999
0.48331781 -152.87981148 83.32016466
0.48460390 -154.87067159 84.51048515
0.48587521 -156.80476440 85.67334405
0.48716129 -158.57200646 86.75075895
0.48844738 -160.18781492 87.74448192
0.48973347 -161.69472507 88.68158089
0.49101956 -163.14775213 89.59651382
0.49230565 -164.59071637 90.51243788
0.49359173 -166.06132316 91.44834130
0.49487782 -167.58753138 92.41461319
0.49616391 -169.18182283 93.41443024
0.49743522 -170.83404308 94.44086732
0.49872130 -172.50641348 95.47483723
0.50000739 -174.15167305 96.49529769
0.50129348 -175.71930396 97.48025391
0.50257957 -177.15992311 98.40442895
0.50386566 -178.44034349 99.25407725
0.50515174 -179.56623699 100.03260417
0.50643783 -180.58216786 100.76766602
0.50770914 -181.55871512 101.49734387
0.50899523 -182.55522756 102.24800123
0.51028131 -183.55148494 103.00274856
0.51156740 -184.47459913 103.72258034
0.51285349 -185.25753548 104.37389472
0.51413958 -185.88500690 104.94347655
0.51542567 -186.36129244 105.43185491
0.51669697 -186.73429275 105.86209278
0.51798306 -187.08523350 106.28472642
0.51926915 -187.51601785 106.75282961
0.52055524 -188.13910568 107.30911669
0.52184132 -188.99314882 107.95829225
0.52312741 -189.94507168 108.64298870
0.52439872 -190.75059506 109.25351342
0.52568480 -191.18876852 109.67629884
0.52697089 -191.16877976 109.86893977
0.52825698 -190.79669790 109.88989642
0.52954307 -190.28388275 109.86671765
0.53082916 -189.92542629 109.94353596
0.53210046 -189.93218814 110.18799915
0.53338655 -190.14837179 110.51449058
0.53467264 -190.29949061 110.79410008
0.53595873 -190.20065631 110.93724197
0.53724481 -189.85245134 110.94359694
0.53853090 -189.44197439 110.90399074
0.53980221 -189.20912376 110.95199239
0.54108830 -189.36014344 111.17327262
0.54237438 -189.82475762 111.50368939
0.54366047 -190.41859048 111.86812464
0.54494656 -190.94881616 112.18027794
0.54621787 -191.25391223 112.36219116
0.54750395 -191.35691397 112.43044348
0.54879004 -191.36818808 112.45929303
0.55007613 -191.46291092 112.53976424
0.55134744 -191.78672838 112.72586592
0.55263352 -192.33638647 113.00396002
0.55391961 -192.96213082 113.30092948
0.55520570 -193.47426495 113.54030224
0.55649179 -193.79243328 113.68773301
0.55776309 -194.00403719 113.78514166
0.55904918 -194.28100977 113.91626988
0.56033527 -194.76613250 114.14400898
0.56162136 -195.52643051 114.49088382
0.56289266 -196.46048222 114.90790885
0.56417875 -197.43680710 115.33868820
0.56546484 -198.33792384 115.73164274
0.56675093 -199.08008702 116.04914453
0.56803702 -199.63017038 116.27419843
0.56930832 -199.96318208 116.39742860
0.57059441 -200.10796701 116.43867799
0.57188050 -200.14294134 116.44756728
0.57316659 -200.19034582 116.48704153
0.57443789 -200.36497115 116.59565861
0.57572398 -200.76832649 116.80192403
0.57701007 -201.46112520 117.11177026
0.57829616 -202.46513488 117.52991500
0.57956746 -203.66160942 118.01031557
0.58085355 -204.85970030 118.49065093
0.58213964 -205.86330415 118.89751655
0.58341094 -206.54681767 119.16370903
0.58469703 -206.93215037 119.29847672
0.58598312 -207.10220040 119.33960465
0.58726921 -207.14783121 119.33758774
0.58854051 -207.16977792 119.34005795
0.58982660 -207.25714757 119.38079048
0.59111269 -207.38436303 119.44170522
0.59239878 -207.41775910 119.45293730
0.59367008 -207.25102199 119.37190844
0.59495617 -206.96076335 119.23931090
0.59624226 -206.69175349 119.11743907
0.59751356 -206.57717141 119.06121293
0.59879965 -206.71121308 119.10888119
0.60008574 -207.12741755 119.26632399
0.60137183 -207.81238899 119.52642885
0.60264313 -208.66796325 119.84551108
0.60392922 -209.51899039 120.15815607
0.60521531 -210.16719474 120.38067745
0.60648661 -210.44871812 120.43425523
0.60777270 -210.32964949 120.30669404
0.60905879 -209.91046311 120.04678587
0.61033010 -209.41299067 119.76486039
0.61161618 -209.05397389 119.55011493
0.61290227 -208.93347724 119.43075490
0.61417358 -209.05419005 119.40003898
0.61545967 -209.34154490 119.42742397
0.61674575 -209.73869249 119.49742983
0.61801706 -210.23150313 119.60978689
0.61930315 -210.79417378 119.75393705
0.62058924 -211.39524421 119.91618045
0.62187532 -212.03100671 120.09563127
0.62314663 -212.75807316 120.31629774
0.62443272 -213.64431903 120.60172816
0.62571880 -214.72317004 120.96007779
0.62699011 -215.87260286 121.33650318
0.62827620 -216.88828706 121.64842044
0.62954750 -217.60793702 121.83091438
0.63083359 -217.99021450 121.86607832
0.63211968 -218.08940767 121.77958340
0.63339099 -217.96213379 121.59819102
0.63467707 -217.69808396 121.36967735
0.63596316 -217.40885540 121.14727685
0.63723447 -217.22000847 120.98315363
0.63852056 -217.25070827 120.92319507
0.63980664 -217.62751619 121.01362511
0.64107795 -218.39582726 121.26552168
0.64236404 -219.49570527 121.64832304
0.64365012 -220.82674174 122.12161710
0.64492143 -222.32691832 122.66487555
0.64620752 -223.95513068 123.26346188
0.64749361 -225.67262041 123.90186946
0.64876491 -227.44255694 124.56651172
0.65005100 -229.22297737 125.24005979
0.65132231 -230.97179574 125.90542139
0.65260839 -232.64541342 126.54345767
0.65389448 -234.19392548 127.13122549
0.65516579 -235.57588536 127.64973466
0.65645188 -236.77670841 128.09423022
0.65772318 -237.81358657 128.47777030
0.65900927 -238.73560991 128.82849262
0.66029536 -239.55992296 129.15557713
0.66156666 -240.26669936 129.44731056
0.66285275 -240.80566543 129.67205402
0.66413884 -241.17310781 129.82237475
0.66541014 -241.47871342 129.94891658
0.66669623 -241.87717799 130.12710428
0.66796754 -242.48249509 130.41046394
0.66925363 -243.31549355 130.80470784
0.67053971 -244.35281963 131.29372835
0.67181102 -245.57814644 131.87074315
0.67309711 -246.91430530 132.49783151
0.67436841 -248.16832306 133.09202803
0.67565450 -249.14879462 133.57045291
0.67692581 -249.80779580 133.91196242
0.67821189 -250.19348949 134.14737611
0.67949798 -250.34017615 134.28995129
0.68076929 -250.23892727 134.33490523
0.68205538 -249.86348562 134.26702041
0.68332668 -249.27123634 134.11472593
0.68461277 -248.68934647 133.98958238
0.68589886 -248.37107072 134.00458526
0.68717016 -248.37138338 134.16931366
0.68845625 -248.55086592 134.40944774
0.68972756 -248.79168503 134.67548733
0.69101364 -249.04448386 134.95050261
0.69228495 -249.26638167 135.21466837
0.69357104 -249.44277773 135.46235766
0.69484234 -249.57273207 135.69466157
0.69612843 -249.68979778 135.92628284
0.69741452 -249.85939780 136.18899721
0.69868582 -250.13470301 136.50614100
0.69997191 -250.49733243 136.86559752
0.70124322 -250.81686836 137.20613248
0.70252931 -251.00305779 137.49340112
0.70380061 -251.09533837 137.75234878
0.70508670 -251.15955408 138.00605412
0.70635801 -251.21850907 138.25471542
0.70764409 -251.23398073 138.47088506
0.70893018 -251.17497628 138.63805550
0.71020149 -251.01217629 138.74206680
0.71148758 -250.72774134 138.77720932
0.71275888 -250.33074832 138.75254926
0.71404497 -249.90092240 138.71528818
0.71531627 -249.57814402 138.74127488
0.71660236 -249.42833495 138.85115814
0.71787367 -249.39190742 139.00393496
0.71915976 -249.35877080 139.14495022
0.72043106 -249.26633712 139.24961692
0.72171715 -249.09698440 139.31536561
0.72298845 -248.86475046 139.35272846
0.72427454 -248.60856194 139.38302489
0.72554585 -248.35217445 139.41656644
0.72683194 -248.06262503 139.43184408
0.72810324 -247.67116846 139.38908589
0.72938933 -247.13172468 139.25893594
0.73066064 -246.47892404 139.05983836
0.73194672 -245.78813824 138.83328605
0.73321803 -245.12315620 138.61434478
0.73450412 -244.51873285 138.42051763
0.73577542 -243.96254543 138.24165246
0.73706151 -243.42932032 138.06415948
0.73833282 -242.89904545 137.87715268
0.73961890 -242.35899276 137.67507904
0.74089021 -241.79574979 137.45152003
0.74217630 -241.19692651 137.20160014
0.74344760 -240.54902766 136.91943083
0.74473369 -239.84100636 136.60052203
0.74600500 -239.07894084 136.24994275
0.74729108 -238.28745791 135.88077256
0.74856239 -237.50409967 135.51188288
0.74984848 -236.76431505 135.15943854
0.75111978 -236.09247683 134.83362073
0.75240587 -235.50159285 134.53905495
0.75367718 -234.99646649 134.27679277
0.75496327 -234.57668948 134.04582040
0.75623457 -234.23954181 133.84439233
0.75752066 -233.98024209 133.67007428
0.75879196 -233.79375246 133.52048923
0.76007805 -233.67523748 133.39343717
0.76134936 -233.62440398 133.28890371
0.76263545 -233.64481730 133.20842464
0.76390675 -233.74736363 133.15690330
0.76517806 -233.95079571 133.14258491
0.76646414 -234.28433078 133.17939953
0.76773545 -234.78495883 133.28595603
0.76902154 -235.46197548 133.46742880
0.77029284 -236.27383539 133.70486058
0.77157893 -237.13813280 133.96128326
0.77285024 -237.99152311 134.21200665
0.77413633 -238.79475243 134.44328782
0.77540763 -239.52166782 134.64600753
0.77669372 -240.15875228 134.81654586
0.77796502 -240.68804293 134.94693320
0.77923633 -241.11483216 135.04116360
0.78052242 -241.46300558 135.11057065
0.78179372 -241.76937868 135.17241235
0.78307981 -242.06882153 135.24293180
0.78435112 -242.40159988 135.34030075
0.78563720 -242.79161046 135.47423772
0.78690851 -243.23492362 135.63887746
0.78817982 -243.73005412 135.83106224
0.78946590 -244.27490345 136.04721035
0.79073721 -244.86913349 136.28466370
0.79202330 -245.51047919 136.53989270
0.79329460 -246.19044623 136.80745725
0.79458069 -246.89296659 137.07882503
0.79585200 -247.59055794 137.34202604
0.79712330 -248.25978517 137.58997007
0.79840939 -248.88300999 137.81847652
0.79968070 -249.44229499 138.02320713
0.80096678 -249.92245801 138.19845246
0.80223809 -250.32440807 138.34597655
0.80350939 -250.67539500 138.47680793
0.80479548 -251.04754377 138.62579368
0.80606679 -251.50146302 138.81672699
0.80735288 -252.05583805 139.05546871
0.80862418 -252.69973169 139.33658647
0.80989549 -253.40741104 139.64498246
0.81118157 -254.17872213 139.98155183
0.81245288 -255.02867293 140.35178504
0.81373897 -255.97348433 140.76230173
0.81501027 -256.99287545 141.20203150
0.81628158 -258.03996901 141.64955954
0.81756767 -259.07901551 142.09157439
0.81883897 -260.08398644 142.51715153
0.82012506 -261.02871804 142.91564389
0.82139637 -261.86943022 143.26529030
0.82266767 -262.54405823 143.53480727
0.82395376 -263.04445054 143.72528734
0.82522507 -263.47515039 143.89325313
0.82651115 -263.98054666 144.10916961
0.82778246 -264.63548889 144.40283446
0.82905376 -265.44696702 144.77309672
0.83033985 -266.39613058 145.20877729
0.83161116 -267.45781026 145.69802494
0.83288246 -268.60327971 146.22817168
0.83416855 -269.80104815 146.78530531
0.83543986 -271.01501157 147.35364083
0.83672594 -272.20900710 147.91715060
0.83799725 -273.35312986 148.46300115
0.83926856 -274.42199996 148.97992976
0.84055464 -275.39308357 149.45799678
0.84182595 -276.24595131 149.88727403
0.84309725 -276.96561180 150.26074141
0.84438334 -277.55110962 150.57732052
0.84565465 -278.02048716 150.84496078
0.84692595 -278.41945099 151.08481567
0.84821204 -278.82607331 151.33251403
0.84948335 -279.33788748 151.63233214
0.85076944 -280.01533991 152.00863436
0.85204074 -280.82423349 152.44072155
0.85331205 -281.67834002 152.89007311
0.85459813 -282.51253003 153.33103649
0.85586944 -283.28868689 153.74748388
0.85714075 -283.98618796 154.13100852
0.85842683 -284.59279450 154.47380608
0.85969814 -285.10875319 154.77454409
0.86096944 -285.54661082 155.03519839
0.86225553 -285.95345514 155.27824423
0.86352684 -286.42245615 155.54669565
0.86479814 -287.07899242 155.90339807
0.86608423 -288.03581674 156.40453754
0.86735554 -289.29977027 157.05111821
0.86862684 -290.77807414 157.80009733
0.86991293 -292.35428908 158.59368207
0.87118424 -293.93939910 159.38979229
0.87245554 -295.45410665 160.15280242
0.87374163 -296.83348438 160.85588327
0.87501293 -298.01860567 161.47437569
0.87628424 -298.95530956 161.98388559
0.87757033 -299.61941318 162.37275084
0.87884163 -300.00375195 162.63625070
0.88011294 -300.12502126 162.78209770
0.88138424 -300.01877780 162.82889028
0.88267033 -299.73050384 162.80007516
0.88394164 -299.30887312 162.72094725
0.88521294 -298.79656597 162.61145923
0.88649903 -298.24899433 162.49933914
0.88777034 -297.74813504 162.42698675
0.88904164 -297.34546639 162.41830644
0.89032773 -297.01952423 162.45739479
0.89159904 -296.73946927 162.52329834
0.89287034 -296.51443027 162.61513533
0.89415643 -296.36417974 162.73692795
0.89542774 -296.29358154 162.88651743
0.89669904 -296.28444493 163.05367955
0.89797035 -296.31144055 163.22755513
0.89925643 -296.34802337 163.39917205
0.90052774 -296.37411970 163.56172304
0.90179905 -296.36822537 163.70795962
0.90308513 -296.30822458 163.82867808
0.90435644 -296.17433431 163.91507599
0.90562774 -295.94548750 163.95815032
0.90691383 -295.60705531 163.95011227
0.90818514 -295.15084157 163.88663773
0.90945644 -294.57948287 163.76874751
0.91072775 -293.92152670 163.61066955
0.91201384 -293.21975713 163.43369467
0.91328514 -292.52441812 163.26104266
0.91455645 -291.88481951 163.11323444
0.91582775 -291.34227782 163.00615790
0.91711384 -290.94129626 162.95604389
0.91838515 -290.71304103 162.97297191
0.91965645 -290.67458751 163.06226110
0.92094254 -290.81743189 163.22016646
0.92221385 -291.08509493 163.42342990
0.92348515 -291.38060382 163.63089991
0.92475646 -291.61105835 163.80209173
0.92604254 -291.74031758 163.92272682
0.92731385 -291.78486732 164.00205934
0.92858516 -291.77023345 164.05316753
0.92985646 -291.71849164 164.08776413
0.93114255 -291.64044969 164.11234795
0.93241385 -291.54872463 164.13394023
0.93368516 -291.47151927 164.17055679
0.93495647 -291.46428902 164.25434334
0.93624255 -291.55132027 164.39703183
0.93751386 -291.72827063 164.59004899
0.93878516 -292.05434003 164.85580483
0.94005647 -292.59205142 165.21613968
0.94134256 -293.29055824 165.63606737
0.94261386 -294.03433806 166.05988716
0.94388517 -294.74920618 166.45958789
0.94515647 -295.40417485 166.82607249
0.94644256 -295.97222768 167.15029477
0.94771387 -296.42654347 167.42170849
0.94898517 -296.74651869 167.63159136
0.95025648 -296.91807559 167.77512046
0.95154257 -296.92863964 167.84449557
0.95281387 -296.76284427 167.83118521
0.95408518 -296.43413589 167.74132594
0.95535648 -296.02705855 167.61996229
0.95664257 -295.69656985 167.54728904
0.95791388 -295.59730964 167.59641777
0.95918518 -295.80755918 167.79580941
0.96045649 -296.27665127 168.11068835
0.96174258 -296.89487308 168.48976758
0.96301388 -297.58011336 168.89903775
0.96428519 -298.28451034 169.32057469
0.96555649 -298.95914830 169.73235335
0.96682780 -299.54846853 170.10739979
0.96811389 -300.01539118 170.42887562
0.96938519 -300.33647416 170.68605216
0.97065650 -300.50944547 170.88019105
0.97192780 -300.54363108 171.01570975
0.97321389 -300.45588381 171.10168266
0.97448520 -300.26955771 171.14920363
0.97575650 -300.02316814 171.17556973
0.97702781 -299.76803132 171.20388830
0.97829911 -299.55862031 171.25659877
0.97958520 -299.43981653 171.35083830
0.98085651 -299.42899690 171.49087284
0.98212781 -299.51539677 171.66993024
0.98339912 -299.67448997 171.87767260
0.98468520 -299.87537429 172.10254038
0.98595651 -300.09152661 172.33558593
0.98722781 -300.29519809 172.56789952
0.98849912 -300.45512276 172.78639832
0.98977043 -300.54683376 172.98175599
0.99105651 -300.55444683 173.14858303
0.99232782 -300.47424039 173.28624475
0.99359912 -300.30276703 173.39428765
0.99487043 -300.03219798 173.46938690
0.99614174 -299.64541200 173.50278299
0.99742782 -299.13030253 173.48784984
0.99869913 -298.48839824 173.42373936
0.99997043 -297.74001764 173.31941464
1.00124174 -296.92094613 173.19128908
1.00251305 -296.06443017 173.05270483
1.00378435 -295.19089894 172.91087373
1.00507044 -294.30335606 172.76416871
1.00634174 -293.39622869 172.60803042
1.00761305 -292.46351166 172.43845480
1.00888436 -291.50214577 172.25336010
1.01015566 -290.51176437 172.05210419
1.01144175 -289.49398920 171.83504216
1.01271305 -288.45155905 171.60300299
1.01398436 -287.38871211 171.35756770
1.01525567 -286.31138042 171.10111222
1.01652697 -285.22708884 170.83699469
1.01779828 -284.14251701 170.56833780
1.01908436 -283.05908721 170.29558554
1.02035567 -281.96979248 170.01524890
1.02162698 -280.85711416 169.71918373
1.02289828 -279.68439281 169.38881679
1.02416959 -278.40490289 169.00037848
1.02545567 -276.99859198 168.54437729
1.02672698 -275.48443136 168.03047319
1.02799829 -273.89539391 167.47384363
1.02926959 -272.25432216 166.88418452
1.03054090 -270.58015848 166.26934216
1.03181220 -268.89149994 165.63682131
1.03309829 -267.20782339 164.99481657
1.03436960 -265.55606807 164.35578462
1.03564090 -263.94896049 163.72484668
1.03691221 -262.37566690 163.09601149
1.03818351 -260.81187394 162.45780828
1.03945482 -259.23953886 161.80290256
1.04072612 -257.64231290 161.12498988
1.04201221 -256.00437422 160.41717897
1.04328352 -254.31411142 159.67511884
1.04455482 -252.55901014 158.89330579
1.04582613 -250.73189712 158.06858349
1.04709743 -248.82698830 157.19788512
1.04836874 -246.84135422 156.27897767
1.04965483 -244.78128559 155.31420353
1.05092613 -242.66361367 154.31159857
1.05219744 -240.51805985 153.28584652
1.05346874 -238.37056134 152.24862366
1.05474005 -236.23858265 151.20743009
1.05601135 -234.14670797 150.17387436
1.05728266 -232.12923077 149.16573162
1.05856875 -230.22023966 148.20059300
1.05984005 -228.43392451 147.28844360
1.06111136 -226.72539221 146.40663448
1.06238266 -225.02837698 145.52634494
1.06365397 -223.29510797 144.62730204
1.06492527 -221.50075150 143.69994482
1.06619658 -219.63916985 142.74700698
1.06746788 -217.69478848 141.76157296
1.06875397 -215.64761698 140.73583005
1.07002528 -213.47252191 139.65933573
1.07129658 -211.14766853 138.52170061
1.07256789 -208.65977064 137.31031603
1.07383919 -206.00214251 136.01085224
1.07511050 -203.18021732 134.61617663
1.07638181 -200.21488792 133.13056996
1.07766789 -197.16818942 131.58520210
1.07893920 -194.16246245 130.04744006
1.08021050 -191.30802392 128.57863701
1.08148181 -188.60342305 127.17921412
1.08275312 -185.95851119 125.80618767
1.08402442 -183.29638414 124.43163614
1.08529573 -180.57679896 123.04947556
1.08656703 -177.77345712 121.65992002
1.08783834 -174.86176279 120.26132399
1.08912443 -171.81843023 118.85103110
1.09039573 -168.62264198 117.42635820
1.09166704 -165.26070959 115.98635118
1.09293834 -161.72465149 114.53227709
1.09420965 -158.00620751 113.06410678
1.09548095 -154.09796045 111.58098706
1.09675226 -149.99630797 110.08328114
1.09802356 -145.70278879 108.57200382
1.09930965 -141.22491583 107.05132395
1.10058096 -136.57492073 105.52569305
1.10185226 -131.77004528 104.00017212
1.10312357 -126.82796956 102.47926840
1.10439487 -121.76538193 100.96435492
1.10566618 -116.59991957 99.45782210
1.10693748 -111.34982138 97.96137773
1.10820879 -106.03651544 96.47877326
1.10948010 -100.68427471 95.01614421
1.11075140 -95.32256104 93.57985399
1.11203749 -89.98276963 92.17549493
1.11330879 -84.69477814 90.80975762
1.11458010 -79.48627996 89.48910442
1.11585141 -74.38396702 88.21998043
1.11712271 -69.40400023 87.00480184
1.11839402 -64.55028327 85.84334567
1.11966532 -59.79161938 84.72034739
1.12093663 -55.05079844 83.61210847
1.12220793 -50.19819008 82.48116951
1.12347924 -45.13167070 81.30550948
1.12475054 -39.85097091 80.11109406
1.12603663 -34.41120224 78.93417006
1.12730794 -28.88637756 77.80658542
1.12857924 -23.33140045 76.74287371
1.12985055 -17.79517080 75.75391705
1.13112185 -12.32103172 74.84050640
1.13239316 -6.95138626 74.00022666
1.13366446 -1.71561292 73.22220625
1.13493577 3.36257824 72.49067856
1.13620707 8.28371310 71.74636969
1.13747838 13.12517275 70.93900725
1.13874969 17.79406848 70.18228319
1.14002099 22.08208556 69.89081605
1.14130708 25.90819237 70.09841101
1.14257838 29.32266904 70.33017349
1.14384969 32.42691902 70.55483175
1.14512100 35.11279814 71.01756950
1.14639230 37.06225821 71.78895174
1.14766361 38.27708272 72.76178268
1.14893491 39.30733754 73.62180446
1.15020622 40.64449091 73.89706956
1.15147752 42.69653517 74.21660050
1.15274883 45.75156721 75.51356519
1.15402013 49.94576450 77.52152152
1.15529144 54.24038802 79.15426805
1.15656274 58.51192097 80.83763486
1.15783405 62.75881334 82.56098091
1.15912014 66.97775393 84.31139955
1.16039144 71.16535853 86.07638696
1.16166275 75.31817807 87.84388013
1.16293405 79.43270715 89.60227766
1.16420536 83.50539314 91.34044753
1.16547667 87.53264571 93.04772537
1.16674797 91.51084681 94.71390639
1.16801928 95.43636120 96.32923313
1.16929058 99.30554736 97.88438096
1.17056189 103.11476892 99.37044272
1.17183319 106.86040661 100.77891342
1.17310450 110.53887057 102.10167580
1.17437580 114.14661323 103.33098730
1.17564711 117.68014264 104.45946862
1.17691841 121.13603624 105.48009414
1.17818972 124.51095516 106.38618438
1.17946103 127.80165891 107.17140046
1.18074711 131.00502066 107.82974051
1.18201842 134.11804287 108.35553824
1.18328972 137.13787348 108.74346334
1.18456103 140.06182255 108.98852399
1.18583234 142.88737936 109.08607113
1.18710364 145.61222997 109.03180488
1.18837495 148.23427531 108.82178270
1.18964625 150.75164969 108.45242972
1.19091756 153.16273981 107.92055109
1.19218886 155.46620422 107.22334655
1.19346017 157.66099328 106.35842751
1.19473147 159.74636959 105.32383672
1.19600278 161.72192885 104.11807107
1.19727408 163.58762128 102.74010793
1.19854539 165.34377342 101.18943569
1.19981670 166.99111047 99.46608937
1.20108800 168.53077906 97.57069236
1.20235931 169.96437052 95.50450587
1.20363061 171.29394462 93.26948816
1.20490192 172.52205377 90.86836594
1.20617322 173.65176771 88.30472192
1.20744453 174.68669866 85.58310318
1.20873062 175.63102696 82.70915711
1.21000192 176.48952714 79.68980435
1.21127323 177.26759455 76.53346151
1.21254453 177.97127235 73.25033176
1.21381584 178.60727908 69.85278894
1.21508714 179.18303661 66.35589086
1.21635845 179.70669865 62.77807264
1.21762975 180.18717969 59.14209045
1.21890106 180.63418438 55.47631145
1.22017237 181.05823744 51.81647284
1.22144367 181.47071405 48.20804899
1.22271498 181.88387063 44.70933208
1.22398628 182.31087619 41.39515816
1.22525759 182.76584411 38.36070810
1.22652889 183.26386438 35.72370227
1.22780020 183.82103633 33.62146937
1.22907150 184.45450186 32.19777983
1.23034281 185.18247907 31.57631369
1.23161411 186.02429645 31.82690159
1.23288542 187.00042749 32.94242735
1.23415673 188.13252576 34.84251678
1.23542803 189.44346052 37.40073024
1.23669934 190.95735270 40.47662482
1.23797064 192.69961148 43.93793357
1.23924195 194.69697126 47.67020555
1.24051325 196.97752908 51.57804707
1.24178456 199.57078262 55.58256159
1.24305586 202.50766857 59.61780009
1.24432717 205.82060154 63.62746516
1.24559847 209.54351339 67.56224854
1.24686978 213.71189306 71.37781372
1.24814109 218.36282691 75.03331743
1.24941239 223.53503946 78.49034853
1.25068370 229.26893464 81.71218219
1.25195500 235.60663754 84.66327297
1.25322631 242.59203658 87.30893485
1.25449761 250.27082621 89.61517587
1.25576892 258.69055002 91.54867242
1.25704022 267.90064436 93.07688327
1.25831153 277.95248248 94.16831996
1.25958283 288.89941902 94.79300908
1.26085414 300.79683510 94.92320807
1.26212545 313.70218381 94.53447364
1.26339675 327.67503619 93.60723882
1.26466806 342.77712770 92.12914415
1.26593936 359.07240515 90.09850979
1.26721067 376.62707410 87.52955921
1.26848197 395.50964672 84.46035116
1.26975328 415.79099016 80.96487641
1.27102458 437.54437538 77.17136728
1.27229589 460.84552643 73.28911892
1.27356719 485.77267024 69.64447032
1.27483850 512.40658683 66.71903952
1.27610981 540.83066007 65.16404279
1.27738111 571.13092884 65.73916989
1.27865242 603.39613870 69.14024129
1.27992372 637.71779405 75.79079693
1.28119503 674.19021071 85.76576922
-0.96316762 650.73633333 60.43350817
-0.96189631 558.43733333 52.28346343
-0.96062353 481.17566667 46.32451994
-0.95934927 429.02066667 37.94156371
-0.95807353 397.89100000 30.81730651
-0.95679779 369.32100000 31.40838653
-0.95551909 319.07366667 72.22022144
-0.95423744 212.59386667 110.22771033
-0.95295431 -6.51200000 135.72801007
-0.95167118 -466.16633333 241.20181590
-0.95038804 -795.27466667 318.54322007
-0.94910048 -713.46866667 275.20312939
-0.94781143 -542.22166667 221.14671653
-0.94651943 -437.71033333 191.42571730
-0.94522743 -391.16166667 174.18202768
-0.94393247 -360.64066667 161.98311546
-0.94263604 -337.83933333 151.26453453
-0.94133960 -317.03433333 142.09030745
-0.94004021 -296.18433333 133.18284887
-0.93873934 -275.50966667 124.73790819
-0.93743699 -256.78400000 117.11947398
-0.93613316 -239.91433333 110.23437516
-0.93482786 -224.57100000 103.92618449
-0.93351959 -210.50933333 98.10872441
-0.93221133 -197.56010000 92.71080145
-0.93090011 -185.54943333 87.67620322
-0.92958890 -174.35100000 82.95921219
-0.92827472 -163.85160000 78.51906041
-0.92695907 -153.95990000 74.32344067
-0.92564341 -144.59903333 70.34574918
-0.92432480 -135.70346667 66.56197185
-0.92300472 -127.21763333 62.95278470
-0.92168315 -119.09573333 59.50149762
-0.92036010 -111.30046667 56.19470934
-0.91903410 -103.80386667 53.02046428
-0.91770810 -96.59530000 49.97008544
-0.91638062 -89.70893333 47.04796558
-0.91505167 -83.21250000 44.27326942
-0.91371975 -77.11046667 41.65538178
-0.91238784 -71.29626667 39.16441270
-0.91105297 -65.64110000 36.75892918
-0.90971810 -60.08906667 34.42516295
-0.90838027 -54.65280000 32.17090633
-0.90704096 -49.34006667 30.00106041
-0.90570166 -44.14066667 27.91691584
-0.90435940 -39.04883333 25.92188799
-0.90301565 -34.05866667 24.02122711
-0.90167044 -29.16443333 22.22303471
-0.90032374 -24.36090000 20.53794634
-0.89897556 -19.64313567 18.98015915
-0.89762591 -15.00667000 17.56758257
-0.89627478 -10.44733333 16.32208306
-0.89492217 -5.96089667 15.26943811
-0.89356808 -1.54359667 14.43715714
-0.89221251 2.80807667 13.85058252
-0.89085547 7.09722600 13.52805930
-0.88949695 11.32668667 13.47579896
-0.88813547 15.49923333 13.68538185
-0.88677399 19.61729000 14.13460740
-0.88541103 23.68329667 14.79241975
-0.88404659 27.69934333 15.62419208
-0.88267920 31.66746667 16.59654972
-0.88131181 35.58960000 17.67980740
-0.87994294 39.46740000 18.84922486
-0.87857259 43.30253333 20.08476937
-0.87719928 47.09656667 21.37046693
-0.87582598 50.85093333 22.69375807
-0.87445120 54.56690000 24.04494380
-0.87307345 58.24576667 25.41636655
-0.87169571 61.88870000 26.80202011
-0.87031650 65.49683333 28.19724620
-0.86893580 69.07120000 29.59819200
-0.86755215 72.61280000 31.00204076
-0.86616849 76.12256667 32.40641945
-0.86478336 79.60153333 33.80943470
-0.86339675 83.05026667 35.20955588
-0.86200866 86.47000000 36.60563238
-0.86061762 89.86113333 37.99670696
-0.85922657 93.22483333 39.38210999
-0.85783405 96.56190000 40.76119833
-0.85644005 99.87276667 42.13335827
-0.85504457 103.15786667 43.49810231
-0.85364761 106.41866667 44.85559692
-0.85224918 109.65563333 46.20529134
-0.85084926 112.86956667 47.54721487
-0.84944787 116.06160000 48.88139005
-0.84804648 119.23223333 50.20779826
-0.84664213 122.38223333 51.52603751
-0.84523630 125.51316667 52.83687064
-0.84382899 128.62643333 54.13986207
-0.84242169 131.72483333 55.43609419
-0.84101143 134.81026667 56.72631613
-0.83960116 137.88376667 58.01032113
-0.83818795 140.94760000 59.28920193
-0.83677473 144.00193333 60.56235342
-0.83536003 147.04813333 61.82996034
-0.83394238 150.08860000 63.09298186
-0.83252472 153.12646667 64.35248397
-0.83110559 156.16350000 65.60896048
-0.82968498 159.19903333 66.86324898
-0.82826289 162.23043333 68.11401511
-0.82684081 165.25703333 69.36130014
-0.82541576 168.27330000 70.60283425
-0.82398924 171.27683333 71.83830282
-0.82256272 174.26413333 73.06649209
-0.82113324 177.23153333 74.28664292
-0.81970376 180.17313333 75.49676767
-0.81827280 183.08473333 76.69600861
-0.81684036 185.95913333 77.88198042
-0.81540645 188.79003333 79.05264207
-0.81397106 191.57090000 80.20575250
-0.81253418 194.29513333 81.33884960
-0.81109584 196.95700000 82.44995079
-0.80965749 199.55106667 83.53605204
-0.80821618 202.07370000 84.59584108
-0.80677488 204.52273333 85.62725148
-0.80533209 206.89686667 86.62901661
-0.80388783 209.19853333 87.60151201
-0.80244209 211.42876667 88.54351520
-0.80099487 213.59346667 89.45688786
-0.79954765 215.69673333 90.34226170
-0.79809748 217.74533333 91.20166162
-0.79664730 219.74500000 92.03652584
-0.79519565 221.70333333 92.85023816
-0.79374252 223.62700000 93.64480662
-0.79228791 225.52200000 94.42228590
-0.79083182 227.39433333 95.18622576
-0.78937573 229.25033333 95.93744624
-0.78791669 231.09400000 96.67997839
-0.78645764 232.92766667 97.41289625
-0.78499712 234.76200000 98.13962630
-0.78353512 236.60300000 98.86303941
-0.78207164 238.45166667 99.58496418
-0.78060816 240.31433333 100.30831955
-0.77914320 242.19433333 101.03626293
-0.77767528 244.09366667 101.76994261
-0.77620885 246.00800000 102.51235606
-0.77473946 247.92666667 103.26124622
-0.77326859 249.84800000 104.01548933
-0.77179771 251.76866667 104.77307377
-0.77032537 253.67766667 105.53156225
-0.76885154 255.57100000 106.28842265
-0.76737623 257.44233333 107.04327442
-0.76590093 259.28433333 107.79283876
-0.76442266 261.09100000 108.53541054
-0.76294440 262.85566667 109.26859119
-0.76146466 264.57133333 109.99031726
-0.75998492 266.23266667 110.69850289
-0.75850222 267.83333333 111.38996329
-0.75701953 269.37066667 112.06222168
-0.75553535 270.84066667 112.71248453
-0.75405118 272.24233333 113.33958385
-0.75256405 273.57633333 113.94031913
-0.75107691 274.84466667 114.51351074
-0.74958830 276.05100000 115.05883147
-0.74809822 277.20033333 115.57508702
-0.74660813 278.29933333 116.06236921
-0.74511656 279.35433333 116.52274805
-0.74362352 280.37300000 116.95623852
-0.74212899 281.36266667 117.36571493
-0.74063447 282.33100000 117.75324629
-0.73913847 283.28433333 118.12126309
-0.73764099 284.22966667 118.47179489
-0.73614351 285.17400000 118.80893134
-0.73464307 286.12200000 119.13549952
-0.73314412 287.08000000 119.45314995
-0.73164220 288.05366667 119.76591352
-0.73014029 289.04733333 120.07668162
-0.72863542 290.06633333 120.39071823
-0.72713202 291.11566667 120.71331576
-0.72562567 292.19800000 121.06140900
-0.72411933 293.25133333 121.45657353
-0.72261150 294.11600000 121.85485284
-0.72110367 294.84866667 122.22625929
-0.71959436 295.62433333 122.59669079
-0.71808358 296.38066667 122.94392086
-0.71657132 297.08366667 123.25552256
-0.71505906 297.77566667 123.54990654
-0.71354532 298.44933333 123.82905263
-0.71203158 299.10566667 124.09374411
-0.71051488 299.74600000 124.34682505
-0.70899966 300.37066667 124.58869183
-0.70748148 300.98000000 124.82096168
-0.70596331 301.57466667 125.04363570
-0.70444366 302.15533333 125.25751984
-0.70292400 302.72166667 125.46342256
-0.70140287 303.27433333 125.66215856
-0.69988026 303.81366667 125.85330946
-0.69835765 304.34033333 126.03809906
-0.69683356 304.85300000 126.21611269
-0.69530800 305.35333333 126.38816204
-0.69378243 305.84133333 126.55383477
-0.69225538 306.31666667 126.71435097
-0.69072834 306.77933333 126.86807326
-0.68919982 307.22933333 127.01744680
-0.68766982 307.66733333 127.16124094
-0.68613981 308.09266667 127.29986102
-0.68460833 308.50633333 127.43330298
-0.68307685 308.90700000 127.56196866
-0.68154390 309.29533333 127.68585881
-0.68001094 309.67066667 127.80496450
-0.67847650 310.03366667 127.91968635
-0.67694059 310.38366667 128.03003281
-0.67540467 310.72033333 128.13558986
-0.67386728 311.04366667 128.23675132
-0.67232841 311.35366667 128.33353675
-0.67078954 311.64966667 128.42675319
-0.66925067 311.93100000 128.51557320
-0.66771032 312.19766667 128.60002183
-0.66616849 312.44866667 128.68049306
-0.66462666 312.68300000 128.75744031
-0.66308484 312.89866667 128.83047636
-0.66154005 313.09566667 128.90003315
-0.65999675 313.27433333 128.96525662
-0.65845049 313.43366667 129.02696666
-0.65690570 313.57333333 129.08475248
-0.65535796 313.69166667 129.13907134
-0.65381022 313.78733333 129.18912898
-0.65226248 313.85900000 129.23456283
-0.65071326 313.90566667 129.27538710
-0.64916404 313.92633333 129.30964512
-0.64761335 313.92100000 129.33615973
-0.64606265 313.89200000 129.34629937
-0.64451047 313.86833333 129.32766330
-0.64295830 313.94200000 129.29237531
-0.64140464 314.12566667 129.26803629
-0.63985099 314.28466667 129.23683667
-0.63829586 314.40533333 129.20055716
-0.63674073 314.52266667 129.17666309
-0.63518412 314.60666667 129.15385150
-0.63362751 314.67233333 129.13195717
-0.63207090 314.72266667 129.11179698
-0.63051133 314.75466667 129.09010897
-0.62895324 314.77133333 129.06727126
-0.62739368 314.77333333 129.04286505
-0.62583411 314.76100000 129.01649235
-0.62427306 314.73533333 128.98815287
-0.62271202 314.69566667 128.95782407
-0.62114950 314.64333333 128.92473424
-0.61958697 314.57866667 128.88923460
-0.61802445 314.50166667 128.85095056
-0.61646045 314.41333333 128.81032531
-0.61489497 314.31366667 128.76647256
-0.61333097 314.20300000 128.71988398
-0.61176401 314.08100000 128.67095693
-0.61019853 313.94866667 128.61850789
-0.60863157 313.80466667 128.56345822
-0.60706461 313.65066667 128.50576405
-0.60549618 313.48800000 128.44532549
-0.60392774 313.31766667 128.38169579
-0.60235783 313.14066667 128.31487435
-0.60078939 312.95633333 128.24491598
-0.59921800 312.76633333 128.17258139
-0.59764808 312.57066667 128.09705490
-0.59607669 312.37000000 128.01836487
-0.59450530 312.16466667 127.93693414
-0.59293243 311.95566667 127.85312679
-0.59135956 311.74366667 127.76615750
-0.58978669 311.52933333 127.67596590
-0.58821234 311.31300000 127.58342695
-0.58663799 311.09500000 127.48805549
-0.58506364 310.87633333 127.39030416
-0.58348781 310.65800000 127.28935781
-0.58191198 310.43966667 127.18596534
-0.58033616 310.22266667 127.08054756
-0.57875885 310.00733333 126.97189706
-0.57718302 309.79433333 126.86075912
-0.57560424 309.58400000 126.74801239
-0.57402693 309.37700000 126.63231266
-0.57244815 309.17400000 126.51450353
-0.57086937 308.97566667 126.39415580
-0.56929058 308.78233333 126.27204310
-0.56771032 308.59466667 126.14692031
-0.56613006 308.41333333 126.02033678
-0.56454980 308.23900000 125.89185905
-0.56296805 308.07133333 125.76186742
-0.56138779 307.91166667 125.62903956
-0.55980605 307.75933333 125.49541925
-0.55822283 307.61466667 125.36049624
-0.55664109 307.47733333 125.22511243
-0.55505787 307.34500000 125.08999688
-0.55347466 307.21500000 124.95696020
-0.55189144 307.08266667 124.82909812
-0.55030822 306.94233333 124.71229334
-0.54872352 306.76800000 124.62304869
-0.54713882 306.44533333 124.56526582
-0.54555413 305.86733333 124.47812974
-0.54396943 305.25566667 124.37413304
-0.54238325 304.76600000 124.28718834
-0.54079708 304.30633333 124.18625917
-0.53921090 303.87633333 124.07171395
-0.53762473 303.48000000 123.95226293
-0.53603855 303.10666667 123.82891689
-0.53445090 302.75333333 123.70132568
-0.53286472 302.41566667 123.57149532
-0.53127707 302.09100000 123.43916418
-0.52968942 301.77733333 123.30548412
-0.52810029 301.47300000 123.17006650
-0.52651263 301.17566667 123.03376491
-0.52492498 300.88500000 122.89696096
-0.52333585 300.59866667 122.75888354
-0.52174671 300.31666667 122.62034345
-0.52015758 300.03800000 122.48215128
-0.51856845 299.76166667 122.34301726
-0.51697932 299.48666667 122.20470133
-0.51538871 299.21233333 122.06586797
-0.51379958 298.93900000 121.92742003
-0.51220897 298.66466667 121.78887968
-0.51061836 298.39000000 121.65076866
-0.50902775 298.11366667 121.51332660
-0.50743714 297.83566667 121.37588108
-0.50584653 297.55466667 121.23929170
-0.50425592 297.27033333 121.10312819
-0.50266383 296.98066667 120.96834818
-0.50107322 296.68566667 120.83380896
-0.49948261 296.38600000 120.70056004
-0.49789052 296.08133333 120.56850281
-0.49629843 295.77100000 120.43725478
-0.49470782 295.45400000 120.30729612
-0.49311573 295.13000000 120.17867756
-0.49152364 294.79833333 120.05101978
-0.48993156 294.45833333 119.92508529
-0.48833947 294.10866667 119.80059719
-0.48674738 293.74933333 119.67837018
-0.48515529 293.37866667 119.55769957
-0.48356320 292.99633333 119.43945430
-0.48196964 292.60133333 119.32282922
-0.48037755 292.19366667 119.20847496
-0.47878546 291.77166667 119.09635008
-0.47719337 291.33600000 118.98538356
-0.47559980 290.88666667 118.87575347
-0.47400772 290.42500000 118.76596772
-0.47241563 289.95500000 118.65475276
-0.47082206 289.48200000 118.53770266
-0.46922997 289.01900000 118.40459629
-0.46763788 288.62466667 118.24289601
-0.46604432 288.40900000 118.07967178
-0.46445223 288.33166667 117.93560414
-0.46286014 288.23433333 117.78916571
-0.46126658 288.08033333 117.63790331
-0.45967449 287.90433333 117.49418597
-0.45808240 287.71166667 117.35666042
-0.45649031 287.50066667 117.22154054
-0.45489822 287.27600000 117.08871312
-0.45330613 287.03933333 116.95855660
-0.45171257 286.79366667 116.82976895
-0.45012048 286.53933333 116.70247211
-0.44852839 286.27733333 116.57698363
-0.44693778 286.00933333 116.45255674
-0.44534569 285.73400000 116.32975285
-0.44375360 285.45333333 116.20808068
-0.44216151 285.16800000 116.08710908
-0.44057090 284.87933333 115.96740146
-0.43897882 284.58800000 115.84839953
-0.43738821 284.29333333 115.73035383
-0.43579612 283.99700000 115.61363820
-0.43420551 283.69833333 115.49676348
-0.43261490 283.39833333 115.38135074
-0.43102429 283.09633333 115.26652923
-0.42943368 282.79366667 115.15223559
-0.42784307 282.49033333 115.03866789
-0.42625394 282.18633333 114.92613558
-0.42466333 281.88233333 114.81420374
-0.42307419 281.57800000 114.70294148
-0.42148358 281.27333333 114.59235222
-0.41989445 280.96866667 114.48287735
-0.41830532 280.66500000 114.37320645
-0.41671619 280.36166667 114.26509526
-0.41512853 280.05866667 114.15693312
-0.41353940 279.75700000 114.04983196
-0.41195175 279.45633333 113.94356657
-0.41036262 279.15666667 113.83763379
-0.40877496 278.85833333 113.73328462
-0.40718731 278.56133333 113.62891004
-0.40560114 278.26566667 113.52532269
-0.40401348 277.97133333 113.42252805
-0.40242731 277.67900000 113.32060501
-0.40084113 277.38866667 113.21956080
-0.39925496 277.10033333 113.11888808
-0.39766878 276.81400000 113.01910756
-0.39608261 276.52933333 112.91978611
-0.39449791 276.24766667 112.82137175
-0.39291321 275.96766667 112.72394896
-0.39132851 275.69066667 112.62745025
-0.38974382 275.41600000 112.53152001
-0.38816060 275.14333333 112.43653100
-0.38657738 274.87366667 112.34220773
-0.38499416 274.60633333 112.24819929
-0.38341094 274.34200000 112.15568548
-0.38182920 274.08000000 112.06323109
-0.38024598 273.82066667 111.97210020
-0.37866424 273.56533333 111.88117706
-0.37708398 273.31433333 111.79091526
-0.37550224 273.06933333 111.69980263
-0.37392198 272.83066667 111.60804441
-0.37234172 272.60200000 111.51334405
-0.37076145 272.39633333 111.41599232
-0.36918267 272.22466667 111.32426489
-0.36760388 272.05633333 111.23617256
-0.36602510 271.87133333 111.14664583
-0.36444780 271.68100000 111.06042640
-0.36286901 271.48366667 110.97664559
-0.36129171 271.28100000 110.89487658
-0.35971588 271.07333333 110.81531550
-0.35814005 270.86233333 110.73727112
-0.35656422 270.64766667 110.66111848
-0.35498840 270.43033333 110.58687751
-0.35341405 270.21033333 110.51431040
-0.35183970 269.98833333 110.44325134
-0.35026535 269.76400000 110.37436107
-0.34869248 269.53800000 110.30721841
-0.34711961 269.31033333 110.24184999
-0.34554674 269.08100000 110.17883081
-0.34397534 268.85000000 110.11684537
-0.34240395 268.61800000 110.05737219
-0.34083256 268.38433333 109.99979313
-0.33926264 268.15000000 109.94444735
-0.33769273 267.91366667 109.89092410
-0.33612429 267.67700000 109.83960806
-0.33455586 267.43933333 109.79043064
-0.33298742 267.20066667 109.74375011
-0.33142046 266.96200000 109.69849189
-0.32985350 266.72266667 109.65570808
-0.32828655 266.48366667 109.61567312
-0.32672107 266.24466667 109.57718048
-0.32515559 266.00666667 109.54083708
-0.32359159 265.76933333 109.50645877
-0.32202758 265.53366667 109.47465438
-0.32046358 265.30000000 109.44398834
-0.31890106 265.06900000 109.41562417
-0.31734002 264.84200000 109.38847125
-0.31577749 264.62000000 109.36199150
-0.31421793 264.40433333 109.33630570
-0.31265688 264.19733333 109.31031769
-0.31109731 264.00233333 109.28276605
-0.30953923 263.82266667 109.25275134
-0.30798114 263.66466667 109.21682938
-0.30642305 263.53733333 109.16892088
-0.30486644 263.46800000 109.09866743
-0.30330983 263.52766667 109.01750759
-0.30175470 263.72233333 108.95884866
-0.30019957 263.90433333 108.90355391
-0.29864591 264.02700000 108.84073190
-0.29709226 264.13400000 108.78932873
-0.29554008 264.21166667 108.74374318
-0.29398791 264.26333333 108.70108759
-0.29243721 264.29700000 108.66154196
-0.29088651 264.31600000 108.62556158
-0.28933730 264.32200000 108.59147427
-0.28778808 264.31833333 108.55955480
-0.28623886 264.30600000 108.52918977
-0.28469112 264.28700000 108.50036805
-0.28314485 264.26233333 108.47307847
-0.28159859 264.23300000 108.44653525
-0.28005381 264.20000000 108.42089103
-0.27850902 264.16500000 108.39612208
-0.27696572 264.12866667 108.37207559
-0.27542241 264.09166667 108.34873088
-0.27388059 264.05433333 108.32530663
-0.27234024 264.01800000 108.30286868
-0.27079989 263.98333333 108.28017205
-0.26925954 263.95000000 108.25765992
-0.26772067 263.91966667 108.23532696
-0.26618327 263.89300000 108.21284351
-0.26464588 263.86866667 108.19035501
-0.26310997 263.84833333 108.16738456
-0.26157405 263.83166667 108.14484847
-0.26003962 263.81866667 108.12196980
-0.25850518 263.80966667 108.09870768
-0.25697222 263.80500000 108.07537670
-0.25544074 263.80400000 108.05256066
-0.25390926 263.80633333 108.02901454
-0.25237926 263.81133333 108.00595065
-0.25084926 263.81700000 107.98398868
-0.24932074 263.82233333 107.96323872
-0.24779369 263.82400000 107.94461478
-0.24626665 263.81733333 107.92984531
-0.24474108 263.79733333 107.92195471
-0.24321552 263.75466667 107.92378388
-0.24169143 263.67466667 107.94215058
-0.24016882 263.53733333 107.98943171
-0.23864621 263.30100000 108.09778358
-0.23712508 262.78833333 108.27412338
-0.23560542 261.80666667 108.38036755
-0.23408577 260.78033333 108.40714895
-0.23256759 260.13566667 108.46110611
-0.23104942 259.72900000 108.50044258
-0.22953272 259.46966667 108.50658220
-0.22801750 259.34500000 108.50182912
-0.22650376 259.31466667 108.48742878
-0.22499002 259.35833333 108.46643150
-0.22347628 259.45800000 108.44002091
-0.22196550 259.60200000 108.41079157
-0.22045471 259.78133333 108.37796918
-0.21894541 259.98833333 108.34340400
-0.21743610 260.21866667 108.30734963
-0.21592827 260.46733333 108.26961513
-0.21442193 260.73166667 108.23156170
-0.21291705 261.00900000 108.19206546
-0.21141218 261.29666667 108.15240050
-0.20990879 261.59400000 108.11219422
-0.20840540 261.89833333 108.07123411
-0.20690496 262.20966667 108.03024381
-0.20540453 262.52700000 107.98913148
-0.20390557 262.84800000 107.94748431
-0.20240661 263.17300000 107.90568327
-0.20090913 263.50000000 107.86445322
-0.19941313 263.82800000 107.82377861
-0.19791861 264.15633333 107.78337613
-0.19642408 264.48166667 107.74490970
-0.19493104 264.80233333 107.70950814
-0.19343947 265.11400000 107.67950974
-0.19194791 265.40566667 107.65766285
-0.19045930 265.65633333 107.64316594
-0.18897069 265.85500000 107.62681990
-0.18748355 266.02900000 107.60565228
-0.18599642 266.21433333 107.58253254
-0.18451077 266.42833333 107.55865304
-0.18302659 266.66166667 107.53353113
-0.18154390 266.90866667 107.50548171
-0.18006268 267.17233333 107.47590541
-0.17858146 267.45000000 107.44458231
-0.17710172 267.74233333 107.41166132
-0.17562346 268.04866667 107.37697376
-0.17414667 268.36933333 107.34093125
-0.17266989 268.70400000 107.30378467
-0.17119606 269.05266667 107.26479600
-0.16972223 269.41633333 107.22468606
-0.16824841 269.79466667 107.18297533
-0.16677754 270.18733333 107.13986899
-0.16530667 270.59500000 107.09561635
-0.16383875 271.01800000 107.04995311
-0.16237084 271.45666667 107.00261688
-0.16090440 271.91066667 106.95458334
-0.15943796 272.37966667 106.90464821
-0.15797449 272.86533333 106.85374676
-0.15651101 273.36700000 106.80165570
-0.15504900 273.88533333 106.74786058
-0.15358848 274.41933333 106.69308058
-0.15212944 274.97066667 106.63683878
-0.15067039 275.53833333 106.57981894
-0.14921430 276.12266667 106.52179751
-0.14775822 276.72433333 106.46229787
-0.14630375 277.34333333 106.40200527
-0.14485062 277.97933333 106.34044437
-0.14339867 278.63266667 106.27739045
-0.14194791 279.30366667 106.21400129
-0.14049847 279.99166667 106.14933066
-0.13905022 280.69766667 106.08337456
-0.13760344 281.42133333 106.01707131
-0.13615770 282.16300000 105.94947484
-0.13471344 282.92166667 105.88058135
-0.13327021 283.69833333 105.81108107
-0.13182846 284.49000000 105.73603640
-0.13038804 285.29600000 105.65519565
-0.12894881 286.12000000 105.57376303
-0.12751090 286.96333333 105.49287736
-0.12607433 287.82433333 105.41161738
-0.12463893 288.70333333 105.32973311
-0.12320502 289.60066667 105.24838943
-0.12177229 290.51600000 105.16713472
-0.12034104 291.44800000 105.08619121
-0.11891096 292.39666667 105.00697044
-0.11748222 293.36000000 104.92947028
-0.11605496 294.33600000 104.85508335
-0.11462888 295.32000000 104.78571283
-0.11320413 296.30666667 104.72795482
-0.11178086 297.28100000 104.69238536
-0.11035892 298.18033333 104.67947668
-0.10893816 298.94700000 104.64656809
-0.10751888 299.73266667 104.58824756
-0.10610108 300.68133333 104.54132392
-0.10468446 301.72633333 104.49492254
-0.10326932 302.82266667 104.44267181
-0.10185551 303.96933333 104.39306910
-0.10044304 305.15433333 104.34609870
-0.09903203 306.37300000 104.30153102
-0.09762236 307.62300000 104.26100809
-0.09621417 308.90300000 104.22477128
-0.09480731 310.21333333 104.19257772
-0.09340178 311.55300000 104.16512813
-0.09199772 312.92433333 104.14290512
-0.09059500 314.32733333 104.12660922
-0.08919376 315.76300000 104.11552774
-0.08779384 317.23233333 104.11108473
-0.08639541 318.73700000 104.11351002
-0.08499845 320.27766667 104.12374585
-0.08360282 321.85533333 104.14249450
-0.08220867 323.47100000 104.17046724
-0.08081600 325.12533333 104.20860633
-0.07942466 326.81966667 104.25808607
-0.07803480 328.55366667 104.31985623
-0.07664641 330.32733333 104.39602726
-0.07525951 332.13933333 104.48896288
-0.07387393 333.98666667 104.60078107
-0.07248984 335.86466667 104.73619588
-0.07110722 337.76433333 104.90156892
-0.06972608 339.67400000 105.10727607
-0.06834642 341.57200000 105.37640753
-0.06696823 343.31300000 105.69788937
-0.06559138 344.78833333 105.91380360
-0.06421615 346.66966667 105.98691255
-0.06284240 349.62766667 106.09282076
-0.06146998 353.19700000 106.21973337
-0.06009919 356.98766667 106.31108132
-0.05872988 361.04866667 106.40575414
-0.05736204 365.34666667 106.49408765
-0.05599568 369.92166667 106.56406197
-0.05463080 374.83700000 106.59705556
-0.05326740 380.19300000 106.56242666
-0.05190548 386.13300000 106.41044090
-0.05054518 392.89000000 106.06472742
-0.04918636 400.82033333 105.41615435
-0.04782902 410.64666667 104.42111236
-0.04647316 423.62633333 103.64788502
-0.04511893 437.35500000 104.07675971
-0.04376617 444.20266667 104.64706677
-0.04241504 446.42300000 104.63990751
-0.04106524 450.83866667 104.90121965
-0.03971706 456.51566667 105.23725171
-0.03837051 462.92066667 105.46155296
-0.03702529 470.43300000 105.64458795
-0.03568185 479.04700000 105.73378556
-0.03433973 488.96033333 105.64099119
-0.03299939 500.49566667 105.21087050
-0.03166038 514.25400000 104.22493650
-0.03032315 531.68200000 102.57736702
-0.02898739 555.99466667 101.23976193
-0.02765326 584.47700000 102.18850165
-0.02632105 599.83033333 104.14416371
-0.02499002 598.80566667 105.13388232
-0.02366047 596.71100000 106.79107596
-0.02233255 595.94866667 109.79998249
-0.02100625 594.21566667 113.76532150
-0.01968143 593.35733333 118.98383485
-0.01835824 593.91000000 126.19281328
-0.01703653 597.25933333 136.39093855
-0.01571644 604.63133333 152.32183114
-0.01439801 620.71600000 181.81107757
-0.01308110 650.62366667 244.50404375
-0.01176578 655.84466667 275.23140623
-0.01045207 627.14333333 226.71283253
-0.00913993 601.70500000 174.76980557
-0.00782941 590.62533333 150.25791886
-0.00652048 584.37433333 137.06496079
-0.00521317 586.18433333 127.84026389
-0.00390746 587.93066667 122.02494772
-0.00260335 605.72500000 117.54950350
-0.00130087 645.01333333 115.51981707
-0.00000000 642.83233333 111.46794799
