# y/t    TKE_mean   TKE_std
0.00000000 0.00132936 0.00135441
0.00502513 0.00120081 0.00117387
0.01005025 0.00112705 0.00107017
0.01507538 0.00111880 0.00105798
0.02010050 0.00111055 0.00104578
0.02512563 0.00110226 0.00103354
0.03015075 0.00109505 0.00102235
0.03517588 0.00108783 0.00101116
0.04020101 0.00108055 0.00099990
0.04522613 0.00107410 0.00098970
0.05025126 0.00106763 0.00097948
0.05527638 0.00106114 0.00096925
0.06030151 0.00105507 0.00096017
0.06532663 0.00104900 0.00095103
0.07035176 0.00104291 0.00094201
0.07537688 0.00103692 0.00093414
0.08040201 0.00103091 0.00092618
0.08542714 0.00102491 0.00091852
0.09045226 0.00101892 0.00091180
0.09547739 0.00101290 0.00090496
0.10050251 0.00100699 0.00089856
0.10552764 0.00100121 0.00089269
0.11055276 0.00099537 0.00088675
0.11557789 0.00098990 0.00088124
0.12060302 0.00098457 0.00087591
0.12562814 0.00097920 0.00087055
0.13065327 0.00097442 0.00086563
0.13567839 0.00096964 0.00086071
0.14070352 0.00096497 0.00085586
0.14572864 0.00096075 0.00085136
0.15075377 0.00095646 0.00084680
0.15577889 0.00095247 0.00084251
0.16080402 0.00094868 0.00083839
0.16582915 0.00094483 0.00083422
0.17085427 0.00094144 0.00083055
0.17587940 0.00093802 0.00082684
0.18090452 0.00093475 0.00082332
0.18592965 0.00093174 0.00082014
0.19095477 0.00092867 0.00081688
0.19597990 0.00092597 0.00081413
0.20100503 0.00092330 0.00081143
0.20603015 0.00092075 0.00080891
0.21105528 0.00091846 0.00080677
0.21608040 0.00091614 0.00080458
0.22110553 0.00091420 0.00080294
0.22613065 0.00091229 0.00080135
0.23115578 0.00091055 0.00080000
0.23618090 0.00090904 0.00079898
0.24120603 0.00090757 0.00079801
0.24623116 0.00090648 0.00079759
0.25125628 0.00090538 0.00079717
0.25628141 0.00090463 0.00079724
0.26130653 0.00090397 0.00079746
0.26633166 0.00090354 0.00079802
0.27135678 0.00090333 0.00079891
0.27638191 0.00090322 0.00079994
0.28140704 0.00090358 0.00080166
0.28643216 0.00090389 0.00080332
0.29145729 0.00090480 0.00080585
0.29648241 0.00090569 0.00080837
0.30150754 0.00090705 0.00081157
0.30653266 0.00090861 0.00081509
0.31155779 0.00091046 0.00081902
0.31658291 0.00091272 0.00082355
0.32160804 0.00091516 0.00082830
0.32663317 0.00091817 0.00083378
0.33165829 0.00092133 0.00083935
0.33668342 0.00092533 0.00084558
0.34170854 0.00092934 0.00085181
0.34673367 0.00093635 0.00085744
0.35175879 0.00094281 0.00086337
0.35678392 0.00096310 0.00086186
0.36180905 0.00098048 0.00086244
0.36683417 0.00105008 0.00083484
0.37185930 0.00112470 0.00080992
0.37688442 0.00136546 0.00074584
0.38190955 0.00166684 0.00077283
0.38693467 0.00242439 0.00115395
0.39195980 0.00338637 0.00191892
0.39698492 0.00531642 0.00320386
0.40201005 0.00756943 0.00478870
0.40703518 0.01113879 0.00632479
0.41206030 0.01511614 0.00808046
0.41708543 0.02020643 0.00914581
0.42211055 0.02574482 0.01015648
0.42713568 0.03186358 0.01007265
0.43216080 0.03822498 0.00961600
0.43718593 0.04456675 0.00811630
0.44221106 0.05090571 0.00638342
0.44723618 0.05652293 0.00459171
0.45226131 0.06215029 0.00316206
0.45728643 0.06646457 0.00272189
0.46231156 0.07088244 0.00314991
0.46733668 0.07401944 0.00364202
0.47236181 0.07706025 0.00424314
0.47738693 0.07918288 0.00446638
0.48241206 0.08099917 0.00456130
0.48743719 0.08223419 0.00435976
0.49246231 0.08309651 0.00397109
0.49748744 0.08362591 0.00340071
0.50251256 0.08381140 0.00266627
0.50753769 0.08381392 0.00185451
0.51256281 0.08362086 0.00107401
0.51758794 0.08337699 0.00070037
0.52261307 0.08313513 0.00112550
0.52763819 0.08293377 0.00174490
0.53266332 0.08284837 0.00224564
0.53768844 0.08286500 0.00261929
0.54271357 0.08299864 0.00283974
0.54773869 0.08327714 0.00284739
0.55276382 0.08362252 0.00275856
0.55778894 0.08413619 0.00237054
0.56281407 0.08468884 0.00189514
0.56783920 0.08533728 0.00121592
0.57286432 0.08601621 0.00058327
0.57788945 0.08672774 0.00107327
0.58291457 0.08742279 0.00232195
0.58793970 0.08810781 0.00375630
0.59296482 0.08867462 0.00553670
0.59798995 0.08912204 0.00747935
0.60301508 0.08941293 0.00963491
0.60804020 0.08933151 0.01203136
0.61306533 0.08913833 0.01452735
0.61809045 0.08826357 0.01726422
0.62311558 0.08710574 0.02007929
0.62814070 0.08540071 0.02301152
0.63316583 0.08288398 0.02604984
0.63819095 0.07991320 0.02912511
0.64321608 0.07603566 0.03224230
0.64824121 0.07153131 0.03517867
0.65326633 0.06663076 0.03809615
0.65829146 0.06102986 0.04015250
0.66331658 0.05536765 0.04184792
0.66834171 0.04960895 0.04284357
0.67336683 0.04418927 0.04284944
0.67839196 0.03908637 0.04245079
0.68341709 0.03452366 0.04129344
0.68844221 0.03069601 0.03915361
0.69346734 0.02711505 0.03661230
0.69849246 0.02404835 0.03309552
0.70351759 0.02104171 0.02923032
0.70854271 0.01809787 0.02514210
0.71356784 0.01519632 0.02099975
0.71859296 0.01247897 0.01713430
0.72361809 0.00993667 0.01352708
0.72864322 0.00787751 0.01061674
0.73366834 0.00623976 0.00830144
0.73869347 0.00483818 0.00631969
0.74371859 0.00405160 0.00520675
0.74874372 0.00341685 0.00430869
0.75376884 0.00298086 0.00369184
0.75879397 0.00274495 0.00335797
0.76381910 0.00255454 0.00308847
0.76884422 0.00242171 0.00290042
0.77386935 0.00232836 0.00276823
0.77889447 0.00224782 0.00265416
0.78391960 0.00218264 0.00256183
0.78894472 0.00212809 0.00248454
0.79396985 0.00207757 0.00241295
0.79899497 0.00203366 0.00235072
0.80402010 0.00199242 0.00229228
0.80904523 0.00195316 0.00223664
0.81407035 0.00191648 0.00218465
0.81909548 0.00188075 0.00213404
0.82412060 0.00184582 0.00208454
0.82914573 0.00181228 0.00203704
0.83417085 0.00177912 0.00199007
0.83919598 0.00174689 0.00194442
0.84422111 0.00171557 0.00190006
0.84924623 0.00168475 0.00185642
0.85427136 0.00165515 0.00181451
0.85929648 0.00162623 0.00177357
0.86432161 0.00159802 0.00173365
0.86934673 0.00157116 0.00169565
0.87437186 0.00154492 0.00165853
0.87939698 0.00151991 0.00162318
0.88442211 0.00149595 0.00158933
0.88944724 0.00147249 0.00155620
0.89447236 0.00145073 0.00152550
0.89949749 0.00142934 0.00149533
0.90452261 0.00140905 0.00146674
0.90954774 0.00138956 0.00143928
0.91457286 0.00137050 0.00141244
0.91959799 0.00135178 0.00138612
0.92462312 0.00133819 0.00136696
0.92964824 0.00132994 0.00135525
0.93467337 0.00131462 0.00133378
0.93969849 0.00129595 0.00130766
0.94472362 0.00127698 0.00128109
0.94974874 0.00126139 0.00125927
0.95477387 0.00124805 0.00124058
0.95979899 0.00123457 0.00122170
0.96482412 0.00122186 0.00120388
0.96984925 0.00121003 0.00118730
0.97487437 0.00119815 0.00117066
0.97989950 0.00118668 0.00115456
0.98492462 0.00117611 0.00113970
0.98994975 0.00116553 0.00112485
0.99497487 0.00118149 0.00114718
1.00000000 0.00132936 0.00135441
