# s/c   cf_mean    cf_std
0.00000000 0.00227991 0.00029509
0.00130087 0.00339175 0.00034620
0.00260174 0.00443141 0.00042687
0.00390261 0.00540283 0.00052092
0.00520348 0.00630980 0.00062046
0.00650435 0.00715603 0.00072192
0.00780522 0.00794506 0.00082366
0.00910609 0.00868033 0.00092493
0.01040697 0.00936515 0.00102539
0.01170784 0.01000271 0.00112494
0.01300871 0.01059608 0.00122357
0.01430958 0.01114824 0.00132132
0.01561045 0.01166202 0.00141830
0.01691132 0.01214018 0.00151458
0.01821219 0.01258535 0.00161029
0.01951306 0.01300006 0.00170551
0.02081393 0.01338674 0.00180034
0.02211480 0.01374773 0.00189488
0.02341567 0.01408525 0.00198922
0.02470176 0.01440145 0.00208343
0.02600263 0.01469838 0.00217759
0.02730350 0.01497799 0.00227178
0.02860437 0.01524215 0.00236606
0.02990524 0.01549264 0.00246050
0.03120611 0.01573117 0.00255515
0.03250698 0.01595935 0.00265007
0.03380786 0.01617872 0.00274533
0.03510873 0.01639074 0.00284097
0.03640960 0.01659680 0.00293706
0.03771047 0.01679822 0.00303364
0.03901134 0.01699623 0.00313076
0.04029743 0.01719201 0.00322849
0.04159830 0.01738666 0.00332686
0.04289917 0.01758122 0.00342594
0.04420004 0.01777668 0.00352578
0.04550091 0.01797394 0.00362642
0.04680178 0.01817387 0.00372793
0.04810265 0.01837726 0.00383034
0.04940352 0.01858486 0.00393373
0.05068961 0.01879736 0.00403813
0.05199048 0.01901538 0.00414360
0.05329135 0.01923953 0.00425020
0.05459222 0.01947033 0.00435797
0.05589309 0.01970828 0.00446696
0.05719396 0.01995382 0.00457722
0.05849483 0.02020736 0.00468881
0.05978092 0.02046925 0.00480176
0.06108179 0.02073981 0.00491613
0.06238266 0.02101932 0.00503196
0.06368353 0.02130802 0.00514930
0.06498440 0.02160613 0.00526817
0.06628528 0.02191381 0.00538863
0.06757136 0.02223120 0.00551071
0.06887223 0.02255841 0.00563445
0.07017310 0.02289553 0.00575988
0.07147398 0.02324259 0.00588703
0.07277485 0.02359962 0.00601594
0.07407572 0.02396662 0.00614662
0.07536180 0.02434356 0.00627911
0.07666268 0.02473040 0.00641342
0.07796355 0.02512704 0.00654958
0.07926442 0.02553342 0.00668761
0.08056529 0.02594940 0.00682751
0.08185138 0.02637487 0.00696932
0.08315225 0.02680967 0.00711303
0.08445312 0.02725363 0.00725865
0.08575399 0.02770659 0.00740620
0.08704008 0.02816835 0.00755568
0.08834095 0.02863871 0.00770710
0.08964182 0.02911745 0.00786044
0.09094269 0.02960434 0.00801573
0.09224356 0.03009915 0.00817294
0.09352965 0.03060164 0.00833208
0.09483052 0.03111155 0.00849315
0.09613139 0.03162864 0.00865613
0.09743226 0.03215263 0.00882102
0.09871835 0.03268326 0.00898780
0.10001922 0.03322026 0.00915647
0.10132009 0.03376336 0.00932702
0.10260618 0.03431228 0.00949942
0.10390705 0.03486674 0.00967367
0.10520792 0.03542646 0.00984974
0.10650879 0.03599118 0.01002762
0.10779488 0.03656060 0.01020729
0.10909575 0.03713447 0.01038873
0.11039662 0.03771250 0.01057192
0.11169749 0.03829444 0.01075683
0.11298358 0.03888000 0.01094345
0.11428445 0.03946894 0.01113174
0.11558532 0.04006100 0.01132169
0.11687141 0.04065592 0.01151326
0.11817228 0.04125346 0.01170643
0.11947315 0.04185339 0.01190117
0.12075924 0.04245547 0.01209746
0.12206011 0.04305948 0.01229526
0.12336098 0.04366520 0.01249453
0.12466185 0.04427242 0.01269526
0.12594794 0.04488096 0.01289741
0.12724881 0.04549060 0.01310093
0.12854968 0.04610119 0.01330581
0.12983577 0.04671096 0.01351154
0.13113664 0.04736199 0.01373482
0.13243751 0.04799096 0.01396274
0.13372359 0.04863169 0.01419076
0.13502447 0.04927899 0.01441656
0.13632534 0.04991359 0.01464254
0.13761142 0.05053272 0.01486875
0.13891229 0.05116501 0.01508947
0.14019838 0.05186857 0.01530358
0.14149925 0.05272111 0.01551790
0.14280012 0.05364653 0.01573192
0.14408621 0.05444411 0.01594364
0.14538708 0.05502054 0.01616195
0.14668795 0.05544920 0.01639801
0.14797404 0.05583112 0.01664080
0.14927491 0.05625304 0.01687821
0.15056100 0.05678903 0.01711109
0.15186187 0.05740037 0.01733895
0.15316274 0.05793909 0.01755555
0.15444883 0.05837903 0.01776945
0.15574970 0.05887168 0.01799179
0.15703579 0.05943926 0.01821300
0.15833666 0.05998361 0.01843241
0.15963753 0.06038816 0.01864328
0.16092362 0.06079168 0.01884696
0.16222449 0.06149514 0.01905239
0.16351058 0.06251087 0.01924922
0.16481145 0.06352525 0.01942527
0.16611232 0.06430696 0.01959932
0.16739841 0.06489082 0.01979074
0.16869928 0.06536584 0.02000211
0.16998537 0.06579551 0.02022805
0.17128624 0.06620863 0.02045817
0.17257232 0.06662111 0.02068856
0.17387319 0.06704239 0.02091604
0.17517407 0.06748334 0.02114020
0.17646015 0.06795187 0.02136089
0.17776102 0.06844695 0.02157791
0.17904711 0.06896561 0.02179194
0.18034798 0.06950383 0.02200326
0.18163407 0.07007450 0.02221128
0.18293494 0.07069595 0.02241512
0.18422103 0.07140096 0.02261793
0.18552190 0.07218594 0.02282820
0.18680799 0.07294046 0.02303917
0.18810886 0.07352366 0.02323699
0.18939495 0.07391838 0.02343463
0.19069582 0.07434750 0.02363870
0.19199669 0.07508028 0.02385962
0.19328278 0.07614361 0.02408435
0.19458365 0.07723159 0.02428461
0.19586974 0.07813006 0.02447045
0.19717061 0.07888778 0.02465679
0.19845669 0.07962466 0.02486615
0.19975757 0.08039686 0.02509755
0.20104365 0.08115024 0.02533426
0.20234452 0.08180461 0.02557126
0.20363061 0.08227076 0.02580003
0.20493148 0.08270429 0.02603898
0.20621757 0.08339480 0.02629058
0.20750366 0.08441579 0.02653978
0.20880453 0.08555660 0.02678537
0.21009062 0.08656243 0.02701443
0.21139149 0.08737174 0.02722739
0.21267758 0.08809972 0.02745341
0.21397845 0.08887912 0.02770046
0.21526454 0.08974483 0.02795179
0.21656541 0.09067554 0.02820526
0.21785149 0.09163337 0.02845754
0.21915236 0.09258135 0.02870810
0.22043845 0.09349635 0.02896009
0.22173932 0.09435524 0.02921218
0.22302541 0.09514414 0.02946090
0.22432628 0.09592661 0.02971070
0.22561237 0.09677408 0.02996367
0.22689846 0.09772764 0.03022154
0.22819933 0.09873815 0.03048053
0.22948542 0.09969887 0.03073326
0.23078629 0.10057101 0.03097831
0.23207238 0.10136621 0.03122016
0.23337325 0.10210567 0.03146517
0.23465933 0.10277751 0.03171471
0.23594542 0.10335908 0.03196938
0.23724629 0.10385647 0.03222782
0.23853238 0.10432075 0.03248934
0.23983325 0.10481834 0.03275215
0.24111934 0.10537975 0.03301157
0.24240543 0.10599810 0.03326748
0.24370630 0.10662551 0.03352130
0.24499239 0.10720010 0.03377322
0.24629326 0.10769198 0.03402478
0.24757935 0.10810495 0.03427139
0.24886543 0.10845207 0.03451066
0.25016630 0.10876273 0.03474648
0.25145239 0.10908039 0.03498454
0.25275326 0.10939834 0.03522404
0.25403935 0.10970576 0.03546402
0.25532544 0.11000401 0.03570430
0.25662631 0.11027662 0.03593920
0.25791240 0.11050403 0.03616911
0.25919849 0.11065157 0.03638428
0.26049936 0.11071192 0.03658628
0.26178545 0.11074468 0.03679273
0.26307153 0.11077150 0.03699900
0.26437240 0.11081336 0.03719978
0.26565849 0.11095059 0.03740803
0.26695936 0.11121955 0.03762302
0.26824545 0.11157834 0.03783336
0.26953154 0.11189852 0.03803033
0.27083241 0.11203637 0.03820055
0.27211850 0.11193610 0.03835991
0.27340459 0.11166453 0.03852451
0.27470546 0.11141640 0.03870214
0.27599154 0.11132780 0.03890328
0.27727763 0.11136560 0.03910649
0.27857850 0.11142709 0.03929657
0.27986459 0.11143165 0.03946726
0.28115068 0.11135441 0.03960156
0.28243677 0.11119281 0.03973213
0.28373764 0.11094846 0.03988635
0.28502373 0.11058858 0.04004689
0.28630981 0.11020844 0.04021163
0.28761068 0.10999185 0.04039438
0.28889677 0.10991786 0.04056680
0.29018286 0.10974164 0.04069465
0.29148373 0.10931006 0.04080707
0.29276982 0.10869888 0.04092173
0.29405591 0.10805352 0.04104278
0.29534200 0.10751297 0.04117179
0.29664287 0.10712292 0.04130429
0.29792895 0.10681639 0.04143078
0.29921504 0.10647650 0.04154463
0.30051591 0.10600069 0.04164018
0.30180200 0.10536542 0.04172100
0.30308809 0.10463303 0.04180102
0.30437418 0.10391117 0.04187996
0.30567505 0.10330483 0.04196154
0.30696114 0.10285551 0.04203820
0.30824722 0.10252234 0.04210253
0.30953331 0.10223163 0.04216182
0.31083418 0.10187630 0.04221746
0.31212027 0.10136467 0.04226620
0.31340636 0.10071350 0.04230154
0.31469245 0.10002712 0.04233421
0.31599332 0.09935911 0.04237170
0.31727941 0.09865359 0.04240728
0.31856549 0.09791262 0.04244735
0.31985158 0.09721917 0.04248997
0.32115245 0.09665361 0.04252832
0.32243854 0.09625029 0.04256108
0.32372463 0.09600774 0.04259118
0.32501072 0.09587462 0.04261846
0.32629681 0.09576295 0.04263802
0.32759768 0.09559706 0.04264063
0.32888376 0.09534693 0.04262948
0.33016985 0.09502680 0.04261826
0.33145594 0.09464550 0.04260579
0.33275681 0.09424944 0.04259986
0.33404290 0.09390914 0.04261097
0.33532899 0.09363788 0.04263435
0.33661508 0.09338426 0.04265825
0.33790116 0.09310888 0.04267236
0.33918725 0.09281657 0.04267649
0.34048812 0.09253789 0.04267315
0.34177421 0.09230855 0.04266606
0.34306030 0.09214970 0.04265677
0.34434639 0.09208107 0.04264795
0.34563247 0.09209436 0.04264273
0.34693335 0.09215953 0.04264838
0.34821943 0.09218903 0.04265713
0.34950552 0.09211806 0.04266448
0.35079161 0.09195179 0.04267123
0.35207770 0.09169696 0.04266350
0.35336379 0.09140035 0.04265063
0.35466466 0.09112560 0.04263905
0.35595074 0.09094718 0.04263157
0.35723683 0.09092024 0.04263569
0.35852292 0.09098222 0.04264036
0.35980901 0.09102763 0.04263903
0.36109510 0.09105022 0.04263755
0.36238118 0.09107353 0.04263758
0.36368206 0.09108610 0.04263741
0.36496814 0.09103278 0.04263165
0.36625423 0.09088276 0.04262091
0.36754032 0.09067243 0.04261251
0.36882641 0.09047778 0.04260557
0.37011250 0.09040502 0.04261372
0.37139858 0.09046696 0.04263475
0.37269945 0.09053999 0.04264638
0.37398554 0.09054281 0.04265019
0.37527163 0.09047807 0.04264844
0.37655772 0.09036609 0.04263859
0.37784381 0.09024207 0.04261983
0.37912989 0.09016163 0.04259958
0.38041598 0.09016289 0.04258898
0.38170207 0.09015755 0.04258162
0.38298816 0.09005587 0.04257941
0.38428903 0.08990674 0.04259503
0.38557512 0.08976985 0.04262176
0.38686121 0.08966333 0.04265012
0.38814729 0.08959495 0.04267395
0.38943338 0.08957572 0.04269114
0.39071947 0.08960997 0.04270384
0.39200556 0.08966428 0.04270948
0.39329165 0.08970988 0.04270969
0.39457773 0.08975677 0.04270855
0.39586382 0.08982690 0.04270547
0.39714991 0.08993545 0.04270096
0.39843600 0.09005868 0.04270124
0.39973687 0.09011609 0.04270969
0.40102296 0.08995828 0.04271319
0.40230905 0.08958894 0.04271580
0.40359513 0.08920345 0.04273833
0.40488122 0.08897627 0.04278507
0.40616731 0.08891258 0.04282951
0.40745340 0.08892505 0.04285633
0.40873949 0.08891598 0.04286826
0.41002557 0.08878460 0.04286632
0.41131166 0.08854027 0.04285685
0.41259775 0.08834903 0.04286184
0.41388384 0.08830364 0.04287740
0.41516993 0.08830801 0.04287862
0.41645601 0.08836571 0.04287425
0.41774210 0.08859264 0.04287278
0.41902819 0.08911009 0.04287826
0.42031428 0.08977804 0.04287969
0.42160037 0.09022565 0.04285446
0.42288645 0.09027370 0.04281093
0.42417254 0.09011258 0.04279274
0.42545863 0.08997933 0.04280899
0.42674472 0.08990669 0.04283977
0.42803081 0.08985568 0.04286248
0.42931690 0.08983197 0.04287854
0.43060298 0.08988002 0.04290209
0.43188907 0.08999705 0.04292789
0.43317516 0.09015066 0.04295044
0.43446125 0.09031682 0.04296725
0.43574734 0.09048203 0.04297939
0.43703342 0.09064380 0.04298700
0.43831951 0.09080067 0.04299028
0.43960560 0.09095451 0.04299064
0.44089169 0.09109431 0.04298853
0.44217778 0.09120709 0.04298951
0.44346386 0.09126910 0.04299507
0.44474995 0.09125561 0.04299448
0.44603604 0.09124584 0.04299172
0.44732213 0.09141945 0.04301026
0.44860822 0.09189441 0.04304389
0.44989430 0.09250993 0.04307614
0.45118039 0.09292387 0.04307455
0.45246648 0.09294239 0.04303954
0.45375257 0.09274493 0.04302019
0.45503866 0.09254757 0.04303486
0.45632474 0.09234781 0.04307104
0.45761083 0.09204475 0.04309141
0.45889692 0.09161662 0.04309632
0.46018301 0.09118687 0.04311399
0.46146910 0.09091017 0.04315225
0.46275519 0.09096337 0.04321610
0.46404127 0.09127482 0.04327565
0.46532736 0.09152871 0.04330810
0.46661345 0.09150666 0.04331570
0.46789954 0.09128062 0.04330758
0.46917084 0.09108287 0.04331879
0.47045693 0.09105756 0.04336975
0.47174302 0.09117054 0.04343110
0.47302911 0.09129110 0.04346797
0.47431520 0.09133472 0.04348567
0.47560128 0.09126983 0.04348586
0.47688737 0.09111641 0.04348035
0.47817346 0.09093276 0.04348330
0.47945955 0.09076892 0.04349233
0.48074564 0.09067574 0.04350835
0.48203172 0.09070434 0.04353427
0.48331781 0.09082085 0.04356271
0.48460390 0.09094505 0.04358680
0.48587521 0.09098495 0.04359953
0.48716129 0.09090995 0.04360064
0.48844738 0.09077259 0.04360088
0.48973347 0.09062597 0.04361033
0.49101956 0.09050174 0.04362910
0.49230565 0.09040656 0.04365160
0.49359173 0.09034659 0.04367587
0.49487782 0.09032391 0.04369924
0.49616391 0.09033496 0.04372076
0.49743522 0.09036623 0.04373935
0.49872130 0.09039539 0.04375392
0.50000739 0.09040340 0.04376512
0.50129348 0.09037529 0.04377447
0.50257957 0.09030166 0.04378180
0.50386566 0.09017812 0.04378675
0.50515174 0.09002345 0.04379029
0.50643783 0.08987436 0.04379889
0.50770914 0.08976757 0.04381557
0.50899523 0.08971876 0.04383868
0.51028131 0.08969026 0.04386061
0.51156740 0.08963424 0.04387514
0.51285349 0.08951898 0.04388307
0.51413958 0.08934637 0.04388754
0.51542567 0.08913929 0.04389394
0.51669697 0.08892071 0.04389841
0.51798306 0.08874943 0.04391199
0.51926915 0.08868410 0.04393943
0.52055524 0.08871360 0.04396291
0.52184132 0.08882699 0.04398518
0.52312741 0.08896832 0.04401097
0.52439872 0.08900005 0.04402071
0.52568480 0.08883396 0.04400456
0.52697089 0.08849129 0.04397345
0.52825698 0.08809547 0.04394409
0.52954307 0.08778042 0.04394318
0.53082916 0.08764309 0.04396925
0.53210046 0.08771056 0.04400934
0.53338655 0.08783788 0.04404675
0.53467264 0.08784849 0.04405316
0.53595873 0.08769623 0.04403821
0.53724481 0.08744056 0.04401436
0.53853090 0.08719582 0.04399194
0.53980221 0.08712217 0.04401041
0.54108830 0.08724766 0.04405237
0.54237438 0.08740675 0.04406960
0.54366047 0.08753293 0.04407934
0.54494656 0.08757679 0.04408088
0.54621787 0.08746028 0.04405192
0.54750395 0.08726750 0.04401903
0.54879004 0.08710852 0.04400757
0.55007613 0.08703759 0.04400866
0.55134744 0.08708236 0.04401858
0.55263352 0.08720400 0.04402822
0.55391961 0.08730593 0.04402612
0.55520570 0.08730942 0.04400711
0.55649179 0.08721740 0.04397619
0.55776309 0.08709264 0.04394563
0.55904918 0.08702832 0.04393120
0.56033527 0.08707609 0.04393635
0.56162136 0.08720859 0.04394352
0.56289266 0.08736198 0.04394877
0.56417875 0.08747487 0.04394459
0.56546484 0.08750708 0.04393028
0.56675093 0.08745629 0.04391310
0.56803702 0.08733490 0.04389355
0.56930832 0.08714538 0.04387161
0.57059441 0.08691931 0.04384992
0.57188050 0.08671045 0.04384161
0.57316659 0.08656338 0.04384630
0.57443789 0.08649809 0.04385251
0.57572398 0.08652038 0.04385590
0.57701007 0.08662879 0.04385211
0.57829616 0.08680850 0.04384405
0.57956746 0.08700821 0.04383400
0.58085355 0.08715635 0.04381961
0.58213964 0.08718792 0.04379659
0.58341094 0.08708651 0.04376431
0.58469703 0.08689484 0.04372844
0.58598312 0.08667981 0.04370407
0.58726921 0.08649091 0.04369560
0.58854051 0.08634359 0.04369363
0.58982660 0.08626023 0.04370150
0.59111269 0.08621618 0.04371082
0.59239878 0.08613400 0.04370564
0.59367008 0.08597499 0.04368519
0.59495617 0.08578514 0.04366448
0.59624226 0.08562455 0.04365616
0.59751356 0.08553645 0.04366134
0.59879965 0.08553536 0.04367469
0.60008574 0.08560677 0.04368781
0.60137183 0.08573351 0.04369975
0.60264313 0.08586938 0.04370639
0.60392922 0.08596116 0.04370690
0.60521531 0.08594648 0.04369281
0.60648661 0.08579864 0.04366289
0.60777270 0.08553930 0.04361910
0.60905879 0.08523287 0.04357424
0.61033010 0.08498469 0.04355329
0.61161618 0.08483541 0.04354743
0.61290227 0.08477803 0.04354686
0.61417358 0.08477990 0.04354577
0.61545967 0.08479089 0.04353831
0.61674575 0.08479249 0.04352921
0.61801706 0.08478791 0.04352183
0.61930315 0.08477503 0.04351671
0.62058924 0.08475355 0.04351173
0.62187532 0.08472467 0.04350315
0.62314663 0.08471769 0.04349469
0.62443272 0.08475924 0.04348852
0.62571880 0.08483688 0.04347861
0.62699011 0.08491001 0.04346565
0.62827620 0.08490640 0.04343939
0.62954750 0.08477949 0.04339647
0.63083359 0.08455629 0.04335264
0.63211968 0.08427755 0.04331228
0.63339099 0.08397158 0.04327871
0.63467707 0.08367312 0.04325558
0.63596316 0.08341478 0.04324403
0.63723447 0.08321844 0.04324010
0.63852056 0.08309847 0.04323952
0.63980664 0.08307297 0.04324393
0.64107795 0.08313451 0.04325213
0.64236404 0.08323880 0.04325417
0.64365012 0.08334812 0.04324923
0.64492143 0.08345069 0.04324010
0.64620752 0.08354169 0.04322738
0.64749361 0.08361972 0.04321477
0.64876491 0.08367862 0.04320071
0.65005100 0.08371312 0.04318608
0.65132231 0.08371738 0.04317012
0.65260839 0.08368633 0.04315303
0.65389448 0.08361187 0.04313200
0.65516579 0.08349109 0.04310698
0.65645188 0.08332905 0.04307913
0.65772318 0.08314149 0.04305267
0.65900927 0.08295183 0.04303524
0.66029536 0.08276008 0.04302466
0.66156666 0.08255496 0.04301860
0.66285275 0.08231003 0.04300799
0.66413884 0.08202327 0.04299071
0.66541014 0.08174060 0.04297936
0.66669623 0.08151583 0.04298605
0.66796754 0.08137259 0.04301003
0.66925363 0.08129626 0.04303961
0.67053971 0.08126501 0.04306462
0.67181102 0.08126570 0.04308391
0.67309711 0.08127492 0.04309918
0.67436841 0.08123466 0.04310465
0.67565450 0.08108585 0.04309100
0.67692581 0.08084232 0.04306840
0.67821189 0.08055405 0.04305097
0.67949798 0.08023953 0.04303860
0.68076929 0.07989922 0.04302721
0.68205538 0.07952611 0.04300869
0.68332668 0.07914142 0.04298491
0.68461277 0.07881353 0.04297307
0.68589886 0.07861141 0.04299074
0.68717016 0.07851264 0.04302321
0.68845625 0.07843724 0.04304896
0.68972756 0.07834291 0.04306460
0.69101364 0.07822939 0.04307488
0.69228495 0.07809906 0.04308210
0.69357104 0.07795370 0.04308468
0.69484234 0.07780135 0.04308368
0.69612843 0.07765986 0.04308156
0.69741452 0.07754891 0.04307867
0.69868582 0.07748330 0.04307887
0.69997191 0.07745283 0.04307783
0.70124322 0.07740587 0.04306447
0.70252931 0.07731771 0.04303852
0.70380061 0.07720958 0.04301480
0.70508670 0.07710370 0.04300224
0.70635801 0.07699650 0.04299518
0.70764409 0.07687211 0.04298819
0.70893018 0.07672501 0.04297962
0.71020149 0.07655129 0.04296859
0.71148758 0.07635568 0.04295675
0.71275888 0.07614857 0.04294361
0.71404497 0.07596433 0.04293569
0.71531627 0.07585521 0.04294413
0.71660236 0.07582621 0.04296055
0.71787367 0.07582489 0.04296680
0.71915976 0.07580656 0.04295621
0.72043106 0.07576423 0.04293475
0.72171715 0.07570468 0.04290738
0.72298845 0.07564029 0.04287951
0.72427454 0.07558350 0.04285672
0.72554585 0.07553762 0.04284169
0.72683194 0.07548298 0.04283062
0.72810324 0.07538922 0.04281535
0.72938933 0.07524408 0.04279032
0.73066064 0.07507505 0.04276709
0.73194672 0.07491905 0.04275306
0.73321803 0.07479833 0.04275154
0.73450412 0.07471673 0.04275916
0.73577542 0.07465750 0.04276470
0.73706151 0.07460614 0.04276554
0.73833282 0.07455651 0.04276042
0.73961890 0.07450609 0.04275046
0.74089021 0.07445312 0.04273601
0.74217630 0.07439456 0.04271684
0.74344760 0.07432873 0.04269315
0.74473369 0.07425457 0.04266506
0.74600500 0.07417444 0.04263387
0.74729108 0.07409606 0.04260314
0.74856239 0.07402717 0.04257573
0.74984848 0.07397332 0.04255310
0.75111978 0.07393516 0.04253483
0.75240587 0.07391138 0.04251979
0.75367718 0.07389919 0.04250669
0.75496327 0.07389585 0.04249472
0.75623457 0.07389896 0.04248305
0.75752066 0.07390609 0.04247117
0.75879196 0.07391536 0.04245858
0.76007805 0.07392524 0.04244495
0.76134936 0.07393545 0.04243015
0.76263545 0.07394676 0.04241440
0.76390675 0.07396152 0.04239819
0.76517806 0.07398378 0.04238229
0.76646414 0.07401990 0.04236843
0.76773545 0.07407709 0.04235841
0.76902154 0.07415799 0.04235317
0.77029284 0.07424945 0.04234708
0.77157893 0.07432640 0.04233382
0.77285024 0.07437419 0.04231240
0.77413633 0.07439037 0.04228561
0.77540763 0.07437607 0.04225669
0.77669372 0.07433259 0.04222646
0.77796502 0.07425978 0.04219519
0.77923633 0.07416256 0.04216452
0.78052242 0.07404947 0.04213741
0.78179372 0.07393127 0.04211582
0.78307981 0.07381844 0.04210123
0.78435112 0.07372228 0.04209493
0.78563720 0.07364563 0.04209462
0.78690851 0.07358119 0.04209562
0.78817982 0.07352582 0.04209615
0.78946590 0.07347851 0.04209538
0.79073721 0.07343879 0.04209269
0.79202330 0.07340547 0.04208767
0.79329460 0.07337599 0.04207968
0.79458069 0.07334629 0.04206858
0.79585200 0.07330924 0.04205277
0.79712330 0.07326014 0.04203394
0.79840939 0.07319676 0.04201375
0.79968070 0.07311533 0.04199229
0.80096678 0.07301513 0.04197069
0.80223809 0.07289798 0.04194840
0.80350939 0.07277338 0.04192881
0.80479548 0.07265535 0.04191655
0.80606679 0.07255609 0.04191521
0.80735288 0.07247523 0.04192285
0.80862418 0.07240349 0.04193296
0.80989549 0.07233763 0.04194321
0.81118157 0.07227841 0.04195234
0.81245288 0.07223123 0.04196092
0.81373897 0.07220087 0.04197102
0.81501027 0.07217870 0.04197897
0.81628158 0.07214965 0.04198099
0.81756767 0.07210718 0.04197690
0.81883897 0.07205009 0.04196763
0.82012506 0.07197580 0.04195282
0.82139637 0.07187848 0.04193027
0.82266767 0.07174774 0.04189458
0.82395376 0.07158700 0.04184757
0.82522507 0.07142657 0.04180504
0.82651115 0.07129807 0.04178114
0.82778246 0.07120404 0.04177425
0.82905376 0.07113354 0.04177768
0.83033985 0.07107732 0.04178729
0.83161116 0.07102642 0.04179920
0.83288246 0.07097617 0.04181224
0.83416855 0.07092165 0.04182497
0.83543986 0.07085775 0.04183583
0.83672594 0.07077982 0.04184340
0.83799725 0.07068541 0.04184733
0.83926856 0.07057310 0.04184756
0.84055464 0.07044162 0.04184389
0.84182595 0.07029004 0.04183594
0.84309725 0.07011811 0.04182317
0.84438334 0.06992962 0.04180626
0.84565465 0.06973286 0.04178690
0.84692595 0.06954065 0.04176766
0.84821204 0.06937210 0.04175281
0.84948335 0.06924699 0.04174729
0.85076944 0.06917229 0.04175296
0.85204074 0.06912117 0.04176013
0.85331205 0.06906485 0.04176265
0.85459813 0.06898853 0.04175984
0.85586944 0.06888766 0.04175251
0.85714075 0.06876474 0.04174307
0.85842683 0.06861751 0.04173007
0.85969814 0.06844984 0.04171517
0.86096944 0.06826576 0.04169779
0.86225553 0.06807935 0.04168243
0.86352684 0.06791327 0.04167477
0.86479814 0.06779561 0.04168402
0.86608423 0.06774224 0.04171451
0.86735554 0.06774233 0.04175860
0.86862684 0.06776950 0.04180379
0.86991293 0.06779809 0.04183774
0.87118424 0.06781234 0.04185625
0.87245554 0.06780163 0.04186002
0.87374163 0.06775653 0.04185085
0.87501293 0.06766878 0.04182987
0.87628424 0.06753380 0.04179870
0.87757033 0.06735083 0.04175829
0.87884163 0.06712497 0.04171116
0.88011294 0.06686634 0.04166125
0.88138424 0.06658748 0.04161303
0.88267033 0.06630240 0.04157111
0.88394164 0.06602076 0.04153755
0.88521294 0.06575016 0.04151333
0.88649903 0.06549535 0.04149811
0.88777034 0.06526835 0.04149655
0.88904164 0.06507829 0.04151067
0.89032773 0.06491412 0.04153015
0.89159904 0.06476816 0.04154723
0.89287034 0.06464321 0.04156065
0.89415643 0.06454335 0.04157150
0.89542774 0.06446517 0.04157920
0.89669904 0.06439948 0.04158258
0.89797035 0.06433750 0.04158144
0.89925643 0.06427325 0.04157683
0.90052774 0.06420273 0.04156937
0.90179905 0.06412306 0.04155971
0.90308513 0.06403131 0.04154808
0.90435644 0.06392408 0.04153371
0.90562774 0.06379895 0.04151639
0.90691383 0.06365491 0.04149579
0.90818514 0.06349296 0.04147224
0.90945644 0.06331644 0.04144584
0.91072775 0.06313669 0.04142059
0.91201384 0.06296657 0.04139918
0.91328514 0.06281733 0.04138358
0.91455645 0.06269643 0.04137399
0.91582775 0.06260703 0.04136831
0.91711384 0.06255427 0.04136733
0.91838515 0.06253766 0.04136952
0.91965645 0.06255536 0.04137491
0.92094254 0.06259780 0.04138226
0.92221385 0.06264960 0.04138956
0.92348515 0.06268351 0.04138985
0.92475646 0.06267783 0.04137778
0.92604254 0.06263502 0.04135627
0.92731385 0.06256681 0.04133049
0.92858516 0.06248598 0.04130537
0.92985646 0.06239803 0.04128260
0.93114255 0.06230417 0.04126194
0.93241385 0.06220562 0.04124360
0.93368516 0.06210694 0.04122905
0.93495647 0.06202195 0.04122551
0.93624255 0.06195651 0.04123275
0.93751386 0.06190658 0.04124238
0.93878516 0.06188941 0.04125739
0.94005647 0.06192042 0.04128126
0.94134256 0.06197255 0.04130196
0.94261386 0.06200725 0.04130812
0.94388517 0.06201344 0.04130178
0.94515647 0.06199367 0.04128729
0.94644256 0.06194983 0.04126736
0.94771387 0.06188069 0.04124222
0.94898517 0.06178449 0.04121134
0.95025648 0.06166272 0.04117545
0.95154257 0.06151651 0.04113437
0.95281387 0.06134327 0.04108497
0.95408518 0.06114979 0.04102876
0.95535648 0.06096002 0.04097528
0.95664257 0.06081144 0.04093920
0.95791388 0.06073499 0.04092997
0.95918518 0.06073085 0.04094337
0.96045649 0.06076503 0.04096327
0.96174258 0.06080065 0.04097819
0.96301388 0.06082413 0.04098677
0.96428519 0.06083287 0.04099051
0.96555649 0.06082140 0.04098827
0.96682780 0.06078148 0.04097601
0.96811389 0.06070994 0.04095337
0.96938519 0.06060885 0.04092186
0.97065650 0.06048406 0.04088447
0.97192780 0.06034310 0.04084415
0.97321389 0.06019205 0.04080266
0.97448520 0.06003841 0.04076208
0.97575650 0.05989018 0.04072435
0.97702781 0.05975723 0.04069173
0.97829911 0.05964868 0.04066656
0.97958520 0.05956746 0.04064864
0.98085651 0.05951087 0.04063602
0.98212781 0.05946931 0.04062558
0.98339912 0.05943476 0.04061527
0.98468520 0.05940049 0.04060402
0.98595651 0.05936117 0.04059124
0.98722781 0.05931386 0.04057680
0.98849912 0.05925461 0.04055992
0.98977043 0.05918089 0.04054001
0.99105651 0.05909322 0.04051775
0.99232782 0.05899465 0.04049465
0.99359912 0.05888942 0.04047309
0.99487043 0.05877858 0.04045358
0.99614174 0.05865680 0.04043278
0.99742782 0.05851882 0.04040727
0.99869913 0.05836779 0.04037818
0.99997043 0.05821082 0.04034797
1.00124174 0.05805695 0.04031981
1.00251305 0.05791359 0.04029608
1.00378435 0.05778167 0.04027592
1.00507044 0.05765896 0.04025778
1.00634174 0.05754195 0.04024001
1.00761305 0.05742906 0.04022217
1.00888436 0.05731980 0.04020439
1.01015566 0.05721475 0.04018716
1.01144175 0.05711444 0.04017079
1.01271305 0.05701944 0.04015564
1.01398436 0.05693073 0.04014211
1.01525567 0.05684942 0.04013071
1.01652697 0.05677710 0.04012219
1.01779828 0.05671515 0.04011732
1.01908436 0.05666426 0.04011691
1.02035567 0.05661857 0.04011816
1.02162698 0.05656674 0.04011561
1.02289828 0.05649934 0.04010550
1.02416959 0.05640939 0.04008507
1.02545567 0.05629730 0.04005494
1.02672698 0.05617391 0.04002066
1.02799829 0.05605013 0.03998697
1.02926959 0.05593122 0.03995542
1.03054090 0.05581988 0.03992663
1.03181220 0.05571860 0.03990115
1.03309829 0.05563038 0.03987982
1.03436960 0.05555965 0.03986463
1.03564090 0.05550712 0.03985556
1.03691221 0.05546803 0.03985029
1.03818351 0.05543680 0.03984665
1.03945482 0.05541020 0.03984358
1.04072612 0.05538746 0.03984125
1.04201221 0.05536761 0.03983954
1.04328352 0.05535090 0.03983910
1.04455482 0.05533597 0.03983954
1.04582613 0.05531733 0.03983796
1.04709743 0.05528988 0.03983170
1.04836874 0.05525209 0.03982000
1.04965483 0.05520415 0.03980260
1.05092613 0.05514811 0.03978000
1.05219744 0.05508941 0.03975437
1.05346874 0.05503528 0.03972872
1.05474005 0.05499213 0.03970565
1.05601135 0.05496657 0.03968790
1.05728266 0.05496432 0.03967765
1.05856875 0.05499015 0.03967699
1.05984005 0.05504285 0.03968537
1.06111136 0.05511442 0.03969956
1.06238266 0.05519061 0.03971348
1.06365397 0.05526513 0.03972530
1.06492527 0.05534093 0.03973768
1.06619658 0.05541596 0.03974991
1.06746788 0.05548462 0.03975940
1.06875397 0.05553829 0.03976196
1.07002528 0.05557081 0.03975479
1.07129658 0.05557984 0.03973719
1.07256789 0.05556607 0.03970986
1.07383919 0.05553070 0.03967356
1.07511050 0.05547569 0.03962884
1.07638181 0.05540801 0.03957889
1.07766789 0.05534248 0.03953000
1.07893920 0.05530588 0.03949514
1.08021050 0.05531777 0.03948296
1.08148181 0.05536581 0.03948487
1.08275312 0.05542093 0.03948600
1.08402442 0.05547145 0.03948253
1.08529573 0.05551734 0.03947612
1.08656703 0.05555840 0.03946730
1.08783834 0.05559600 0.03945738
1.08912443 0.05562833 0.03944559
1.09039573 0.05565443 0.03943163
1.09166704 0.05567457 0.03941572
1.09293834 0.05569014 0.03939867
1.09420965 0.05570171 0.03938073
1.09548095 0.05570924 0.03936196
1.09675226 0.05571199 0.03934201
1.09802356 0.05570889 0.03932047
1.09930965 0.05569997 0.03929745
1.10058096 0.05568597 0.03927351
1.10185226 0.05566786 0.03924912
1.10312357 0.05564640 0.03922446
1.10439487 0.05562165 0.03919942
1.10566618 0.05559360 0.03917367
1.10693748 0.05556253 0.03914709
1.10820879 0.05552940 0.03911980
1.10948010 0.05549577 0.03909226
1.11075140 0.05546384 0.03906518
1.11203749 0.05543537 0.03903920
1.11330879 0.05541201 0.03901482
1.11458010 0.05539489 0.03899265
1.11585141 0.05538501 0.03897335
1.11712271 0.05538248 0.03895750
1.11839402 0.05538470 0.03894485
1.11966532 0.05538465 0.03893322
1.12093663 0.05536723 0.03891688
1.12220793 0.05530721 0.03888371
1.12347924 0.05518465 0.03882342
1.12475054 0.05501493 0.03874370
1.12603663 0.05483833 0.03866322
1.12730794 0.05468604 0.03859213
1.12857924 0.05457536 0.03853367
1.12985055 0.05451900 0.03848718
1.13112185 0.05452963 0.03845611
1.13239316 0.05461539 0.03844418
1.13366446 0.05478631 0.03845798
1.13493577 0.05504379 0.03851284
1.13620707 0.05538294 0.03862856
1.13747838 0.05576630 0.03881722
1.13874969 0.05614902 0.03906890
1.14002099 0.05645833 0.03929341
1.14130708 0.05665230 0.03942788
1.14257838 0.05676427 0.03950370
1.14384969 0.05677879 0.03952795
1.14512100 0.05665845 0.03950050
1.14639230 0.05638920 0.03942199
1.14766361 0.05603953 0.03928141
1.14893491 0.05573331 0.03909357
1.15020622 0.05550506 0.03891893
1.15147752 0.05524213 0.03875465
1.15274883 0.05484124 0.03857607
1.15402013 0.05437678 0.03837462
1.15529144 0.05427805 0.03829443
1.15656274 0.05417703 0.03821167
1.15783405 0.05407598 0.03812794
1.15912014 0.05397534 0.03804356
1.16039144 0.05387554 0.03795884
1.16166275 0.05377706 0.03787414
1.16293405 0.05368035 0.03778980
1.16420536 0.05358589 0.03770617
1.16547667 0.05349417 0.03762361
1.16674797 0.05340568 0.03754250
1.16801928 0.05332089 0.03746320
1.16929058 0.05324030 0.03738609
1.17056189 0.05316442 0.03731154
1.17183319 0.05309371 0.03723994
1.17310450 0.05302868 0.03717164
1.17437580 0.05296981 0.03710704
1.17564711 0.05291756 0.03704649
1.17691841 0.05287240 0.03699035
1.17818972 0.05283479 0.03693899
1.17946103 0.05280516 0.03689274
1.18074711 0.05278395 0.03685195
1.18201842 0.05277155 0.03681692
1.18328972 0.05276835 0.03678797
1.18456103 0.05277472 0.03676539
1.18583234 0.05279100 0.03674944
1.18710364 0.05281750 0.03674038
1.18837495 0.05285449 0.03673844
1.18964625 0.05290223 0.03674381
1.19091756 0.05296093 0.03675668
1.19218886 0.05303076 0.03677718
1.19346017 0.05311187 0.03680544
1.19473147 0.05320433 0.03684153
1.19600278 0.05330821 0.03688550
1.19727408 0.05342348 0.03693735
1.19854539 0.05355009 0.03699704
1.19981670 0.05368792 0.03706451
1.20108800 0.05383681 0.03713961
1.20235931 0.05399652 0.03722218
1.20363061 0.05416674 0.03731198
1.20490192 0.05434711 0.03740874
1.20617322 0.05453718 0.03751211
1.20744453 0.05473644 0.03762170
1.20873062 0.05494429 0.03773704
1.21000192 0.05516004 0.03785760
1.21127323 0.05538293 0.03798278
1.21254453 0.05561210 0.03811192
1.21381584 0.05584660 0.03824426
1.21508714 0.05608537 0.03837897
1.21635845 0.05632727 0.03851516
1.21762975 0.05657104 0.03865183
1.21890106 0.05681530 0.03878788
1.22017237 0.05705858 0.03892216
1.22144367 0.05729926 0.03905339
1.22271498 0.05753564 0.03918019
1.22398628 0.05776584 0.03930110
1.22525759 0.05798790 0.03941454
1.22652889 0.05819970 0.03951881
1.22780020 0.05839896 0.03961212
1.22907150 0.05858329 0.03969253
1.23034281 0.05875014 0.03975801
1.23161411 0.05889680 0.03980639
1.23288542 0.05902040 0.03983537
1.23415673 0.05911790 0.03984251
1.23542803 0.05918612 0.03982524
1.23669934 0.05922167 0.03978085
1.23797064 0.05922101 0.03970648
1.23924195 0.05918040 0.03959912
1.24051325 0.05909591 0.03945560
1.24178456 0.05896343 0.03927261
1.24305586 0.05877864 0.03904664
1.24432717 0.05853702 0.03877405
1.24559847 0.05823383 0.03845101
1.24686978 0.05786413 0.03807351
1.24814109 0.05742275 0.03763737
1.24941239 0.05690430 0.03713820
1.25068370 0.05630314 0.03657145
1.25195500 0.05561342 0.03593235
1.25322631 0.05482902 0.03521594
1.25449761 0.05394360 0.03441706
1.25576892 0.05295053 0.03353032
1.25704022 0.05184294 0.03255012
1.25831153 0.05061369 0.03147066
1.25958283 0.04925537 0.03028590
1.26085414 0.04776028 0.02898955
1.26212545 0.04612045 0.02757512
1.26339675 0.04432760 0.02603585
1.26466806 0.04237316 0.02436474
1.26593936 0.04024827 0.02255456
1.26721067 0.03794373 0.02059778
1.26848197 0.03545005 0.01848666
1.26975328 0.03275740 0.01621313
1.27102458 0.02985561 0.01376891
1.27229589 0.02673421 0.01114540
1.27356719 0.02338234 0.00833373
1.27483850 0.01978883 0.00532480
1.27610981 0.01594212 0.00210952
1.27738111 0.01183030 0.00132555
1.27865242 0.00744109 0.00498351
1.27992372 0.00276183 0.00887951
1.28119503 -0.00222054 0.01302338
-0.96316762 0.02844647 0.00213230
-0.96189631 0.02507987 0.00095318
-0.96062353 0.01931640 0.00075403
-0.95934927 0.01713020 0.00076791
-0.95807353 0.01748747 0.00167123
-0.95679779 0.01989043 0.00354799
-0.95551909 0.02347243 0.00441925
-0.95423744 0.03302273 0.00709620
-0.95295431 0.03561727 0.01729230
-0.95167118 0.09577493 0.04521129
-0.95038804 0.17669100 0.05612985
-0.94910048 0.18123400 0.04817299
-0.94781143 0.15432367 0.04414472
-0.94651943 0.13528877 0.04352587
-0.94522743 0.12853123 0.04334008
-0.94393247 0.12414330 0.04267351
-0.94263604 0.12235060 0.04197068
-0.94133960 0.12093117 0.04147007
-0.94004021 0.11893037 0.04093582
-0.93873934 0.11661727 0.04044515
-0.93743699 0.11454710 0.04007755
-0.93613316 0.11265210 0.03973799
-0.93482786 0.11096180 0.03942360
-0.93351959 0.10943023 0.03913169
-0.93221133 0.10804087 0.03885595
-0.93090011 0.10677087 0.03859445
-0.92958890 0.10560323 0.03834511
-0.92827472 0.10452250 0.03810600
-0.92695907 0.10351667 0.03787623
-0.92564341 0.10257457 0.03765517
-0.92432480 0.10168617 0.03744171
-0.92300472 0.10084273 0.03723630
-0.92168315 0.10003503 0.03703785
-0.92036010 0.09925470 0.03684718
-0.91903410 0.09849183 0.03666416
-0.91770810 0.09773363 0.03648598
-0.91638062 0.09698517 0.03630707
-0.91505167 0.09629763 0.03612511
-0.91371975 0.09572440 0.03594953
-0.91238784 0.09522867 0.03577934
-0.91105297 0.09474207 0.03560556
-0.90971810 0.09425623 0.03543137
-0.90838027 0.09378043 0.03526130
-0.90704096 0.09331380 0.03509328
-0.90570166 0.09285677 0.03492665
-0.90435940 0.09240890 0.03476170
-0.90301565 0.09196967 0.03459810
-0.90167044 0.09153887 0.03443598
-0.90032374 0.09111550 0.03427471
-0.89897556 0.09069887 0.03411412
-0.89762591 0.09028913 0.03395473
-0.89627478 0.08988523 0.03379597
-0.89492217 0.08948700 0.03363790
-0.89356808 0.08909410 0.03348077
-0.89221251 0.08870567 0.03332387
-0.89085547 0.08832150 0.03316732
-0.88949695 0.08794140 0.03301126
-0.88813547 0.08756480 0.03285542
-0.88677399 0.08719193 0.03270027
-0.88541103 0.08682190 0.03254510
-0.88404659 0.08645457 0.03239003
-0.88267920 0.08609013 0.03223558
-0.88131181 0.08572783 0.03208097
-0.87994294 0.08536783 0.03192669
-0.87857259 0.08500973 0.03177238
-0.87719928 0.08465340 0.03161814
-0.87582598 0.08429837 0.03146363
-0.87445120 0.08394497 0.03130927
-0.87307345 0.08359310 0.03115515
-0.87169571 0.08324227 0.03100092
-0.87031650 0.08289253 0.03084655
-0.86893580 0.08254340 0.03069171
-0.86755215 0.08219550 0.03053731
-0.86616849 0.08184817 0.03038247
-0.86478336 0.08150163 0.03022770
-0.86339675 0.08115553 0.03007258
-0.86200866 0.08080983 0.02991716
-0.86061762 0.08046453 0.02976142
-0.85922657 0.08011987 0.02960584
-0.85783405 0.07977523 0.02944957
-0.85644005 0.07943083 0.02929308
-0.85504457 0.07908677 0.02913632
-0.85364761 0.07874297 0.02897934
-0.85224918 0.07839940 0.02882214
-0.85084926 0.07805547 0.02866383
-0.84944787 0.07771210 0.02850576
-0.84804648 0.07736840 0.02834655
-0.84664213 0.07702503 0.02818707
-0.84523630 0.07668233 0.02802711
-0.84382899 0.07634030 0.02786612
-0.84242169 0.07599873 0.02770492
-0.84101143 0.07565527 0.02754236
-0.83960116 0.07531017 0.02737959
-0.83818795 0.07496290 0.02721577
-0.83677473 0.07461387 0.02705127
-0.83536003 0.07426297 0.02688625
-0.83394238 0.07390927 0.02672012
-0.83252472 0.07355250 0.02655381
-0.83110559 0.07318947 0.02638690
-0.82968498 0.07281677 0.02622014
-0.82826289 0.07243313 0.02605310
-0.82684081 0.07204023 0.02588616
-0.82541576 0.07163843 0.02571976
-0.82398924 0.07122670 0.02555331
-0.82256272 0.07080530 0.02538792
-0.82113324 0.07037390 0.02522382
-0.81970376 0.06993173 0.02506021
-0.81827280 0.06947980 0.02489839
-0.81684036 0.06901843 0.02473806
-0.81540645 0.06854853 0.02457932
-0.81397106 0.06807193 0.02442248
-0.81253418 0.06759067 0.02426753
-0.81109584 0.06710713 0.02411453
-0.80965749 0.06662423 0.02396329
-0.80821618 0.06614513 0.02381380
-0.80677488 0.06567297 0.02366578
-0.80533209 0.06521070 0.02351905
-0.80388783 0.06476103 0.02337336
-0.80244209 0.06432600 0.02322848
-0.80099487 0.06390710 0.02308413
-0.79954765 0.06350517 0.02294001
-0.79809748 0.06312037 0.02279604
-0.79664730 0.06275217 0.02265189
-0.79519565 0.06239970 0.02250743
-0.79374252 0.06206163 0.02236252
-0.79228791 0.06173637 0.02221695
-0.79083182 0.06142237 0.02207071
-0.78937573 0.06111770 0.02192361
-0.78791669 0.06081990 0.02177548
-0.78645764 0.06052807 0.02162576
-0.78499712 0.06024433 0.02147479
-0.78353512 0.05996710 0.02132270
-0.78207164 0.05969083 0.02116901
-0.78060816 0.05941180 0.02101387
-0.77914320 0.05912733 0.02085766
-0.77767528 0.05883397 0.02070102
-0.77620885 0.05852503 0.02054433
-0.77473946 0.05819477 0.02038732
-0.77326859 0.05784427 0.02023053
-0.77179771 0.05747630 0.02007457
-0.77032537 0.05709160 0.01991954
-0.76885154 0.05669103 0.01976560
-0.76737623 0.05627513 0.01961297
-0.76590093 0.05584473 0.01946196
-0.76442266 0.05540073 0.01931294
-0.76294440 0.05494437 0.01916603
-0.76146466 0.05447737 0.01902158
-0.75998492 0.05400177 0.01887970
-0.75850222 0.05352023 0.01874042
-0.75701953 0.05303577 0.01860396
-0.75553535 0.05255170 0.01847012
-0.75405118 0.05207173 0.01833889
-0.75256405 0.05159957 0.01821007
-0.75107691 0.05113893 0.01808339
-0.74958830 0.05069300 0.01795852
-0.74809822 0.05026473 0.01783525
-0.74660813 0.04985623 0.01771314
-0.74511656 0.04946917 0.01759190
-0.74362352 0.04910410 0.01747112
-0.74212899 0.04876113 0.01735057
-0.74063447 0.04843960 0.01722989
-0.73913847 0.04813833 0.01710875
-0.73764099 0.04785560 0.01698691
-0.73614351 0.04758963 0.01686414
-0.73464307 0.04733817 0.01674008
-0.73314412 0.04709900 0.01661465
-0.73164220 0.04686960 0.01648753
-0.73014029 0.04664753 0.01635878
-0.72863542 0.04642913 0.01622870
-0.72713202 0.04621090 0.01609832
-0.72562567 0.04598097 0.01597167
-0.72411933 0.04569520 0.01585245
-0.72261150 0.04530733 0.01573338
-0.72110367 0.04486173 0.01561271
-0.71959436 0.04444110 0.01549911
-0.71808358 0.04405803 0.01538918
-0.71657132 0.04369843 0.01527789
-0.71505906 0.04335717 0.01516672
-0.71354532 0.04302913 0.01505595
-0.71203158 0.04271203 0.01494563
-0.71051488 0.04240367 0.01483584
-0.70899966 0.04210260 0.01472664
-0.70748148 0.04180760 0.01461796
-0.70596331 0.04151780 0.01450995
-0.70444366 0.04123247 0.01440248
-0.70292400 0.04095097 0.01429559
-0.70140287 0.04067287 0.01418928
-0.69988026 0.04039767 0.01408359
-0.69835765 0.04012507 0.01397839
-0.69683356 0.03985477 0.01387379
-0.69530800 0.03958647 0.01376976
-0.69378243 0.03931997 0.01366626
-0.69225538 0.03905500 0.01356328
-0.69072834 0.03879147 0.01346086
-0.68919982 0.03852920 0.01335895
-0.68766982 0.03826803 0.01325756
-0.68613981 0.03800790 0.01315673
-0.68460833 0.03774860 0.01305640
-0.68307685 0.03749013 0.01295663
-0.68154390 0.03723227 0.01285741
-0.68001094 0.03697503 0.01275865
-0.67847650 0.03671823 0.01266053
-0.67694059 0.03646187 0.01256294
-0.67540467 0.03620587 0.01246595
-0.67386728 0.03595003 0.01236958
-0.67232841 0.03569440 0.01227379
-0.67078954 0.03543887 0.01217867
-0.66925067 0.03518330 0.01208413
-0.66771032 0.03492767 0.01199041
-0.66616849 0.03467190 0.01189736
-0.66462666 0.03441583 0.01180514
-0.66308484 0.03415943 0.01171374
-0.66154005 0.03390257 0.01162329
-0.65999675 0.03364523 0.01153381
-0.65845049 0.03338717 0.01144537
-0.65690570 0.03312827 0.01135812
-0.65535796 0.03286850 0.01127212
-0.65381022 0.03260773 0.01118747
-0.65226248 0.03234620 0.01110427
-0.65071326 0.03208403 0.01102262
-0.64916404 0.03182173 0.01094238
-0.64761335 0.03156023 0.01086327
-0.64606265 0.03130197 0.01078409
-0.64451047 0.03106070 0.01070284
-0.64295830 0.03085923 0.01062124
-0.64140464 0.03069400 0.01054159
-0.63985099 0.03053197 0.01046061
-0.63829586 0.03035823 0.01037818
-0.63674073 0.03017433 0.01029682
-0.63518412 0.02998020 0.01021609
-0.63362751 0.02977980 0.01013615
-0.63207090 0.02957527 0.01005710
-0.63051133 0.02936760 0.00997866
-0.62895324 0.02915763 0.00990096
-0.62739368 0.02894593 0.00982392
-0.62583411 0.02873300 0.00974759
-0.62427306 0.02851920 0.00967192
-0.62271202 0.02830497 0.00959705
-0.62114950 0.02809063 0.00952281
-0.61958697 0.02787647 0.00944933
-0.61802445 0.02766273 0.00937652
-0.61646045 0.02744960 0.00930453
-0.61489497 0.02723737 0.00923326
-0.61333097 0.02702620 0.00916267
-0.61176401 0.02681627 0.00909294
-0.61019853 0.02660773 0.00902390
-0.60863157 0.02640080 0.00895559
-0.60706461 0.02619557 0.00888811
-0.60549618 0.02599217 0.00882141
-0.60392774 0.02579080 0.00875536
-0.60235783 0.02559147 0.00869010
-0.60078939 0.02539437 0.00862559
-0.59921800 0.02519950 0.00856181
-0.59764808 0.02500693 0.00849874
-0.59607669 0.02481680 0.00843641
-0.59450530 0.02462920 0.00837474
-0.59293243 0.02444430 0.00831378
-0.59135956 0.02426210 0.00825345
-0.58978669 0.02408270 0.00819375
-0.58821234 0.02390610 0.00813464
-0.58663799 0.02373230 0.00807612
-0.58506364 0.02356143 0.00801814
-0.58348781 0.02339350 0.00796072
-0.58191198 0.02322847 0.00790383
-0.58033616 0.02306633 0.00784735
-0.57875885 0.02290717 0.00779140
-0.57718302 0.02275093 0.00773579
-0.57560424 0.02259757 0.00768057
-0.57402693 0.02244713 0.00762568
-0.57244815 0.02229953 0.00757114
-0.57086937 0.02215477 0.00751680
-0.56929058 0.02201280 0.00746268
-0.56771032 0.02187357 0.00740871
-0.56613006 0.02173700 0.00735478
-0.56454980 0.02160300 0.00730097
-0.56296805 0.02147157 0.00724718
-0.56138779 0.02134250 0.00719324
-0.55980605 0.02121573 0.00713918
-0.55822283 0.02109100 0.00708494
-0.55664109 0.02096807 0.00703050
-0.55505787 0.02084647 0.00697578
-0.55347466 0.02072567 0.00692104
-0.55189144 0.02060430 0.00686641
-0.55030822 0.02048073 0.00681286
-0.54872352 0.02034637 0.00676247
-0.54713882 0.02017797 0.00671522
-0.54555413 0.01996573 0.00666647
-0.54396943 0.01974510 0.00661836
-0.54238325 0.01954617 0.00657412
-0.54079708 0.01936617 0.00653049
-0.53921090 0.01919980 0.00648660
-0.53762473 0.01904370 0.00644292
-0.53603855 0.01889567 0.00639938
-0.53445090 0.01875417 0.00635615
-0.53286472 0.01861813 0.00631315
-0.53127707 0.01848667 0.00627049
-0.52968942 0.01835907 0.00622808
-0.52810029 0.01823473 0.00618598
-0.52651263 0.01811320 0.00614417
-0.52492498 0.01799410 0.00610269
-0.52333585 0.01787707 0.00606150
-0.52174671 0.01776187 0.00602064
-0.52015758 0.01764817 0.00598003
-0.51856845 0.01753587 0.00593974
-0.51697932 0.01742470 0.00589973
-0.51538871 0.01731460 0.00586001
-0.51379958 0.01720530 0.00582061
-0.51220897 0.01709670 0.00578147
-0.51061836 0.01698873 0.00574258
-0.50902775 0.01688123 0.00570404
-0.50743714 0.01677413 0.00566574
-0.50584653 0.01666733 0.00562780
-0.50425592 0.01656073 0.00559012
-0.50266383 0.01645423 0.00555280
-0.50107322 0.01634783 0.00551575
-0.49948261 0.01624140 0.00547905
-0.49789052 0.01613483 0.00544275
-0.49629843 0.01602810 0.00540676
-0.49470782 0.01592113 0.00537120
-0.49311573 0.01581384 0.00533603
-0.49152364 0.01570612 0.00530129
-0.48993156 0.01559798 0.00526706
-0.48833947 0.01548921 0.00523331
-0.48674738 0.01537979 0.00520013
-0.48515529 0.01526967 0.00516755
-0.48356320 0.01515885 0.00513560
-0.48196964 0.01504721 0.00510428
-0.48037755 0.01493479 0.00507374
-0.47878546 0.01482159 0.00504393
-0.47719337 0.01470757 0.00501488
-0.47559980 0.01459302 0.00498665
-0.47400772 0.01447812 0.00495925
-0.47241563 0.01436343 0.00493241
-0.47082206 0.01424990 0.00490587
-0.46922997 0.01414022 0.00487856
-0.46763788 0.01404485 0.00484987
-0.46604432 0.01397660 0.00482162
-0.46445223 0.01392929 0.00479463
-0.46286014 0.01388309 0.00476692
-0.46126658 0.01382848 0.00473813
-0.45967449 0.01376741 0.00470954
-0.45808240 0.01370251 0.00468147
-0.45649031 0.01363484 0.00465376
-0.45489822 0.01356512 0.00462635
-0.45330613 0.01349373 0.00459923
-0.45171257 0.01342118 0.00457242
-0.45012048 0.01334766 0.00454590
-0.44852839 0.01327345 0.00451962
-0.44693778 0.01319874 0.00449366
-0.44534569 0.01312369 0.00446792
-0.44375360 0.01304840 0.00444244
-0.44216151 0.01297303 0.00441726
-0.44057090 0.01289762 0.00439228
-0.43897882 0.01282234 0.00436759
-0.43738821 0.01274722 0.00434317
-0.43579612 0.01267233 0.00431897
-0.43420551 0.01259770 0.00429508
-0.43261490 0.01252343 0.00427141
-0.43102429 0.01244952 0.00424799
-0.42943368 0.01237606 0.00422484
-0.42784307 0.01230306 0.00420194
-0.42625394 0.01223053 0.00417934
-0.42466333 0.01215849 0.00415696
-0.42307419 0.01208699 0.00413484
-0.42148358 0.01201612 0.00411300
-0.41989445 0.01194584 0.00409139
-0.41830532 0.01187619 0.00407000
-0.41671619 0.01180723 0.00404890
-0.41512853 0.01173895 0.00402804
-0.41353940 0.01167135 0.00400741
-0.41195175 0.01160447 0.00398706
-0.41036262 0.01153832 0.00396692
-0.40877496 0.01147287 0.00394700
-0.40718731 0.01140818 0.00392732
-0.40560114 0.01134424 0.00390789
-0.40401348 0.01128107 0.00388870
-0.40242731 0.01121869 0.00386975
-0.40084113 0.01115706 0.00385103
-0.39925496 0.01109622 0.00383248
-0.39766878 0.01103616 0.00381422
-0.39608261 0.01097684 0.00379613
-0.39449791 0.01091838 0.00377830
-0.39291321 0.01086070 0.00376069
-0.39132851 0.01080378 0.00374325
-0.38974382 0.01074770 0.00372607
-0.38816060 0.01069237 0.00370905
-0.38657738 0.01063788 0.00369229
-0.38499416 0.01058417 0.00367568
-0.38341094 0.01053130 0.00365931
-0.38182920 0.01047922 0.00364308
-0.38024598 0.01042801 0.00362707
-0.37866424 0.01037765 0.00361122
-0.37708398 0.01032823 0.00359553
-0.37550224 0.01027982 0.00357994
-0.37392198 0.01023254 0.00356437
-0.37234172 0.01018698 0.00354876
-0.37076145 0.01014468 0.00353310
-0.36918267 0.01010611 0.00351781
-0.36760388 0.01006852 0.00350269
-0.36602510 0.01002978 0.00348744
-0.36444780 0.00999005 0.00347230
-0.36286901 0.00994968 0.00345740
-0.36129171 0.00990887 0.00344260
-0.35971588 0.00986781 0.00342798
-0.35814005 0.00982666 0.00341357
-0.35656422 0.00978543 0.00339928
-0.35498840 0.00974421 0.00338514
-0.35341405 0.00970311 0.00337119
-0.35183970 0.00966210 0.00335738
-0.35026535 0.00962126 0.00334374
-0.34869248 0.00958060 0.00333024
-0.34711961 0.00954016 0.00331687
-0.34554674 0.00950002 0.00330371
-0.34397534 0.00946013 0.00329067
-0.34240395 0.00942052 0.00327777
-0.34083256 0.00938126 0.00326505
-0.33926264 0.00934233 0.00325251
-0.33769273 0.00930372 0.00324010
-0.33612429 0.00926543 0.00322781
-0.33455586 0.00922752 0.00321574
-0.33298742 0.00918998 0.00320383
-0.33142046 0.00915281 0.00319207
-0.32985350 0.00911605 0.00318051
-0.32828655 0.00907967 0.00316909
-0.32672107 0.00904371 0.00315786
-0.32515559 0.00900817 0.00314682
-0.32359159 0.00897305 0.00313596
-0.32202758 0.00893837 0.00312527
-0.32046358 0.00890416 0.00311478
-0.31890106 0.00887045 0.00310449
-0.31734002 0.00883725 0.00309437
-0.31577749 0.00880467 0.00308449
-0.31421793 0.00877275 0.00307474
-0.31265688 0.00874164 0.00306514
-0.31109731 0.00871155 0.00305567
-0.30953923 0.00868272 0.00304615
-0.30798114 0.00865576 0.00303648
-0.30642305 0.00863163 0.00302625
-0.30486644 0.00861404 0.00301500
-0.30330983 0.00860954 0.00300352
-0.30175470 0.00861693 0.00299295
-0.30019957 0.00862449 0.00298198
-0.29864591 0.00862629 0.00297005
-0.29709226 0.00862365 0.00295826
-0.29554008 0.00861707 0.00294656
-0.29398791 0.00860723 0.00293489
-0.29243721 0.00859472 0.00292328
-0.29088651 0.00858017 0.00291178
-0.28933730 0.00856382 0.00290030
-0.28778808 0.00854599 0.00288888
-0.28623886 0.00852689 0.00287753
-0.28469112 0.00850664 0.00286616
-0.28314485 0.00848548 0.00285488
-0.28159859 0.00846348 0.00284357
-0.28005381 0.00844077 0.00283228
-0.27850902 0.00841751 0.00282105
-0.27696572 0.00839372 0.00280977
-0.27542241 0.00836953 0.00279851
-0.27388059 0.00834504 0.00278727
-0.27234024 0.00832029 0.00277602
-0.27079989 0.00829537 0.00276476
-0.26925954 0.00827031 0.00275348
-0.26772067 0.00824520 0.00274218
-0.26618327 0.00822005 0.00273085
-0.26464588 0.00819492 0.00271946
-0.26310997 0.00816987 0.00270805
-0.26157405 0.00814488 0.00269653
-0.26003962 0.00812001 0.00268496
-0.25850518 0.00809524 0.00267327
-0.25697222 0.00807061 0.00266151
-0.25544074 0.00804607 0.00264957
-0.25390926 0.00802166 0.00263757
-0.25237926 0.00799726 0.00262538
-0.25084926 0.00797287 0.00261310
-0.24932074 0.00794833 0.00260067
-0.24779369 0.00792345 0.00258811
-0.24626665 0.00789801 0.00257551
-0.24474108 0.00787146 0.00256292
-0.24321552 0.00784327 0.00255059
-0.24169143 0.00781201 0.00253884
-0.24016882 0.00777603 0.00252844
-0.23864621 0.00772967 0.00252112
-0.23712508 0.00765468 0.00251646
-0.23560542 0.00754231 0.00250925
-0.23408577 0.00742481 0.00250037
-0.23256759 0.00733491 0.00249453
-0.23104942 0.00727131 0.00248939
-0.22953272 0.00722491 0.00248327
-0.22801750 0.00719005 0.00247667
-0.22650376 0.00716327 0.00246968
-0.22499002 0.00714234 0.00246238
-0.22347628 0.00712560 0.00245483
-0.22196550 0.00711196 0.00244714
-0.22045471 0.00710059 0.00243936
-0.21894541 0.00709079 0.00243139
-0.21743610 0.00708218 0.00242338
-0.21592827 0.00707436 0.00241526
-0.21442193 0.00706708 0.00240706
-0.21291705 0.00706017 0.00239883
-0.21141218 0.00705339 0.00239046
-0.20990879 0.00704665 0.00238202
-0.20840540 0.00703985 0.00237350
-0.20690496 0.00703291 0.00236490
-0.20540453 0.00702578 0.00235624
-0.20390557 0.00701836 0.00234746
-0.20240661 0.00701056 0.00233854
-0.20090913 0.00700238 0.00232957
-0.19941313 0.00699373 0.00232053
-0.19791861 0.00698452 0.00231143
-0.19642408 0.00697456 0.00230224
-0.19493104 0.00696369 0.00229308
-0.19343947 0.00695153 0.00228403
-0.19194791 0.00693710 0.00227532
-0.19045930 0.00691861 0.00226681
-0.18897069 0.00689543 0.00225822
-0.18748355 0.00686954 0.00224959
-0.18599642 0.00684392 0.00224111
-0.18451077 0.00682006 0.00223278
-0.18302659 0.00679766 0.00222449
-0.18154390 0.00677611 0.00221613
-0.18006268 0.00675532 0.00220776
-0.17858146 0.00673517 0.00219938
-0.17710172 0.00671564 0.00219097
-0.17562346 0.00669669 0.00218256
-0.17414667 0.00667829 0.00217413
-0.17266989 0.00666042 0.00216568
-0.17119606 0.00664307 0.00215721
-0.16972223 0.00662624 0.00214871
-0.16824841 0.00660992 0.00214019
-0.16677754 0.00659410 0.00213164
-0.16530667 0.00657878 0.00212306
-0.16383875 0.00656395 0.00211443
-0.16237084 0.00654962 0.00210577
-0.16090440 0.00653576 0.00209707
-0.15943796 0.00652239 0.00208832
-0.15797449 0.00650948 0.00207952
-0.15651101 0.00649705 0.00207066
-0.15504900 0.00648507 0.00206175
-0.15358848 0.00647355 0.00205277
-0.15212944 0.00646246 0.00204372
-0.15067039 0.00645180 0.00203461
-0.14921430 0.00644156 0.00202541
-0.14775822 0.00643171 0.00201613
-0.14630375 0.00642225 0.00200678
-0.14485062 0.00641317 0.00199733
-0.14339867 0.00640444 0.00198779
-0.14194791 0.00639605 0.00197816
-0.14049847 0.00638799 0.00196843
-0.13905022 0.00638022 0.00195859
-0.13760344 0.00637275 0.00194865
-0.13615770 0.00636554 0.00193860
-0.13471344 0.00635858 0.00192843
-0.13327021 0.00635185 0.00191814
-0.13182846 0.00634531 0.00190772
-0.13038804 0.00633896 0.00189717
-0.12894881 0.00633276 0.00188649
-0.12751090 0.00632669 0.00187567
-0.12607433 0.00632073 0.00186470
-0.12463893 0.00631485 0.00185358
-0.12320502 0.00630901 0.00184230
-0.12177229 0.00630317 0.00183087
-0.12034104 0.00629728 0.00181927
-0.11891096 0.00629128 0.00180752
-0.11748222 0.00628504 0.00179563
-0.11605496 0.00627843 0.00178362
-0.11462888 0.00627113 0.00177157
-0.11320413 0.00626274 0.00175967
-0.11178086 0.00625177 0.00174828
-0.11035892 0.00623381 0.00173735
-0.10893816 0.00620708 0.00172577
-0.10751888 0.00617974 0.00171373
-0.10610108 0.00615951 0.00170222
-0.10468446 0.00614503 0.00169074
-0.10326932 0.00613323 0.00167889
-0.10185551 0.00612272 0.00166687
-0.10044304 0.00611277 0.00165471
-0.09903203 0.00610302 0.00164242
-0.09762236 0.00609325 0.00163003
-0.09621417 0.00608333 0.00161754
-0.09480731 0.00607317 0.00160497
-0.09340178 0.00606271 0.00159232
-0.09199772 0.00605194 0.00157959
-0.09059500 0.00604080 0.00156678
-0.08919376 0.00602928 0.00155391
-0.08779384 0.00601734 0.00154098
-0.08639541 0.00600497 0.00152800
-0.08499845 0.00599213 0.00151497
-0.08360282 0.00597878 0.00150191
-0.08220867 0.00596488 0.00148883
-0.08081600 0.00595037 0.00147576
-0.07942466 0.00593516 0.00146271
-0.07803480 0.00591918 0.00144972
-0.07664641 0.00590225 0.00143682
-0.07525951 0.00588421 0.00142410
-0.07387393 0.00586474 0.00141164
-0.07248984 0.00584348 0.00139958
-0.07110722 0.00581972 0.00138813
-0.06972608 0.00579261 0.00137766
-0.06834642 0.00576001 0.00136889
-0.06696823 0.00571352 0.00136156
-0.06559138 0.00565293 0.00135267
-0.06421615 0.00560802 0.00134213
-0.06284240 0.00560415 0.00133335
-0.06146998 0.00562800 0.00132501
-0.06009919 0.00566079 0.00131528
-0.05872988 0.00569721 0.00130520
-0.05736204 0.00573610 0.00129494
-0.05599568 0.00577891 0.00128447
-0.05463080 0.00582759 0.00127356
-0.05326740 0.00588650 0.00126171
-0.05190548 0.00596084 0.00124794
-0.05054518 0.00606202 0.00123033
-0.04918636 0.00620480 0.00120568
-0.04782902 0.00642772 0.00117021
-0.04647316 0.00677564 0.00112916
-0.04511893 0.00711421 0.00109684
-0.04376617 0.00717625 0.00106166
-0.04241504 0.00701539 0.00101989
-0.04106524 0.00685948 0.00098852
-0.03971706 0.00675113 0.00096208
-0.03837051 0.00667268 0.00093387
-0.03702529 0.00661375 0.00090470
-0.03568185 0.00657185 0.00087424
-0.03433973 0.00654784 0.00084204
-0.03299939 0.00654844 0.00080688
-0.03166038 0.00658499 0.00076668
-0.03032315 0.00669585 0.00071616
-0.02898739 0.00694813 0.00065403
-0.02765326 0.00720268 0.00058963
-0.02632105 0.00704692 0.00052244
-0.02499002 0.00642106 0.00045180
-0.02366047 0.00566257 0.00039734
-0.02233255 0.00492066 0.00035719
-0.02100625 0.00419538 0.00032256
-0.01968143 0.00350040 0.00028709
-0.01835824 0.00283580 0.00025421
-0.01703653 0.00220678 0.00021689
-0.01571644 0.00160335 0.00018270
-0.01439801 0.00102439 0.00014375
-0.01308110 0.00043644 0.00008012
-0.01176578 0.00024480 0.00008340
-0.01045207 0.00063858 0.00014928
-0.00913993 0.00118151 0.00020516
-0.00782941 0.00170831 0.00023476
-0.00652048 0.00228818 0.00026584
-0.00521317 0.00287001 0.00029849
-0.00390746 0.00364214 0.00031884
-0.00260335 0.00441485 0.00036682
-0.00130087 0.00631230 0.00035177
-0.00000000 0.00732007 0.00047987
