# s/c   cf_mean    cf_std
0.00000000 0.00235948 0.00028897
0.00130087 0.00355615 0.00031558
0.00260174 0.00467345 0.00037471
0.00390261 0.00571577 0.00045160
0.00520348 0.00668736 0.00053719
0.00650435 0.00759231 0.00062687
0.00780522 0.00843458 0.00071837
0.00910609 0.00921798 0.00081057
0.01040697 0.00994618 0.00090290
0.01170784 0.01062273 0.00099508
0.01300871 0.01125103 0.00108698
0.01430958 0.01183437 0.00117858
0.01561045 0.01237591 0.00126987
0.01691132 0.01287868 0.00136089
0.01821219 0.01334558 0.00145169
0.01951306 0.01377942 0.00154232
0.02081393 0.01418288 0.00163283
0.02211480 0.01455852 0.00172327
0.02341567 0.01490881 0.00181370
0.02470176 0.01523609 0.00190416
0.02600263 0.01554262 0.00199469
0.02730350 0.01583054 0.00208535
0.02860437 0.01610191 0.00217617
0.02990524 0.01635867 0.00226719
0.03120611 0.01660268 0.00235845
0.03250698 0.01683571 0.00244999
0.03380786 0.01705944 0.00254184
0.03510873 0.01727545 0.00263405
0.03640960 0.01748525 0.00272665
0.03771047 0.01769027 0.00281968
0.03901134 0.01789186 0.00291318
0.04029743 0.01809127 0.00300719
0.04159830 0.01828971 0.00310175
0.04289917 0.01848829 0.00319691
0.04420004 0.01868806 0.00329272
0.04550091 0.01889000 0.00338922
0.04680178 0.01909503 0.00348645
0.04810265 0.01930400 0.00358447
0.04940352 0.01951769 0.00368332
0.05068961 0.01973684 0.00378307
0.05199048 0.01996212 0.00388375
0.05329135 0.02019413 0.00398543
0.05459222 0.02043344 0.00408815
0.05589309 0.02068056 0.00419198
0.05719396 0.02093595 0.00429696
0.05849483 0.02120001 0.00440315
0.05978092 0.02147311 0.00451060
0.06108179 0.02175557 0.00461937
0.06238266 0.02204767 0.00472951
0.06368353 0.02234963 0.00484107
0.06498440 0.02266167 0.00495411
0.06628528 0.02298393 0.00506866
0.06757136 0.02331653 0.00518480
0.06887223 0.02365958 0.00530255
0.07017310 0.02401312 0.00542196
0.07147398 0.02437718 0.00554308
0.07277485 0.02475175 0.00566596
0.07407572 0.02513681 0.00579062
0.07536180 0.02553229 0.00591712
0.07666268 0.02593812 0.00604548
0.07796355 0.02635418 0.00617573
0.07926442 0.02678036 0.00630791
0.08056529 0.02721649 0.00644205
0.08185138 0.02766242 0.00657817
0.08315225 0.02811795 0.00671629
0.08445312 0.02858290 0.00685644
0.08575399 0.02905703 0.00699864
0.08704008 0.02954012 0.00714289
0.08834095 0.03003193 0.00728921
0.08964182 0.03053220 0.00743761
0.09094269 0.03104067 0.00758811
0.09224356 0.03155706 0.00774069
0.09352965 0.03208109 0.00789538
0.09483052 0.03261248 0.00805216
0.09613139 0.03315092 0.00821103
0.09743226 0.03369611 0.00837200
0.09871835 0.03424777 0.00853505
0.10001922 0.03480557 0.00870016
0.10132009 0.03536921 0.00886734
0.10260618 0.03593838 0.00903657
0.10390705 0.03651277 0.00920782
0.10520792 0.03709208 0.00938108
0.10650879 0.03767599 0.00955634
0.10779488 0.03826421 0.00973356
0.10909575 0.03885643 0.00991272
0.11039662 0.03945235 0.01009380
0.11169749 0.04005169 0.01027677
0.11298358 0.04065415 0.01046159
0.11428445 0.04125945 0.01064824
0.11558532 0.04186732 0.01083667
0.11687141 0.04247750 0.01102686
0.11817228 0.04308971 0.01121877
0.11947315 0.04370372 0.01141235
0.12075924 0.04431928 0.01160757
0.12206011 0.04493616 0.01180439
0.12336098 0.04555413 0.01200275
0.12466185 0.04617298 0.01220262
0.12594794 0.04679251 0.01240395
0.12724881 0.04741253 0.01260670
0.12854968 0.04803286 0.01281080
0.12983577 0.04865169 0.01301578
0.13113664 0.04931511 0.01323863
0.13243751 0.04995191 0.01346693
0.13372359 0.05059877 0.01369543
0.13502447 0.05125210 0.01392154
0.13632534 0.05189164 0.01414768
0.13761142 0.05251531 0.01437389
0.13891229 0.05315340 0.01459449
0.14019838 0.05386927 0.01480752
0.14149925 0.05474081 0.01501919
0.14280012 0.05568548 0.01522857
0.14408621 0.05649817 0.01543535
0.14538708 0.05707819 0.01565070
0.14668795 0.05749654 0.01588604
0.14797404 0.05786190 0.01612995
0.14927491 0.05826732 0.01636867
0.15056100 0.05879146 0.01660169
0.15186187 0.05939371 0.01682792
0.15316274 0.05992391 0.01704214
0.15444883 0.06035469 0.01725411
0.15574970 0.06083768 0.01747407
0.15703579 0.06139785 0.01769170
0.15833666 0.06193452 0.01790661
0.15963753 0.06232962 0.01811366
0.16092362 0.06273004 0.01831344
0.16222449 0.06344251 0.01851296
0.16351058 0.06448066 0.01869970
0.16481145 0.06552614 0.01886268
0.16611232 0.06633190 0.01902471
0.16739841 0.06692756 0.01920574
0.16869928 0.06740335 0.01940838
0.16998537 0.06782627 0.01962646
0.17128624 0.06822950 0.01984898
0.17257232 0.06863094 0.02007186
0.17387319 0.06904187 0.02029173
0.17517407 0.06947427 0.02050796
0.17646015 0.06993704 0.02072020
0.17776102 0.07042952 0.02092808
0.17904711 0.07094888 0.02113242
0.18034798 0.07149076 0.02133319
0.18163407 0.07206899 0.02153047
0.18293494 0.07270260 0.02172287
0.18422103 0.07342492 0.02191312
0.18552190 0.07423031 0.02210974
0.18680799 0.07500403 0.02230591
0.18810886 0.07560297 0.02248964
0.18939495 0.07600688 0.02267464
0.19069582 0.07644905 0.02286696
0.19199669 0.07720527 0.02307487
0.19328278 0.07830428 0.02328363
0.19458365 0.07943885 0.02346648
0.19586974 0.08038144 0.02363570
0.19717061 0.08117809 0.02380634
0.19845669 0.08194901 0.02399987
0.19975757 0.08275277 0.02421478
0.20104365 0.08353565 0.02443449
0.20234452 0.08421385 0.02465466
0.20363061 0.08469962 0.02486744
0.20493148 0.08515185 0.02509211
0.20621757 0.08587022 0.02532980
0.20750366 0.08693276 0.02556402
0.20880453 0.08812304 0.02579317
0.21009062 0.08917983 0.02600500
0.21139149 0.09003489 0.02620175
0.21267758 0.09080310 0.02641224
0.21397845 0.09162215 0.02664344
0.21526454 0.09253136 0.02687940
0.21656541 0.09350918 0.02711702
0.21785149 0.09451556 0.02735295
0.21915236 0.09551248 0.02758768
0.22043845 0.09647364 0.02782360
0.22173932 0.09737478 0.02805997
0.22302541 0.09820342 0.02829364
0.22432628 0.09902375 0.02852918
0.22561237 0.09991132 0.02876835
0.22689846 0.10090813 0.02901282
0.22819933 0.10196264 0.02925836
0.22948542 0.10296552 0.02949746
0.23078629 0.10387511 0.02972927
0.23207238 0.10470204 0.02995827
0.23337325 0.10546723 0.03019054
0.23465933 0.10615852 0.03042744
0.23594542 0.10675217 0.03066998
0.23724629 0.10725546 0.03091735
0.23853238 0.10772200 0.03116906
0.23983325 0.10822212 0.03142318
0.24111934 0.10878887 0.03167410
0.24240543 0.10941536 0.03192143
0.24370630 0.11005135 0.03216693
0.24499239 0.11063069 0.03241066
0.24629326 0.11112184 0.03265444
0.24757935 0.11152861 0.03289381
0.24886543 0.11186521 0.03312637
0.25016630 0.11216326 0.03335571
0.25145239 0.11246626 0.03358769
0.25275326 0.11276858 0.03382174
0.25403935 0.11305878 0.03405713
0.25532544 0.11333771 0.03429355
0.25662631 0.11358940 0.03452508
0.25791240 0.11379245 0.03475138
0.25919849 0.11391228 0.03496262
0.26049936 0.11394189 0.03516060
0.26178545 0.11394178 0.03536232
0.26307153 0.11393516 0.03556427
0.26437240 0.11394775 0.03576185
0.26565849 0.11405989 0.03596825
0.26695936 0.11430996 0.03618169
0.26824545 0.11465632 0.03638928
0.26953154 0.11496277 0.03658209
0.27083241 0.11507885 0.03674755
0.27211850 0.11494401 0.03690187
0.27340459 0.11462775 0.03706226
0.27470546 0.11433437 0.03723825
0.27599154 0.11420477 0.03743901
0.27727763 0.11420836 0.03764286
0.27857850 0.11424039 0.03783370
0.27986459 0.11421414 0.03800362
0.28115068 0.11410556 0.03813634
0.28243677 0.11390440 0.03826505
0.28373764 0.11361481 0.03841750
0.28502373 0.11320741 0.03857741
0.28630981 0.11277702 0.03874437
0.28761068 0.11251320 0.03893089
0.28889677 0.11239595 0.03910698
0.29018286 0.11217778 0.03923670
0.29148373 0.11169302 0.03935011
0.29276982 0.11101653 0.03946664
0.29405591 0.11030199 0.03959068
0.29534200 0.10969688 0.03972528
0.29664287 0.10925108 0.03986412
0.29792895 0.10889405 0.03999704
0.29921504 0.10850419 0.04011665
0.30051591 0.10797262 0.04021784
0.30180200 0.10727329 0.04030490
0.30308809 0.10647057 0.04039189
0.30437418 0.10568029 0.04047938
0.30567505 0.10501222 0.04057042
0.30696114 0.10451235 0.04065657
0.30824722 0.10414020 0.04072919
0.30953331 0.10381420 0.04079524
0.31083418 0.10342054 0.04085688
0.31212027 0.10286248 0.04091161
0.31340636 0.10215681 0.04095354
0.31469245 0.10141059 0.04099259
0.31599332 0.10068080 0.04103584
0.31727941 0.09991312 0.04107729
0.31856549 0.09911113 0.04112462
0.31985158 0.09836127 0.04117540
0.32115245 0.09775119 0.04122446
0.32243854 0.09731710 0.04126776
0.32372463 0.09705856 0.04130786
0.32501072 0.09692113 0.04134583
0.32629681 0.09680929 0.04137362
0.32759768 0.09664185 0.04138375
0.32888376 0.09638501 0.04137849
0.33016985 0.09605161 0.04137187
0.33145594 0.09565189 0.04136402
0.33275681 0.09523658 0.04136273
0.33404290 0.09487923 0.04137978
0.33532899 0.09459542 0.04141010
0.33661508 0.09433159 0.04144051
0.33790116 0.09404699 0.04146199
0.33918725 0.09374508 0.04147298
0.34048812 0.09345824 0.04147551
0.34177421 0.09322474 0.04147417
0.34306030 0.09306867 0.04146996
0.34434639 0.09300964 0.04146672
0.34563247 0.09304084 0.04146688
0.34693335 0.09312652 0.04147813
0.34821943 0.09317463 0.04149320
0.34950552 0.09311849 0.04150571
0.35079161 0.09295752 0.04151733
0.35207770 0.09269975 0.04151465
0.35336379 0.09239470 0.04150616
0.35466466 0.09211353 0.04149968
0.35595074 0.09193616 0.04149726
0.35723683 0.09192056 0.04150700
0.35852292 0.09200242 0.04151684
0.35980901 0.09207138 0.04152038
0.36109510 0.09211778 0.04152442
0.36238118 0.09216382 0.04152887
0.36368206 0.09219607 0.04153258
0.36496814 0.09215694 0.04153000
0.36625423 0.09201479 0.04152200
0.36754032 0.09180694 0.04151691
0.36882641 0.09161837 0.04151479
0.37011250 0.09155860 0.04152906
0.37139858 0.09164111 0.04155674
0.37269945 0.09173936 0.04157460
0.37398554 0.09176389 0.04158350
0.37527163 0.09171517 0.04158572
0.37655772 0.09161484 0.04157875
0.37784381 0.09150078 0.04156191
0.37912989 0.09143190 0.04154250
0.38041598 0.09144697 0.04153146
0.38170207 0.09145593 0.04152350
0.38298816 0.09136507 0.04152195
0.38428903 0.09122193 0.04153962
0.38557512 0.09109278 0.04157037
0.38686121 0.09099736 0.04160438
0.38814729 0.09094407 0.04163458
0.38943338 0.09094500 0.04165828
0.39071947 0.09100354 0.04167661
0.39200556 0.09108503 0.04168703
0.39329165 0.09115895 0.04169113
0.39457773 0.09123448 0.04169316
0.39586382 0.09133450 0.04169270
0.39714991 0.09147400 0.04169042
0.39843600 0.09162708 0.04169177
0.39973687 0.09170572 0.04170005
0.40102296 0.09155604 0.04170347
0.40230905 0.09118471 0.04170694
0.40359513 0.09079143 0.04173240
0.40488122 0.09056069 0.04178413
0.40616731 0.09050430 0.04183470
0.40745340 0.09053092 0.04186677
0.40873949 0.09053655 0.04188177
0.41002557 0.09041503 0.04188137
0.41131166 0.09017810 0.04187353
0.41259775 0.08999503 0.04188056
0.41388384 0.08996375 0.04189814
0.41516993 0.08999229 0.04190272
0.41645601 0.09008619 0.04190289
0.41774210 0.09036519 0.04190742
0.41902819 0.09095168 0.04191835
0.42031428 0.09169515 0.04192270
0.42160037 0.09221087 0.04189728
0.42288645 0.09231094 0.04185112
0.42417254 0.09218193 0.04182915
0.42545863 0.09207219 0.04184155
0.42674472 0.09202115 0.04186968
0.42803081 0.09199338 0.04189186
0.42931690 0.09199677 0.04190886
0.43060298 0.09207688 0.04193486
0.43188907 0.09223241 0.04196377
0.43317516 0.09242894 0.04198942
0.43446125 0.09264049 0.04200994
0.43574734 0.09285135 0.04202417
0.43703342 0.09305802 0.04203394
0.43831951 0.09325817 0.04203905
0.43960560 0.09345321 0.04204079
0.44089169 0.09363145 0.04203971
0.44217778 0.09377979 0.04204110
0.44346386 0.09387489 0.04204763
0.44474995 0.09389395 0.04204781
0.44603604 0.09392086 0.04204801
0.44732213 0.09413821 0.04207224
0.44860822 0.09466885 0.04211293
0.44989430 0.09534299 0.04215143
0.45118039 0.09580811 0.04215295
0.45246648 0.09586251 0.04211787
0.45375257 0.09567942 0.04209586
0.45503866 0.09548409 0.04210756
0.45632474 0.09527604 0.04214116
0.45761083 0.09495639 0.04215986
0.45889692 0.09450564 0.04216470
0.46018301 0.09405253 0.04218484
0.46146910 0.09376311 0.04222977
0.46275519 0.09381841 0.04230475
0.46404127 0.09414689 0.04237623
0.46532736 0.09442148 0.04241879
0.46661345 0.09441462 0.04243312
0.46789954 0.09419801 0.04243037
0.46917084 0.09400692 0.04244829
0.47045693 0.09399237 0.04250669
0.47174302 0.09412201 0.04257641
0.47302911 0.09426089 0.04262212
0.47431520 0.09431733 0.04264642
0.47560128 0.09425647 0.04265177
0.47688737 0.09409934 0.04265094
0.47817346 0.09390662 0.04265775
0.47945955 0.09373371 0.04267201
0.48074564 0.09363559 0.04269457
0.48203172 0.09366409 0.04272845
0.48331781 0.09378610 0.04276522
0.48460390 0.09391696 0.04279714
0.48587521 0.09396090 0.04281604
0.48716129 0.09388601 0.04282169
0.48844738 0.09374464 0.04282586
0.48973347 0.09359174 0.04283884
0.49101956 0.09346162 0.04286160
0.49230565 0.09336243 0.04288874
0.49359173 0.09330029 0.04291834
0.49487782 0.09327773 0.04294774
0.49616391 0.09329041 0.04297543
0.49743522 0.09332412 0.04300028
0.49872130 0.09335490 0.04302018
0.50000739 0.09336273 0.04303619
0.50129348 0.09333136 0.04304944
0.50257957 0.09324996 0.04305927
0.50386566 0.09311488 0.04306611
0.50515174 0.09294550 0.04307140
0.50643783 0.09278029 0.04308225
0.50770914 0.09265796 0.04310192
0.50899523 0.09259415 0.04312899
0.51028131 0.09255117 0.04315478
0.51156740 0.09247878 0.04317277
0.51285349 0.09234419 0.04318292
0.51413958 0.09215003 0.04318894
0.51542567 0.09191974 0.04319611
0.51669697 0.09167885 0.04320159
0.51798306 0.09148802 0.04321744
0.51926915 0.09140818 0.04324807
0.52055524 0.09142947 0.04327662
0.52184132 0.09153965 0.04330414
0.52312741 0.09167557 0.04333363
0.52439872 0.09169595 0.04334420
0.52568480 0.09150877 0.04332567
0.52697089 0.09113330 0.04329066
0.52825698 0.09069976 0.04325813
0.52954307 0.09034932 0.04325549
0.53082916 0.09018628 0.04328311
0.53210046 0.09023941 0.04332739
0.53338655 0.09035704 0.04336792
0.53467264 0.09035798 0.04337569
0.53595873 0.09019097 0.04335910
0.53724481 0.08991625 0.04333220
0.53853090 0.08965625 0.04330805
0.53980221 0.08957511 0.04332601
0.54108830 0.08970583 0.04336895
0.54237438 0.08987884 0.04338713
0.54366047 0.09001906 0.04339608
0.54494656 0.09007285 0.04339391
0.54621787 0.08995935 0.04335940
0.54750395 0.08976403 0.04331998
0.54879004 0.08960115 0.04330204
0.55007613 0.08953107 0.04329874
0.55134744 0.08958351 0.04330542
0.55263352 0.08971720 0.04331250
0.55391961 0.08983045 0.04330648
0.55520570 0.08984049 0.04328165
0.55649179 0.08975099 0.04324384
0.55776309 0.08962702 0.04320649
0.55904918 0.08956706 0.04318644
0.56033527 0.08962579 0.04318679
0.56162136 0.08977641 0.04319022
0.56289266 0.08994980 0.04319139
0.56417875 0.09008121 0.04318163
0.56546484 0.09012758 0.04316009
0.56675093 0.09008386 0.04313432
0.56803702 0.08996359 0.04310546
0.56930832 0.08976999 0.04307378
0.57059441 0.08953708 0.04304292
0.57188050 0.08932194 0.04302642
0.57316659 0.08917315 0.04302462
0.57443789 0.08911281 0.04302626
0.57572398 0.08914852 0.04302660
0.57701007 0.08927800 0.04302012
0.57829616 0.08948525 0.04300988
0.57956746 0.08971331 0.04299525
0.58085355 0.08988696 0.04297536
0.58213964 0.08993555 0.04294565
0.58341094 0.08983993 0.04290371
0.58469703 0.08964598 0.04285879
0.58598312 0.08942422 0.04282496
0.58726921 0.08922850 0.04280842
0.58854051 0.08907761 0.04280008
0.58982660 0.08899512 0.04280253
0.59111269 0.08895395 0.04280747
0.59239878 0.08887392 0.04279734
0.59367008 0.08871404 0.04277150
0.59495617 0.08852279 0.04274683
0.59624226 0.08836416 0.04273478
0.59751356 0.08828551 0.04273796
0.59879965 0.08830269 0.04275139
0.60008574 0.08840066 0.04276486
0.60137183 0.08855880 0.04277750
0.60264313 0.08872753 0.04278345
0.60392922 0.08884722 0.04278167
0.60521531 0.08885109 0.04276310
0.60648661 0.08871041 0.04272665
0.60777270 0.08844752 0.04267525
0.60905879 0.08813234 0.04262328
0.61033010 0.08787748 0.04259680
0.61161618 0.08773004 0.04258780
0.61290227 0.08768291 0.04258556
0.61417358 0.08770236 0.04258417
0.61545967 0.08773508 0.04257605
0.61674575 0.08775975 0.04256636
0.61801706 0.08777872 0.04255863
0.61930315 0.08778904 0.04255190
0.62058924 0.08778996 0.04254585
0.62187532 0.08778357 0.04253601
0.62314663 0.08780026 0.04252643
0.62443272 0.08786717 0.04251950
0.62571880 0.08797256 0.04250862
0.62699011 0.08806923 0.04249343
0.62827620 0.08808152 0.04246298
0.62954750 0.08796004 0.04241366
0.63083359 0.08773057 0.04236213
0.63211968 0.08743856 0.04231412
0.63339099 0.08711569 0.04227361
0.63467707 0.08679988 0.04224503
0.63596316 0.08652767 0.04223015
0.63723447 0.08632475 0.04222533
0.63852056 0.08620711 0.04222656
0.63980664 0.08619436 0.04223472
0.64107795 0.08627831 0.04224821
0.64236404 0.08641191 0.04225592
0.64365012 0.08655336 0.04225612
0.64492143 0.08668863 0.04225156
0.64620752 0.08681118 0.04224233
0.64749361 0.08691841 0.04223238
0.64876491 0.08700321 0.04222019
0.65005100 0.08705933 0.04220658
0.65132231 0.08707993 0.04219069
0.65260839 0.08705921 0.04217280
0.65389448 0.08698834 0.04215004
0.65516579 0.08686452 0.04212273
0.65645188 0.08669327 0.04209214
0.65772318 0.08649130 0.04206316
0.65900927 0.08628375 0.04204373
0.66029536 0.08607162 0.04203194
0.66156666 0.08584318 0.04202520
0.66285275 0.08557137 0.04201403
0.66413884 0.08525524 0.04199711
0.66541014 0.08494327 0.04198749
0.66669623 0.08469342 0.04199841
0.66796754 0.08453154 0.04202916
0.66925363 0.08444246 0.04206744
0.67053971 0.08440354 0.04210239
0.67181102 0.08439875 0.04213198
0.67309711 0.08440176 0.04215640
0.67436841 0.08434928 0.04216925
0.67565450 0.08417912 0.04216077
0.67692581 0.08390489 0.04214132
0.67821189 0.08357746 0.04212656
0.67949798 0.08321899 0.04211644
0.68076929 0.08283056 0.04210755
0.68205538 0.08240670 0.04209185
0.68332668 0.08197228 0.04207221
0.68461277 0.08159978 0.04206737
0.68589886 0.08136252 0.04209493
0.68717016 0.08123793 0.04214017
0.68845625 0.08114235 0.04217933
0.68972756 0.08102941 0.04220866
0.69101364 0.08089642 0.04223226
0.69228495 0.08074552 0.04225139
0.69357104 0.08057880 0.04226656
0.69484234 0.08040505 0.04227757
0.69612843 0.08024346 0.04228726
0.69741452 0.08011565 0.04229697
0.69868582 0.08003698 0.04230949
0.69997191 0.07999618 0.04232061
0.70124322 0.07993883 0.04231761
0.70252931 0.07983849 0.04230123
0.70380061 0.07971524 0.04228655
0.70508670 0.07959264 0.04228288
0.70635801 0.07946778 0.04228557
0.70764409 0.07932374 0.04228824
0.70893018 0.07915486 0.04228925
0.71020149 0.07895660 0.04228743
0.71148758 0.07873486 0.04228470
0.71275888 0.07850118 0.04228103
0.71404497 0.07829346 0.04228367
0.71531627 0.07816668 0.04230378
0.71660236 0.07812675 0.04233267
0.71787367 0.07811965 0.04235113
0.71915976 0.07809722 0.04235162
0.72043106 0.07805030 0.04233943
0.72171715 0.07798505 0.04232006
0.72298845 0.07791521 0.04229945
0.72427454 0.07785269 0.04228365
0.72554585 0.07780036 0.04227562
0.72683194 0.07773725 0.04227105
0.72810324 0.07763128 0.04226240
0.72938933 0.07746978 0.04224415
0.73066064 0.07728141 0.04222781
0.73194672 0.07710586 0.04222157
0.73321803 0.07696817 0.04222887
0.73450412 0.07687330 0.04224599
0.73577542 0.07680411 0.04226149
0.73706151 0.07674514 0.04227196
0.73833282 0.07668937 0.04227589
0.73961890 0.07663386 0.04227412
0.74089021 0.07657660 0.04226690
0.74217630 0.07651426 0.04225396
0.74344760 0.07644524 0.04223547
0.74473369 0.07636834 0.04221157
0.74600500 0.07628594 0.04218379
0.74729108 0.07620660 0.04215620
0.74856239 0.07613817 0.04213207
0.74984848 0.07608651 0.04211326
0.75111978 0.07605254 0.04209957
0.75240587 0.07603455 0.04208980
0.75367718 0.07602952 0.04208267
0.75496327 0.07603445 0.04207715
0.75623457 0.07604660 0.04207234
0.75752066 0.07606328 0.04206755
0.75879196 0.07608237 0.04206218
0.76007805 0.07610220 0.04205578
0.76134936 0.07612247 0.04204824
0.76263545 0.07614403 0.04203974
0.76390675 0.07616943 0.04203079
0.76517806 0.07620297 0.04202235
0.76646414 0.07625147 0.04201621
0.76773545 0.07632250 0.04201426
0.76902154 0.07641858 0.04201680
0.77029284 0.07652577 0.04201799
0.77157893 0.07661710 0.04201038
0.77285024 0.07667605 0.04199311
0.77413633 0.07669942 0.04196934
0.77540763 0.07668773 0.04194201
0.77669372 0.07664221 0.04191277
0.77796502 0.07656275 0.04188215
0.77923633 0.07645477 0.04185197
0.78052242 0.07632744 0.04182618
0.78179372 0.07619263 0.04180683
0.78307981 0.07606214 0.04179596
0.78435112 0.07594848 0.04179484
0.78563720 0.07585548 0.04180059
0.78690851 0.07577590 0.04180875
0.78817982 0.07570666 0.04181683
0.78946590 0.07564674 0.04182382
0.79073721 0.07559582 0.04182882
0.79202330 0.07555252 0.04183107
0.79329460 0.07551426 0.04182996
0.79458069 0.07547593 0.04182456
0.79585200 0.07543016 0.04181397
0.79712330 0.07537190 0.04179958
0.79840939 0.07529714 0.04178322
0.79968070 0.07520171 0.04176555
0.80096678 0.07508462 0.04174744
0.80223809 0.07494783 0.04172934
0.80350939 0.07480169 0.04171510
0.80479548 0.07466071 0.04170987
0.80606679 0.07453744 0.04171762
0.80735288 0.07443282 0.04173641
0.80862418 0.07433735 0.04175923
0.80989549 0.07424841 0.04178296
0.81118157 0.07416741 0.04180579
0.81245288 0.07409985 0.04182829
0.81373897 0.07405098 0.04185172
0.81501027 0.07401161 0.04187258
0.81628158 0.07396559 0.04188624
0.81756767 0.07390554 0.04189274
0.81883897 0.07383020 0.04189292
0.82012506 0.07373608 0.04188564
0.82139637 0.07361770 0.04186903
0.82266767 0.07346485 0.04183727
0.82395376 0.07328132 0.04179268
0.82522507 0.07309800 0.04175251
0.82651115 0.07294684 0.04173281
0.82778246 0.07283087 0.04173294
0.82905376 0.07273884 0.04174608
0.83033985 0.07266089 0.04176743
0.83161116 0.07258746 0.04179248
0.83288246 0.07251348 0.04181950
0.83416855 0.07243363 0.04184654
0.83543986 0.07234258 0.04187160
0.83672594 0.07223542 0.04189286
0.83799725 0.07210960 0.04190974
0.83926856 0.07196365 0.04192198
0.84055464 0.07179645 0.04192939
0.84182595 0.07160720 0.04193146
0.84309725 0.07139624 0.04192790
0.84438334 0.07116761 0.04191920
0.84565465 0.07093100 0.04190774
0.84692595 0.07070101 0.04189651
0.84821204 0.07049820 0.04189001
0.84948335 0.07034424 0.04189377
0.85076944 0.07024573 0.04190938
0.85204074 0.07017455 0.04192666
0.85331205 0.07009878 0.04193921
0.85459813 0.07000130 0.04194585
0.85586944 0.06987649 0.04194731
0.85714075 0.06972605 0.04194658
0.85842683 0.06954804 0.04194232
0.85969814 0.06934626 0.04193651
0.86096944 0.06912626 0.04192931
0.86225553 0.06890295 0.04192555
0.86352684 0.06870088 0.04193151
0.86479814 0.06855079 0.04195756
0.86608423 0.06846941 0.04200777
0.86735554 0.06844575 0.04207344
0.86862684 0.06845304 0.04214034
0.86991293 0.06846466 0.04219441
0.87118424 0.06846359 0.04223009
0.87245554 0.06843689 0.04224760
0.87374163 0.06837370 0.04224846
0.87501293 0.06826408 0.04223383
0.87628424 0.06810233 0.04220589
0.87757033 0.06788793 0.04216597
0.87884163 0.06762585 0.04211725
0.88011294 0.06732735 0.04206443
0.88138424 0.06700607 0.04201284
0.88267033 0.06667716 0.04196779
0.88394164 0.06635162 0.04193215
0.88521294 0.06603776 0.04190727
0.88649903 0.06574131 0.04189375
0.88777034 0.06547462 0.04189665
0.88904164 0.06524692 0.04191770
0.89032773 0.06504847 0.04194632
0.89159904 0.06487215 0.04197376
0.89287034 0.06472112 0.04199815
0.89415643 0.06459968 0.04202028
0.89542774 0.06450377 0.04203905
0.89669904 0.06442346 0.04205334
0.89797035 0.06434828 0.04206212
0.89925643 0.06427127 0.04206688
0.90052774 0.06418787 0.04206810
0.90179905 0.06409416 0.04206615
0.90308513 0.06398694 0.04206191
0.90435644 0.06386220 0.04205410
0.90562774 0.06371733 0.04204288
0.90691383 0.06355126 0.04202785
0.90818514 0.06336539 0.04200969
0.90945644 0.06316366 0.04198865
0.91072775 0.06295863 0.04196932
0.91201384 0.06276420 0.04195449
0.91328514 0.06259320 0.04194663
0.91455645 0.06245442 0.04194632
0.91582775 0.06235133 0.04195120
0.91711384 0.06228959 0.04196215
0.91838515 0.06226864 0.04197735
0.91965645 0.06228595 0.04199661
0.92094254 0.06233085 0.04201802
0.92221385 0.06238591 0.04203908
0.92348515 0.06242126 0.04205195
0.92475646 0.06241348 0.04205080
0.92604254 0.06236444 0.04203888
0.92731385 0.06228642 0.04202165
0.92858516 0.06219312 0.04200469
0.92985646 0.06209071 0.04199006
0.93114255 0.06198084 0.04197787
0.93241385 0.06186492 0.04196867
0.93368516 0.06174805 0.04196453
0.93495647 0.06164418 0.04197309
0.93624255 0.06155995 0.04199399
0.93751386 0.06149356 0.04201896
0.93878516 0.06146386 0.04205056
0.94005647 0.06148638 0.04209140
0.94134256 0.06153334 0.04212910
0.94261386 0.06156300 0.04215053
0.94388517 0.06156274 0.04215712
0.94515647 0.06153445 0.04215313
0.94644256 0.06147936 0.04214112
0.94771387 0.06139694 0.04212168
0.94898517 0.06128523 0.04209425
0.95025648 0.06114623 0.04205955
0.95154257 0.06098122 0.04201760
0.95281387 0.06078815 0.04196582
0.95408518 0.06057495 0.04190657
0.95535648 0.06036679 0.04185059
0.95664257 0.06020292 0.04181440
0.95791388 0.06011594 0.04180878
0.95918518 0.06010616 0.04182907
0.96045649 0.06013873 0.04185808
0.96174258 0.06017391 0.04188240
0.96301388 0.06019643 0.04189966
0.96428519 0.06020271 0.04191078
0.96555649 0.06018670 0.04191413
0.96682780 0.06014040 0.04190535
0.96811389 0.06006015 0.04188374
0.96938519 0.05994839 0.04185105
0.97065650 0.05981109 0.04181048
0.97192780 0.05965665 0.04176556
0.97321389 0.05949172 0.04171842
0.97448520 0.05932482 0.04167180
0.97575650 0.05916449 0.04162799
0.97702781 0.05902151 0.04158985
0.97829911 0.05890586 0.04156033
0.97958520 0.05882022 0.04153894
0.98085651 0.05876185 0.04152416
0.98212781 0.05872046 0.04151188
0.98339912 0.05868719 0.04149995
0.98468520 0.05865436 0.04148692
0.98595651 0.05861610 0.04147163
0.98722781 0.05856887 0.04145410
0.98849912 0.05850831 0.04143319
0.98977043 0.05843176 0.04140837
0.99105651 0.05833965 0.04138037
0.99232782 0.05823509 0.04135095
0.99359912 0.05812254 0.04132262
0.99487043 0.05800306 0.04129593
0.99614174 0.05787170 0.04126732
0.99742782 0.05772342 0.04123320
0.99869913 0.05756190 0.04119464
0.99997043 0.05739449 0.04115443
1.00124174 0.05723096 0.04111630
1.00251305 0.05707928 0.04108295
1.00378435 0.05694022 0.04105376
1.00507044 0.05681168 0.04102715
1.00634174 0.05668980 0.04100136
1.00761305 0.05657287 0.04097592
1.00888436 0.05646022 0.04095098
1.01015566 0.05635241 0.04092709
1.01144175 0.05624978 0.04090460
1.01271305 0.05615285 0.04088398
1.01398436 0.05606261 0.04086571
1.01525567 0.05598008 0.04085040
1.01652697 0.05590689 0.04083883
1.01779828 0.05584435 0.04083181
1.01908436 0.05579294 0.04082993
1.02035567 0.05574664 0.04082992
1.02162698 0.05569392 0.04082569
1.02289828 0.05562495 0.04081277
1.02416959 0.05553262 0.04078807
1.02545567 0.05541739 0.04075234
1.02672698 0.05529032 0.04071151
1.02799829 0.05516283 0.04067096
1.02926959 0.05504057 0.04063287
1.03054090 0.05492658 0.04059813
1.03181220 0.05482363 0.04056782
1.03309829 0.05473472 0.04054304
1.03436960 0.05466436 0.04052593
1.03564090 0.05461298 0.04051677
1.03691221 0.05457557 0.04051294
1.03818351 0.05454607 0.04051191
1.03945482 0.05452098 0.04051253
1.04072612 0.05449942 0.04051479
1.04201221 0.05448008 0.04051849
1.04328352 0.05446324 0.04052415
1.04455482 0.05444743 0.04053102
1.04582613 0.05442727 0.04053596
1.04709743 0.05439767 0.04053592
1.04836874 0.05435727 0.04053000
1.04965483 0.05430638 0.04051793
1.05092613 0.05424756 0.04050046
1.05219744 0.05418658 0.04047985
1.05346874 0.05413092 0.04045958
1.05474005 0.05408723 0.04044297
1.05601135 0.05406207 0.04043322
1.05728266 0.05406132 0.04043315
1.05856875 0.05408974 0.04044518
1.05984005 0.05414549 0.04046846
1.06111136 0.05422020 0.04049931
1.06238266 0.05429940 0.04053115
1.06365397 0.05437602 0.04056134
1.06492527 0.05445279 0.04059225
1.06619658 0.05452760 0.04062285
1.06746788 0.05459484 0.04065000
1.06875397 0.05464595 0.04066890
1.07002528 0.05467474 0.04067620
1.07129658 0.05467901 0.04067095
1.07256789 0.05465948 0.04065372
1.07383919 0.05461785 0.04062543
1.07511050 0.05455612 0.04058681
1.07638181 0.05448233 0.04054203
1.07766789 0.05441176 0.04049849
1.07893920 0.05437136 0.04047043
1.08021050 0.05438111 0.04046797
1.08148181 0.05442819 0.04048229
1.08275312 0.05448328 0.04049729
1.08402442 0.05453368 0.04050786
1.08529573 0.05457897 0.04051517
1.08656703 0.05461882 0.04051957
1.08783834 0.05465455 0.04052239
1.08912443 0.05468425 0.04052275
1.09039573 0.05470697 0.04052033
1.09166704 0.05472285 0.04051530
1.09293834 0.05473348 0.04050856
1.09420965 0.05473932 0.04050026
1.09548095 0.05474055 0.04049041
1.09675226 0.05473660 0.04047855
1.09802356 0.05472655 0.04046405
1.09930965 0.05471056 0.04044688
1.10058096 0.05468988 0.04042772
1.10185226 0.05466553 0.04040691
1.10312357 0.05463825 0.04038468
1.10439487 0.05460841 0.04036118
1.10566618 0.05457582 0.04033602
1.10693748 0.05454088 0.04030925
1.10820879 0.05450447 0.04028114
1.10948010 0.05446825 0.04025241
1.11075140 0.05443428 0.04022402
1.11203749 0.05440453 0.04019691
1.11330879 0.05438027 0.04017175
1.11458010 0.05436267 0.04014930
1.11585141 0.05435290 0.04013076
1.11712271 0.05435020 0.04011613
1.11839402 0.05435221 0.04010545
1.11966532 0.05435139 0.04009595
1.12093663 0.05433152 0.04008087
1.12220793 0.05426724 0.04004738
1.12347924 0.05413818 0.03998541
1.12475054 0.05395976 0.03990384
1.12603663 0.05377303 0.03982234
1.12730794 0.05361165 0.03975181
1.12857924 0.05349533 0.03969485
1.12985055 0.05343948 0.03964905
1.13112185 0.05345898 0.03961693
1.13239316 0.05356425 0.03960008
1.13366446 0.05376520 0.03960314
1.13493577 0.05406079 0.03964212
1.13620707 0.05443459 0.03973938
1.13747838 0.05483005 0.03990581
1.13874969 0.05520850 0.04012823
1.14002099 0.05550729 0.04031792
1.14130708 0.05568932 0.04042001
1.14257838 0.05579420 0.04046948
1.14384969 0.05580416 0.04047054
1.14512100 0.05567859 0.04042353
1.14639230 0.05539890 0.04032959
1.14766361 0.05503737 0.04017831
1.14893491 0.05472759 0.03998134
1.15020622 0.05451140 0.03979084
1.15147752 0.05426615 0.03961028
1.15274883 0.05387014 0.03942383
1.15402013 0.05340000 0.03922016
1.15529144 0.05329667 0.03915195
1.15656274 0.05319064 0.03908236
1.15783405 0.05308412 0.03901299
1.15912014 0.05297755 0.03894410
1.16039144 0.05287138 0.03887598
1.16166275 0.05276608 0.03880890
1.16293405 0.05266211 0.03874317
1.16420536 0.05255996 0.03867906
1.16547667 0.05246012 0.03861688
1.16674797 0.05236308 0.03855691
1.16801928 0.05226936 0.03849946
1.16929058 0.05217944 0.03844481
1.17056189 0.05209385 0.03839326
1.17183319 0.05201307 0.03834509
1.17310450 0.05193763 0.03830059
1.17437580 0.05186801 0.03826003
1.17564711 0.05180472 0.03822367
1.17691841 0.05174824 0.03819179
1.17818972 0.05169904 0.03816461
1.17946103 0.05165759 0.03814239
1.18074711 0.05162435 0.03812534
1.18201842 0.05159974 0.03811366
1.18328972 0.05158418 0.03810756
1.18456103 0.05157807 0.03810719
1.18583234 0.05158178 0.03811272
1.18710364 0.05159565 0.03812426
1.18837495 0.05162000 0.03814193
1.18964625 0.05165512 0.03816581
1.19091756 0.05170125 0.03819595
1.19218886 0.05175861 0.03823236
1.19346017 0.05182738 0.03827506
1.19473147 0.05190769 0.03832398
1.19600278 0.05199962 0.03837907
1.19727408 0.05210322 0.03844020
1.19854539 0.05221848 0.03850722
1.19981670 0.05234532 0.03857995
1.20108800 0.05248363 0.03865813
1.20235931 0.05263321 0.03874150
1.20363061 0.05279382 0.03882971
1.20490192 0.05296514 0.03892239
1.20617322 0.05314678 0.03901911
1.20744453 0.05333828 0.03911937
1.20873062 0.05353909 0.03922263
1.21000192 0.05374859 0.03932827
1.21127323 0.05396607 0.03943564
1.21254453 0.05419073 0.03954399
1.21381584 0.05442167 0.03965253
1.21508714 0.05465791 0.03976037
1.21635845 0.05489835 0.03986657
1.21762975 0.05514180 0.03997011
1.21890106 0.05538695 0.04006988
1.22017237 0.05563238 0.04016471
1.22144367 0.05587654 0.04025331
1.22271498 0.05611779 0.04033434
1.22398628 0.05635433 0.04040634
1.22525759 0.05658425 0.04046776
1.22652889 0.05680548 0.04051698
1.22780020 0.05701585 0.04055224
1.22907150 0.05721300 0.04057171
1.23034281 0.05739445 0.04057343
1.23161411 0.05755756 0.04055533
1.23288542 0.05769954 0.04051525
1.23415673 0.05781740 0.04045088
1.23542803 0.05790802 0.04035981
1.23669934 0.05796810 0.04023951
1.23797064 0.05799415 0.04008730
1.23924195 0.05798249 0.03990039
1.24051325 0.05792927 0.03967584
1.24178456 0.05783043 0.03941059
1.24305586 0.05768172 0.03910141
1.24432717 0.05747869 0.03874494
1.24559847 0.05721666 0.03833768
1.24686978 0.05689074 0.03787595
1.24814109 0.05649584 0.03735594
1.24941239 0.05602661 0.03677365
1.25068370 0.05547749 0.03612493
1.25195500 0.05484267 0.03540547
1.25322631 0.05411610 0.03461076
1.25449761 0.05329148 0.03373614
1.25576892 0.05236225 0.03277674
1.25704022 0.05132159 0.03172752
1.25831153 0.05016241 0.03058326
1.25958283 0.04887734 0.02933851
1.26085414 0.04745874 0.02798765
1.26212545 0.04589867 0.02652485
1.26339675 0.04418892 0.02494407
1.26466806 0.04232094 0.02323906
1.26593936 0.04028590 0.02140334
1.26721067 0.03807467 0.01943023
1.26848197 0.03567777 0.01731280
1.26975328 0.03308540 0.01504392
1.27102458 0.03028745 0.01261620
1.27229589 0.02727344 0.01002202
1.27356719 0.02403256 0.00725355
1.27483850 0.02055364 0.00430278
1.27610981 0.01682516 0.00116274
1.27738111 0.01283521 0.00218251
1.27865242 0.00857152 0.00573141
1.27992372 0.00402145 0.00949849
1.28119503 -0.00082806 0.01349266
-0.96316762 0.03004443 0.00246963
-0.96189631 0.02674960 0.00130811
-0.96062353 0.02059990 0.00095422
-0.95934927 0.01820427 0.00104621
-0.95807353 0.01853443 0.00204822
-0.95679779 0.02119913 0.00411116
-0.95551909 0.02518267 0.00513491
-0.95423744 0.03552087 0.00741159
-0.95295431 0.03620800 0.01789169
-0.95167118 0.09909090 0.04454583
-0.95038804 0.18874833 0.05491364
-0.94910048 0.19573333 0.04740949
-0.94781143 0.16651733 0.04350535
-0.94651943 0.14546163 0.04293819
-0.94522743 0.13764560 0.04272450
-0.94393247 0.13272757 0.04206121
-0.94263604 0.13063197 0.04133640
-0.94133960 0.12894917 0.04082844
-0.94004021 0.12667807 0.04028636
-0.93873934 0.12407410 0.03979413
-0.93743699 0.12172367 0.03942087
-0.93613316 0.11957670 0.03907764
-0.93482786 0.11766017 0.03875995
-0.93351959 0.11592417 0.03846474
-0.93221133 0.11435063 0.03818589
-0.93090011 0.11291303 0.03792155
-0.92958890 0.11159310 0.03766993
-0.92827472 0.11037250 0.03742851
-0.92695907 0.10923740 0.03719706
-0.92564341 0.10817483 0.03697382
-0.92432480 0.10717423 0.03675908
-0.92300472 0.10622483 0.03655210
-0.92168315 0.10531673 0.03635275
-0.92036010 0.10444040 0.03616130
-0.91903410 0.10358440 0.03597715
-0.91770810 0.10273673 0.03579828
-0.91638062 0.10190317 0.03561777
-0.91505167 0.10113910 0.03543362
-0.91371975 0.10049967 0.03525520
-0.91238784 0.09994587 0.03508245
-0.91105297 0.09940587 0.03490683
-0.90971810 0.09886860 0.03473080
-0.90838027 0.09834303 0.03455884
-0.90704096 0.09782813 0.03438862
-0.90570166 0.09732503 0.03422024
-0.90435940 0.09683270 0.03405375
-0.90301565 0.09635043 0.03388829
-0.90167044 0.09587810 0.03372463
-0.90032374 0.09541443 0.03356167
-0.89897556 0.09495937 0.03340005
-0.89762591 0.09451187 0.03323921
-0.89627478 0.09407167 0.03307932
-0.89492217 0.09363813 0.03292013
-0.89356808 0.09321057 0.03276144
-0.89221251 0.09278910 0.03260387
-0.89085547 0.09237243 0.03244628
-0.88949695 0.09196070 0.03228927
-0.88813547 0.09155370 0.03213296
-0.88677399 0.09115047 0.03197668
-0.88541103 0.09075127 0.03182093
-0.88404659 0.09035550 0.03166542
-0.88267920 0.08996303 0.03151027
-0.88131181 0.08957343 0.03135511
-0.87994294 0.08918647 0.03120011
-0.87857259 0.08880237 0.03104569
-0.87719928 0.08841990 0.03089072
-0.87582598 0.08803990 0.03073656
-0.87445120 0.08766137 0.03058197
-0.87307345 0.08728467 0.03042745
-0.87169571 0.08690973 0.03027301
-0.87031650 0.08653640 0.03011876
-0.86893580 0.08616433 0.02996429
-0.86755215 0.08579343 0.02980967
-0.86616849 0.08542367 0.02965488
-0.86478336 0.08505493 0.02950003
-0.86339675 0.08468720 0.02934517
-0.86200866 0.08432050 0.02919021
-0.86061762 0.08395433 0.02903486
-0.85922657 0.08358877 0.02887911
-0.85783405 0.08322407 0.02872340
-0.85644005 0.08285987 0.02856733
-0.85504457 0.08249650 0.02841134
-0.85364761 0.08213330 0.02825457
-0.85224918 0.08177060 0.02809745
-0.85084926 0.08140837 0.02793998
-0.84944787 0.08104660 0.02778220
-0.84804648 0.08068540 0.02762403
-0.84664213 0.08032450 0.02746499
-0.84523630 0.07996447 0.02730538
-0.84382899 0.07960533 0.02714467
-0.84242169 0.07924723 0.02698404
-0.84101143 0.07888767 0.02682248
-0.83960116 0.07852590 0.02665982
-0.83818795 0.07816270 0.02649697
-0.83677473 0.07779743 0.02633304
-0.83536003 0.07743027 0.02616867
-0.83394238 0.07706057 0.02600372
-0.83252472 0.07668693 0.02583793
-0.83110559 0.07630717 0.02567274
-0.82968498 0.07591617 0.02550683
-0.82826289 0.07551383 0.02534154
-0.82684081 0.07510077 0.02517602
-0.82541576 0.07467810 0.02501154
-0.82398924 0.07424497 0.02484794
-0.82256272 0.07380030 0.02468469
-0.82113324 0.07334437 0.02452289
-0.81970376 0.07287707 0.02436257
-0.81827280 0.07239870 0.02420419
-0.81684036 0.07190933 0.02404696
-0.81540645 0.07141097 0.02389213
-0.81397106 0.07090497 0.02373936
-0.81253418 0.07039350 0.02358845
-0.81109584 0.06987937 0.02343939
-0.80965749 0.06936597 0.02329222
-0.80821618 0.06885663 0.02314674
-0.80677488 0.06835497 0.02300263
-0.80533209 0.06786420 0.02285966
-0.80388783 0.06738737 0.02271745
-0.80244209 0.06692680 0.02257583
-0.80099487 0.06648417 0.02243440
-0.79954765 0.06606047 0.02229298
-0.79809748 0.06565563 0.02215147
-0.79664730 0.06526923 0.02200969
-0.79519565 0.06490030 0.02186750
-0.79374252 0.06454750 0.02172466
-0.79228791 0.06420920 0.02158091
-0.79083182 0.06388377 0.02143614
-0.78937573 0.06356900 0.02129032
-0.78791669 0.06326223 0.02114330
-0.78645764 0.06296273 0.02099448
-0.78499712 0.06267250 0.02084434
-0.78353512 0.06238947 0.02069304
-0.78207164 0.06210783 0.02054016
-0.78060816 0.06182343 0.02038589
-0.77914320 0.06153327 0.02023061
-0.77767528 0.06123357 0.02007485
-0.77620885 0.06091697 0.01991916
-0.77473946 0.06057690 0.01976381
-0.77326859 0.06021437 0.01960920
-0.77179771 0.05983240 0.01945572
-0.77032537 0.05943147 0.01930348
-0.76885154 0.05901250 0.01915273
-0.76737623 0.05857633 0.01900373
-0.76590093 0.05812380 0.01885663
-0.76442266 0.05765600 0.01871173
-0.76294440 0.05717427 0.01856937
-0.76146466 0.05668037 0.01842961
-0.75998492 0.05617670 0.01829267
-0.75850222 0.05566617 0.01815853
-0.75701953 0.05515197 0.01802719
-0.75553535 0.05463800 0.01789861
-0.75405118 0.05412820 0.01777257
-0.75256405 0.05362673 0.01764877
-0.75107691 0.05313763 0.01752695
-0.74958830 0.05266463 0.01740678
-0.74809822 0.05221090 0.01728786
-0.74660813 0.05177887 0.01716982
-0.74511656 0.05137027 0.01705224
-0.74362352 0.05098600 0.01693482
-0.74212899 0.05062600 0.01681721
-0.74063447 0.05028973 0.01669914
-0.73913847 0.04997593 0.01658030
-0.73764099 0.04968277 0.01646042
-0.73614351 0.04940820 0.01633932
-0.73464307 0.04914983 0.01621669
-0.73314412 0.04890523 0.01609249
-0.73164220 0.04867150 0.01596654
-0.73014029 0.04844570 0.01583897
-0.72863542 0.04822383 0.01571021
-0.72713202 0.04800120 0.01558168
-0.72562567 0.04776427 0.01545780
-0.72411933 0.04746580 0.01534234
-0.72261150 0.04705907 0.01522779
-0.72110367 0.04659120 0.01511162
-0.71959436 0.04614797 0.01500200
-0.71808358 0.04574437 0.01489569
-0.71657132 0.04536657 0.01478780
-0.71505906 0.04500857 0.01468001
-0.71354532 0.04466490 0.01457247
-0.71203158 0.04433313 0.01446520
-0.71051488 0.04401073 0.01435840
-0.70899966 0.04369617 0.01425207
-0.70748148 0.04338813 0.01414631
-0.70596331 0.04308573 0.01404107
-0.70444366 0.04278823 0.01393633
-0.70292400 0.04249493 0.01383217
-0.70140287 0.04220530 0.01372855
-0.69988026 0.04191887 0.01362549
-0.69835765 0.04163523 0.01352292
-0.69683356 0.04135407 0.01342096
-0.69530800 0.04107510 0.01331945
-0.69378243 0.04079810 0.01321848
-0.69225538 0.04052277 0.01311800
-0.69072834 0.04024897 0.01301808
-0.68919982 0.03997647 0.01291866
-0.68766982 0.03970513 0.01281982
-0.68613981 0.03943490 0.01272142
-0.68460833 0.03916553 0.01262361
-0.68307685 0.03889693 0.01252631
-0.68154390 0.03862907 0.01242954
-0.68001094 0.03836173 0.01233329
-0.67847650 0.03809490 0.01223764
-0.67694059 0.03782843 0.01214258
-0.67540467 0.03756220 0.01204806
-0.67386728 0.03729617 0.01195420
-0.67232841 0.03703023 0.01186099
-0.67078954 0.03676427 0.01176840
-0.66925067 0.03649827 0.01167652
-0.66771032 0.03623203 0.01158534
-0.66616849 0.03596547 0.01149497
-0.66462666 0.03569850 0.01140540
-0.66308484 0.03543107 0.01131674
-0.66154005 0.03516297 0.01122899
-0.65999675 0.03489407 0.01114231
-0.65845049 0.03462440 0.01105674
-0.65690570 0.03435373 0.01097237
-0.65535796 0.03408203 0.01088929
-0.65381022 0.03380930 0.01080759
-0.65226248 0.03353560 0.01072731
-0.65071326 0.03326110 0.01064854
-0.64916404 0.03298633 0.01057121
-0.64761335 0.03271243 0.01049478
-0.64606265 0.03244260 0.01041805
-0.64451047 0.03219173 0.01033876
-0.64295830 0.03198327 0.01025877
-0.64140464 0.03181287 0.01018057
-0.63985099 0.03164643 0.01010125
-0.63829586 0.03146807 0.01002051
-0.63674073 0.03127860 0.00994108
-0.63518412 0.03107817 0.00986229
-0.63362751 0.03087097 0.00978433
-0.63207090 0.03065907 0.00970734
-0.63051133 0.03044367 0.00963105
-0.62895324 0.03022563 0.00955551
-0.62739368 0.03000553 0.00948072
-0.62583411 0.02978403 0.00940662
-0.62427306 0.02956147 0.00933328
-0.62271202 0.02933837 0.00926064
-0.62114950 0.02911500 0.00918873
-0.61958697 0.02889163 0.00911757
-0.61802445 0.02866860 0.00904717
-0.61646045 0.02844620 0.00897750
-0.61489497 0.02822457 0.00890856
-0.61333097 0.02800400 0.00884038
-0.61176401 0.02778467 0.00877302
-0.61019853 0.02756677 0.00870635
-0.60863157 0.02735043 0.00864038
-0.60706461 0.02713593 0.00857524
-0.60549618 0.02692330 0.00851080
-0.60392774 0.02671273 0.00844707
-0.60235783 0.02650433 0.00838412
-0.60078939 0.02629833 0.00832183
-0.59921800 0.02609467 0.00826027
-0.59764808 0.02589363 0.00819941
-0.59607669 0.02569513 0.00813918
-0.59450530 0.02549930 0.00807966
-0.59293243 0.02530620 0.00802082
-0.59135956 0.02511593 0.00796256
-0.58978669 0.02492857 0.00790493
-0.58821234 0.02474427 0.00784785
-0.58663799 0.02456303 0.00779132
-0.58506364 0.02438483 0.00773534
-0.58348781 0.02420983 0.00767978
-0.58191198 0.02403793 0.00762474
-0.58033616 0.02386923 0.00757012
-0.57875885 0.02370367 0.00751584
-0.57718302 0.02354133 0.00746198
-0.57560424 0.02338210 0.00740842
-0.57402693 0.02322600 0.00735512
-0.57244815 0.02307303 0.00730210
-0.57086937 0.02292317 0.00724925
-0.56929058 0.02277630 0.00719656
-0.56771032 0.02263247 0.00714394
-0.56613006 0.02249153 0.00709143
-0.56454980 0.02235343 0.00703887
-0.56296805 0.02221807 0.00698622
-0.56138779 0.02208540 0.00693349
-0.55980605 0.02195507 0.00688058
-0.55822283 0.02182703 0.00682743
-0.55664109 0.02170087 0.00677413
-0.55505787 0.02157603 0.00672065
-0.55347466 0.02145180 0.00666715
-0.55189144 0.02132660 0.00661400
-0.55030822 0.02119833 0.00656236
-0.54872352 0.02105763 0.00651429
-0.54713882 0.02088037 0.00646959
-0.54555413 0.02065743 0.00642358
-0.54396943 0.02042557 0.00637795
-0.54238325 0.02021583 0.00633587
-0.54079708 0.02002620 0.00629430
-0.53921090 0.01985123 0.00625237
-0.53762473 0.01968707 0.00621057
-0.53603855 0.01953167 0.00616892
-0.53445090 0.01938340 0.00612736
-0.53286472 0.01924100 0.00608603
-0.53127707 0.01910357 0.00604486
-0.52968942 0.01897033 0.00600399
-0.52810029 0.01884063 0.00596338
-0.52651263 0.01871400 0.00592302
-0.52492498 0.01859000 0.00588294
-0.52333585 0.01846823 0.00584315
-0.52174671 0.01834840 0.00580356
-0.52015758 0.01823033 0.00576431
-0.51856845 0.01811363 0.00572533
-0.51697932 0.01799820 0.00568663
-0.51538871 0.01788380 0.00564821
-0.51379958 0.01777033 0.00561003
-0.51220897 0.01765763 0.00557212
-0.51061836 0.01754547 0.00553453
-0.50902775 0.01743387 0.00549721
-0.50743714 0.01732267 0.00546024
-0.50584653 0.01721167 0.00542352
-0.50425592 0.01710093 0.00538709
-0.50266383 0.01699023 0.00535106
-0.50107322 0.01687950 0.00531531
-0.49948261 0.01676873 0.00527991
-0.49789052 0.01665777 0.00524494
-0.49629843 0.01654653 0.00521029
-0.49470782 0.01643497 0.00517607
-0.49311573 0.01632297 0.00514228
-0.49152364 0.01621047 0.00510898
-0.48993156 0.01609737 0.00507616
-0.48833947 0.01598360 0.00504387
-0.48674738 0.01586900 0.00501220
-0.48515529 0.01575357 0.00498113
-0.48356320 0.01563717 0.00495074
-0.48196964 0.01551987 0.00492110
-0.48037755 0.01540160 0.00489214
-0.47878546 0.01528237 0.00486401
-0.47719337 0.01516227 0.00483663
-0.47559980 0.01504152 0.00481001
-0.47400772 0.01492038 0.00478413
-0.47241563 0.01479970 0.00475876
-0.47082206 0.01468048 0.00473344
-0.46922997 0.01456585 0.00470712
-0.46763788 0.01446682 0.00467919
-0.46604432 0.01439622 0.00465155
-0.46445223 0.01434746 0.00462524
-0.46286014 0.01430005 0.00459826
-0.46126658 0.01424416 0.00457029
-0.45967449 0.01418149 0.00454258
-0.45808240 0.01411475 0.00451533
-0.45649031 0.01404499 0.00448846
-0.45489822 0.01397301 0.00446193
-0.45330613 0.01389921 0.00443571
-0.45171257 0.01382411 0.00440983
-0.45012048 0.01374793 0.00438423
-0.44852839 0.01367093 0.00435895
-0.44693778 0.01359336 0.00433391
-0.44534569 0.01351534 0.00430913
-0.44375360 0.01343704 0.00428466
-0.44216151 0.01335862 0.00426045
-0.44057090 0.01328012 0.00423650
-0.43897882 0.01320170 0.00421283
-0.43738821 0.01312335 0.00418939
-0.43579612 0.01304524 0.00416623
-0.43420551 0.01296743 0.00414332
-0.43261490 0.01288990 0.00412065
-0.43102429 0.01281276 0.00409826
-0.42943368 0.01273601 0.00407612
-0.42784307 0.01265973 0.00405422
-0.42625394 0.01258399 0.00403259
-0.42466333 0.01250874 0.00401124
-0.42307419 0.01243396 0.00399012
-0.42148358 0.01235984 0.00396925
-0.41989445 0.01228635 0.00394865
-0.41830532 0.01221349 0.00392831
-0.41671619 0.01214131 0.00390815
-0.41512853 0.01206981 0.00388827
-0.41353940 0.01199904 0.00386861
-0.41195175 0.01192900 0.00384921
-0.41036262 0.01185974 0.00383005
-0.40877496 0.01179123 0.00381113
-0.40718731 0.01172347 0.00379240
-0.40560114 0.01165653 0.00377393
-0.40401348 0.01159036 0.00375564
-0.40242731 0.01152498 0.00373762
-0.40084113 0.01146044 0.00371981
-0.39925496 0.01139671 0.00370220
-0.39766878 0.01133375 0.00368481
-0.39608261 0.01127167 0.00366765
-0.39449791 0.01121041 0.00365069
-0.39291321 0.01114997 0.00363393
-0.39132851 0.01109038 0.00361741
-0.38974382 0.01103161 0.00360107
-0.38816060 0.01097368 0.00358492
-0.38657738 0.01091662 0.00356899
-0.38499416 0.01086042 0.00355322
-0.38341094 0.01080505 0.00353763
-0.38182920 0.01075059 0.00352224
-0.38024598 0.01069701 0.00350699
-0.37866424 0.01064437 0.00349190
-0.37708398 0.01059273 0.00347693
-0.37550224 0.01054223 0.00346206
-0.37392198 0.01049297 0.00344719
-0.37234172 0.01044557 0.00343220
-0.37076145 0.01040162 0.00341718
-0.36918267 0.01036153 0.00340255
-0.36760388 0.01032249 0.00338812
-0.36602510 0.01028224 0.00337353
-0.36444780 0.01024097 0.00335909
-0.36286901 0.01019899 0.00334484
-0.36129171 0.01015657 0.00333077
-0.35971588 0.01011385 0.00331683
-0.35814005 0.01007097 0.00330307
-0.35656422 0.01002803 0.00328950
-0.35498840 0.00998508 0.00327608
-0.35341405 0.00994224 0.00326286
-0.35183970 0.00989945 0.00324973
-0.35026535 0.00985685 0.00323683
-0.34869248 0.00981439 0.00322403
-0.34711961 0.00977215 0.00321141
-0.34554674 0.00973016 0.00319896
-0.34397534 0.00968845 0.00318667
-0.34240395 0.00964701 0.00317453
-0.34083256 0.00960591 0.00316257
-0.33926264 0.00956511 0.00315074
-0.33769273 0.00952465 0.00313909
-0.33612429 0.00948454 0.00312761
-0.33455586 0.00944478 0.00311630
-0.33298742 0.00940541 0.00310518
-0.33142046 0.00936639 0.00309417
-0.32985350 0.00932782 0.00308340
-0.32828655 0.00928963 0.00307277
-0.32672107 0.00925186 0.00306231
-0.32515559 0.00921452 0.00305203
-0.32359159 0.00917762 0.00304193
-0.32202758 0.00914119 0.00303203
-0.32046358 0.00910527 0.00302232
-0.31890106 0.00906990 0.00301282
-0.31734002 0.00903508 0.00300347
-0.31577749 0.00900092 0.00299427
-0.31421793 0.00896755 0.00298524
-0.31265688 0.00893509 0.00297630
-0.31109731 0.00890381 0.00296739
-0.30953923 0.00887405 0.00295841
-0.30798114 0.00884650 0.00294913
-0.30642305 0.00882222 0.00293912
-0.30486644 0.00880513 0.00292802
-0.30330983 0.00880166 0.00291665
-0.30175470 0.00881037 0.00290629
-0.30019957 0.00881940 0.00289566
-0.29864591 0.00882261 0.00288405
-0.29709226 0.00882117 0.00287260
-0.29554008 0.00881563 0.00286127
-0.29398791 0.00880665 0.00284997
-0.29243721 0.00879485 0.00283877
-0.29088651 0.00878084 0.00282766
-0.28933730 0.00876495 0.00281662
-0.28778808 0.00874748 0.00280567
-0.28623886 0.00872865 0.00279478
-0.28469112 0.00870864 0.00278390
-0.28314485 0.00868761 0.00277306
-0.28159859 0.00866572 0.00276222
-0.28005381 0.00864315 0.00275137
-0.27850902 0.00861998 0.00274055
-0.27696572 0.00859632 0.00272976
-0.27542241 0.00857224 0.00271893
-0.27388059 0.00854781 0.00270810
-0.27234024 0.00852314 0.00269725
-0.27079989 0.00849828 0.00268643
-0.26925954 0.00847333 0.00267554
-0.26772067 0.00844836 0.00266461
-0.26618327 0.00842335 0.00265360
-0.26464588 0.00839841 0.00264256
-0.26310997 0.00837349 0.00263140
-0.26157405 0.00834871 0.00262022
-0.26003962 0.00832403 0.00260894
-0.25850518 0.00829949 0.00259757
-0.25697222 0.00827507 0.00258608
-0.25544074 0.00825076 0.00257447
-0.25390926 0.00822653 0.00256276
-0.25237926 0.00820228 0.00255089
-0.25084926 0.00817798 0.00253894
-0.24932074 0.00815345 0.00252692
-0.24779369 0.00812841 0.00251480
-0.24626665 0.00810262 0.00250276
-0.24474108 0.00807542 0.00249087
-0.24321552 0.00804612 0.00247939
-0.24169143 0.00801315 0.00246880
-0.24016882 0.00797458 0.00245998
-0.23864621 0.00792439 0.00245457
-0.23712508 0.00784422 0.00245162
-0.23560542 0.00772625 0.00244559
-0.23408577 0.00760359 0.00243749
-0.23256759 0.00750920 0.00243212
-0.23104942 0.00744224 0.00242742
-0.22953272 0.00739348 0.00242174
-0.22801750 0.00735702 0.00241547
-0.22650376 0.00732933 0.00240875
-0.22499002 0.00730802 0.00240164
-0.22347628 0.00729134 0.00239424
-0.22196550 0.00727810 0.00238662
-0.22045471 0.00726737 0.00237881
-0.21894541 0.00725848 0.00237083
-0.21743610 0.00725093 0.00236271
-0.21592827 0.00724430 0.00235445
-0.21442193 0.00723838 0.00234613
-0.21291705 0.00723285 0.00233769
-0.21141218 0.00722754 0.00232912
-0.20990879 0.00722235 0.00232049
-0.20840540 0.00721713 0.00231175
-0.20690496 0.00721178 0.00230291
-0.20540453 0.00720622 0.00229396
-0.20390557 0.00720038 0.00228494
-0.20240661 0.00719419 0.00227583
-0.20090913 0.00718756 0.00226663
-0.19941313 0.00718039 0.00225734
-0.19791861 0.00717258 0.00224803
-0.19642408 0.00716395 0.00223868
-0.19493104 0.00715426 0.00222938
-0.19343947 0.00714315 0.00222033
-0.19194791 0.00712951 0.00221160
-0.19045930 0.00711158 0.00220309
-0.18897069 0.00708878 0.00219448
-0.18748355 0.00706317 0.00218582
-0.18599642 0.00703777 0.00217724
-0.18451077 0.00701412 0.00216878
-0.18302659 0.00699198 0.00216041
-0.18154390 0.00697075 0.00215197
-0.18006268 0.00695029 0.00214349
-0.17858146 0.00693052 0.00213499
-0.17710172 0.00691139 0.00212645
-0.17562346 0.00689288 0.00211790
-0.17414667 0.00687495 0.00210932
-0.17266989 0.00685758 0.00210070
-0.17119606 0.00684077 0.00209206
-0.16972223 0.00682450 0.00208339
-0.16824841 0.00680877 0.00207469
-0.16677754 0.00679357 0.00206595
-0.16530667 0.00677890 0.00205716
-0.16383875 0.00676474 0.00204834
-0.16237084 0.00675111 0.00203947
-0.16090440 0.00673799 0.00203055
-0.15943796 0.00672537 0.00202157
-0.15797449 0.00671325 0.00201254
-0.15651101 0.00670162 0.00200345
-0.15504900 0.00669047 0.00199430
-0.15358848 0.00667980 0.00198507
-0.15212944 0.00666959 0.00197578
-0.15067039 0.00665983 0.00196642
-0.14921430 0.00665051 0.00195698
-0.14775822 0.00664161 0.00194745
-0.14630375 0.00663312 0.00193785
-0.14485062 0.00662502 0.00192816
-0.14339867 0.00661730 0.00191838
-0.14194791 0.00660994 0.00190851
-0.14049847 0.00660291 0.00189854
-0.13905022 0.00659621 0.00188848
-0.13760344 0.00658980 0.00187830
-0.13615770 0.00658368 0.00186802
-0.13471344 0.00657781 0.00185763
-0.13327021 0.00657217 0.00184712
-0.13182846 0.00656675 0.00183649
-0.13038804 0.00656151 0.00182574
-0.12894881 0.00655643 0.00181486
-0.12751090 0.00655149 0.00180385
-0.12607433 0.00654665 0.00179271
-0.12463893 0.00654189 0.00178143
-0.12320502 0.00653715 0.00177000
-0.12177229 0.00653240 0.00175843
-0.12034104 0.00652758 0.00174672
-0.11891096 0.00652259 0.00173488
-0.11748222 0.00651731 0.00172293
-0.11605496 0.00651156 0.00171092
-0.11462888 0.00650500 0.00169894
-0.11320413 0.00649713 0.00168721
-0.11178086 0.00648641 0.00167608
-0.11035892 0.00646830 0.00166536
-0.10893816 0.00644116 0.00165392
-0.10751888 0.00641344 0.00164195
-0.10610108 0.00639300 0.00163049
-0.10468446 0.00637856 0.00161908
-0.10326932 0.00636697 0.00160734
-0.10185551 0.00635674 0.00159543
-0.10044304 0.00634713 0.00158339
-0.09903203 0.00633774 0.00157123
-0.09762236 0.00632833 0.00155898
-0.09621417 0.00631874 0.00154665
-0.09480731 0.00630889 0.00153425
-0.09340178 0.00629872 0.00152178
-0.09199772 0.00628817 0.00150925
-0.09059500 0.00627723 0.00149667
-0.08919376 0.00626585 0.00148403
-0.08779384 0.00625400 0.00147136
-0.08639541 0.00624165 0.00145866
-0.08499845 0.00622876 0.00144594
-0.08360282 0.00621528 0.00143322
-0.08220867 0.00620115 0.00142052
-0.08081600 0.00618631 0.00140785
-0.07942466 0.00617065 0.00139526
-0.07803480 0.00615407 0.00138276
-0.07664641 0.00613640 0.00137043
-0.07525951 0.00611740 0.00135833
-0.07387393 0.00609673 0.00134656
-0.07248984 0.00607397 0.00133528
-0.07110722 0.00604832 0.00132473
-0.06972608 0.00601885 0.00131529
-0.06834642 0.00598330 0.00130760
-0.06696823 0.00593318 0.00130103
-0.06559138 0.00586896 0.00129240
-0.06421615 0.00582167 0.00128188
-0.06284240 0.00581711 0.00127303
-0.06146998 0.00584182 0.00126464
-0.06009919 0.00587648 0.00125487
-0.05872988 0.00591534 0.00124460
-0.05736204 0.00595721 0.00123397
-0.05599568 0.00600364 0.00122286
-0.05463080 0.00605681 0.00121102
-0.05326740 0.00612154 0.00119777
-0.05190548 0.00620366 0.00118200
-0.05054518 0.00631567 0.00116159
-0.04918636 0.00647385 0.00113333
-0.04782902 0.00671871 0.00109431
-0.04647316 0.00709526 0.00105176
-0.04511893 0.00745884 0.00101941
-0.04376617 0.00753224 0.00098472
-0.04241504 0.00737033 0.00094407
-0.04106524 0.00720825 0.00091343
-0.03971706 0.00709527 0.00088757
-0.03837051 0.00701435 0.00086010
-0.03702529 0.00695452 0.00083153
-0.03568185 0.00691351 0.00080135
-0.03433973 0.00689242 0.00076903
-0.03299939 0.00689884 0.00073302
-0.03166038 0.00694575 0.00069070
-0.03032315 0.00707496 0.00063695
-0.02898739 0.00735832 0.00057324
-0.02765326 0.00764371 0.00050937
-0.02632105 0.00749270 0.00044373
-0.02499002 0.00684033 0.00037743
-0.02366047 0.00603723 0.00032955
-0.02233255 0.00524638 0.00029586
-0.02100625 0.00447251 0.00026787
-0.01968143 0.00373088 0.00023894
-0.01835824 0.00302169 0.00021344
-0.01703653 0.00235131 0.00018316
-0.01571644 0.00170718 0.00015616
-0.01439801 0.00109078 0.00012609
-0.01308110 0.00046839 0.00007427
-0.01176578 0.00025214 0.00008043
-0.01045207 0.00065851 0.00013623
-0.00913993 0.00123513 0.00018384
-0.00782941 0.00179579 0.00020562
-0.00652048 0.00241482 0.00022923
-0.00521317 0.00303390 0.00025396
-0.00390746 0.00386174 0.00026622
-0.00260335 0.00468716 0.00030733
-0.00130087 0.00671862 0.00028308
-0.00000000 0.00777939 0.00041138
