# s/c   cf_mean    cf_std
0.00000000 0.00246741 0.00031305
0.00130087 0.00373975 0.00033961
0.00260174 0.00492824 0.00040777
0.00390261 0.00603749 0.00049759
0.00520348 0.00707196 0.00059722
0.00650435 0.00803595 0.00070096
0.00780522 0.00893363 0.00080616
0.00910609 0.00976900 0.00091158
0.01040697 0.01054593 0.00101661
0.01170784 0.01126814 0.00112102
0.01300871 0.01193924 0.00122472
0.01430958 0.01256266 0.00132772
0.01561045 0.01314174 0.00143007
0.01691132 0.01367967 0.00153186
0.01821219 0.01417953 0.00163317
0.01951306 0.01464426 0.00173411
0.02081393 0.01507670 0.00183475
0.02211480 0.01547954 0.00193519
0.02341567 0.01585540 0.00203550
0.02470176 0.01620676 0.00213576
0.02600263 0.01653599 0.00223604
0.02730350 0.01684536 0.00233641
0.02860437 0.01713705 0.00243693
0.02990524 0.01741312 0.00253765
0.03120611 0.01767554 0.00263863
0.03250698 0.01792618 0.00273993
0.03380786 0.01816682 0.00284159
0.03510873 0.01839915 0.00294366
0.03640960 0.01862478 0.00304620
0.03771047 0.01884521 0.00314926
0.03901134 0.01906187 0.00325288
0.04029743 0.01927613 0.00335711
0.04159830 0.01948924 0.00346201
0.04289917 0.01970241 0.00356764
0.04420004 0.01991675 0.00367403
0.04550091 0.02013332 0.00378124
0.04680178 0.02035309 0.00388934
0.04810265 0.02057698 0.00399837
0.04940352 0.02080584 0.00410839
0.05068961 0.02104043 0.00421946
0.05199048 0.02128150 0.00433163
0.05329135 0.02152971 0.00444497
0.05459222 0.02178565 0.00455952
0.05589309 0.02204988 0.00467534
0.05719396 0.02232291 0.00479250
0.05849483 0.02260517 0.00491105
0.05978092 0.02289708 0.00503104
0.06108179 0.02319897 0.00515252
0.06238266 0.02351117 0.00527556
0.06368353 0.02383392 0.00540020
0.06498440 0.02416746 0.00552649
0.06628528 0.02451196 0.00565447
0.06757136 0.02486758 0.00578421
0.06887223 0.02523441 0.00591573
0.07017310 0.02561253 0.00604909
0.07147398 0.02600199 0.00618432
0.07277485 0.02640278 0.00632145
0.07407572 0.02681490 0.00646054
0.07536180 0.02723829 0.00660160
0.07666268 0.02767288 0.00674467
0.07796355 0.02811856 0.00688977
0.07926442 0.02857522 0.00703693
0.08056529 0.02904270 0.00718617
0.08185138 0.02952085 0.00733751
0.08315225 0.03000947 0.00749097
0.08445312 0.03050837 0.00764656
0.08575399 0.03101732 0.00780430
0.08704008 0.03153608 0.00796418
0.08834095 0.03206442 0.00812623
0.08964182 0.03260207 0.00829043
0.09094269 0.03314875 0.00845680
0.09224356 0.03370419 0.00862534
0.09352965 0.03426809 0.00879603
0.09483052 0.03484014 0.00896888
0.09613139 0.03542006 0.00914388
0.09743226 0.03600751 0.00932102
0.09871835 0.03660219 0.00950029
0.10001922 0.03720377 0.00968167
0.10132009 0.03781194 0.00986515
0.10260618 0.03842636 0.01005071
0.10390705 0.03904672 0.01023834
0.10520792 0.03967268 0.01042801
0.10650879 0.04030392 0.01061970
0.10779488 0.04094013 0.01081339
0.10909575 0.04158097 0.01100906
0.11039662 0.04222613 0.01120667
0.11169749 0.04287531 0.01140621
0.11298358 0.04352820 0.01160763
0.11428445 0.04418449 0.01181091
0.11558532 0.04484389 0.01201602
0.11687141 0.04550611 0.01222292
0.11817228 0.04617087 0.01243159
0.11947315 0.04683791 0.01264198
0.12075924 0.04750695 0.01285406
0.12206011 0.04817775 0.01306779
0.12336098 0.04885005 0.01328312
0.12466185 0.04952364 0.01350004
0.12594794 0.05019828 0.01371848
0.12724881 0.05087376 0.01393840
0.12854968 0.05154988 0.01415978
0.12983577 0.05222470 0.01438206
0.13113664 0.05294614 0.01462380
0.13243751 0.05363984 0.01487114
0.13372359 0.05434577 0.01511862
0.13502447 0.05505931 0.01536348
0.13632534 0.05575822 0.01560838
0.13761142 0.05644008 0.01585337
0.13891229 0.05713814 0.01609233
0.14019838 0.05792116 0.01632334
0.14149925 0.05887536 0.01655342
0.14280012 0.05991063 0.01678169
0.14408621 0.06080040 0.01700700
0.14538708 0.06143505 0.01724046
0.14668795 0.06189402 0.01749510
0.14797404 0.06229602 0.01775926
0.14927491 0.06274263 0.01801793
0.15056100 0.06332012 0.01827103
0.15186187 0.06398407 0.01851735
0.15316274 0.06456807 0.01875057
0.15444883 0.06504193 0.01898115
0.15574970 0.06557368 0.01922088
0.15703579 0.06619022 0.01945866
0.15833666 0.06678080 0.01969380
0.15963753 0.06721430 0.01992016
0.16092362 0.06765238 0.02013873
0.16222449 0.06843453 0.02035878
0.16351058 0.06957682 0.02056674
0.16481145 0.07072601 0.02074873
0.16611232 0.07160894 0.02092807
0.16739841 0.07226020 0.02112707
0.16869928 0.07277968 0.02134961
0.16998537 0.07324141 0.02158960
0.17128624 0.07368163 0.02183522
0.17257232 0.07411991 0.02208178
0.17387319 0.07456831 0.02232548
0.17517407 0.07503972 0.02256553
0.17646015 0.07554363 0.02280159
0.17776102 0.07607906 0.02303316
0.17904711 0.07664285 0.02326120
0.18034798 0.07723044 0.02348563
0.18163407 0.07785722 0.02370648
0.18293494 0.07854435 0.02392237
0.18422103 0.07932902 0.02413651
0.18552190 0.08020471 0.02435830
0.18680799 0.08104436 0.02457933
0.18810886 0.08168946 0.02478510
0.18939495 0.08211773 0.02499118
0.19069582 0.08258735 0.02520624
0.19199669 0.08340368 0.02544073
0.19328278 0.08460049 0.02567836
0.19458365 0.08583559 0.02588722
0.19586974 0.08685565 0.02607891
0.19717061 0.08771340 0.02627067
0.19845669 0.08854204 0.02648771
0.19975757 0.08940625 0.02672918
0.20104365 0.09024639 0.02697596
0.20234452 0.09097043 0.02722248
0.20363061 0.09148069 0.02746021
0.20493148 0.09195266 0.02771174
0.20621757 0.09272012 0.02797906
0.20750366 0.09387048 0.02824402
0.20880453 0.09516244 0.02850407
0.21009062 0.09630535 0.02874400
0.21139149 0.09722374 0.02896543
0.21267758 0.09804560 0.02920147
0.21397845 0.09892307 0.02946091
0.21526454 0.09990002 0.02972638
0.21656541 0.10095332 0.02999388
0.21785149 0.10203849 0.03025928
0.21915236 0.10311425 0.03052354
0.22043845 0.10415072 0.03078860
0.22173932 0.10512087 0.03105386
0.22302541 0.10601167 0.03131593
0.22432628 0.10689383 0.03157984
0.22561237 0.10785221 0.03184778
0.22689846 0.10893429 0.03212193
0.22819933 0.11008230 0.03239742
0.22948542 0.11117426 0.03266543
0.23078629 0.11216292 0.03292439
0.23207238 0.11306000 0.03317957
0.23337325 0.11388879 0.03343789
0.23465933 0.11463626 0.03370103
0.23594542 0.11527747 0.03397048
0.23724629 0.11582083 0.03424496
0.23853238 0.11632578 0.03452427
0.23983325 0.11686916 0.03480611
0.24111934 0.11748679 0.03508450
0.24240543 0.11817119 0.03535934
0.24370630 0.11886754 0.03563218
0.24499239 0.11950313 0.03590285
0.24629326 0.12004346 0.03617321
0.24757935 0.12049154 0.03643814
0.24886543 0.12086206 0.03669508
0.25016630 0.12119067 0.03694844
0.25145239 0.12152548 0.03720485
0.25275326 0.12186266 0.03746365
0.25403935 0.12219003 0.03772388
0.25532544 0.12250790 0.03798501
0.25662631 0.12279727 0.03824039
0.25791240 0.12303357 0.03848975
0.25919849 0.12317658 0.03872196
0.26049936 0.12321754 0.03893935
0.26178545 0.12322545 0.03916164
0.26307153 0.12322573 0.03938463
0.26437240 0.12324989 0.03960285
0.26565849 0.12338895 0.03983104
0.26695936 0.12368515 0.04006736
0.26824545 0.12408878 0.04029736
0.26953154 0.12444523 0.04051089
0.27083241 0.12458764 0.04069316
0.27211850 0.12444994 0.04086296
0.27340459 0.12411077 0.04103962
0.27470546 0.12380032 0.04123369
0.27599154 0.12367803 0.04145550
0.27727763 0.12370983 0.04168080
0.27857850 0.12377476 0.04189182
0.27986459 0.12377155 0.04207929
0.28115068 0.12366952 0.04222506
0.28243677 0.12346178 0.04236666
0.28373764 0.12316006 0.04253571
0.28502373 0.12273312 0.04271272
0.28630981 0.12228775 0.04289678
0.28761068 0.12203060 0.04310235
0.28889677 0.12193386 0.04329681
0.29018286 0.12171971 0.04343921
0.29148373 0.12120748 0.04356324
0.29276982 0.12048255 0.04369125
0.29405591 0.11971641 0.04382702
0.29534200 0.11907559 0.04397490
0.29664287 0.11861632 0.04412740
0.29792895 0.11825821 0.04427316
0.29921504 0.11786545 0.04440447
0.30051591 0.11731378 0.04451451
0.30180200 0.11657484 0.04460870
0.30308809 0.11572247 0.04470251
0.30437418 0.11488627 0.04479726
0.30567505 0.11418838 0.04489591
0.30696114 0.11367810 0.04498960
0.30824722 0.11330809 0.04506917
0.30953331 0.11298657 0.04514135
0.31083418 0.11258826 0.04520881
0.31212027 0.11200638 0.04526797
0.31340636 0.11125710 0.04531186
0.31469245 0.11045748 0.04535234
0.31599332 0.10967172 0.04539848
0.31727941 0.10884012 0.04544339
0.31856549 0.10797012 0.04549548
0.31985158 0.10715983 0.04555188
0.32115245 0.10650952 0.04560632
0.32243854 0.10606056 0.04565380
0.32372463 0.10581473 0.04569806
0.32501072 0.10570913 0.04574092
0.32629681 0.10562989 0.04577205
0.32759768 0.10548328 0.04578354
0.32888376 0.10523022 0.04577743
0.33016985 0.10488520 0.04576985
0.33145594 0.10446151 0.04576218
0.33275681 0.10401812 0.04576136
0.33404290 0.10364255 0.04578203
0.33532899 0.10335421 0.04581802
0.33661508 0.10309017 0.04585268
0.33790116 0.10280332 0.04587795
0.33918725 0.10249321 0.04589195
0.34048812 0.10219399 0.04589637
0.34177421 0.10194940 0.04589723
0.34306030 0.10178875 0.04589579
0.34434639 0.10173685 0.04589570
0.34563247 0.10179118 0.04589960
0.34693335 0.10191481 0.04591582
0.34821943 0.10200418 0.04593566
0.34950552 0.10198015 0.04595248
0.35079161 0.10183728 0.04596744
0.35207770 0.10157829 0.04596540
0.35336379 0.10125680 0.04595727
0.35466466 0.10095771 0.04595291
0.35595074 0.10077173 0.04595308
0.35723683 0.10077211 0.04596870
0.35852292 0.10088734 0.04598436
0.35980901 0.10099364 0.04599226
0.36109510 0.10107957 0.04600168
0.36238118 0.10116507 0.04601098
0.36368206 0.10123254 0.04601933
0.36496814 0.10121590 0.04602044
0.36625423 0.10108123 0.04601626
0.36754032 0.10087138 0.04601492
0.36882641 0.10068806 0.04601791
0.37011250 0.10065632 0.04603912
0.37139858 0.10079363 0.04607614
0.37269945 0.10095353 0.04610319
0.37398554 0.10102779 0.04611846
0.37527163 0.10101481 0.04612622
0.37655772 0.10093525 0.04612249
0.37784381 0.10082927 0.04610725
0.37912989 0.10076272 0.04608973
0.38041598 0.10078241 0.04608233
0.38170207 0.10079193 0.04607914
0.38298816 0.10069429 0.04608392
0.38428903 0.10054790 0.04611039
0.38557512 0.10042888 0.04615233
0.38686121 0.10035780 0.04619837
0.38814729 0.10033979 0.04624004
0.38943338 0.10038549 0.04627527
0.39071947 0.10049595 0.04630473
0.39200556 0.10063139 0.04632587
0.39329165 0.10075683 0.04634007
0.39457773 0.10088166 0.04635200
0.39586382 0.10103019 0.04636099
0.39714991 0.10121870 0.04636775
0.39843600 0.10141833 0.04637816
0.39973687 0.10153375 0.04639582
0.40102296 0.10139555 0.04640719
0.40230905 0.10101204 0.04641784
0.40359513 0.10060664 0.04645265
0.40488122 0.10038319 0.04651742
0.40616731 0.10035240 0.04658155
0.40745340 0.10041064 0.04662464
0.40873949 0.10044134 0.04664805
0.41002557 0.10032735 0.04665383
0.41131166 0.10008316 0.04665164
0.41259775 0.09989801 0.04666676
0.41388384 0.09988373 0.04669517
0.41516993 0.09994156 0.04671077
0.41645601 0.10008471 0.04672339
0.41774210 0.10044723 0.04674318
0.41902819 0.10115920 0.04677152
0.42031428 0.10204848 0.04679267
0.42160037 0.10268533 0.04678056
0.42288645 0.10286003 0.04674439
0.42417254 0.10277956 0.04673424
0.42545863 0.10271902 0.04676279
0.42674472 0.10272022 0.04680907
0.42803081 0.10274466 0.04684935
0.42931690 0.10280395 0.04688440
0.43060298 0.10295588 0.04693086
0.43188907 0.10320002 0.04698163
0.43317516 0.10349652 0.04702923
0.43446125 0.10381436 0.04707188
0.43574734 0.10413230 0.04710737
0.43703342 0.10444511 0.04713808
0.43831951 0.10474777 0.04716371
0.43960560 0.10504103 0.04718548
0.44089169 0.10531265 0.04720462
0.44217778 0.10555149 0.04722722
0.44346386 0.10573635 0.04725656
0.44474995 0.10584550 0.04727980
0.44603604 0.10597171 0.04730399
0.44732213 0.10631362 0.04735544
0.44860822 0.10700265 0.04742502
0.44989430 0.10784784 0.04749148
0.45118039 0.10845642 0.04751614
0.45246648 0.10860008 0.04749845
0.45375257 0.10847181 0.04749356
0.45503866 0.10832160 0.04752463
0.45632474 0.10814561 0.04757762
0.45761083 0.10783452 0.04761292
0.45889692 0.10736953 0.04763290
0.46018301 0.10689973 0.04767100
0.46146910 0.10661360 0.04773796
0.46275519 0.10671493 0.04783886
0.46404127 0.10712604 0.04793628
0.46532736 0.10748327 0.04800289
0.46661345 0.10753260 0.04803973
0.46789954 0.10735432 0.04805875
0.46917084 0.10721052 0.04810117
0.47045693 0.10726705 0.04818901
0.47174302 0.10748315 0.04828926
0.47302911 0.10770491 0.04836235
0.47431520 0.10782634 0.04841052
0.47560128 0.10780733 0.04843693
0.47688737 0.10767228 0.04845644
0.47817346 0.10748910 0.04848383
0.47945955 0.10732288 0.04851959
0.48074564 0.10723667 0.04856422
0.48203172 0.10728904 0.04862075
0.48331781 0.10744529 0.04868011
0.48460390 0.10761173 0.04873397
0.48587521 0.10768179 0.04877319
0.48716129 0.10762098 0.04879755
0.48844738 0.10748827 0.04881994
0.48973347 0.10734562 0.04885213
0.49101956 0.10723024 0.04889482
0.49230565 0.10715089 0.04894227
0.49359173 0.10711381 0.04899248
0.49487782 0.10712088 0.04904201
0.49616391 0.10716699 0.04908960
0.49743522 0.10723463 0.04913350
0.49872130 0.10729654 0.04917164
0.50000739 0.10732947 0.04920523
0.50129348 0.10731419 0.04923507
0.50257957 0.10723795 0.04926052
0.50386566 0.10709638 0.04928193
0.50515174 0.10691055 0.04930063
0.50643783 0.10672354 0.04932446
0.50770914 0.10657886 0.04935682
0.50899523 0.10649354 0.04939598
0.51028131 0.10642670 0.04943247
0.51156740 0.10632180 0.04945942
0.51285349 0.10614399 0.04947618
0.51413958 0.10589903 0.04948776
0.51542567 0.10561541 0.04949883
0.51669697 0.10532141 0.04950653
0.51798306 0.10508475 0.04952485
0.51926915 0.10497285 0.04955737
0.52055524 0.10497162 0.04958599
0.52184132 0.10506730 0.04961164
0.52312741 0.10518630 0.04963878
0.52439872 0.10516830 0.04964415
0.52568480 0.10490845 0.04961718
0.52697089 0.10442743 0.04957190
0.52825698 0.10387343 0.04952889
0.52954307 0.10340734 0.04951959
0.53082916 0.10314746 0.04954278
0.53210046 0.10312848 0.04958339
0.53338655 0.10318110 0.04961935
0.53467264 0.10310190 0.04961927
0.53595873 0.10283352 0.04959228
0.53724481 0.10244728 0.04955313
0.53853090 0.10208465 0.04951568
0.53980221 0.10193494 0.04952362
0.54108830 0.10203706 0.04955663
0.54237438 0.10219735 0.04955853
0.54366047 0.10233185 0.04954910
0.54494656 0.10237713 0.04952626
0.54621787 0.10223894 0.04946736
0.54750395 0.10201237 0.04940234
0.54879004 0.10182543 0.04936189
0.55007613 0.10174492 0.04933819
0.55134744 0.10180313 0.04932480
0.55263352 0.10195368 0.04931352
0.55391961 0.10207894 0.04928860
0.55520570 0.10208281 0.04924478
0.55649179 0.10197109 0.04918885
0.55776309 0.10181914 0.04913434
0.55904918 0.10174437 0.04910015
0.56033527 0.10181111 0.04908881
0.56162136 0.10198803 0.04908116
0.56289266 0.10219564 0.04907084
0.56417875 0.10235903 0.04904954
0.56546484 0.10242732 0.04901596
0.56675093 0.10239396 0.04897822
0.56803702 0.10227462 0.04893849
0.56930832 0.10207246 0.04889637
0.57059441 0.10182535 0.04885611
0.57188050 0.10159914 0.04883324
0.57316659 0.10144963 0.04882779
0.57443789 0.10140156 0.04882634
0.57572398 0.10146501 0.04882348
0.57701007 0.10163702 0.04881259
0.57829616 0.10189858 0.04879690
0.57956746 0.10218217 0.04877591
0.58085355 0.10240028 0.04874959
0.58213964 0.10246795 0.04871198
0.58341094 0.10236078 0.04865925
0.58469703 0.10213415 0.04860282
0.58598312 0.10186850 0.04855753
0.58726921 0.10162594 0.04853089
0.58854051 0.10142879 0.04851276
0.58982660 0.10130221 0.04850468
0.59111269 0.10121613 0.04849969
0.59239878 0.10107666 0.04847699
0.59367008 0.10084059 0.04843652
0.59495617 0.10057136 0.04839763
0.59624226 0.10035257 0.04837070
0.59751356 0.10024333 0.04835788
0.59879965 0.10026134 0.04835392
0.60008574 0.10038893 0.04834760
0.60137183 0.10059586 0.04833736
0.60264313 0.10082192 0.04831827
0.60392922 0.10099065 0.04828925
0.60521531 0.10101927 0.04824086
0.60648661 0.10087133 0.04817206
0.60777270 0.10057075 0.04808675
0.60905879 0.10020134 0.04800186
0.61033010 0.09990135 0.04794710
0.61161618 0.09973097 0.04791292
0.61290227 0.09968509 0.04788594
0.61417358 0.09972941 0.04786085
0.61545967 0.09980491 0.04782795
0.61674575 0.09988748 0.04779382
0.61801706 0.09998174 0.04776298
0.61930315 0.10008372 0.04773326
0.62058924 0.10018683 0.04770488
0.62187532 0.10029214 0.04767350
0.62314663 0.10043090 0.04764339
0.62443272 0.10063074 0.04761576
0.62571880 0.10087811 0.04758479
0.62699011 0.10111104 0.04754803
0.62827620 0.10123966 0.04749501
0.62954750 0.10120268 0.04742104
0.63083359 0.10102852 0.04734352
0.63211968 0.10077587 0.04727194
0.63339099 0.10048172 0.04720904
0.63467707 0.10019339 0.04716197
0.63596316 0.09995720 0.04713285
0.63723447 0.09980777 0.04711748
0.63852056 0.09976823 0.04711113
0.63980664 0.09986744 0.04711444
0.64107795 0.10009827 0.04712386
0.64236404 0.10040714 0.04712777
0.64365012 0.10074219 0.04712215
0.64492143 0.10108472 0.04711036
0.64620752 0.10142587 0.04709390
0.64749361 0.10175844 0.04707503
0.64876491 0.10207219 0.04705371
0.65005100 0.10235601 0.04703006
0.65132231 0.10259844 0.04700428
0.65260839 0.10278937 0.04697596
0.65389448 0.10291478 0.04694365
0.65516579 0.10296888 0.04690682
0.65645188 0.10295644 0.04686805
0.65772318 0.10289640 0.04683403
0.65900927 0.10281955 0.04681262
0.66029536 0.10272867 0.04680294
0.66156666 0.10261156 0.04680070
0.66285275 0.10244132 0.04679510
0.66413884 0.10221965 0.04678306
0.66541014 0.10201222 0.04677882
0.66669623 0.10189070 0.04679658
0.66796754 0.10188689 0.04683593
0.66925363 0.10198143 0.04688371
0.67053971 0.10213842 0.04692843
0.67181102 0.10233441 0.04696903
0.67309711 0.10253395 0.04700632
0.67436841 0.10265796 0.04703265
0.67565450 0.10262904 0.04703661
0.67692581 0.10246209 0.04702914
0.67821189 0.10221462 0.04703018
0.67949798 0.10191282 0.04703803
0.68076929 0.10155623 0.04705083
0.68205538 0.10113796 0.04706208
0.68332668 0.10069140 0.04707322
0.68461277 0.10031214 0.04710572
0.68589886 0.10009830 0.04717608
0.68717016 0.10002866 0.04726696
0.68845625 0.10000133 0.04734956
0.68972756 0.09995970 0.04742134
0.69101364 0.09989637 0.04748707
0.69228495 0.09980986 0.04754749
0.69357104 0.09970080 0.04760469
0.69484234 0.09957729 0.04765859
0.69612843 0.09945980 0.04771238
0.69741452 0.09937431 0.04776905
0.69868582 0.09933522 0.04783059
0.69997191 0.09932496 0.04789341
0.70124322 0.09927836 0.04794397
0.70252931 0.09916270 0.04798118
0.70380061 0.09901118 0.04801973
0.70508670 0.09885999 0.04806654
0.70635801 0.09871231 0.04811481
0.70764409 0.09854565 0.04815612
0.70893018 0.09835258 0.04818994
0.71020149 0.09812838 0.04821650
0.71148758 0.09787516 0.04823805
0.71275888 0.09760663 0.04825590
0.71404497 0.09736410 0.04828063
0.71531627 0.09721003 0.04832552
0.71660236 0.09714941 0.04838046
0.71787367 0.09712057 0.04842478
0.71915976 0.09706385 0.04844973
0.72043106 0.09696576 0.04846159
0.72171715 0.09683418 0.04846725
0.72298845 0.09668410 0.04847157
0.72427454 0.09653473 0.04848081
0.72554585 0.09639310 0.04849521
0.72683194 0.09623903 0.04850840
0.72810324 0.09603830 0.04851110
0.72938933 0.09577634 0.04849573
0.73066064 0.09548799 0.04847604
0.73194672 0.09522008 0.04846295
0.73321803 0.09499958 0.04846038
0.73450412 0.09483108 0.04846506
0.73577542 0.09469236 0.04846562
0.73706151 0.09456387 0.04845893
0.73833282 0.09443627 0.04844397
0.73961890 0.09430546 0.04842267
0.74089021 0.09416769 0.04839521
0.74217630 0.09401838 0.04836283
0.74344760 0.09385385 0.04832509
0.74473369 0.09367221 0.04828268
0.74600500 0.09347850 0.04823864
0.74729108 0.09328553 0.04819565
0.74856239 0.09310783 0.04815723
0.74984848 0.09295598 0.04812393
0.75111978 0.09283431 0.04809484
0.75240587 0.09274227 0.04806815
0.75367718 0.09267673 0.04804213
0.75496327 0.09263447 0.04801559
0.75623457 0.09261206 0.04798772
0.75752066 0.09260638 0.04795786
0.75879196 0.09261496 0.04792577
0.76007805 0.09263591 0.04789113
0.76134936 0.09266965 0.04785426
0.76263545 0.09271822 0.04781530
0.76390675 0.09278636 0.04777529
0.76517806 0.09288115 0.04773453
0.76646414 0.09301288 0.04769541
0.76773545 0.09319162 0.04766029
0.76902154 0.09341599 0.04762904
0.77029284 0.09366218 0.04759728
0.77157893 0.09389065 0.04755711
0.77285024 0.09407827 0.04750954
0.77413633 0.09421897 0.04745765
0.77540763 0.09431219 0.04740467
0.77669372 0.09435984 0.04735322
0.77796502 0.09436163 0.04730255
0.77923633 0.09432574 0.04725479
0.78052242 0.09426757 0.04721279
0.78179372 0.09420561 0.04717878
0.78307981 0.09415356 0.04715301
0.78435112 0.09412836 0.04713724
0.78563720 0.09413438 0.04712879
0.78690851 0.09416086 0.04712145
0.78817982 0.09420410 0.04711353
0.78946590 0.09426159 0.04710355
0.79073721 0.09433182 0.04709091
0.79202330 0.09441276 0.04707453
0.79329460 0.09449914 0.04705411
0.79458069 0.09458453 0.04702874
0.79585200 0.09465779 0.04699772
0.79712330 0.09471116 0.04696300
0.79840939 0.09474141 0.04692694
0.79968070 0.09474432 0.04689120
0.80096678 0.09471773 0.04685555
0.80223809 0.09466602 0.04682127
0.80350939 0.09460491 0.04678930
0.80479548 0.09456309 0.04676655
0.80606679 0.09456092 0.04675375
0.80735288 0.09459893 0.04674855
0.80862418 0.09466495 0.04674630
0.80989549 0.09474607 0.04674131
0.81118157 0.09484279 0.04673505
0.81245288 0.09496097 0.04672781
0.81373897 0.09510587 0.04672172
0.81501027 0.09526455 0.04671344
0.81628158 0.09541409 0.04669868
0.81756767 0.09554207 0.04667844
0.81883897 0.09564394 0.04665370
0.82012506 0.09571292 0.04662550
0.82139637 0.09573633 0.04659085
0.82266767 0.09569745 0.04654534
0.82395376 0.09560363 0.04649359
0.82522507 0.09550833 0.04645183
0.82651115 0.09546834 0.04643355
0.82778246 0.09549954 0.04643474
0.82905376 0.09558644 0.04644650
0.83033985 0.09571143 0.04646263
0.83161116 0.09585994 0.04648064
0.83288246 0.09601878 0.04649865
0.83416855 0.09617734 0.04651543
0.83543986 0.09632307 0.04652994
0.83672594 0.09644528 0.04654083
0.83799725 0.09653668 0.04654824
0.83926856 0.09659260 0.04655234
0.84055464 0.09660924 0.04655341
0.84182595 0.09658405 0.04655109
0.84309725 0.09651658 0.04654575
0.84438334 0.09641288 0.04653806
0.84565465 0.09628609 0.04653006
0.84692595 0.09615923 0.04652511
0.84821204 0.09606371 0.04652680
0.84948335 0.09603207 0.04653985
0.85076944 0.09607597 0.04656420
0.85204074 0.09616322 0.04658899
0.85331205 0.09624849 0.04660685
0.85459813 0.09630712 0.04661690
0.85586944 0.09633108 0.04662029
0.85714075 0.09631900 0.04661959
0.85842683 0.09627108 0.04661380
0.85969814 0.09619258 0.04660462
0.86096944 0.09609440 0.04659144
0.86225553 0.09600020 0.04657977
0.86352684 0.09595121 0.04657492
0.86479814 0.09599387 0.04658817
0.86608423 0.09615880 0.04662434
0.86735554 0.09642773 0.04667377
0.86862684 0.09674633 0.04672439
0.86991293 0.09706219 0.04676246
0.87118424 0.09734239 0.04678510
0.87245554 0.09756365 0.04679314
0.87374163 0.09771220 0.04679005
0.87501293 0.09777548 0.04677715
0.87628424 0.09774214 0.04675553
0.87757033 0.09761554 0.04672661
0.87884163 0.09740317 0.04669271
0.88011294 0.09712163 0.04665835
0.88138424 0.09679345 0.04662860
0.88267033 0.09644038 0.04660811
0.88394164 0.09608293 0.04659992
0.88521294 0.09573441 0.04660358
0.88649903 0.09541083 0.04661854
0.88777034 0.09513695 0.04665044
0.88904164 0.09492568 0.04670026
0.89032773 0.09475792 0.04675681
0.89159904 0.09461168 0.04681060
0.89287034 0.09448913 0.04686095
0.89415643 0.09439634 0.04690874
0.89542774 0.09433118 0.04695299
0.89669904 0.09428265 0.04699201
0.89797035 0.09423888 0.04702546
0.89925643 0.09419094 0.04705436
0.90052774 0.09413263 0.04707994
0.90179905 0.09405738 0.04710231
0.90308513 0.09395950 0.04712160
0.90435644 0.09383333 0.04713763
0.90562774 0.09367381 0.04714974
0.90691383 0.09347895 0.04715809
0.90818514 0.09325029 0.04716271
0.90945644 0.09299309 0.04716488
0.91072775 0.09272468 0.04716816
0.91201384 0.09246423 0.04717668
0.91328514 0.09223091 0.04719243
0.91455645 0.09203912 0.04721410
0.91582775 0.09189622 0.04723966
0.91711384 0.09181259 0.04726790
0.91838515 0.09179096 0.04729668
0.91965645 0.09182889 0.04732464
0.92094254 0.09191458 0.04735056
0.92221385 0.09201992 0.04737217
0.92348515 0.09210430 0.04738316
0.92475646 0.09213450 0.04737823
0.92604254 0.09210815 0.04736114
0.92731385 0.09204535 0.04733893
0.92858516 0.09196474 0.04731658
0.92985646 0.09187761 0.04729646
0.93114255 0.09178829 0.04727826
0.93241385 0.09170244 0.04726240
0.93368516 0.09163011 0.04725187
0.93495647 0.09159569 0.04725409
0.93624255 0.09160641 0.04727098
0.93751386 0.09165160 0.04729113
0.93878516 0.09174973 0.04731532
0.94005647 0.09191825 0.04734758
0.94134256 0.09212156 0.04737365
0.94261386 0.09230132 0.04738158
0.94388517 0.09243686 0.04737473
0.94515647 0.09252807 0.04735982
0.94644256 0.09257320 0.04733900
0.94771387 0.09256911 0.04731331
0.94898517 0.09251242 0.04728320
0.95025648 0.09240399 0.04724933
0.95154257 0.09224465 0.04721192
0.95281387 0.09203507 0.04716868
0.95408518 0.09178646 0.04712079
0.95535648 0.09154405 0.04708198
0.95664257 0.09137257 0.04706772
0.95791388 0.09132264 0.04708559
0.95918518 0.09140140 0.04712873
0.96045649 0.09155950 0.04717706
0.96174258 0.09173924 0.04721793
0.96301388 0.09190995 0.04725024
0.96428519 0.09206292 0.04727710
0.96555649 0.09218301 0.04729653
0.96682780 0.09225241 0.04730389
0.96811389 0.09226432 0.04729975
0.96938519 0.09221794 0.04728667
0.97065650 0.09212198 0.04726855
0.97192780 0.09198657 0.04724901
0.97321389 0.09182348 0.04723060
0.97448520 0.09164405 0.04721513
0.97575650 0.09146468 0.04720468
0.97702781 0.09130470 0.04720124
0.97829911 0.09118061 0.04720562
0.97958520 0.09110287 0.04721690
0.98085651 0.09106928 0.04723203
0.98212781 0.09106827 0.04724742
0.98339912 0.09108644 0.04726132
0.98468520 0.09111100 0.04727291
0.98595651 0.09113393 0.04728310
0.98722781 0.09114644 0.04729259
0.98849912 0.09113963 0.04730018
0.98977043 0.09110811 0.04730667
0.99105651 0.09104987 0.04731329
0.99232782 0.09096837 0.04732185
0.99359912 0.09086669 0.04733471
0.99487043 0.09074452 0.04735254
0.99614174 0.09059373 0.04737104
0.99742782 0.09040795 0.04738720
0.99869913 0.09019156 0.04740076
0.99997043 0.08995657 0.04741518
1.00124174 0.08971867 0.04743367
1.00251305 0.08949003 0.04745678
1.00378435 0.08927387 0.04748441
1.00507044 0.08906699 0.04751417
1.00634174 0.08886424 0.04754471
1.00761305 0.08866282 0.04757524
1.00888436 0.08846203 0.04760594
1.01015566 0.08826245 0.04763717
1.01144175 0.08806524 0.04766938
1.01271305 0.08787167 0.04770285
1.01398436 0.08768329 0.04773787
1.01525567 0.08750205 0.04777477
1.01652697 0.08733015 0.04781409
1.01779828 0.08716898 0.04785611
1.01908436 0.08701802 0.04790135
1.02035567 0.08686959 0.04794650
1.02162698 0.08670968 0.04798728
1.02289828 0.08652297 0.04801935
1.02416959 0.08629554 0.04803961
1.02545567 0.08602698 0.04804984
1.02672698 0.08573301 0.04805586
1.02799829 0.08543233 0.04806276
1.02926959 0.08513400 0.04807193
1.03054090 0.08484382 0.04808382
1.03181220 0.08456751 0.04809840
1.03309829 0.08430987 0.04811632
1.03436960 0.08407898 0.04813921
1.03564090 0.08387612 0.04816709
1.03691221 0.08369269 0.04819728
1.03818351 0.08351653 0.04822713
1.03945482 0.08334129 0.04825688
1.04072612 0.08316206 0.04828661
1.04201221 0.08297436 0.04831599
1.04328352 0.08277667 0.04834635
1.04455482 0.08256582 0.04837692
1.04582613 0.08233718 0.04840555
1.04709743 0.08208774 0.04842971
1.04836874 0.08181771 0.04844887
1.04965483 0.08153217 0.04846254
1.05092613 0.08123767 0.04847119
1.05219744 0.08094685 0.04847702
1.05346874 0.08067194 0.04848159
1.05474005 0.08041972 0.04848607
1.05601135 0.08019987 0.04849179
1.05728266 0.08002242 0.04850082
1.05856875 0.07989483 0.04851379
1.05984005 0.07981591 0.04853175
1.06111136 0.07976325 0.04854817
1.06238266 0.07970903 0.04855879
1.06365397 0.07963739 0.04856166
1.06492527 0.07954484 0.04855801
1.06619658 0.07943229 0.04855056
1.06746788 0.07929228 0.04853482
1.06875397 0.07911543 0.04850756
1.07002528 0.07889333 0.04846529
1.07129658 0.07862178 0.04840704
1.07256789 0.07829997 0.04833421
1.07383919 0.07792827 0.04824829
1.07511050 0.07751050 0.04815184
1.07638181 0.07705893 0.04804870
1.07766789 0.07659905 0.04795175
1.07893920 0.07617590 0.04787833
1.08021050 0.07582663 0.04783213
1.08148181 0.07553807 0.04779405
1.08275312 0.07526778 0.04773768
1.08402442 0.07498995 0.04765227
1.08529573 0.07470095 0.04753719
1.08656703 0.07439883 0.04739426
1.08783834 0.07407934 0.04722436
1.08912443 0.07373760 0.04702984
1.09039573 0.07336714 0.04681327
1.09166704 0.07296545 0.04657769
1.09293834 0.07253131 0.04632719
1.09420965 0.07206344 0.04606466
1.09548095 0.07156006 0.04579251
1.09675226 0.07102025 0.04551213
1.09802356 0.07044381 0.04522511
1.09930965 0.06983362 0.04493280
1.10058096 0.06919339 0.04463703
1.10185226 0.06852836 0.04433941
1.10312357 0.06784298 0.04404037
1.10439487 0.06713967 0.04374022
1.10566618 0.06642211 0.04343891
1.10693748 0.06569364 0.04313640
1.10820879 0.06495932 0.04283283
1.10948010 0.06422554 0.04252869
1.11075140 0.06349983 0.04222473
1.11203749 0.06278964 0.04192169
1.11330879 0.06210172 0.04161977
1.11458010 0.06144081 0.04132149
1.11585141 0.06080536 0.04103622
1.11712271 0.06019215 0.04077059
1.11839402 0.05960044 0.04052056
1.11966532 0.05901294 0.04028181
1.12093663 0.05840084 0.04004425
1.12220793 0.05771532 0.03979080
1.12347924 0.05692059 0.03950976
1.12475054 0.05604168 0.03920863
1.12603663 0.05513339 0.03890810
1.12730794 0.05424306 0.03862005
1.12857924 0.05339364 0.03834616
1.12985055 0.05260425 0.03808541
1.13112185 0.05188876 0.03783683
1.13239316 0.05126176 0.03759845
1.13366446 0.05073874 0.03737220
1.13493577 0.05033117 0.03715904
1.13620707 0.05005119 0.03696071
1.13747838 0.04986879 0.03678123
1.13874969 0.04973343 0.03666887
1.14002099 0.04957197 0.03658396
1.14130708 0.04934571 0.03643608
1.14257838 0.04907938 0.03623515
1.14384969 0.04874729 0.03599172
1.14512100 0.04828972 0.03571138
1.14639230 0.04768438 0.03540617
1.14766361 0.04700061 0.03506957
1.14893491 0.04638388 0.03469820
1.15020622 0.04589718 0.03432887
1.15147752 0.04541601 0.03398699
1.15274883 0.04480984 0.03366862
1.15402013 0.04414014 0.03335158
1.15529144 0.04382567 0.03314632
1.15656274 0.04353053 0.03294788
1.15783405 0.04325657 0.03275755
1.15912014 0.04300411 0.03257546
1.16039144 0.04277344 0.03240172
1.16166275 0.04256483 0.03223643
1.16293405 0.04237851 0.03207966
1.16420536 0.04221470 0.03193147
1.16547667 0.04207354 0.03179192
1.16674797 0.04195519 0.03166104
1.16801928 0.04185974 0.03153884
1.16929058 0.04178726 0.03142534
1.17056189 0.04173778 0.03132052
1.17183319 0.04171129 0.03122438
1.17310450 0.04170775 0.03113689
1.17437580 0.04172708 0.03105800
1.17564711 0.04176915 0.03098769
1.17691841 0.04183379 0.03092590
1.17818972 0.04192082 0.03087257
1.17946103 0.04202999 0.03082764
1.18074711 0.04216100 0.03079102
1.18201842 0.04231353 0.03076265
1.18328972 0.04248720 0.03074243
1.18456103 0.04268161 0.03073027
1.18583234 0.04289627 0.03072606
1.18710364 0.04313070 0.03072970
1.18837495 0.04338433 0.03074105
1.18964625 0.04365655 0.03075999
1.19091756 0.04394672 0.03078637
1.19218886 0.04425414 0.03082002
1.19346017 0.04457806 0.03086078
1.19473147 0.04491768 0.03090845
1.19600278 0.04527215 0.03096281
1.19727408 0.04564056 0.03102363
1.19854539 0.04602198 0.03109066
1.19981670 0.04641538 0.03116360
1.20108800 0.04681971 0.03124215
1.20235931 0.04723385 0.03132597
1.20363061 0.04765664 0.03141466
1.20490192 0.04808685 0.03150783
1.20617322 0.04852320 0.03160501
1.20744453 0.04896436 0.03170571
1.20873062 0.04940893 0.03180938
1.21000192 0.04985546 0.03191545
1.21127323 0.05030244 0.03202327
1.21254453 0.05074829 0.03213214
1.21381584 0.05119140 0.03224133
1.21508714 0.05163006 0.03235003
1.21635845 0.05206254 0.03245738
1.21762975 0.05248701 0.03256243
1.21890106 0.05290161 0.03266421
1.22017237 0.05330440 0.03276164
1.22144367 0.05369338 0.03285360
1.22271498 0.05406648 0.03293888
1.22398628 0.05442158 0.03301619
1.22525759 0.05475649 0.03308418
1.22652889 0.05506895 0.03314142
1.22780020 0.05535664 0.03318639
1.22907150 0.05561716 0.03321748
1.23034281 0.05584807 0.03323300
1.23161411 0.05604684 0.03323120
1.23288542 0.05621087 0.03321019
1.23415673 0.05633751 0.03316802
1.23542803 0.05642403 0.03310265
1.23669934 0.05646763 0.03301193
1.23797064 0.05646544 0.03289362
1.23924195 0.05641454 0.03274538
1.24051325 0.05631190 0.03256476
1.24178456 0.05615445 0.03234921
1.24305586 0.05593903 0.03209608
1.24432717 0.05566244 0.03180261
1.24559847 0.05532136 0.03146592
1.24686978 0.05491243 0.03108302
1.24814109 0.05443221 0.03065081
1.24941239 0.05387719 0.03016608
1.25068370 0.05324377 0.02962547
1.25195500 0.05252828 0.02902554
1.25322631 0.05172700 0.02836268
1.25449761 0.05083610 0.02763320
1.25576892 0.04985170 0.02683325
1.25704022 0.04876983 0.02595887
1.25831153 0.04758644 0.02500596
1.25958283 0.04629742 0.02397031
1.26085414 0.04489856 0.02284756
1.26212545 0.04338560 0.02163327
1.26339675 0.04175418 0.02032288
1.26466806 0.03999986 0.01891176
1.26593936 0.03811815 0.01739525
1.26721067 0.03610445 0.01576876
1.26848197 0.03395409 0.01402793
1.26975328 0.03166232 0.01216902
1.27102458 0.02922432 0.01018982
1.27229589 0.02663518 0.00809213
1.27356719 0.02388991 0.00589064
1.27483850 0.02098344 0.00365701
1.27610981 0.01791063 0.00190893
1.27738111 0.01466623 0.00281482
1.27865242 0.01124494 0.00537806
1.27992372 0.00764136 0.00834776
1.28119503 0.00385001 0.01155884
-0.96316762 0.03128913 0.00232288
-0.96189631 0.02980293 0.00060268
-0.96062353 0.02424880 0.00025240
-0.95934927 0.02145423 0.00040469
-0.95807353 0.02138423 0.00184592
-0.95679779 0.02427050 0.00416559
-0.95551909 0.02931550 0.00584353
-0.95423744 0.04360720 0.00825801
-0.95295431 0.04213323 0.02049424
-0.95167118 0.11315127 0.05187807
-0.95038804 0.22056300 0.06468126
-0.94910048 0.22923700 0.05614275
-0.94781143 0.19404400 0.05157265
-0.94651943 0.16848233 0.05063032
-0.94522743 0.15862467 0.05012807
-0.94393247 0.15233920 0.04918413
-0.94263604 0.14945777 0.04819165
-0.94133960 0.14717923 0.04748777
-0.94004021 0.14426417 0.04676013
-0.93873934 0.14102153 0.04610498
-0.93743699 0.13811287 0.04559839
-0.93613316 0.13547117 0.04513678
-0.93482786 0.13311960 0.04471252
-0.93351959 0.13099747 0.04432132
-0.93221133 0.12907890 0.04395563
-0.93090011 0.12732983 0.04361087
-0.92958890 0.12572657 0.04328456
-0.92827472 0.12424697 0.04297393
-0.92695907 0.12287207 0.04267727
-0.92564341 0.12158667 0.04239264
-0.92432480 0.12037773 0.04211962
-0.92300472 0.11923247 0.04185750
-0.92168315 0.11813907 0.04160604
-0.92036010 0.11708573 0.04136454
-0.91903410 0.11605917 0.04113311
-0.91770810 0.11504507 0.04090862
-0.91638062 0.11404950 0.04068330
-0.91505167 0.11313590 0.04045580
-0.91371975 0.11236543 0.04023556
-0.91238784 0.11169497 0.04002335
-0.91105297 0.11104097 0.03980797
-0.90971810 0.11039227 0.03959364
-0.90838027 0.10975797 0.03938378
-0.90704096 0.10913773 0.03917725
-0.90570166 0.10853173 0.03897295
-0.90435940 0.10793900 0.03877086
-0.90301565 0.10735907 0.03857114
-0.90167044 0.10679173 0.03837360
-0.90032374 0.10623480 0.03817728
-0.89897556 0.10568900 0.03798288
-0.89762591 0.10515283 0.03778980
-0.89627478 0.10462577 0.03759786
-0.89492217 0.10410693 0.03740735
-0.89356808 0.10359617 0.03721758
-0.89221251 0.10309263 0.03702924
-0.89085547 0.10259577 0.03684167
-0.88949695 0.10210503 0.03665458
-0.88813547 0.10162043 0.03646855
-0.88677399 0.10114133 0.03628339
-0.88541103 0.10066687 0.03609837
-0.88404659 0.10019750 0.03591446
-0.88267920 0.09973210 0.03573049
-0.88131181 0.09927107 0.03554747
-0.87994294 0.09881360 0.03536467
-0.87857259 0.09835960 0.03518211
-0.87719928 0.09790880 0.03500000
-0.87582598 0.09746120 0.03481832
-0.87445120 0.09701627 0.03463680
-0.87307345 0.09657393 0.03445546
-0.87169571 0.09613370 0.03427398
-0.87031650 0.09569623 0.03409325
-0.86893580 0.09526033 0.03391211
-0.86755215 0.09482667 0.03373138
-0.86616849 0.09439480 0.03355072
-0.86478336 0.09396433 0.03336978
-0.86339675 0.09353590 0.03318939
-0.86200866 0.09310837 0.03300838
-0.86061762 0.09268243 0.03282761
-0.85922657 0.09225767 0.03264666
-0.85783405 0.09183410 0.03246557
-0.85644005 0.09141163 0.03228433
-0.85504457 0.09099027 0.03210304
-0.85364761 0.09056967 0.03192119
-0.85224918 0.09015010 0.03173928
-0.85084926 0.08973160 0.03155732
-0.84944787 0.08931357 0.03137437
-0.84804648 0.08889657 0.03119137
-0.84664213 0.08848043 0.03100776
-0.84523630 0.08806583 0.03082380
-0.84382899 0.08765283 0.03063892
-0.84242169 0.08724077 0.03045356
-0.84101143 0.08682737 0.03026720
-0.83960116 0.08641253 0.03008056
-0.83818795 0.08599607 0.02989318
-0.83677473 0.08557767 0.02970468
-0.83536003 0.08515757 0.02951563
-0.83394238 0.08473507 0.02932596
-0.83252472 0.08430940 0.02913632
-0.83110559 0.08387650 0.02894615
-0.82968498 0.08343237 0.02875593
-0.82826289 0.08297577 0.02856584
-0.82684081 0.08250847 0.02837624
-0.82541576 0.08203057 0.02818710
-0.82398924 0.08154190 0.02799913
-0.82256272 0.08104130 0.02781185
-0.82113324 0.08052873 0.02762595
-0.81970376 0.08000400 0.02744147
-0.81827280 0.07946717 0.02725842
-0.81684036 0.07891957 0.02707777
-0.81540645 0.07836223 0.02689940
-0.81397106 0.07779660 0.02672298
-0.81253418 0.07722557 0.02654900
-0.81109584 0.07665183 0.02637745
-0.80965749 0.07607863 0.02620798
-0.80821618 0.07551000 0.02604059
-0.80677488 0.07494983 0.02587469
-0.80533209 0.07440190 0.02571030
-0.80388783 0.07386950 0.02554719
-0.80244209 0.07335500 0.02538504
-0.80099487 0.07285983 0.02522291
-0.79954765 0.07238577 0.02506155
-0.79809748 0.07193237 0.02489996
-0.79664730 0.07149947 0.02473829
-0.79519565 0.07108570 0.02457610
-0.79374252 0.07068983 0.02441364
-0.79228791 0.07030977 0.02425030
-0.79083182 0.06994360 0.02408613
-0.78937573 0.06958893 0.02392076
-0.78791669 0.06924310 0.02375430
-0.78645764 0.06890520 0.02358606
-0.78499712 0.06857757 0.02341631
-0.78353512 0.06825810 0.02324531
-0.78207164 0.06794030 0.02307260
-0.78060816 0.06761960 0.02289834
-0.77914320 0.06729277 0.02272309
-0.77767528 0.06695560 0.02254747
-0.77620885 0.06660013 0.02237197
-0.77473946 0.06621960 0.02219635
-0.77326859 0.06581513 0.02202120
-0.77179771 0.06538983 0.02184726
-0.77032537 0.06494467 0.02167448
-0.76885154 0.06448050 0.02150318
-0.76737623 0.06399810 0.02133354
-0.76590093 0.06349823 0.02116603
-0.76442266 0.06298207 0.02100089
-0.76294440 0.06245110 0.02083836
-0.76146466 0.06190730 0.02067874
-0.75998492 0.06135313 0.02052217
-0.75850222 0.06079167 0.02036872
-0.75701953 0.06022650 0.02021847
-0.75553535 0.05966177 0.02007126
-0.75405118 0.05910167 0.01992699
-0.75256405 0.05855073 0.01978532
-0.75107691 0.05801337 0.01964602
-0.74958830 0.05749350 0.01950871
-0.74809822 0.05699453 0.01937297
-0.74660813 0.05651917 0.01923840
-0.74511656 0.05606923 0.01910470
-0.74362352 0.05564567 0.01897133
-0.74212899 0.05524847 0.01883807
-0.74063447 0.05487697 0.01870445
-0.73913847 0.05452980 0.01857022
-0.73764099 0.05420493 0.01843506
-0.73614351 0.05390017 0.01829863
-0.73464307 0.05361280 0.01816083
-0.73314412 0.05334023 0.01802136
-0.73164220 0.05307957 0.01788003
-0.73014029 0.05282777 0.01773691
-0.72863542 0.05258033 0.01759247
-0.72713202 0.05233273 0.01744808
-0.72562567 0.05207043 0.01730855
-0.72411933 0.05174170 0.01717790
-0.72261150 0.05129413 0.01704788
-0.72110367 0.05077930 0.01691587
-0.71959436 0.05029213 0.01679137
-0.71808358 0.04984863 0.01667074
-0.71657132 0.04943330 0.01654851
-0.71505906 0.04903953 0.01642642
-0.71354532 0.04866157 0.01630479
-0.71203158 0.04829653 0.01618351
-0.71051488 0.04794197 0.01606279
-0.70899966 0.04759607 0.01594272
-0.70748148 0.04725743 0.01582327
-0.70596331 0.04692507 0.01570442
-0.70444366 0.04659797 0.01558627
-0.70292400 0.04627553 0.01546875
-0.70140287 0.04595710 0.01535189
-0.69988026 0.04564217 0.01523568
-0.69835765 0.04533037 0.01512008
-0.69683356 0.04502127 0.01500509
-0.69530800 0.04471460 0.01489071
-0.69378243 0.04441007 0.01477696
-0.69225538 0.04410743 0.01466387
-0.69072834 0.04380650 0.01455133
-0.68919982 0.04350710 0.01443933
-0.68766982 0.04320900 0.01432802
-0.68613981 0.04291210 0.01421727
-0.68460833 0.04261627 0.01410713
-0.68307685 0.04232130 0.01399759
-0.68154390 0.04202717 0.01388867
-0.68001094 0.04173373 0.01378038
-0.67847650 0.04144083 0.01367271
-0.67694059 0.04114847 0.01356571
-0.67540467 0.04085643 0.01345937
-0.67386728 0.04056467 0.01335369
-0.67232841 0.04027293 0.01324877
-0.67078954 0.03998113 0.01314463
-0.66925067 0.03968913 0.01304127
-0.66771032 0.03939690 0.01293878
-0.66616849 0.03910443 0.01283711
-0.66462666 0.03881163 0.01273635
-0.66308484 0.03851837 0.01263659
-0.66154005 0.03822450 0.01253784
-0.65999675 0.03792990 0.01244026
-0.65845049 0.03763453 0.01234389
-0.65690570 0.03733823 0.01224886
-0.65535796 0.03704083 0.01215522
-0.65381022 0.03674243 0.01206315
-0.65226248 0.03644307 0.01197265
-0.65071326 0.03614283 0.01188387
-0.64916404 0.03584247 0.01179660
-0.64761335 0.03554300 0.01171051
-0.64606265 0.03524773 0.01162406
-0.64451047 0.03497280 0.01153508
-0.64295830 0.03474413 0.01144545
-0.64140464 0.03455740 0.01135797
-0.63985099 0.03437487 0.01126918
-0.63829586 0.03417917 0.01117884
-0.63674073 0.03397153 0.01108989
-0.63518412 0.03375207 0.01100162
-0.63362751 0.03352517 0.01091417
-0.63207090 0.03329337 0.01082778
-0.63051133 0.03305783 0.01074218
-0.62895324 0.03281950 0.01065738
-0.62739368 0.03257900 0.01057338
-0.62583411 0.03233703 0.01049015
-0.62427306 0.03209400 0.01040776
-0.62271202 0.03185040 0.01032616
-0.62114950 0.03160657 0.01024531
-0.61958697 0.03136283 0.01016536
-0.61802445 0.03111953 0.01008620
-0.61646045 0.03087687 0.01000789
-0.61489497 0.03063507 0.00993045
-0.61333097 0.03039430 0.00985386
-0.61176401 0.03015483 0.00977814
-0.61019853 0.02991690 0.00970325
-0.60863157 0.02968070 0.00962925
-0.60706461 0.02944653 0.00955603
-0.60549618 0.02921443 0.00948368
-0.60392774 0.02898463 0.00941215
-0.60235783 0.02875727 0.00934145
-0.60078939 0.02853243 0.00927154
-0.59921800 0.02831030 0.00920241
-0.59764808 0.02809093 0.00913403
-0.59607669 0.02787443 0.00906644
-0.59450530 0.02766097 0.00899964
-0.59293243 0.02745057 0.00893352
-0.59135956 0.02724327 0.00886806
-0.58978669 0.02703923 0.00880336
-0.58821234 0.02683843 0.00873929
-0.58663799 0.02664093 0.00867586
-0.58506364 0.02644683 0.00861297
-0.58348781 0.02625610 0.00855072
-0.58191198 0.02606880 0.00848897
-0.58033616 0.02588490 0.00842773
-0.57875885 0.02570440 0.00836692
-0.57718302 0.02552733 0.00830658
-0.57560424 0.02535377 0.00824661
-0.57402693 0.02518347 0.00818695
-0.57244815 0.02501660 0.00812765
-0.57086937 0.02485303 0.00806857
-0.56929058 0.02469277 0.00800966
-0.56771032 0.02453570 0.00795090
-0.56613006 0.02438180 0.00789222
-0.56454980 0.02423097 0.00783360
-0.56296805 0.02408310 0.00777486
-0.56138779 0.02393813 0.00771606
-0.55980605 0.02379580 0.00765707
-0.55822283 0.02365587 0.00759788
-0.55664109 0.02351803 0.00753844
-0.55505787 0.02338163 0.00747885
-0.55347466 0.02324590 0.00741922
-0.55189144 0.02310933 0.00735999
-0.55030822 0.02296980 0.00730215
-0.54872352 0.02281723 0.00724816
-0.54713882 0.02262497 0.00719777
-0.54555413 0.02238250 0.00714583
-0.54396943 0.02213023 0.00709432
-0.54238325 0.02190240 0.00704687
-0.54079708 0.02169650 0.00700000
-0.53921090 0.02150657 0.00695284
-0.53762473 0.02132843 0.00690584
-0.53603855 0.02115987 0.00685898
-0.53445090 0.02099887 0.00681234
-0.53286472 0.02084430 0.00676595
-0.53127707 0.02069507 0.00671988
-0.52968942 0.02055030 0.00667405
-0.52810029 0.02040943 0.00662857
-0.52651263 0.02027183 0.00658342
-0.52492498 0.02013707 0.00653856
-0.52333585 0.02000470 0.00649407
-0.52174671 0.01987447 0.00644987
-0.52015758 0.01974607 0.00640595
-0.51856845 0.01961920 0.00636235
-0.51697932 0.01949370 0.00631908
-0.51538871 0.01936940 0.00627613
-0.51379958 0.01924603 0.00623350
-0.51220897 0.01912350 0.00619118
-0.51061836 0.01900163 0.00614917
-0.50902775 0.01888037 0.00610748
-0.50743714 0.01875947 0.00606615
-0.50584653 0.01863890 0.00602513
-0.50425592 0.01851853 0.00598446
-0.50266383 0.01839820 0.00594414
-0.50107322 0.01827780 0.00590425
-0.49948261 0.01815733 0.00586469
-0.49789052 0.01803670 0.00582560
-0.49629843 0.01791583 0.00578689
-0.49470782 0.01779460 0.00574858
-0.49311573 0.01767297 0.00571084
-0.49152364 0.01755077 0.00567357
-0.48993156 0.01742803 0.00563682
-0.48833947 0.01730457 0.00560067
-0.48674738 0.01718033 0.00556512
-0.48515529 0.01705530 0.00553019
-0.48356320 0.01692930 0.00549609
-0.48196964 0.01680230 0.00546265
-0.48037755 0.01667433 0.00543005
-0.47878546 0.01654537 0.00539836
-0.47719337 0.01641537 0.00536750
-0.47559980 0.01628467 0.00533751
-0.47400772 0.01615353 0.00530832
-0.47241563 0.01602267 0.00527979
-0.47082206 0.01589333 0.00525138
-0.46922997 0.01576873 0.00522193
-0.46763788 0.01566083 0.00519075
-0.46604432 0.01558404 0.00516004
-0.46445223 0.01553121 0.00513081
-0.46286014 0.01547986 0.00510083
-0.46126658 0.01541916 0.00506973
-0.45967449 0.01535104 0.00503882
-0.45808240 0.01527851 0.00500854
-0.45649031 0.01520270 0.00497856
-0.45489822 0.01512454 0.00494902
-0.45330613 0.01504439 0.00491977
-0.45171257 0.01496286 0.00489091
-0.45012048 0.01488016 0.00486234
-0.44852839 0.01479661 0.00483407
-0.44693778 0.01471243 0.00480612
-0.44534569 0.01462778 0.00477846
-0.44375360 0.01454281 0.00475112
-0.44216151 0.01445764 0.00472412
-0.44057090 0.01437242 0.00469735
-0.43897882 0.01428730 0.00467089
-0.43738821 0.01420228 0.00464471
-0.43579612 0.01411754 0.00461882
-0.43420551 0.01403308 0.00459323
-0.43261490 0.01394898 0.00456790
-0.43102429 0.01386531 0.00454286
-0.42943368 0.01378213 0.00451808
-0.42784307 0.01369945 0.00449358
-0.42625394 0.01361728 0.00446937
-0.42466333 0.01353579 0.00444543
-0.42307419 0.01345490 0.00442182
-0.42148358 0.01337468 0.00439842
-0.41989445 0.01329515 0.00437532
-0.41830532 0.01321634 0.00435249
-0.41671619 0.01313824 0.00432994
-0.41512853 0.01306094 0.00430763
-0.41353940 0.01298438 0.00428558
-0.41195175 0.01290863 0.00426381
-0.41036262 0.01283370 0.00424231
-0.40877496 0.01275963 0.00422107
-0.40718731 0.01268635 0.00420006
-0.40560114 0.01261398 0.00417933
-0.40401348 0.01254244 0.00415886
-0.40242731 0.01247175 0.00413863
-0.40084113 0.01240194 0.00411863
-0.39925496 0.01233302 0.00409887
-0.39766878 0.01226502 0.00407937
-0.39608261 0.01219788 0.00406011
-0.39449791 0.01213163 0.00404106
-0.39291321 0.01206628 0.00402228
-0.39132851 0.01200187 0.00400371
-0.38974382 0.01193833 0.00398536
-0.38816060 0.01187570 0.00396726
-0.38657738 0.01181402 0.00394936
-0.38499416 0.01175325 0.00393170
-0.38341094 0.01169334 0.00391420
-0.38182920 0.01163444 0.00389690
-0.38024598 0.01157645 0.00387984
-0.37866424 0.01151950 0.00386294
-0.37708398 0.01146355 0.00384621
-0.37550224 0.01140878 0.00382953
-0.37392198 0.01135538 0.00381291
-0.37234172 0.01130397 0.00379614
-0.37076145 0.01125631 0.00377935
-0.36918267 0.01121288 0.00376301
-0.36760388 0.01117058 0.00374682
-0.36602510 0.01112703 0.00373056
-0.36444780 0.01108231 0.00371440
-0.36286901 0.01103680 0.00369843
-0.36129171 0.01099088 0.00368268
-0.35971588 0.01094462 0.00366710
-0.35814005 0.01089817 0.00365166
-0.35656422 0.01085169 0.00363644
-0.35498840 0.01080520 0.00362138
-0.35341405 0.01075883 0.00360653
-0.35183970 0.01071256 0.00359181
-0.35026535 0.01066646 0.00357725
-0.34869248 0.01062060 0.00356288
-0.34711961 0.01057500 0.00354868
-0.34554674 0.01052966 0.00353464
-0.34397534 0.01048465 0.00352079
-0.34240395 0.01043994 0.00350709
-0.34083256 0.01039558 0.00349355
-0.33926264 0.01035157 0.00348019
-0.33769273 0.01030796 0.00346703
-0.33612429 0.01026471 0.00345403
-0.33455586 0.01022187 0.00344123
-0.33298742 0.01017941 0.00342857
-0.33142046 0.01013737 0.00341610
-0.32985350 0.01009580 0.00340385
-0.32828655 0.01005466 0.00339178
-0.32672107 0.01001396 0.00337987
-0.32515559 0.00997376 0.00336822
-0.32359159 0.00993402 0.00335673
-0.32202758 0.00989477 0.00334543
-0.32046358 0.00985607 0.00333436
-0.31890106 0.00981793 0.00332349
-0.31734002 0.00978042 0.00331284
-0.31577749 0.00974357 0.00330233
-0.31421793 0.00970754 0.00329202
-0.31265688 0.00967247 0.00328183
-0.31109731 0.00963861 0.00327170
-0.30953923 0.00960632 0.00326150
-0.30798114 0.00957633 0.00325105
-0.30642305 0.00954974 0.00323980
-0.30486644 0.00953086 0.00322737
-0.30330983 0.00952693 0.00321473
-0.30175470 0.00953640 0.00320317
-0.30019957 0.00954617 0.00319120
-0.29864591 0.00954960 0.00317825
-0.29709226 0.00954792 0.00316540
-0.29554008 0.00954179 0.00315270
-0.29398791 0.00953191 0.00314003
-0.29243721 0.00951896 0.00312747
-0.29088651 0.00950361 0.00311500
-0.28933730 0.00948622 0.00310263
-0.28778808 0.00946709 0.00309030
-0.28623886 0.00944643 0.00307801
-0.28469112 0.00942449 0.00306579
-0.28314485 0.00940142 0.00305360
-0.28159859 0.00937740 0.00304146
-0.28005381 0.00935257 0.00302934
-0.27850902 0.00932703 0.00301724
-0.27696572 0.00930093 0.00300518
-0.27542241 0.00927436 0.00299314
-0.27388059 0.00924736 0.00298105
-0.27234024 0.00922011 0.00296901
-0.27079989 0.00919263 0.00295695
-0.26925954 0.00916496 0.00294482
-0.26772067 0.00913725 0.00293274
-0.26618327 0.00910948 0.00292057
-0.26464588 0.00908173 0.00290836
-0.26310997 0.00905406 0.00289610
-0.26157405 0.00902648 0.00288374
-0.26003962 0.00899903 0.00287132
-0.25850518 0.00897174 0.00285881
-0.25697222 0.00894458 0.00284617
-0.25544074 0.00891755 0.00283340
-0.25390926 0.00889060 0.00282048
-0.25237926 0.00886373 0.00280746
-0.25084926 0.00883676 0.00279428
-0.24932074 0.00880959 0.00278100
-0.24779369 0.00878196 0.00276768
-0.24626665 0.00875353 0.00275435
-0.24474108 0.00872367 0.00274113
-0.24321552 0.00869171 0.00272835
-0.24169143 0.00865591 0.00271641
-0.24016882 0.00861426 0.00270630
-0.23864621 0.00856015 0.00269979
-0.23712508 0.00847336 0.00269620
-0.23560542 0.00834471 0.00268930
-0.23408577 0.00821065 0.00268031
-0.23256759 0.00810744 0.00267434
-0.23104942 0.00803418 0.00266917
-0.22953272 0.00798070 0.00266293
-0.22801750 0.00794058 0.00265615
-0.22650376 0.00790988 0.00264882
-0.22499002 0.00788603 0.00264113
-0.22347628 0.00786719 0.00263318
-0.22196550 0.00785198 0.00262495
-0.22045471 0.00783948 0.00261659
-0.21894541 0.00782894 0.00260807
-0.21743610 0.00781981 0.00259942
-0.21592827 0.00781166 0.00259061
-0.21442193 0.00780423 0.00258173
-0.21291705 0.00779725 0.00257278
-0.21141218 0.00779050 0.00256369
-0.20990879 0.00778383 0.00255450
-0.20840540 0.00777710 0.00254516
-0.20690496 0.00777027 0.00253578
-0.20540453 0.00776323 0.00252630
-0.20390557 0.00775585 0.00251666
-0.20240661 0.00774811 0.00250695
-0.20090913 0.00773993 0.00249715
-0.19941313 0.00773120 0.00248728
-0.19791861 0.00772177 0.00247729
-0.19642408 0.00771153 0.00246734
-0.19493104 0.00770015 0.00245737
-0.19343947 0.00768728 0.00244764
-0.19194791 0.00767167 0.00243823
-0.19045930 0.00765143 0.00242908
-0.18897069 0.00762592 0.00241990
-0.18748355 0.00759730 0.00241060
-0.18599642 0.00756891 0.00240138
-0.18451077 0.00754248 0.00239235
-0.18302659 0.00751769 0.00238338
-0.18154390 0.00749387 0.00237432
-0.18006268 0.00747092 0.00236523
-0.17858146 0.00744871 0.00235612
-0.17710172 0.00742724 0.00234701
-0.17562346 0.00740639 0.00233782
-0.17414667 0.00738619 0.00232862
-0.17266989 0.00736662 0.00231941
-0.17119606 0.00734765 0.00231015
-0.16972223 0.00732929 0.00230090
-0.16824841 0.00731148 0.00229155
-0.16677754 0.00729429 0.00228221
-0.16530667 0.00727764 0.00227279
-0.16383875 0.00726156 0.00226332
-0.16237084 0.00724606 0.00225381
-0.16090440 0.00723114 0.00224427
-0.15943796 0.00721675 0.00223464
-0.15797449 0.00720289 0.00222493
-0.15651101 0.00718959 0.00221518
-0.15504900 0.00717682 0.00220537
-0.15358848 0.00716456 0.00219548
-0.15212944 0.00715279 0.00218547
-0.15067039 0.00714155 0.00217544
-0.14921430 0.00713075 0.00216526
-0.14775822 0.00712044 0.00215503
-0.14630375 0.00711058 0.00214469
-0.14485062 0.00710116 0.00213427
-0.14339867 0.00709217 0.00212376
-0.14194791 0.00708353 0.00211309
-0.14049847 0.00707529 0.00210235
-0.13905022 0.00706742 0.00209150
-0.13760344 0.00705985 0.00208049
-0.13615770 0.00705260 0.00206938
-0.13471344 0.00704563 0.00205814
-0.13327021 0.00703893 0.00204676
-0.13182846 0.00703247 0.00203526
-0.13038804 0.00702621 0.00202361
-0.12894881 0.00702014 0.00201182
-0.12751090 0.00701423 0.00199987
-0.12607433 0.00700845 0.00198777
-0.12463893 0.00700275 0.00197551
-0.12320502 0.00699710 0.00196309
-0.12177229 0.00699145 0.00195050
-0.12034104 0.00698573 0.00193775
-0.11891096 0.00697987 0.00192484
-0.11748222 0.00697372 0.00191179
-0.11605496 0.00696711 0.00189866
-0.11462888 0.00695965 0.00188552
-0.11320413 0.00695084 0.00187263
-0.11178086 0.00693895 0.00186038
-0.11035892 0.00691906 0.00184861
-0.10893816 0.00688931 0.00183605
-0.10751888 0.00685887 0.00182293
-0.10610108 0.00683637 0.00181037
-0.10468446 0.00682039 0.00179787
-0.10326932 0.00680752 0.00178500
-0.10185551 0.00679613 0.00177193
-0.10044304 0.00678541 0.00175872
-0.09903203 0.00677495 0.00174537
-0.09762236 0.00676446 0.00173192
-0.09621417 0.00675380 0.00171838
-0.09480731 0.00674286 0.00170474
-0.09340178 0.00673158 0.00169103
-0.09199772 0.00671989 0.00167725
-0.09059500 0.00670777 0.00166340
-0.08919376 0.00669519 0.00164951
-0.08779384 0.00668211 0.00163556
-0.08639541 0.00666849 0.00162158
-0.08499845 0.00665432 0.00160757
-0.08360282 0.00663952 0.00159354
-0.08220867 0.00662405 0.00157951
-0.08081600 0.00660784 0.00156550
-0.07942466 0.00659076 0.00155156
-0.07803480 0.00657270 0.00153772
-0.07664641 0.00655344 0.00152405
-0.07525951 0.00653278 0.00151061
-0.07387393 0.00651034 0.00149752
-0.07248984 0.00648566 0.00148495
-0.07110722 0.00645788 0.00147315
-0.06972608 0.00642601 0.00146254
-0.06834642 0.00638753 0.00145386
-0.06696823 0.00633310 0.00144652
-0.06559138 0.00626303 0.00143703
-0.06421615 0.00621104 0.00142549
-0.06284240 0.00620535 0.00141584
-0.06146998 0.00623131 0.00140672
-0.06009919 0.00626792 0.00139609
-0.05872988 0.00630894 0.00138497
-0.05736204 0.00635300 0.00137352
-0.05599568 0.00640172 0.00136163
-0.05463080 0.00645749 0.00134900
-0.05326740 0.00652539 0.00133501
-0.05190548 0.00661171 0.00131842
-0.05054518 0.00672993 0.00129694
-0.04918636 0.00689755 0.00126702
-0.04782902 0.00715898 0.00122512
-0.04647316 0.00756426 0.00117868
-0.04511893 0.00795780 0.00114324
-0.04376617 0.00803709 0.00110512
-0.04241504 0.00786093 0.00106008
-0.04106524 0.00768535 0.00102604
-0.03971706 0.00756295 0.00099721
-0.03837051 0.00747520 0.00096653
-0.03702529 0.00741013 0.00093471
-0.03568185 0.00736519 0.00090127
-0.03433973 0.00734156 0.00086568
-0.03299939 0.00734738 0.00082643
-0.03166038 0.00739665 0.00078102
-0.03032315 0.00753512 0.00072376
-0.02898739 0.00784138 0.00065430
-0.02765326 0.00815364 0.00058289
-0.02632105 0.00799764 0.00050946
-0.02499002 0.00730143 0.00043525
-0.02366047 0.00644448 0.00038003
-0.02233255 0.00560197 0.00033989
-0.02100625 0.00477768 0.00030644
-0.01968143 0.00398883 0.00027219
-0.01835824 0.00323415 0.00024218
-0.01703653 0.00252179 0.00020722
-0.01571644 0.00183587 0.00017721
-0.01439801 0.00117954 0.00014503
-0.01308110 0.00051726 0.00009075
-0.01176578 0.00026052 0.00009158
-0.01045207 0.00067219 0.00014401
-0.00913993 0.00128745 0.00019632
-0.00782941 0.00188376 0.00022063
-0.00652048 0.00254170 0.00024778
-0.00521317 0.00319843 0.00027719
-0.00390746 0.00407737 0.00029376
-0.00260335 0.00495234 0.00034092
-0.00130087 0.00712155 0.00031971
-0.00000000 0.00824171 0.00045598
