# y/t    d_mean   d_std
0.00000000 0.65040534 0.00006957
0.00502513 0.64864041 0.00013560
0.01005025 0.64760765 0.00017445
0.01507538 0.64744036 0.00018150
0.02010050 0.64727307 0.00018856
0.02512563 0.64711292 0.00019514
0.03015075 0.64695926 0.00020179
0.03517588 0.64680561 0.00020844
0.04020101 0.64666101 0.00021480
0.04522613 0.64652055 0.00022083
0.05025126 0.64638141 0.00022688
0.05527638 0.64624999 0.00023295
0.06030151 0.64612133 0.00023861
0.06532663 0.64599616 0.00024422
0.07035176 0.64587698 0.00024976
0.07537688 0.64576077 0.00025525
0.08040201 0.64565129 0.00026059
0.08542714 0.64554641 0.00026588
0.09045226 0.64544353 0.00027125
0.09547739 0.64535060 0.00027661
0.10050251 0.64526006 0.00028203
0.10552764 0.64517298 0.00028747
0.11055276 0.64509603 0.00029263
0.11557789 0.64502069 0.00029804
0.12060302 0.64495198 0.00030337
0.12562814 0.64489070 0.00030845
0.13065327 0.64483185 0.00031406
0.13567839 0.64478350 0.00031919
0.14070352 0.64473968 0.00032410
0.14572864 0.64469835 0.00032895
0.15075377 0.64467097 0.00033341
0.15577889 0.64464521 0.00033772
0.16080402 0.64462581 0.00034181
0.16582915 0.64461687 0.00034564
0.17085427 0.64461058 0.00034939
0.17587940 0.64461536 0.00035263
0.18090452 0.64462717 0.00035553
0.18592965 0.64464060 0.00035836
0.19095477 0.64467135 0.00036034
0.19597990 0.64470497 0.00036232
0.20100503 0.64474486 0.00036410
0.20603015 0.64479878 0.00036527
0.21105528 0.64485397 0.00036617
0.21608040 0.64492231 0.00036649
0.22110553 0.64499938 0.00036649
0.22613065 0.64507661 0.00036650
0.23115578 0.64517523 0.00036530
0.23618090 0.64527505 0.00036416
0.24120603 0.64538275 0.00036250
0.24623116 0.64550509 0.00036001
0.25125628 0.64562743 0.00035752
0.25628141 0.64576641 0.00035441
0.26130653 0.64591175 0.00035088
0.26633166 0.64605960 0.00034727
0.27135678 0.64622823 0.00034249
0.27638191 0.64639701 0.00033769
0.28140704 0.64657701 0.00033225
0.28643216 0.64676867 0.00032619
0.29145729 0.64696067 0.00032001
0.29648241 0.64717257 0.00031294
0.30150754 0.64738735 0.00030548
0.30653266 0.64760765 0.00029767
0.31155779 0.64784465 0.00028903
0.31658291 0.64808135 0.00028024
0.32160804 0.64833271 0.00027066
0.32663317 0.64859083 0.00026037
0.33165829 0.64885048 0.00024998
0.33668342 0.64912943 0.00023815
0.34170854 0.64940837 0.00022635
0.34673367 0.64969648 0.00021288
0.35175879 0.64999505 0.00019886
0.35678392 0.65028905 0.00018583
0.36180905 0.65060230 0.00017116
0.36683417 0.65090088 0.00016556
0.37185930 0.65120469 0.00016036
0.37688442 0.65148536 0.00017514
0.38190955 0.65175349 0.00019871
0.38693467 0.65197739 0.00025545
0.39195980 0.65217662 0.00032723
0.39698492 0.65234110 0.00039399
0.40201005 0.65249432 0.00046406
0.40703518 0.65276579 0.00047228
0.41206030 0.65305916 0.00046043
0.41708543 0.65365055 0.00045576
0.42211055 0.65435082 0.00047602
0.42713568 0.65537030 0.00064235
0.43216080 0.65652002 0.00086054
0.43718593 0.65792393 0.00119280
0.44221106 0.65940137 0.00157209
0.44723618 0.66104640 0.00206480
0.45226131 0.66271350 0.00258272
0.45728643 0.66446855 0.00318357
0.46231156 0.66622786 0.00379224
0.46733668 0.66801344 0.00445498
0.47236181 0.66979598 0.00512502
0.47738693 0.67155990 0.00582249
0.48241206 0.67329754 0.00652188
0.48743719 0.67498533 0.00722603
0.49246231 0.67660499 0.00791198
0.49748744 0.67816174 0.00858749
0.50251256 0.67959376 0.00921603
0.50753769 0.68096094 0.00982318
0.51256281 0.68213787 0.01035171
0.51758794 0.68326578 0.01085949
0.52261307 0.68413495 0.01125775
0.52763819 0.68494205 0.01162996
0.53266332 0.68555106 0.01192722
0.53768844 0.68604897 0.01219047
0.54271357 0.68641311 0.01241319
0.54773869 0.68662490 0.01260062
0.55276382 0.68676807 0.01277113
0.55778894 0.68670712 0.01290544
0.56281407 0.68659159 0.01302707
0.56783920 0.68631229 0.01311985
0.57286432 0.68593728 0.01318394
0.57788945 0.68545867 0.01322728
0.58291457 0.68482887 0.01321348
0.58793970 0.68413726 0.01318457
0.59296482 0.68327574 0.01307808
0.59798995 0.68234360 0.01293550
0.60301508 0.68130453 0.01274358
0.60804020 0.68017036 0.01247857
0.61306533 0.67897706 0.01219622
0.61809045 0.67770306 0.01182023
0.62311558 0.67638458 0.01142034
0.62814070 0.67504238 0.01096604
0.63316583 0.67368889 0.01043867
0.63819095 0.67235631 0.00987220
0.64321608 0.67106717 0.00922012
0.64824121 0.66985437 0.00851365
0.65326633 0.66866590 0.00779030
0.65829146 0.66760810 0.00702822
0.66331658 0.66657674 0.00629450
0.66834171 0.66562224 0.00557189
0.67336683 0.66478851 0.00481995
0.67839196 0.66401819 0.00405396
0.68341709 0.66333664 0.00324430
0.68844221 0.66272339 0.00245378
0.69346734 0.66211964 0.00168214
0.69849246 0.66154323 0.00101028
0.70351759 0.66097728 0.00043976
0.70854271 0.66042791 0.00012831
0.71356784 0.65992992 0.00044950
0.71859296 0.65950592 0.00069716
0.72361809 0.65913694 0.00086948
0.72864322 0.65886558 0.00090708
0.73366834 0.65863900 0.00088148
0.73869347 0.65843782 0.00081580
0.74371859 0.65826377 0.00071369
0.74874372 0.65808548 0.00061707
0.75376884 0.65790566 0.00052427
0.75879397 0.65771448 0.00044978
0.76381910 0.65751728 0.00038409
0.76884422 0.65731244 0.00033008
0.77386935 0.65709948 0.00028846
0.77889447 0.65688397 0.00025143
0.78391960 0.65666479 0.00022010
0.78894472 0.65644316 0.00019439
0.79396985 0.65622133 0.00017054
0.79899497 0.65599822 0.00015132
0.80402010 0.65577646 0.00013376
0.80904523 0.65555468 0.00011790
0.81407035 0.65533377 0.00010465
0.81909548 0.65511323 0.00009221
0.82412060 0.65489223 0.00008078
0.82914573 0.65467111 0.00007111
0.83417085 0.65444994 0.00006175
0.83919598 0.65422827 0.00005330
0.84422111 0.65400853 0.00004528
0.84924623 0.65378989 0.00003773
0.85427136 0.65357451 0.00003050
0.85929648 0.65336197 0.00002354
0.86432161 0.65315145 0.00001673
0.86934673 0.65294397 0.00001050
0.87437186 0.65273653 0.00000436
0.87939698 0.65252945 0.00000165
0.88442211 0.65232237 0.00000784
0.88944724 0.65211054 0.00001393
0.89447236 0.65190037 0.00002004
0.89949749 0.65167652 0.00002603
0.90452261 0.65145179 0.00003244
0.90954774 0.65122011 0.00003857
0.91457286 0.65098578 0.00004474
0.91959799 0.65077216 0.00005174
0.92462312 0.65057165 0.00005969
0.92964824 0.65041858 0.00006923
0.93467337 0.65029320 0.00007444
0.93969849 0.65014551 0.00008044
0.94472362 0.64995477 0.00008531
0.94974874 0.64976242 0.00009151
0.95477387 0.64956753 0.00009864
0.95979899 0.64937094 0.00010580
0.96482412 0.64917828 0.00011264
0.96984925 0.64900379 0.00011913
0.97487437 0.64883380 0.00012565
0.97989950 0.64866389 0.00013188
0.98492462 0.64848861 0.00013880
0.98994975 0.64831328 0.00014573
0.99497487 0.64848830 0.00013967
1.00000000 0.65040534 0.00006957
