# s/c   h_mean    h_std
0.00000000 618.09300795 158.39933730
0.00130087 618.55700747 157.43650341
0.00260174 618.82705765 156.66049850
0.00390261 618.91634457 156.06210054
0.00520348 618.83761796 155.63235909
0.00650435 618.60319920 155.36259129
0.00780522 618.22498926 155.24437789
0.00910609 617.71447658 155.26955937
0.01040697 617.08274487 155.43023207
0.01170784 616.34048082 155.71874427
0.01300871 615.49798181 156.12769229
0.01430958 614.56516349 156.64991641
0.01561045 613.55156729 157.27849685
0.01691132 612.46636793 158.00674956
0.01821219 611.31838079 158.82822198
0.01951306 610.11606924 159.73668872
0.02081393 608.86755191 160.72614713
0.02211480 607.58060990 161.79081287
0.02341567 606.26269387 162.92511537
0.02470176 604.92093116 164.12369328
0.02600263 603.56213270 165.38138994
0.02730350 602.19280004 166.69324875
0.02860437 600.81913211 168.05450867
0.02990524 599.44703207 169.46059960
0.03120611 598.08211403 170.90713791
0.03250698 596.72970968 172.38992195
0.03380786 595.39487490 173.90492759
0.03510873 594.08239629 175.44830391
0.03640960 592.79679759 177.01636882
0.03771047 591.54234609 178.60560488
0.03901134 590.32305896 180.21265509
0.04029743 589.14270949 181.83431885
0.04159830 588.00483326 183.46754788
0.04289917 586.91273428 185.10944237
0.04420004 585.86949103 186.75724707
0.04550091 584.87796245 188.40834753
0.04680178 583.94079383 190.06026646
0.04810265 583.06042269 191.71066007
0.04940352 582.23908455 193.35731459
0.05068961 581.47881864 194.99814277
0.05199048 580.78147353 196.63118056
0.05329135 580.14871273 198.25458379
0.05459222 579.58202019 199.86662496
0.05589309 579.08270576 201.46569007
0.05719396 578.65191054 203.05027555
0.05849483 578.29061219 204.61898522
0.05978092 577.99963021 206.17052738
0.06108179 577.77963105 207.70371185
0.06238266 577.63113328 209.21744722
0.06368353 577.55451257 210.71073796
0.06498440 577.55000672 212.18268179
0.06628528 577.61772052 213.63246696
0.06757136 577.75763060 215.05936960
0.06887223 577.96959019 216.46275115
0.07017310 578.25333386 217.84205583
0.07147398 578.60848209 219.19680811
0.07277485 579.03454589 220.52661022
0.07407572 579.53093128 221.83113974
0.07536180 580.09694373 223.11014717
0.07666268 580.73179251 224.36345356
0.07796355 581.43459498 225.59094810
0.07926442 582.20438086 226.79258581
0.08056529 583.04009635 227.96838524
0.08185138 583.94060825 229.11842606
0.08315225 584.90470798 230.24284688
0.08445312 585.93111552 231.34184283
0.08575399 587.01848334 232.41566336
0.08704008 588.16540021 233.46460991
0.08834095 589.37039494 234.48903361
0.08964182 590.63194009 235.48933302
0.09094269 591.94845559 236.46595179
0.09224356 593.31831228 237.41937637
0.09352965 594.73983544 238.35013369
0.09483052 596.21130816 239.25878881
0.09613139 597.73097471 240.14594260
0.09743226 599.29704384 241.01222935
0.09871835 600.90769200 241.85831438
0.10001922 602.56106647 242.68489167
0.10132009 604.25528844 243.49268143
0.10260618 605.98845607 244.28242761
0.10390705 607.75864739 245.05489549
0.10520792 609.56392319 245.81086920
0.10650879 611.40232988 246.55114915
0.10779488 613.27190216 247.27654958
0.10909575 615.17066578 247.98789597
0.11039662 617.09664007 248.68602251
0.11169749 619.04784056 249.37176949
0.11298358 621.02228141 250.04598077
0.11428445 623.01797783 250.70950114
0.11558532 625.03294842 251.36317374
0.11687141 627.06521748 252.00783747
0.11817228 629.11281714 252.64432437
0.11947315 631.17378958 253.27345707
0.12075924 633.24618905 253.89604619
0.12206011 635.32808392 254.51288777
0.12336098 637.41755855 255.12476080
0.12466185 639.51271525 255.73242467
0.12594794 641.61167598 256.33661675
0.12724881 643.71258420 256.93804993
0.12854968 645.81360642 257.53741034
0.12983577 647.89113425 258.12666978
0.13113664 651.18581053 258.80061602
0.13243751 654.04336218 259.46496661
0.13372359 656.54361299 260.16295610
0.13502447 659.02256903 260.87765411
0.13632534 661.44553716 261.60788458
0.13761142 663.84962930 262.34640594
0.13891229 666.15145499 263.06960568
0.14019838 668.38860347 263.75721243
0.14149925 670.76307103 264.39448483
0.14280012 673.21553531 264.98444321
0.14408621 675.32495333 265.53673532
0.14538708 676.95931338 266.13482300
0.14668795 678.47488783 266.84405351
0.14797404 679.93768257 267.59238769
0.14927491 681.38574137 268.34324825
0.15056100 682.98204964 269.07961061
0.15186187 684.73174285 269.79174522
0.15316274 686.24515346 270.46281657
0.15444883 687.46449068 271.13610418
0.15574970 688.81165957 271.84598939
0.15703579 690.31883879 272.54002648
0.15833666 691.90112968 273.22700115
0.15963753 693.29502846 273.90344958
0.16092362 694.55425322 274.57753642
0.16222449 696.22101575 275.20361182
0.16351058 698.29202063 275.70412048
0.16481145 700.12696083 276.08602427
0.16611232 701.38394069 276.44401632
0.16739841 702.29847254 276.90478300
0.16869928 703.07619413 277.46828614
0.16998537 703.73550936 278.08239851
0.17128624 704.31070010 278.72349289
0.17257232 704.83434470 279.37112580
0.17387319 705.34927819 280.01315725
0.17517407 705.93724088 280.64703241
0.17646015 706.66450497 281.26832083
0.17776102 707.56950441 281.87446544
0.17904711 708.61390221 282.46035709
0.18034798 709.76447617 283.03096432
0.18163407 710.94722470 283.57593547
0.18293494 712.08112302 284.08222187
0.18422103 713.14893981 284.53558206
0.18552190 714.24613382 284.96823403
0.18680799 715.23807988 285.38200543
0.18810886 715.98382389 285.80534577
0.18939495 716.61940374 286.28503776
0.19069582 717.23997302 286.77895344
0.19199669 718.22180031 287.24725137
0.19328278 719.60076204 287.60394996
0.19458365 720.75645530 287.81422756
0.19586974 721.42895428 287.96688144
0.19717061 721.74668136 288.13547159
0.19845669 722.08223949 288.38837278
0.19975757 722.54526385 288.68122743
0.20104365 722.97201401 288.96088494
0.20234452 723.30614274 289.28093130
0.20363061 723.36567451 289.61525991
0.20493148 723.31831081 289.95633477
0.20621757 723.66246947 290.31164957
0.20750366 724.36440399 290.56696325
0.20880453 724.99121311 290.69616557
0.21009062 725.10858004 290.71440244
0.21139149 724.64852050 290.68067779
0.21267758 724.14654407 290.74097234
0.21397845 723.95803689 290.85641135
0.21526454 723.99741615 290.93110392
0.21656541 724.03848862 290.93678464
0.21785149 723.95971154 290.88018200
0.21915236 723.73219883 290.77535635
0.22043845 723.39356067 290.65233942
0.22173932 722.92298010 290.51915927
0.22302541 722.29469870 290.37072418
0.22432628 721.59751244 290.21069160
0.22561237 720.92791790 290.02567802
0.22689846 720.41084163 289.80514192
0.22819933 719.86437414 289.50774951
0.22948542 718.98120997 289.12184170
0.23078629 717.83756792 288.71032281
0.23207238 716.63394045 288.31788580
0.23337325 715.51573729 287.96925349
0.23465933 714.40854553 287.65786333
0.23594542 713.07445754 287.36999312
0.23724629 711.39912857 287.10554757
0.23853238 709.58662061 286.87672790
0.23983325 707.94456099 286.67381889
0.24111934 706.54080499 286.45419095
0.24240543 705.39828287 286.21352344
0.24370630 704.34760206 285.93534880
0.24499239 703.04377108 285.61788022
0.24629326 701.45664634 285.31035185
0.24757935 699.74761144 285.03097534
0.24886543 697.97051135 284.77113305
0.25016630 696.28194363 284.55062887
0.25145239 694.79659439 284.36638848
0.25275326 693.29027593 284.17544027
0.25403935 691.61737905 283.97386048
0.25532544 689.85982744 283.77241915
0.25662631 688.05087469 283.56075512
0.25791240 686.25534333 283.37046246
0.25919849 684.41270636 283.18747039
0.26049936 682.50308107 283.01974086
0.26178545 680.82595037 282.95558741
0.26307153 679.34171161 282.93160329
0.26437240 677.82377298 282.87907411
0.26565849 676.38165277 282.82762763
0.26695936 675.06714473 282.73320250
0.26824545 673.99172667 282.60384870
0.26953154 673.06664944 282.44385678
0.27083241 671.85896444 282.24454672
0.27211850 670.29238741 282.12368344
0.27340459 668.47642893 282.09771308
0.27470546 666.73526243 282.16962821
0.27599154 665.34968943 282.32066156
0.27727763 664.14503489 282.41345133
0.27857850 662.94705872 282.43954479
0.27986459 661.69024983 282.43449223
0.28115068 660.47254601 282.41400523
0.28243677 659.48362031 282.45974325
0.28373764 658.36518269 282.61890057
0.28502373 656.71829527 282.85236268
0.28630981 654.83987467 283.11109333
0.28761068 653.51623803 283.40565414
0.28889677 652.93569830 283.66575086
0.29018286 652.23738022 283.81638842
0.29148373 650.96619395 283.98900082
0.29276982 649.39394104 284.28682201
0.29405591 647.87553724 284.68310670
0.29534200 646.68873418 285.14990044
0.29664287 645.88544802 285.63126261
0.29792895 645.26556211 286.06300454
0.29921504 644.62995976 286.47373378
0.30051591 643.73671476 286.86543351
0.30180200 642.58729236 287.29323358
0.30308809 641.31966908 287.79765762
0.30437418 640.07254351 288.34283390
0.30567505 639.16092204 288.93572509
0.30696114 638.61844280 289.51013016
0.30824722 638.29273507 290.02571638
0.30953331 638.13332063 290.51293288
0.31083418 637.91549629 290.99174944
0.31212027 637.32469219 291.46892801
0.31340636 636.37882937 291.97121134
0.31469245 635.57707247 292.59002069
0.31599332 635.14675187 293.31530837
0.31727941 634.71131880 294.05637460
0.31856549 634.19691986 294.83155068
0.31985158 633.83292408 295.64810931
0.32115245 633.68433772 296.45016201
0.32243854 633.73988456 297.20532769
0.32372463 633.96164557 297.88524881
0.32501072 634.25652918 298.47811280
0.32629681 634.52157436 298.99995433
0.32759768 634.61750494 299.45261730
0.32888376 634.54366959 299.89052574
0.33016985 634.43071960 300.38288173
0.33145594 634.25349124 300.90414757
0.33275681 634.03641725 301.44093012
0.33404290 633.95434585 302.02287521
0.33532899 633.98752554 302.61119697
0.33661508 633.98282268 303.16196831
0.33790116 633.87446841 303.67520252
0.33918725 633.73323328 304.17475280
0.34048812 633.65269176 304.67239670
0.34177421 633.66878771 305.16084207
0.34306030 633.79967296 305.63051532
0.34434639 634.00851770 306.05639876
0.34563247 634.25742760 306.43452127
0.34693335 634.56495639 306.78985294
0.34821943 634.66217953 307.07962339
0.34950552 634.46063128 307.34989104
0.35079161 634.12432369 307.65171008
0.35207770 633.68647449 307.95911255
0.35336379 633.28265400 308.30869186
0.35466466 632.95838226 308.67742290
0.35595074 632.73990066 309.03858456
0.35723683 632.82039389 309.41470564
0.35852292 633.00644560 309.73766909
0.35980901 632.97653517 309.96827701
0.36109510 632.81483323 310.16369012
0.36238118 632.63964753 310.34577215
0.36368206 632.46885369 310.52362256
0.36496814 632.20481243 310.69354659
0.36625423 631.81125834 310.87555909
0.36754032 631.36490977 311.08835676
0.36882641 630.86835256 311.29025383
0.37011250 630.57957694 311.51345818
0.37139858 630.56167609 311.72941544
0.37269945 630.44127502 311.84870446
0.37398554 630.13990399 311.92185270
0.37527163 629.74918726 312.00303061
0.37655772 629.29579464 312.09223536
0.37784381 628.79595622 312.18936947
0.37912989 628.33510070 312.31084018
0.38041598 628.08299451 312.47498376
0.38170207 627.85605537 312.63093292
0.38298816 627.42595859 312.76420642
0.38428903 626.94756422 312.93226672
0.38557512 626.53051256 313.12631202
0.38686121 626.16216398 313.30567106
0.38814729 625.80881266 313.44647161
0.38943338 625.49202303 313.55160026
0.39071947 625.24280770 313.62709235
0.39200556 624.97959454 313.66103266
0.39329165 624.64705225 313.66115326
0.39457773 624.27541305 313.64237190
0.39586382 623.90389532 313.60358984
0.39714991 623.49133983 313.52955558
0.39843600 623.11961916 313.45725794
0.39973687 622.75501797 313.41851411
0.40102296 622.11604907 313.40523780
0.40230905 621.15114008 313.43161953
0.40359513 620.28191402 313.56821854
0.40488122 619.83199327 313.77638690
0.40616731 619.56249872 313.91902404
0.40745340 619.34321798 314.00140252
0.40873949 619.11439338 314.05812574
0.41002557 618.70437247 314.10198676
0.41131166 618.04521371 314.14072633
0.41259775 617.54980426 314.24850083
0.41388384 617.41174223 314.39471011
0.41516993 617.22799790 314.44437145
0.41645601 616.99261591 314.42783444
0.41774210 616.79840598 314.33125019
0.41902819 616.79496190 314.13512700
0.42031428 616.93871742 313.82910507
0.42160037 616.63793508 313.42674179
0.42288645 615.66019368 313.03187332
0.42417254 614.50723064 312.77218767
0.42545863 613.63557503 312.67668968
0.42674472 612.97829765 312.61354665
0.42803081 612.32265193 312.49901521
0.42931690 611.67902406 312.35697803
0.43060298 611.15580672 312.21903614
0.43188907 610.69868709 312.05007135
0.43317516 610.23739450 311.83035763
0.43446125 609.74494822 311.56670934
0.43574734 609.21381360 311.26875619
0.43703342 608.64449930 310.94243856
0.43831951 608.05576641 310.59858941
0.43960560 607.44643897 310.23798855
0.44089169 606.81556019 309.86619142
0.44217778 606.18195495 309.50428694
0.44346386 605.55230650 309.18738966
0.44474995 604.78866423 308.87325794
0.44603604 603.94920620 308.54081113
0.44732213 603.34262690 308.18534593
0.44860822 603.04879185 307.74593393
0.44989430 602.91155280 307.20651512
0.45118039 602.37733736 306.57458476
0.45246648 601.16679478 305.94985628
0.45375257 599.78016487 305.47717976
0.45503866 598.60906575 305.18341877
0.45632474 597.70992250 305.03053252
0.45761083 596.74085019 304.89570637
0.45889692 595.62545475 304.79950830
0.46018301 594.64952664 304.81594952
0.46146910 593.89451449 304.83170789
0.46275519 593.57705202 304.81566313
0.46404127 593.61523031 304.73626568
0.46532736 593.40138814 304.51757234
0.46661345 592.69270528 304.25361696
0.46789954 591.67775564 304.01819572
0.46917084 590.73074377 303.85823547
0.47045693 590.20661560 303.79157258
0.47174302 589.86222760 303.65428981
0.47302911 589.43007612 303.41988190
0.47431520 588.85824988 303.15349663
0.47560128 588.12521096 302.89023037
0.47688737 587.32301051 302.68173842
0.47817346 586.57111202 302.54432152
0.47945955 585.88251877 302.43668154
0.48074564 585.29206870 302.32628604
0.48203172 584.86144334 302.19931318
0.48331781 584.53974450 302.03321474
0.48460390 584.18690047 301.81969485
0.48587521 583.65809979 301.57924980
0.48716129 582.94380504 301.35161504
0.48844738 582.15871384 301.17542720
0.48973347 581.42811279 301.06258733
0.49101956 580.78370489 300.98222147
0.49230565 580.19782561 300.90132968
0.49359173 579.65927636 300.80467801
0.49487782 579.16248151 300.68457246
0.49616391 578.69390738 300.53733427
0.49743522 578.22779413 300.36304722
0.49872130 577.73603893 300.16762107
0.50000739 577.19868263 299.96275964
0.50129348 576.61261351 299.76501364
0.50257957 575.98819870 299.59347378
0.50386566 575.31741257 299.44758773
0.50515174 574.62576866 299.32768968
0.50643783 573.97556775 299.23558939
0.50770914 573.42176403 299.15664526
0.50899523 572.97150866 299.07549437
0.51028131 572.56289348 298.98111265
0.51156740 572.09805086 298.86704124
0.51285349 571.54220880 298.75561788
0.51413958 570.94016513 298.68270703
0.51542567 570.34737846 298.65938457
0.51669697 569.73041224 298.64187341
0.51798306 569.21249599 298.64410850
0.51926915 568.91870909 298.66203194
0.52055524 568.64639418 298.58872272
0.52184132 568.41881494 298.45778418
0.52312741 568.26069149 298.31682242
0.52439872 567.90646580 298.14242918
0.52568480 567.24981396 297.99085404
0.52697089 566.38011540 297.91045674
0.52825698 565.53149424 297.92515125
0.52954307 564.92151802 298.03095661
0.53082916 564.57747205 298.13366648
0.53210046 564.53858898 298.20913747
0.53338655 564.56213080 298.21404837
0.53467264 564.27650130 298.11718683
0.53595873 563.76120297 298.04851338
0.53724481 563.10693217 298.01394351
0.53853090 562.43058122 297.99075730
0.53980221 562.15031462 298.05637333
0.54108830 562.16216435 298.08370866
0.54237438 562.00838364 297.94521814
0.54366047 561.77670878 297.77636957
0.54494656 561.46008901 297.62070218
0.54621787 560.81820981 297.41994593
0.54750395 560.09182924 297.27806021
0.54879004 559.54944491 297.23049007
0.55007613 559.12601267 297.16831237
0.55134744 558.83666219 297.07362112
0.55263352 558.65903010 296.95117988
0.55391961 558.39465874 296.77124074
0.55520570 557.94417925 296.56013619
0.55649179 557.38224544 296.37247440
0.55776309 556.75530709 296.19481633
0.55904918 556.26351776 296.05951528
0.56033527 555.97599098 295.93335708
0.56162136 555.73373111 295.74140432
0.56289266 555.49100347 295.50623218
0.56417875 555.13792758 295.22397990
0.56546484 554.63504840 294.92988063
0.56675093 554.04399607 294.66983322
0.56803702 553.41262394 294.46849214
0.56930832 552.73334242 294.31408415
0.57059441 552.05096322 294.20245780
0.57188050 551.48183869 294.14954107
0.57316659 551.05744082 294.11399465
0.57443789 550.74335492 294.05159844
0.57572398 550.49929074 293.94145775
0.57701007 550.29481843 293.77107437
0.57829616 550.09621614 293.54223747
0.57956746 549.87945286 293.27401836
0.58085355 549.55647535 292.97387488
0.58213964 549.06243825 292.67751249
0.58341094 548.41214799 292.42180115
0.58469703 547.66752075 292.22113657
0.58598312 546.98945504 292.10948162
0.58726921 546.44555982 292.06008664
0.58854051 545.95094097 292.00157381
0.58982660 545.56089152 291.94716436
0.59111269 545.28895160 291.90569669
0.59239878 544.92637258 291.82557980
0.59367008 544.44497924 291.73442157
0.59495617 543.95591235 291.67534968
0.59624226 543.55168597 291.65148099
0.59751356 543.27640281 291.63507941
0.59879965 543.08682301 291.58085248
0.60008574 542.94439165 291.47245359
0.60137183 542.79836824 291.30138778
0.60264313 542.61561479 291.08472572
0.60392922 542.34327067 290.84086468
0.60521531 541.91068349 290.59426466
0.60648661 541.35686809 290.39876592
0.60777270 540.67628111 290.24536798
0.60905879 540.00138483 290.16377670
0.61033010 539.54024555 290.17648286
0.61161618 539.23562060 290.19840241
0.61290227 539.04201432 290.19865896
0.61417358 538.90476349 290.16399878
0.61545967 538.71732409 290.07722236
0.61674575 538.48678302 289.96254804
0.61801706 538.23832490 289.83663432
0.61930315 537.98398994 289.70648327
0.62058924 537.71939801 289.57008402
0.62187532 537.41824128 289.41380084
0.62314663 537.13317407 289.24755244
0.62443272 536.88695441 289.06436175
0.62571880 536.63625903 288.85163021
0.62699011 536.38147651 288.63747685
0.62827620 536.01197992 288.41652039
0.62954750 535.46420021 288.21263957
0.63083359 534.86852506 288.09317915
0.63211968 534.29367414 288.06107812
0.63339099 533.75327665 288.09451933
0.63467707 533.31108840 288.19037801
0.63596316 532.99082587 288.32204237
0.63723447 532.76939472 288.45048043
0.63852056 532.62690786 288.54886561
0.63980664 532.57173153 288.60943956
0.64107795 532.58978403 288.62308877
0.64236404 532.59136076 288.56864364
0.64365012 532.51931839 288.45066542
0.64492143 532.38439936 288.29109625
0.64620752 532.20052768 288.10628544
0.64749361 531.97158398 287.90450983
0.64876491 531.69932307 287.69407054
0.65005100 531.38194400 287.48171212
0.65132231 531.02358867 287.27827172
0.65260839 530.62834614 287.09317853
0.65389448 530.19523172 286.93358807
0.65516579 529.72895526 286.80749903
0.65645188 529.23798418 286.71664283
0.65772318 528.75782013 286.66990513
0.65900927 528.32481276 286.66947699
0.66029536 527.93992935 286.70707707
0.66156666 527.59334298 286.78281693
0.66285275 527.23331991 286.88518856
0.66413884 526.83369417 287.00503555
0.66541014 526.48602540 287.16341020
0.66669623 526.27268553 287.35685874
0.66796754 526.19146033 287.55213457
0.66925363 526.17753955 287.71305114
0.67053971 526.15276556 287.81454747
0.67181102 526.08544539 287.86165163
0.67309711 526.02166922 287.89792843
0.67436841 525.87929716 287.92042169
0.67565450 525.54873987 287.92859562
0.67692581 525.13248601 287.98674734
0.67821189 524.73129321 288.11879111
0.67949798 524.36979343 288.31709880
0.68076929 524.06134508 288.58013535
0.68205538 523.76775700 288.88155073
0.68332668 523.47285701 289.19497790
0.68461277 523.28075052 289.53658010
0.68589886 523.31845416 289.91648613
0.68717016 523.50154379 290.27701918
0.68845625 523.63142213 290.56049258
0.68972756 523.68034902 290.79167379
0.69101364 523.69305086 291.00638049
0.69228495 523.68247633 291.21345653
0.69357104 523.64913829 291.41353356
0.69484234 523.61218709 291.61382768
0.69612843 523.58442507 291.80708191
0.69741452 523.56958193 291.98377492
0.69868582 523.60110931 292.14997109
0.69997191 523.67219507 292.30548438
0.70124322 523.68088813 292.42411964
0.70252931 523.59228862 292.51207343
0.70380061 523.49504618 292.61901441
0.70508670 523.44175727 292.75730317
0.70635801 523.39860597 292.90617000
0.70764409 523.33800675 293.06061594
0.70893018 523.26151273 293.22748310
0.71020149 523.17658308 293.41387995
0.71148758 523.09938218 293.62502914
0.71275888 523.02852580 293.84729309
0.71404497 522.97723277 294.06373131
0.71531627 523.04433290 294.28993752
0.71660236 523.21932306 294.50279555
0.71787367 523.35400968 294.65360858
0.71915976 523.40130961 294.75733232
0.72043106 523.39079989 294.84503255
0.72171715 523.34728314 294.92957949
0.72298845 523.28840159 295.01439606
0.72427454 523.24054171 295.10414583
0.72554585 523.21478232 295.20050480
0.72683194 523.19783652 295.30879759
0.72810324 523.13532244 295.41855808
0.72938933 523.00233554 295.53237427
0.73066064 522.86683370 295.67458828
0.73194672 522.78793377 295.84550639
0.73321803 522.78318433 296.03209293
0.73450412 522.83326522 296.21111960
0.73577542 522.88809916 296.36275044
0.73706151 522.92148292 296.48731609
0.73833282 522.93395737 296.59345412
0.73961890 522.92883905 296.68837294
0.74089021 522.90663827 296.77628142
0.74217630 522.86773903 296.86101639
0.74344760 522.81271859 296.94568749
0.74473369 522.74186985 297.03174637
0.74600500 522.66208617 297.12152135
0.74729108 522.58734546 297.21722706
0.74856239 522.53127845 297.31877673
0.74984848 522.49683491 297.42098176
0.75111978 522.47888676 297.51680633
0.75240587 522.46986476 297.60067720
0.75367718 522.46274742 297.66925224
0.75496327 522.45244835 297.72113267
0.75623457 522.43573107 297.75647127
0.75752066 522.41068438 297.77633820
0.75879196 522.37570441 297.78190675
0.76007805 522.33051885 297.77465808
0.76134936 522.27632771 297.75631339
0.76263545 522.21608209 297.72822307
0.76390675 522.15358863 297.69089987
0.76517806 522.09107261 297.64265690
0.76646414 522.03253581 297.58068886
0.76773545 521.98169936 297.50380754
0.76902154 521.94672825 297.41417826
0.77029284 521.89994832 297.30331247
0.77157893 521.79296580 297.16471150
0.77285024 521.62356214 297.01409938
0.77413633 521.41068460 296.87054505
0.77540763 521.16912538 296.74499577
0.77669372 520.91094943 296.64495285
0.77796502 520.63924949 296.57130954
0.77923633 520.36260683 296.52623339
0.78052242 520.10773607 296.51648326
0.78179372 519.88133042 296.53468219
0.78307981 519.68814647 296.57357678
0.78435112 519.54728521 296.63012100
0.78563720 519.44498305 296.69033899
0.78690851 519.35532554 296.74302817
0.78817982 519.27090744 296.78706069
0.78946590 519.18927033 296.82292444
0.79073721 519.10730838 296.85059403
0.79202330 519.02052129 296.86986108
0.79329460 518.92615647 296.88270323
0.79458069 518.81963381 296.89064756
0.79585200 518.69051260 296.89383576
0.79712330 518.54057129 296.89913385
0.79840939 518.37895292 296.91483651
0.79968070 518.20802513 296.94561277
0.80096678 518.02980422 296.99343302
0.80223809 517.85037601 297.05889247
0.80350939 517.67755332 297.13926161
0.80479548 517.53901295 297.23841116
0.80606679 517.45784505 297.35704402
0.80735288 517.41521052 297.47923181
0.80862418 517.38496150 297.59269022
0.80989549 517.35642973 297.69382014
0.81118157 517.32300124 297.77976735
0.81245288 517.28990650 297.85218079
0.81373897 517.27317922 297.91783662
0.81501027 517.25158691 297.97001542
0.81628158 517.19422851 298.00438704
0.81756767 517.10278625 298.03183447
0.81883897 516.98325557 298.05970398
0.82012506 516.84112867 298.09617141
0.82139637 516.68349892 298.15094514
0.82266767 516.48204040 298.21277400
0.82395376 516.22835258 298.27684270
0.82522507 516.01159641 298.37838235
0.82651115 515.89500140 298.52790729
0.82778246 515.85213117 298.69517511
0.82905376 515.84327817 298.85698458
0.83033985 515.84396316 299.00429246
0.83161116 515.84090718 299.13570789
0.83288246 515.82823087 299.25386374
0.83416855 515.80337297 299.36337098
0.83543986 515.75928273 299.46637527
0.83672594 515.69164992 299.56669126
0.83799725 515.60318705 299.67063433
0.83926856 515.49762911 299.78411827
0.84055464 515.37906678 299.91188232
0.84182595 515.25059666 300.05804808
0.84309725 515.11487975 300.22447190
0.84438334 514.98093609 300.41321814
0.84565465 514.86195195 300.62546272
0.84692595 514.77099746 300.85567918
0.84821204 514.71606095 301.09269242
0.84948335 514.72465423 301.33538910
0.85076944 514.80179505 301.57642030
0.85204074 514.88912526 301.79466673
0.85331205 514.93348975 301.98347115
0.85459813 514.92925435 302.15683781
0.85586944 514.89536208 302.33322288
0.85714075 514.83913320 302.51864243
0.85842683 514.76779861 302.71944944
0.85969814 514.69365868 302.94023579
0.86096944 514.62897663 303.18265555
0.86225553 514.58276304 303.43984981
0.86352684 514.58667371 303.70863155
0.86479814 514.67566465 303.98401931
0.86608423 514.85697767 304.25230953
0.86735554 515.10189007 304.49938582
0.86862684 515.33108729 304.69656675
0.86991293 515.48904884 304.83246248
0.87118424 515.56745191 304.92283088
0.87245554 515.56947583 304.98812902
0.87374163 515.50408377 305.04895781
0.87501293 515.37828795 305.12348137
0.87628424 515.19791771 305.22500647
0.87757033 514.97587679 305.36550055
0.87884163 514.73016664 305.55369752
0.88011294 514.48297542 305.79468135
0.88138424 514.26236694 306.09209345
0.88267033 514.08422885 306.44033270
0.88394164 513.96679630 306.83522896
0.88521294 513.90868210 307.26223612
0.88649903 513.88702876 307.69831819
0.88777034 513.93726157 308.15273680
0.88904164 514.07591577 308.62411144
0.89032773 514.24479603 309.07656055
0.89159904 514.40703717 309.49202833
0.89287034 514.57007628 309.87592632
0.89415643 514.74297581 310.23251637
0.89542774 514.91920617 310.56165820
0.89669904 515.08370972 310.86253837
0.89797035 515.22668218 311.13916237
0.89925643 515.34636425 311.39840289
0.90052774 515.44331350 311.64566333
0.90179905 515.51859278 311.88678872
0.90308513 515.57351727 312.12652449
0.90435644 515.60759960 312.36868182
0.90562774 515.62242622 312.61754081
0.90691383 515.62513963 312.87934770
0.90818514 515.62008523 313.15539556
0.90945644 515.61448031 313.44655323
0.91072775 515.62541854 313.75355857
0.91201384 515.67478381 314.07478241
0.91328514 515.77195339 314.40345149
0.91455645 515.90903095 314.72394542
0.91582775 516.08142544 315.02670729
0.91711384 516.28453032 315.30442615
0.91838515 516.50809577 315.54893432
0.91965645 516.73723790 315.75451348
0.92094254 516.96379400 315.92373319
0.92221385 517.17350096 316.06149680
0.92348515 517.32713247 316.16861160
0.92475646 517.39915108 316.25261901
0.92604254 517.40714743 316.33147300
0.92731385 517.39022513 316.42319435
0.92858516 517.37586454 316.53502697
0.92985646 517.37300991 316.66557480
0.93114255 517.38473776 316.81298466
0.93241385 517.40457555 316.96977415
0.93368516 517.43106401 317.12982383
0.93495647 517.51313919 317.31298842
0.93624255 517.65844077 317.51327343
0.93751386 517.79043370 317.68093498
0.93878516 517.93385729 317.82053933
0.94005647 518.14315744 317.95160760
0.94134256 518.33667047 318.04153776
0.94261386 518.44346119 318.08248571
0.94388517 518.47890149 318.10273595
0.94515647 518.46968670 318.12331676
0.94644256 518.42964306 318.15535605
0.94771387 518.35929066 318.20236709
0.94898517 518.25908012 318.26728215
0.95025648 518.14226088 318.35823748
0.95154257 518.02116859 318.48133951
0.95281387 517.89176905 318.63178830
0.95408518 517.74874585 318.79906450
0.95535648 517.64021537 318.99402661
0.95664257 517.62463569 319.22107910
0.95791388 517.73717071 319.47027207
0.95918518 517.95727701 319.71594117
0.96045649 518.18478955 319.91632288
0.96174258 518.35225504 320.06185998
0.96301388 518.45810532 320.16985137
0.96428519 518.52577810 320.26407144
0.96555649 518.54974839 320.34894076
0.96682780 518.51404173 320.42383854
0.96811389 518.42883040 320.50219095
0.96938519 518.30759501 320.59441486
0.97065650 518.17033944 320.71043785
0.97192780 518.03366135 320.85454333
0.97321389 517.90736867 321.02595642
0.97448520 517.79979722 321.22170921
0.97575650 517.71866829 321.43676608
0.97702781 517.67224837 321.66500216
0.97829911 517.66535692 321.89930244
0.97958520 517.69614469 322.13169314
0.98085651 517.74878198 322.35257998
0.98212781 517.80361241 322.55616938
0.98339912 517.84772684 322.74123550
0.98468520 517.87396392 322.91133153
0.98595651 517.88014727 323.07133390
0.98722781 517.86659328 323.22613621
0.98849912 517.83257730 323.38032110
0.98977043 517.77532106 323.53614930
0.99105651 517.70214027 323.69946125
0.99232782 517.61818831 323.87214874
0.99359912 517.53696291 324.06042565
0.99487043 517.47064383 324.27054039
0.99614174 517.39789417 324.49169108
0.99742782 517.30592085 324.71965348
0.99869913 517.20463274 324.95936493
0.99997043 517.10903109 325.21389610
1.00124174 517.03454477 325.48414649
1.00251305 516.98917884 325.76706072
1.00378435 516.96903352 326.05617433
1.00507044 516.96274702 326.34443303
1.00634174 516.96269419 326.62866378
1.00761305 516.96667792 326.90859664
1.00888436 516.97545620 327.18485852
1.01015566 516.99071900 327.45775454
1.01144175 517.01370889 327.72716576
1.01271305 517.04502353 327.99229790
1.01398436 517.08493657 328.25209123
1.01525567 517.13468299 328.50591820
1.01652697 517.19352222 328.75178776
1.01779828 517.25941429 328.98747167
1.01908436 517.34093371 329.21853243
1.02035567 517.42314479 329.43986168
1.02162698 517.47713982 329.64283031
1.02289828 517.49890405 329.83494365
1.02416959 517.47910935 330.01840089
1.02545567 517.42357311 330.19961908
1.02672698 517.36700084 330.39400303
1.02799829 517.33192867 330.60572995
1.02926959 517.32069126 330.82937660
1.03054090 517.33186048 331.05941119
1.03181220 517.36567394 331.29119896
1.03309829 517.42013090 331.51897912
1.03436960 517.50246978 331.74210985
1.03564090 517.61466080 331.95835275
1.03691221 517.73862595 332.15854886
1.03818351 517.86219921 332.33955707
1.03945482 517.98419242 332.50358848
1.04072612 518.10490518 332.65265593
1.04201221 518.22102891 332.78650403
1.04328352 518.33785650 332.90979634
1.04455482 518.45827196 333.02633085
1.04582613 518.56594585 333.13043423
1.04709743 518.65107666 333.22133545
1.04836874 518.71762620 333.30436634
1.04965483 518.76979719 333.38266339
1.05092613 518.80937832 333.45587304
1.05219744 518.84952660 333.52767577
1.05346874 518.90510712 333.60045673
1.05474005 518.98403218 333.67210941
1.05601135 519.09377099 333.73989192
1.05728266 519.23781873 333.79873579
1.05856875 519.41352603 333.84157730
1.05984005 519.62364623 333.86801391
1.06111136 519.84700608 333.87023311
1.06238266 520.04613645 333.83702561
1.06365397 520.21923981 333.77561622
1.06492527 520.37941098 333.69679791
1.06619658 520.52840966 333.60500109
1.06746788 520.65465157 333.49934970
1.06875397 520.74230749 333.37901558
1.07002528 520.78255951 333.24717912
1.07129658 520.77934420 333.11188464
1.07256789 520.74544789 332.98361931
1.07383919 520.68959523 332.86794618
1.07511050 520.62024474 332.76852658
1.07638181 520.54845984 332.68579915
1.07766789 520.48367776 332.61260760
1.07893920 520.48060804 332.56151885
1.08021050 520.59007528 332.54216547
1.08148181 520.74995147 332.51517337
1.08275312 520.88138066 332.44967517
1.08402442 520.97614514 332.35501119
1.08529573 521.04727346 332.24432558
1.08656703 521.10341460 332.12482975
1.08783834 521.14828649 332.00021022
1.08912443 521.18118081 331.87210403
1.09039573 521.19929163 331.74069653
1.09166704 521.20679843 331.60958319
1.09293834 521.20828616 331.48140001
1.09420965 521.20518363 331.35724590
1.09548095 521.19875026 331.23850060
1.09675226 521.18675697 331.12498658
1.09802356 521.16699241 331.01668548
1.09930965 521.14007642 330.91475007
1.10058096 521.10806424 330.82049680
1.10185226 521.07344225 330.73462122
1.10312357 521.03677711 330.65675472
1.10439487 520.99745675 330.58594981
1.10566618 520.95521569 330.52146725
1.10693748 520.91010653 330.46255605
1.10820879 520.86345049 330.40881113
1.10948010 520.81738242 330.35977269
1.11075140 520.77492428 330.31502253
1.11203749 520.73805777 330.27356233
1.11330879 520.70639784 330.23318566
1.11458010 520.67941844 330.19223107
1.11585141 520.65660823 330.14967150
1.11712271 520.63520226 330.10400083
1.11839402 520.60813099 330.05393523
1.11966532 520.56777716 330.00204349
1.12093663 520.50909780 329.95759595
1.12220793 520.39184550 329.91468041
1.12347924 520.15860887 329.85424703
1.12475054 519.86567253 329.80698218
1.12603663 519.62947505 329.81371531
1.12730794 519.49430748 329.87018087
1.12857924 519.46117892 329.95248054
1.12985055 519.52859469 330.03780944
1.13112185 519.68979012 330.11035203
1.13239316 519.94540374 330.14906570
1.13366446 520.31486557 330.16013092
1.13493577 520.81181206 330.15283508
1.13620707 521.47383648 330.14277278
1.13747838 522.38898634 330.28103710
1.13874969 523.22414009 330.87356052
1.14002099 523.52978804 332.20282910
1.14130708 523.26213194 333.79419093
1.14257838 522.43245151 334.92850149
1.14384969 520.87682921 335.66164904
1.14512100 518.24173212 336.31208822
1.14639230 514.20422925 336.76406324
1.14766361 509.11930322 336.67123372
1.14893491 504.10606367 335.56418821
1.15020622 500.01118878 333.17247605
1.15147752 497.65679707 330.79073629
1.15274883 497.36638421 329.37847034
1.15402013 499.22702811 328.41518523
1.15529144 500.88592108 328.12969593
1.15656274 502.63813853 327.83567403
1.15783405 504.49348766 327.54571847
1.15912014 506.44445937 327.26140181
1.16039144 508.48304414 326.98431436
1.16166275 510.60075186 326.71605783
1.16293405 512.78863323 326.45823875
1.16420536 515.03730265 326.21246175
1.16547667 517.33696270 325.98032269
1.16674797 519.67743010 325.76340149
1.16801928 522.04816324 325.56325502
1.16929058 524.43829121 325.38140962
1.17056189 526.83664444 325.21935366
1.17183319 529.23178674 325.07852990
1.17310450 531.61204902 324.96032771
1.17437580 533.96556445 324.86607529
1.17564711 536.28030516 324.79703163
1.17691841 538.54412054 324.75437847
1.17818972 540.74477701 324.73921214
1.17946103 542.86999930 324.75253522
1.18074711 544.90751338 324.79524815
1.18201842 546.84509080 324.86814067
1.18328972 548.67059462 324.97188312
1.18456103 550.37202690 325.10701759
1.18583234 551.93757763 325.27394890
1.18710364 553.35567532 325.47293532
1.18837495 554.61503902 325.70407914
1.18964625 555.70473193 325.96731695
1.19091756 556.61421652 326.26240961
1.19218886 557.33341120 326.58893202
1.19346017 557.85274849 326.94626242
1.19473147 558.16323478 327.33357138
1.19600278 558.25651159 327.74981042
1.19727408 558.12491832 328.19370014
1.19854539 557.76155667 328.66371792
1.19981670 557.16035639 329.15808513
1.20108800 556.31614279 329.67475383
1.20235931 555.22470560 330.21139288
1.20363061 553.88286945 330.76537360
1.20490192 552.28856588 331.33375475
1.20617322 550.44090688 331.91326701
1.20744453 548.34025995 332.50029680
1.20873062 545.98832467 333.09086961
1.21000192 543.38821091 333.68063264
1.21127323 540.54451841 334.26483697
1.21254453 537.46341805 334.83831918
1.21381584 534.15273456 335.39548236
1.21508714 530.62203079 335.93027676
1.21635845 526.88269352 336.43618000
1.21762975 522.94802081 336.90617679
1.21890106 518.83331084 337.33273850
1.22017237 514.55595234 337.70780240
1.22144367 510.13551654 338.02275079
1.22271498 505.59385062 338.26839012
1.22398628 500.95517272 338.43493013
1.22525759 496.24616850 338.51196329
1.22652889 491.49608921 338.48844459
1.22780020 486.73685128 338.35267191
1.22907150 482.00313749 338.09226716
1.23034281 477.33249964 337.69415853
1.23161411 472.76546273 337.14456404
1.23288542 468.34563077 336.42897687
1.23415673 464.11979398 335.53215280
1.23542803 460.13803768 334.43810041
1.23669934 456.45385258 333.13007467
1.23797064 453.12424667 331.59057462
1.23924195 450.20985868 329.80134641
1.24051325 447.77507295 327.74339267
1.24178456 445.88813598 325.39699017
1.24305586 444.62127443 322.74171757
1.24432717 444.05081463 319.75649610
1.24559847 444.25730372 316.41964667
1.24686978 445.32563223 312.70896789
1.24814109 447.34515824 308.60184118
1.24941239 450.40983309 304.07537103
1.25068370 454.61832856 299.10657137
1.25195500 460.07416564 293.67261301
1.25322631 466.88584483 287.75115272
1.25449761 475.16697793 281.32077269
1.25576892 485.03642143 274.36157101
1.25704022 496.61841139 266.85596084
1.25831153 510.04269983 258.78976229
1.25958283 525.44469272 250.15370946
1.26085414 542.96558948 240.94555460
1.26212545 562.75252396 231.17304185
1.26339675 584.95870703 220.85816271
1.26466806 609.74357068 210.04331936
1.26593936 637.27291361 198.80034298
1.26721067 667.71904842 187.24377205
1.26848197 701.26095030 175.55036550
1.26975328 738.08440724 163.98726926
1.27102458 778.38217181 152.95067898
1.27229589 822.35411443 143.01275624
1.27356719 870.20737825 134.96187115
1.27483850 922.15653546 129.79542125
1.27610981 978.42374518 128.60014263
1.27738111 1039.23891297 132.29293061
1.27865242 1104.83985170 141.34055496
1.27992372 1175.47244411 155.67455255
1.28119503 1251.39080680 174.85752245
-0.96316762 1161.10333333 112.60029732
-0.96189631 986.88633333 91.61955828
-0.96062353 840.18966667 78.56241757
-0.95934927 745.79533333 67.39893446
-0.95807353 687.31500000 56.30688790
-0.95679779 631.58033333 52.16446336
-0.95551909 573.47266667 55.56702959
-0.95423744 474.46400000 25.61726396
-0.95295431 375.49400000 108.97876965
-0.95167118 392.00333333 178.37239365
-0.95038804 426.96233333 190.48100061
-0.94910048 441.39733333 191.44430908
-0.94781143 465.22600000 204.89882399
-0.94651943 479.21266667 213.50381851
-0.94522743 489.92533333 221.05103032
-0.94393247 490.87933333 222.99752403
-0.94263604 494.11466667 225.23341978
-0.94133960 498.58200000 227.62881255
-0.94004021 500.90500000 229.60261276
-0.93873934 503.10066667 231.42222507
-0.93743699 505.72166667 233.35289891
-0.93613316 507.77200000 235.00218982
-0.93482786 509.63800000 236.47601625
-0.93351959 511.36466667 237.81669137
-0.93221133 512.95333333 239.03682029
-0.93090011 514.43800000 240.15352192
-0.92958890 515.82766667 241.18123029
-0.92827472 517.13600000 242.13058296
-0.92695907 518.37100000 243.01040142
-0.92564341 519.54066667 243.83010426
-0.92432480 520.64966667 244.59545214
-0.92300472 521.70200000 245.31346087
-0.92168315 522.69833333 245.98938992
-0.92036010 523.63666667 246.62733795
-0.91903410 524.50933333 247.23054834
-0.91770810 525.29300000 247.79453896
-0.91638062 525.96333333 248.29820743
-0.91505167 526.59333333 248.73466653
-0.91371975 527.33700000 249.15013257
-0.91238784 528.12600000 249.55181008
-0.91105297 528.81233333 249.90641306
-0.90971810 529.47066667 250.24146076
-0.90838027 530.13533333 250.57199265
-0.90704096 530.76866667 250.88369915
-0.90570166 531.38133333 251.17954869
-0.90435940 531.97400000 251.45947237
-0.90301565 532.54733333 251.72471515
-0.90167044 533.10266667 251.97564718
-0.90032374 533.64000000 252.21226822
-0.89897556 534.16033333 252.43669792
-0.89762591 534.66400000 252.64718743
-0.89627478 535.15166667 252.84629332
-0.89492217 535.62400000 253.03395028
-0.89356808 536.08100000 253.20965784
-0.89221251 536.52333333 253.37485494
-0.89085547 536.95066667 253.52897675
-0.88949695 537.36433333 253.67320641
-0.88813547 537.76366667 253.80729856
-0.88677399 538.14966667 253.93237263
-0.88541103 538.52200000 254.04724697
-0.88404659 538.88133333 254.15347901
-0.88267920 539.22733333 254.25069673
-0.88131181 539.56066667 254.33933690
-0.87994294 539.88133333 254.41940051
-0.87857259 540.18900000 254.49163786
-0.87719928 540.48466667 254.55492676
-0.87582598 540.76766667 254.61126253
-0.87445120 541.03933333 254.65940207
-0.87307345 541.29800000 254.69972266
-0.87169571 541.54533333 254.73315440
-0.87031650 541.78066667 254.75877091
-0.86893580 542.00433333 254.77744308
-0.86755215 542.21633333 254.78917264
-0.86616849 542.41733333 254.79358483
-0.86478336 542.60600000 254.79143435
-0.86339675 542.78400000 254.78234669
-0.86200866 542.95066667 254.76670096
-0.86061762 543.10633333 254.74455559
-0.85922657 543.25066667 254.71585659
-0.85783405 543.38233333 254.68038607
-0.85644005 543.50233333 254.63912643
-0.85504457 543.61233333 254.59137951
-0.85364761 543.71133333 254.53747153
-0.85224918 543.80033333 254.47756687
-0.85084926 543.87900000 254.41193818
-0.84944787 543.94800000 254.33988297
-0.84804648 544.00733333 254.26302472
-0.84664213 544.05700000 254.17974155
-0.84523630 544.09800000 254.09084572
-0.84382899 544.13300000 253.99725244
-0.84242169 544.16200000 253.89944284
-0.84101143 544.18000000 253.79645076
-0.83960116 544.18733333 253.68880807
-0.83818795 544.18666667 253.57775534
-0.83677473 544.17733333 253.46204742
-0.83536003 544.15933333 253.34312088
-0.83394238 544.13400000 253.22053846
-0.83252472 544.10066667 253.09563288
-0.83110559 544.05600000 252.97045014
-0.82968498 543.98933333 252.84264160
-0.82826289 543.89866667 252.71105749
-0.82684081 543.79166667 252.57850639
-0.82541576 543.66500000 252.44397814
-0.82398924 543.51466667 252.30584024
-0.82256272 543.34000000 252.16446848
-0.82113324 543.13866667 252.02028516
-0.81970376 542.90933333 251.87195089
-0.81827280 542.65000000 251.71912184
-0.81684036 542.36000000 251.56122903
-0.81540645 542.03766667 251.39702790
-0.81397106 541.68433333 251.22642755
-0.81253418 541.30066667 251.04694432
-0.81109584 540.88900000 250.85849082
-0.80965749 540.45233333 250.66012589
-0.80821618 539.99433333 250.45065528
-0.80677488 539.52066667 250.22875631
-0.80533209 539.03566667 249.99482015
-0.80388783 538.54500000 249.74846742
-0.80244209 538.05266667 249.48923509
-0.80099487 537.56433333 249.21837135
-0.79954765 537.08233333 248.93545650
-0.79809748 536.60866667 248.64177961
-0.79664730 536.14600000 248.33812100
-0.79519565 535.69433333 248.02576908
-0.79374252 535.25366667 247.70635827
-0.79228791 534.82400000 247.37919955
-0.79083182 534.40500000 247.04669973
-0.78937573 533.99400000 246.70936724
-0.78791669 533.58900000 246.36836926
-0.78645764 533.18500000 246.02091853
-0.78499712 532.80033333 245.67192111
-0.78353512 532.43166667 245.32388291
-0.78207164 532.06233333 244.97416893
-0.78060816 531.69000000 244.62412029
-0.77914320 531.31466667 244.27765828
-0.77767528 530.93200000 243.93565121
-0.77620885 530.52433333 243.59872098
-0.77473946 530.07033333 243.26289698
-0.77326859 529.57866667 242.92890789
-0.77179771 529.05833333 242.59811528
-0.77032537 528.50133333 242.26831526
-0.76885154 527.90800000 241.93825750
-0.76737623 527.27733333 241.60793083
-0.76590093 526.60833333 241.27651003
-0.76442266 525.90000000 240.94307220
-0.76294440 525.15233333 240.60796805
-0.76146466 524.36600000 240.26861835
-0.75998492 523.54166667 239.92534643
-0.75850222 522.67966667 239.57662607
-0.75701953 521.78400000 239.22064272
-0.75553535 520.86300000 238.85762410
-0.75405118 519.92400000 238.48679013
-0.75256405 518.97466667 238.10648334
-0.75107691 518.02333333 237.71700768
-0.74958830 517.07666667 237.31716249
-0.74809822 516.14333333 236.90728627
-0.74660813 515.23000000 236.48744694
-0.74511656 514.34166667 236.05756327
-0.74362352 513.48333333 235.61936254
-0.74212899 512.65766667 235.17245949
-0.74063447 511.86600000 234.71806992
-0.73913847 511.10866667 234.25712991
-0.73764099 510.38466667 233.79127438
-0.73614351 509.69300000 233.32140597
-0.73464307 509.03200000 232.84763551
-0.73314412 508.39833333 232.37209301
-0.73164220 507.79166667 231.89616850
-0.73014029 507.20900000 231.42082342
-0.72863542 506.64800000 230.94840398
-0.72713202 506.10766667 230.48623912
-0.72562567 505.58100000 230.05387731
-0.72411933 504.93966667 229.66900358
-0.72261150 503.90266667 229.24774647
-0.72110367 502.65333333 228.77558790
-0.71959436 501.60633333 228.34565741
-0.71808358 500.64366667 227.92085305
-0.71657132 499.65966667 227.46387238
-0.71505906 498.71666667 227.00096301
-0.71354532 497.79533333 226.53410176
-0.71203158 496.88933333 226.06401077
-0.71051488 495.99633333 225.59073728
-0.70899966 495.11233333 225.11547128
-0.70748148 494.23533333 224.63821437
-0.70596331 493.36400000 224.15938691
-0.70444366 492.49600000 223.67940875
-0.70292400 491.63066667 223.19830200
-0.70140287 490.76700000 222.71644308
-0.69988026 489.90433333 222.23347716
-0.69835765 489.04233333 221.74976031
-0.69683356 488.17966667 221.26577207
-0.69530800 487.31600000 220.78105341
-0.69378243 486.45133333 220.29560483
-0.69225538 485.58466667 219.80992115
-0.69072834 484.71633333 219.32390440
-0.68919982 483.84533333 218.83717555
-0.68766982 482.96966667 218.35005969
-0.68613981 482.08900000 217.86297746
-0.68460833 481.20500000 217.37515170
-0.68307685 480.31800000 216.88790356
-0.68154390 479.42700000 216.39997999
-0.68001094 478.53300000 215.91219479
-0.67847650 477.63466667 215.42414614
-0.67694059 476.73300000 214.93583148
-0.67540467 475.82633333 214.44808024
-0.67386728 474.91566667 213.96007304
-0.67232841 474.00066667 213.47260723
-0.67078954 473.08066667 212.98487937
-0.66925067 472.15533333 212.49811773
-0.66771032 471.22466667 212.01107273
-0.66616849 470.28766667 211.52498753
-0.66462666 469.34500000 211.03902847
-0.66308484 468.39533333 210.55360775
-0.66154005 467.43900000 210.06912363
-0.65999675 466.47433333 209.58515875
-0.65845049 465.50166667 209.10292866
-0.65690570 464.51966667 208.62078646
-0.65535796 463.52800000 208.13992424
-0.65381022 462.52533333 207.65994085
-0.65226248 461.51100000 207.18120316
-0.65071326 460.48333333 206.70326557
-0.64916404 459.44333333 206.22485879
-0.64761335 458.38933333 205.74466381
-0.64606265 457.32233333 205.25444150
-0.64451047 456.28566667 204.73975716
-0.64295830 455.42500000 204.22745285
-0.64140464 454.75166667 203.75050155
-0.63985099 454.02633333 203.26224521
-0.63829586 453.22700000 202.75997927
-0.63674073 452.42566667 202.27548877
-0.63518412 451.57866667 201.79144279
-0.63362751 450.71066667 201.31036158
-0.63207090 449.83000000 200.83348712
-0.63051133 448.93266667 200.35752504
-0.62895324 448.02366667 199.88289237
-0.62739368 447.10500000 199.40916597
-0.62583411 446.17766667 198.93634323
-0.62427306 445.24233333 198.46481241
-0.62271202 444.29766667 197.99412791
-0.62114950 443.34733333 197.52430607
-0.61958697 442.39300000 197.05539811
-0.61802445 441.43600000 196.58778742
-0.61646045 440.47666667 196.12107845
-0.61489497 439.51600000 195.65525166
-0.61333097 438.55400000 195.19072191
-0.61176401 437.59266667 194.72707142
-0.61019853 436.63166667 194.26470970
-0.60863157 435.67200000 193.80363530
-0.60706461 434.71433333 193.34302613
-0.60549618 433.75866667 192.88451443
-0.60392774 432.80633333 192.42687293
-0.60235783 431.85733333 191.97010126
-0.60078939 430.91233333 191.51501233
-0.59921800 429.97200000 191.06079601
-0.59764808 429.03633333 190.60825944
-0.59607669 428.10633333 190.15699924
-0.59450530 427.18266667 189.70701315
-0.59293243 426.26533333 189.25830190
-0.59135956 425.35466667 188.81127360
-0.58978669 424.45100000 188.36511440
-0.58821234 423.55500000 187.92063991
-0.58663799 422.66700000 187.47744252
-0.58506364 421.78766667 187.03593238
-0.58348781 420.91600000 186.59529418
-0.58191198 420.05400000 186.15634559
-0.58033616 419.20066667 185.71827131
-0.57875885 418.35633333 185.28229744
-0.57718302 417.52233333 184.84679205
-0.57560424 416.69766667 184.41257246
-0.57402693 415.88300000 183.98004721
-0.57244815 415.07833333 183.54881055
-0.57086937 414.28466667 183.11804268
-0.56929058 413.50133333 182.68896851
-0.56771032 412.72833333 182.26077115
-0.56613006 411.96600000 181.83344773
-0.56454980 411.21433333 181.40740940
-0.56296805 410.47133333 180.98225247
-0.56138779 409.73800000 180.55796829
-0.55980605 409.01633333 180.13453415
-0.55822283 408.30533333 179.71194402
-0.55664109 407.60533333 179.29017574
-0.55505787 406.91500000 178.87043043
-0.55347466 406.23266667 178.45308121
-0.55189144 405.55600000 178.04054153
-0.55030822 404.88133333 177.63846530
-0.54872352 404.17966667 177.26566137
-0.54713882 403.29366667 176.91806488
-0.54555413 402.05833333 176.51556575
-0.54396943 400.80566667 176.09711753
-0.54238325 399.76900000 175.72526400
-0.54079708 398.77933333 175.34368099
-0.53921090 397.83133333 174.95032840
-0.53762473 396.93566667 174.55780302
-0.53603855 396.07600000 174.16612934
-0.53445090 395.24666667 173.77571924
-0.53286472 394.44266667 173.38617577
-0.53127707 393.65933333 172.99912590
-0.52968942 392.89400000 172.61374651
-0.52810029 392.14400000 172.23044992
-0.52651263 391.40666667 171.84883249
-0.52492498 390.68033333 171.46970324
-0.52333585 389.96433333 171.09265842
-0.52174671 389.25600000 170.71808500
-0.52015758 388.55533333 170.34519225
-0.51856845 387.86033333 169.97476996
-0.51697932 387.17100000 169.60642284
-0.51538871 386.48566667 169.24014116
-0.51379958 385.80466667 168.87591428
-0.51220897 385.12600000 168.51334761
-0.51061836 384.45066667 168.15364975
-0.50902775 383.77533333 167.79562096
-0.50743714 383.10033333 167.43970705
-0.50584653 382.42566667 167.08587774
-0.50425592 381.75033333 166.73410006
-0.50266383 381.07566667 166.38436113
-0.50107322 380.40000000 166.03707271
-0.49948261 379.72333333 165.69141674
-0.49789052 379.04566667 165.34820770
-0.49629843 378.36566667 165.00702957
-0.49470782 377.68366667 164.66829465
-0.49311573 376.99866667 164.33200121
-0.49152364 376.31000000 163.99774586
-0.48993156 375.61766667 163.66634342
-0.48833947 374.92033333 163.33737780
-0.48674738 374.21800000 163.01127556
-0.48515529 373.50966667 162.68803591
-0.48356320 372.79433333 162.36727065
-0.48196964 372.07133333 162.05021104
-0.48037755 371.34066667 161.73608374
-0.47878546 370.60100000 161.42529174
-0.47719337 369.85166667 161.11747981
-0.47559980 369.09366667 160.81269647
-0.47400772 368.32600000 160.51017716
-0.47241563 367.55100000 160.20880636
-0.47082206 366.77200000 159.90502877
-0.46922997 365.99766667 159.58832365
-0.46763788 365.30066667 159.24706260
-0.46604432 364.83900000 158.91984361
-0.46445223 364.55766667 158.62501894
-0.46286014 364.23033333 158.32174976
-0.46126658 363.81833333 158.00629058
-0.45967449 363.38366667 157.69983818
-0.45808240 362.93466667 157.40237378
-0.45649031 362.46333333 157.10704129
-0.45489822 361.97900000 156.81420514
-0.45330613 361.48400000 156.52384694
-0.45171257 360.98033333 156.23596602
-0.45012048 360.47000000 155.95018232
-0.44852839 359.95366667 155.66569985
-0.44693778 359.43133333 155.38377303
-0.44534569 358.90600000 155.10315097
-0.44375360 358.37833333 154.82417259
-0.44216151 357.84866667 154.54687717
-0.44057090 357.31933333 154.27124421
-0.43897882 356.78900000 153.99729398
-0.43738821 356.25933333 153.72498423
-0.43579612 355.73033333 153.45356224
-0.43420551 355.20233333 153.18463854
-0.43261490 354.67533333 152.91658199
-0.43102429 354.15100000 152.65060504
-0.42943368 353.62800000 152.38591437
-0.42784307 353.10733333 152.12332610
-0.42625394 352.58933333 151.86162904
-0.42466333 352.07466667 151.60203575
-0.42307419 351.56266667 151.34370762
-0.42148358 351.05400000 151.08711199
-0.41989445 350.54866667 150.83180664
-0.41830532 350.04733333 150.57781668
-0.41671619 349.54933333 150.32593412
-0.41512853 349.05600000 150.07576437
-0.41353940 348.56633333 149.82693890
-0.41195175 348.08100000 149.57940867
-0.41036262 347.60033333 149.33404158
-0.40877496 347.12400000 149.08997211
-0.40718731 346.65233333 148.84725415
-0.40560114 346.18600000 148.60628428
-0.40401348 345.72400000 148.36706452
-0.40242731 345.26700000 148.12917555
-0.40084113 344.81533333 147.89304047
-0.39925496 344.36866667 147.65868955
-0.39766878 343.92733333 147.42528234
-0.39608261 343.49133333 147.19363602
-0.39449791 343.06066667 146.96420405
-0.39291321 342.63566667 146.73533072
-0.39132851 342.21633333 146.50864867
-0.38974382 341.80166667 146.28334577
-0.38816060 341.39300000 146.05948618
-0.38657738 340.99000000 145.83746684
-0.38499416 340.59200000 145.61690069
-0.38341094 340.19866667 145.39746515
-0.38182920 339.81066667 145.18037448
-0.38024598 339.42933333 144.96387719
-0.37866424 339.05366667 144.74889015
-0.37708398 338.68533333 144.53535366
-0.37550224 338.32366667 144.32252564
-0.37392198 337.97033333 144.10963357
-0.37234172 337.62866667 143.89456416
-0.37076145 337.31566667 143.67782162
-0.36918267 337.05033333 143.46941711
-0.36760388 336.78900000 143.26460372
-0.36602510 336.50566667 143.05652441
-0.36444780 336.21933333 142.85112941
-0.36286901 335.92866667 142.64927415
-0.36129171 335.63400000 142.44848456
-0.35971588 335.33733333 142.24957905
-0.35814005 335.03933333 142.05260088
-0.35656422 334.74133333 141.85670309
-0.35498840 334.44300000 141.66227735
-0.35341405 334.14500000 141.46936795
-0.35183970 333.84833333 141.27798043
-0.35026535 333.55300000 141.08812040
-0.34869248 333.25933333 140.89893844
-0.34711961 332.96700000 140.71176463
-0.34554674 332.67666667 140.52536592
-0.34397534 332.38866667 140.34051971
-0.34240395 332.10300000 140.15723200
-0.34083256 331.82000000 139.97478503
-0.33926264 331.53900000 139.79395627
-0.33769273 331.26100000 139.61475367
-0.33612429 330.98566667 139.43641899
-0.33455586 330.71300000 139.25977493
-0.33298742 330.44333333 139.08444917
-0.33142046 330.17633333 138.91035703
-0.32985350 329.91300000 138.73765230
-0.32828655 329.65233333 138.56634861
-0.32672107 329.39533333 138.39679093
-0.32515559 329.14100000 138.22866026
-0.32359159 328.89000000 138.06202224
-0.32202758 328.64200000 137.89694553
-0.32046358 328.39800000 137.73296463
-0.31890106 328.15733333 137.57101408
-0.31734002 327.92033333 137.41073626
-0.31577749 327.68733333 137.25177577
-0.31421793 327.45900000 137.09421283
-0.31265688 327.23600000 136.93700009
-0.31109731 327.02033333 136.78098319
-0.30953923 326.81466667 136.62463542
-0.30798114 326.62233333 136.46536835
-0.30642305 326.45100000 136.29906636
-0.30486644 326.33400000 136.11459812
-0.30330983 326.37000000 135.92370774
-0.30175470 326.58000000 135.76396227
-0.30019957 326.75666667 135.60339157
-0.29864591 326.84133333 135.42773035
-0.29709226 326.91166667 135.26654948
-0.29554008 326.94433333 135.11041221
-0.29398791 326.94366667 134.95684668
-0.29243721 326.92000000 134.80560137
-0.29088651 326.87800000 134.65756116
-0.28933730 326.81966667 134.51112147
-0.28778808 326.74766667 134.36666277
-0.28623886 326.66433333 134.22331694
-0.28469112 326.57066667 134.08160421
-0.28314485 326.46866667 133.94102362
-0.28159859 326.35966667 133.80173205
-0.28005381 326.24500000 133.66366854
-0.27850902 326.12500000 133.52647973
-0.27696572 326.00100000 133.39010189
-0.27542241 325.87366667 133.25514346
-0.27388059 325.74433333 133.12102189
-0.27234024 325.61300000 132.98827039
-0.27079989 325.48033333 132.85646115
-0.26925954 325.34733333 132.72613332
-0.26772067 325.21400000 132.59625201
-0.26618327 325.08166667 132.46779899
-0.26464588 324.95000000 132.34007183
-0.26310997 324.81966667 132.21291763
-0.26157405 324.69100000 132.08759714
-0.26003962 324.56400000 131.96251996
-0.25850518 324.43966667 131.83850362
-0.25697222 324.31733333 131.71547247
-0.25544074 324.19700000 131.59343827
-0.25390926 324.07933333 131.47196620
-0.25237926 323.96366667 131.35151410
-0.25084926 323.84933333 131.23145665
-0.24932074 323.73566667 131.11304524
-0.24779369 323.62066667 130.99599253
-0.24626665 323.50233333 130.88083940
-0.24474108 323.37566667 130.76863253
-0.24321552 323.23466667 130.66230634
-0.24169143 323.06666667 130.56598438
-0.24016882 322.85666667 130.48865431
-0.23864621 322.55900000 130.46084725
-0.23712508 321.93033333 130.50616607
-0.23560542 320.65833333 130.47513782
-0.23408577 319.31666667 130.37493785
-0.23256759 318.49933333 130.34067539
-0.23104942 317.94966667 130.30166694
-0.22953272 317.54100000 130.22875881
-0.22801750 317.27800000 130.15097423
-0.22650376 317.11000000 130.07239397
-0.22499002 317.01300000 129.99417895
-0.22347628 316.96866667 129.91691584
-0.22196550 316.96366667 129.84210915
-0.22045471 316.98900000 129.77021545
-0.21894541 317.03733333 129.70116035
-0.21743610 317.10300000 129.63505506
-0.21592827 317.18300000 129.57191395
-0.21442193 317.27333333 129.51175129
-0.21291705 317.37133333 129.45445321
-0.21141218 317.47700000 129.40002938
-0.20990879 317.58733333 129.34809626
-0.20840540 317.70200000 129.29858947
-0.20690496 317.81966667 129.25124924
-0.20540453 317.94033333 129.20607483
-0.20390557 318.06300000 129.16306541
-0.20240661 318.18666667 129.12180478
-0.20090913 318.31133333 129.08269834
-0.19941313 318.43633333 129.04578107
-0.19791861 318.56000000 129.01072193
-0.19642408 318.68233333 128.97768317
-0.19493104 318.79966667 128.94771489
-0.19343947 318.90900000 128.92252398
-0.19194791 318.99900000 128.90622564
-0.19045930 319.03833333 128.89709330
-0.18897069 319.01133333 128.88803649
-0.18748355 318.95500000 128.87740373
-0.18599642 318.91500000 128.86752409
-0.18451077 318.91000000 128.86084815
-0.18302659 318.92700000 128.85427640
-0.18154390 318.95766667 128.84656615
-0.18006268 319.00600000 128.83924519
-0.17858146 319.06933333 128.83339023
-0.17710172 319.14766667 128.82836625
-0.17562346 319.24100000 128.82353156
-0.17414667 319.34966667 128.82009815
-0.17266989 319.47366667 128.81715211
-0.17119606 319.61233333 128.81464450
-0.16972223 319.76666667 128.81331632
-0.16824841 319.93766667 128.81238357
-0.16677754 320.12400000 128.81211945
-0.16530667 320.32733333 128.81203388
-0.16383875 320.54733333 128.81227797
-0.16237084 320.78433333 128.81288250
-0.16090440 321.03900000 128.81376450
-0.15943796 321.31166667 128.81418766
-0.15797449 321.60200000 128.81505183
-0.15651101 321.91133333 128.81528433
-0.15504900 322.23900000 128.81618006
-0.15358848 322.58633333 128.81601566
-0.15212944 322.95266667 128.81597600
-0.15067039 323.33900000 128.81537065
-0.14921430 323.74500000 128.81359928
-0.14775822 324.17100000 128.81193650
-0.14630375 324.61800000 128.80950599
-0.14485062 325.08500000 128.80578906
-0.14339867 325.57333333 128.80170046
-0.14194791 326.08266667 128.79624299
-0.14049847 326.61333333 128.79042381
-0.13905022 327.16566667 128.78334752
-0.13760344 327.74000000 128.77470047
-0.13615770 328.33566667 128.76565591
-0.13471344 328.95400000 128.75523583
-0.13327021 329.59400000 128.74340146
-0.13182846 330.25700000 128.73058457
-0.13038804 330.94233333 128.71721797
-0.12894881 331.65100000 128.70185590
-0.12751090 332.38200000 128.68587231
-0.12607433 333.13633333 128.66855819
-0.12463893 333.91433333 128.65034694
-0.12320502 334.71533333 128.63088062
-0.12177229 335.53966667 128.61071468
-0.12034104 336.38700000 128.58928735
-0.11891096 337.25766667 128.56703783
-0.11748222 338.14966667 128.54466741
-0.11605496 339.06200000 128.52282503
-0.11462888 339.99133333 128.50242334
-0.11320413 340.93266667 128.48698809
-0.11178086 341.86700000 128.48778689
-0.11035892 342.71600000 128.51120575
-0.10893816 343.39933333 128.51422754
-0.10751888 344.11033333 128.49261009
-0.10610108 345.03400000 128.48890670
-0.10468446 346.06800000 128.48623111
-0.10326932 347.15400000 128.47412464
-0.10185551 348.30000000 128.46318465
-0.10044304 349.48933333 128.45531482
-0.09903203 350.71800000 128.44973750
-0.09762236 351.98433333 128.44694384
-0.09621417 353.28666667 128.44807851
-0.09480731 354.62566667 128.45193368
-0.09340178 356.00200000 128.46016055
-0.09199772 357.41500000 128.47249500
-0.09059500 358.86800000 128.48939599
-0.08919376 360.36066667 128.51107356
-0.08779384 361.89566667 128.53845985
-0.08639541 363.47400000 128.57085083
-0.08499845 365.09766667 128.60962437
-0.08360282 366.76766667 128.65549086
-0.08220867 368.48633333 128.70819403
-0.08081600 370.25500000 128.76891484
-0.07942466 372.07533333 128.83928323
-0.07803480 373.94866667 128.91904615
-0.07664641 375.87566667 129.01055380
-0.07525951 377.85633333 129.11449811
-0.07387393 379.89033333 129.23396374
-0.07248984 381.97433333 129.37126619
-0.07110722 384.10000000 129.53017294
-0.06972608 386.25500000 129.71940796
-0.06834642 388.41166667 129.96276293
-0.06696823 390.38900000 130.28069387
-0.06559138 392.01733333 130.52516741
-0.06421615 394.11733333 130.64629639
-0.06284240 397.52933333 130.84682302
-0.06146998 401.60066667 131.08898409
-0.06009919 405.84333333 131.29495109
-0.05872988 410.38300000 131.52863624
-0.05736204 415.17366667 131.79001136
-0.05599568 420.25833333 132.07059943
-0.05463080 425.70466667 132.36285674
-0.05326740 431.61766667 132.65546815
-0.05190548 438.14533333 132.92438603
-0.05054518 445.53933333 133.12035472
-0.04918636 454.19033333 133.16299804
-0.04782902 464.93300000 132.93164083
-0.04647316 479.27600000 132.74400056
-0.04511893 494.57966667 133.71633934
-0.04376617 501.42966667 134.71115490
-0.04241504 503.06366667 134.93815216
-0.04106524 508.22000000 135.59988360
-0.03971706 514.90000000 136.48114921
-0.03837051 522.21933333 137.31136019
-0.03702529 530.78800000 138.20081253
-0.03568185 540.57433333 139.16198373
-0.03433973 551.80000000 140.16467986
-0.03299939 564.84266667 141.13627601
-0.03166038 580.36400000 141.94969542
-0.03032315 599.88633333 142.42294528
-0.02898739 626.90266667 143.11824248
-0.02765326 658.62900000 146.23055428
-0.02632105 674.66600000 150.56496569
-0.02499002 671.96300000 153.59106718
-0.02366047 670.03433333 157.21790745
-0.02233255 670.64266667 162.49996767
-0.02100625 670.08400000 169.01358521
-0.01968143 670.73000000 177.14297119
-0.01835824 673.23500000 187.74416647
-0.01703653 679.24866667 202.23941644
-0.01571644 690.67000000 224.11403821
-0.01439801 712.58600000 261.55708222
-0.01308110 742.29400000 324.44043090
-0.01176578 744.50100000 352.50736117
-0.01045207 716.96733333 305.71434563
-0.00913993 689.61700000 250.29276535
-0.00782941 674.25500000 219.49501664
-0.00652048 664.77433333 201.80655092
-0.00521317 664.63366667 189.07464058
-0.00390746 664.33466667 180.76072582
-0.00260335 680.68100000 173.35424459
-0.00130087 722.59533333 168.09631631
-0.00000000 722.15200000 162.58110435
