# s/c   h_mean    h_std
0.00000000 607.10963466 154.91723754
0.00130087 607.44073054 153.96715872
0.00260174 607.59189753 153.19451088
0.00390261 607.57542224 152.59071261
0.00520348 607.40318674 152.14743459
0.00650435 607.08667598 151.85659447
0.00780522 606.63698506 151.71035212
0.00910609 606.06482652 151.70110512
0.01040697 605.38053748 151.82148454
0.01170784 604.59408683 152.06435086
0.01300871 603.71508221 152.42279007
0.01430958 602.75277709 152.89010982
0.01561045 601.71607768 153.45983571
0.01691132 600.61354981 154.12570758
0.01821219 599.45342573 154.88167583
0.01951306 598.24361091 155.72189770
0.02081393 596.99169068 156.64073362
0.02211480 595.70493692 157.63274340
0.02341567 594.39031457 158.69268250
0.02470176 593.05448821 159.81549825
0.02600263 591.70382842 160.99632596
0.02730350 590.34441825 162.23048509
0.02860437 588.98205950 163.51347534
0.02990524 587.62227898 164.84097278
0.03120611 586.27033472 166.20882589
0.03250698 584.93122212 167.61305169
0.03380786 583.60968001 169.04983183
0.03510873 582.31019668 170.51550867
0.03640960 581.03701580 172.00658148
0.03771047 579.79414237 173.51970254
0.03901134 578.58534849 175.05167341
0.04029743 577.41417918 176.59944119
0.04159830 576.28395803 178.16009476
0.04289917 575.19779293 179.73086121
0.04420004 574.15858154 181.30910223
0.04550091 573.16901692 182.89231063
0.04680178 572.23159293 184.47810682
0.04810265 571.34860962 186.06423550
0.04940352 570.52217862 187.64856230
0.05068961 569.75422837 189.22907055
0.05199048 569.04650934 190.80385811
0.05329135 568.40059920 192.37113426
0.05459222 567.81790788 193.92921664
0.05589309 567.29968264 195.47652832
0.05719396 566.84701298 197.01159489
0.05849483 566.46083561 198.53304161
0.05978092 566.14193923 200.03959067
0.06108179 565.89096936 201.53005847
0.06238266 565.70843304 203.00335297
0.06368353 565.59470348 204.45847115
0.06498440 565.55002466 205.89449641
0.06628528 565.57451588 207.31059620
0.06757136 565.66817620 208.70601951
0.06887223 565.83088891 210.08009456
0.07017310 566.06242580 211.43222645
0.07147398 566.36245151 212.76189492
0.07277485 566.73052774 214.06865206
0.07407572 567.16611739 215.35212016
0.07536180 567.66858869 216.61198956
0.07666268 568.23721924 217.84801644
0.07796355 568.87119996 219.06002082
0.07926442 569.56963905 220.24788442
0.08056529 570.33156581 221.41154863
0.08185138 571.15593446 222.55101247
0.08315225 572.04162784 223.66633060
0.08445312 572.98746111 224.75761125
0.08575399 573.99218536 225.82501430
0.08704008 575.05449112 226.86874924
0.08834095 576.17301189 227.88907321
0.08964182 577.34632755 228.88628899
0.09094269 578.57296769 229.86074303
0.09224356 579.85141496 230.81282346
0.09352965 581.18010828 231.74295803
0.09483052 582.55744602 232.65161218
0.09613139 583.98178911 233.53928693
0.09743226 585.45146411 234.40651687
0.09871835 586.96476619 235.25386810
0.10001922 588.51996205 236.08193613
0.10132009 590.11529281 236.89134375
0.10260618 591.74897682 237.68273893
0.10390705 593.41921236 238.45679267
0.10520792 595.12418037 239.21419676
0.10650879 596.86204707 239.95566165
0.10779488 598.63096648 240.68191413
0.10909575 600.42908296 241.39369516
0.11039662 602.25453361 242.09175750
0.11169749 604.10545070 242.77686346
0.11298358 605.97996390 243.44978255
0.11428445 607.87620262 244.11128911
0.11558532 609.79229812 244.76215997
0.11687141 611.72638571 245.40317206
0.11817228 613.67660675 246.03510000
0.11947315 615.64111071 246.65871371
0.12075924 617.61805707 247.27477601
0.12206011 619.60561723 247.88404020
0.12336098 621.60197630 248.48724770
0.12466185 623.60533490 249.08512561
0.12594794 625.61391082 249.67838440
0.12724881 627.62594065 250.26771555
0.12854968 629.63968138 250.85378924
0.12983577 631.63215933 251.42879225
0.13113664 634.81697118 252.08734579
0.13243751 637.57594724 252.73384574
0.13372359 639.98466411 253.41103031
0.13502447 642.37354671 254.10372545
0.13632534 644.70893598 254.81071154
0.13761142 647.02652988 255.52456508
0.13891229 649.24670527 256.22232147
0.14019838 651.40810731 256.88498050
0.14149925 653.70877128 257.49861543
0.14280012 656.09036692 258.06582449
0.14408621 658.13965161 258.59581534
0.14538708 659.72437450 259.16917991
0.14668795 661.18962742 259.84839344
0.14797404 662.60182484 260.56346267
0.14927491 664.00122268 261.27976481
0.15056100 665.54835402 261.98104067
0.15186187 667.24802067 262.65782921
0.15316274 668.71908353 263.29396698
0.15444883 669.90444665 263.93225468
0.15574970 671.21674900 264.60594076
0.15703579 672.68828439 265.26350145
0.15833666 674.23430311 265.91360683
0.15963753 675.59528317 266.55278705
0.16092362 676.82721743 267.18992481
0.16222449 678.46414666 267.78158412
0.16351058 680.50635517 268.25289905
0.16481145 682.32760023 268.61189795
0.16611232 683.58682562 268.94978475
0.16739841 684.50972471 269.38684261
0.16869928 685.29668628 269.92199006
0.16998537 685.96693664 270.50508529
0.17128624 686.55454557 271.11383610
0.17257232 687.09200076 271.72891942
0.17387319 687.62178438 272.33889068
0.17517407 688.22401393 272.94141448
0.17646015 688.96369212 273.53225935
0.17776102 689.87822300 274.10885880
0.17904711 690.93026426 274.66635495
0.18034798 692.08710532 275.20959953
0.18163407 693.27712097 275.72865947
0.18293494 694.42237134 276.21151012
0.18422103 695.50772609 276.64521853
0.18552190 696.62623321 277.06092492
0.18680799 697.64401082 277.45967556
0.18810886 698.41869613 277.86714201
0.18939495 699.07873509 278.32829993
0.19069582 699.72341112 278.80373749
0.19199669 700.72709513 279.25597848
0.19328278 702.12838647 279.60364570
0.19458365 703.32040704 279.81318203
0.19586974 704.04190101 279.96904143
0.19717061 704.41550927 280.14103701
0.19845669 704.80584873 280.39495146
0.19975757 705.32131770 280.68784013
0.20104365 705.80119032 280.96831709
0.20234452 706.18710458 281.28728337
0.20363061 706.29865689 281.61819487
0.20493148 706.30200509 281.95564236
0.20621757 706.69043585 282.30909122
0.20750366 707.43726851 282.56864032
0.20880453 708.11945150 282.70939104
0.21009062 708.30761701 282.74485096
0.21139149 707.93074866 282.73051686
0.21267758 707.50995728 282.80762450
0.21397845 707.39393517 282.93866397
0.21526454 707.50131435 283.03112880
0.21656541 707.61388640 283.05834947
0.21785149 707.61283884 283.02674174
0.21915236 707.46835529 282.94994952
0.22043845 707.21640296 282.85674898
0.22173932 706.83455624 282.75394438
0.22302541 706.29695772 282.63644058
0.22432628 705.69224696 282.50850875
0.22561237 705.11609261 282.35753916
0.22689846 704.69173645 282.17417332
0.22819933 704.24314244 281.91880311
0.22948542 703.46995905 281.57959069
0.23078629 702.44321531 281.21638170
0.23207238 701.35646521 280.87160932
0.23337325 700.35008014 280.56869546
0.23465933 699.35097661 280.30089000
0.23594542 698.12845185 280.05504996
0.23724629 696.57240917 279.83178824
0.23853238 694.88136415 279.64317614
0.23983325 693.35529660 279.48011839
0.24111934 692.06258170 279.30170479
0.24240543 691.02508908 279.10349372
0.24370630 690.07808822 278.86966596
0.24499239 688.88690232 278.59861510
0.24629326 687.42017002 278.33797706
0.24757935 685.83275664 278.10449192
0.24886543 684.17667610 277.88927163
0.25016630 682.60402355 277.71153097
0.25145239 681.22687879 277.56856094
0.25275326 679.83009312 277.41976326
0.25403935 678.27337341 277.26196386
0.25532544 676.63532758 277.10566340
0.25662631 674.94765761 276.94050198
0.25791240 673.27237335 276.79646278
0.25919849 671.54909271 276.65837814
0.26049936 669.75722084 276.53336459
0.26178545 668.18789212 276.50760316
0.26307153 666.80262010 276.51947265
0.26437240 665.38536022 276.50394627
0.26565849 664.04787592 276.49185155
0.26695936 662.84303317 276.44187143
0.26824545 661.87587306 276.36063992
0.26953154 661.05464386 276.24944872
0.27083241 659.95470653 276.09833430
0.27211850 658.49686996 276.01960030
0.27340459 656.78747428 276.02977541
0.27470546 655.14864034 276.13517322
0.27599154 653.85905457 276.31954145
0.27727763 652.75037166 276.45036683
0.27857850 651.65299014 276.51907476
0.27986459 650.49996300 276.55783394
0.28115068 649.37796504 276.57772138
0.28243677 648.46846518 276.65748601
0.28373764 647.43161986 276.84686958
0.28502373 645.87872055 277.10803554
0.28630981 644.09979062 277.39536153
0.28761068 642.86351447 277.72097121
0.28889677 642.34854133 278.01308191
0.29018286 641.71696443 278.19722884
0.29148373 640.52342296 278.40055141
0.29276982 639.02806930 278.72207136
0.29405591 637.57826118 279.13713731
0.29534200 636.44997051 279.62097291
0.29664287 635.69828982 280.12033674
0.29792895 635.12822600 280.57336398
0.29921504 634.54337134 281.00682414
0.30051591 633.70419919 281.41996061
0.30180200 632.60899293 281.86568527
0.30308809 631.39345297 282.38431557
0.30437418 630.19587697 282.94199082
0.30567505 629.32578335 283.54660019
0.30696114 628.81850892 284.13485524
0.30824722 628.52657423 284.66751455
0.30953331 628.39812461 285.17317632
0.31083418 628.21211276 285.67050225
0.31212027 627.66119525 286.16525640
0.31340636 626.76057070 286.68186496
0.31469245 625.99228552 287.30763366
0.31599332 625.57685937 288.03312355
0.31727941 625.15093198 288.77127731
0.31856549 624.64435224 289.54152957
0.31985158 624.28063541 290.35111436
0.32115245 624.12772340 291.14702188
0.32243854 624.17930444 291.89971609
0.32372463 624.40147941 292.58307779
0.32501072 624.70455113 293.18650986
0.32629681 624.98412415 293.72326417
0.32759768 625.10007591 294.19258139
0.32888376 625.04885234 294.64600723
0.33016985 624.95536728 295.14983557
0.33145594 624.79370798 295.67852792
0.33275681 624.58952292 296.22055056
0.33404290 624.51660575 296.80730101
0.33532899 624.55830727 297.40178565
0.33661508 624.56472016 297.96099070
0.33790116 624.47039497 298.48435485
0.33918725 624.34231540 298.99328416
0.34048812 624.27059938 299.49874963
0.34177421 624.29166332 299.99454799
0.34306030 624.42432514 300.47178309
0.34434639 624.63538696 300.90722486
0.34563247 624.89036352 301.29846706
0.34693335 625.20686332 301.67037953
0.34821943 625.32362986 301.98120937
0.34950552 625.15253244 302.27500550
0.35079161 624.84785574 302.59873185
0.35207770 624.43885533 302.92447985
0.35336379 624.05664141 303.28801740
0.35466466 623.74786139 303.66833736
0.35595074 623.54322289 304.04127540
0.35723683 623.63363369 304.43067252
0.35852292 623.83145503 304.77072678
0.35980901 623.82383883 305.02305262
0.36109510 623.69123905 305.24308564
0.36238118 623.54764654 305.45137205
0.36368206 623.40929413 305.65561528
0.36496814 623.17774249 305.85113119
0.36625423 622.81539024 306.05629489
0.36754032 622.39727438 306.28973243
0.36882641 621.93018987 306.51248519
0.37011250 621.67076245 306.75856289
0.37139858 621.68246474 307.00198634
0.37269945 621.60034801 307.15447640
0.37398554 621.34429928 307.26326640
0.37527163 621.00068463 307.37941470
0.37655772 620.59353668 307.50140411
0.37784381 620.13847514 307.62843896
0.37912989 619.71959175 307.77689826
0.38041598 619.50154954 307.96475243
0.38170207 619.30515137 308.14312781
0.38298816 618.90829124 308.29855312
0.38428903 618.46364342 308.48861791
0.38557512 618.08007559 308.70565751
0.38686121 617.74607029 308.90985346
0.38814729 617.43016083 309.07894196
0.38943338 617.15393014 309.21566976
0.39071947 616.94746115 309.32554395
0.39200556 616.73066191 309.39658665
0.39329165 616.44871156 309.43588672
0.39457773 616.13057599 309.45772363
0.39586382 615.81471409 309.46083724
0.39714991 615.46168090 309.43035521
0.39843600 615.14979047 309.40199788
0.39973687 614.84290675 309.40524909
0.40102296 614.26320635 309.43066513
0.40230905 613.35959601 309.49218845
0.40359513 612.54517949 309.65946154
0.40488122 612.14090814 309.89735438
0.40616731 611.91826602 310.07391982
0.40745340 611.74783056 310.19296905
0.40873949 611.56684371 310.28606871
0.41002557 611.20490656 310.36435925
0.41131166 610.59579880 310.43564945
0.41259775 610.14370743 310.57352929
0.41388384 610.03978008 310.74906694
0.41516993 609.89311559 310.83166054
0.41645601 609.70212889 310.85388381
0.41774210 609.56428483 310.80500225
0.41902819 609.62855134 310.66681426
0.42031428 609.84776336 310.42721497
0.42160037 609.63767021 310.09585447
0.42288645 608.76392626 309.77092457
0.42417254 607.71248274 309.57459686
0.42545863 606.93212326 309.53584914
0.42674472 606.35935684 309.52790383
0.42803081 605.78596667 309.46903406
0.42931690 605.22423348 309.38375809
0.43060298 604.78414166 309.30530245
0.43188907 604.41437842 309.20021879
0.43317516 604.04545982 309.04855888
0.43446125 603.65071002 308.85675140
0.43574734 603.22192343 308.63365516
0.43703342 602.75832901 308.38444109
0.43831951 602.27728105 308.11855302
0.43960560 601.77615719 307.83606545
0.44089169 601.25271838 307.54222793
0.44217778 600.72511564 307.25747790
0.44346386 600.20085609 307.01661993
0.44474995 599.54611553 306.77884840
0.44603604 598.81998516 306.52472947
0.44732213 598.32869202 306.25278006
0.44860822 598.15611304 305.90502237
0.44989430 598.14708501 305.46426891
0.45118039 597.75309385 304.93445414
0.45246648 596.69396295 304.40829135
0.45375257 595.45354533 304.02487981
0.45503866 594.41684781 303.81080203
0.45632474 593.63813712 303.72836304
0.45761083 592.77902112 303.65592030
0.45889692 591.76446198 303.61402952
0.46018301 590.87847814 303.67785999
0.46146910 590.20875785 303.74116008
0.46275519 589.97373297 303.77744464
0.46404127 590.09536288 303.75600604
0.46532736 589.97638074 303.60067878
0.46661345 589.37147076 303.40050431
0.46789954 588.46280149 303.22647662
0.46917084 587.62040360 303.12630333
0.47045693 587.19603612 303.12018678
0.47174302 586.95519772 303.04913969
0.47302911 586.63210540 302.88454247
0.47431520 586.17107607 302.68740788
0.47560128 585.54734959 302.48922706
0.47688737 584.84894517 302.33962290
0.47817346 584.19409198 302.25564292
0.47945955 583.59690700 302.19801080
0.48074564 583.09476977 302.13693744
0.48203172 582.75061291 302.06022251
0.48331781 582.51476973 301.94611336
0.48460390 582.25061397 301.78658820
0.48587521 581.81425920 301.60046848
0.48716129 581.19375636 301.42508024
0.48844738 580.50124258 301.29793330
0.48973347 579.85975094 301.23121221
0.49101956 579.30138543 301.19554242
0.49230565 578.80028069 301.15923903
0.49359173 578.34605925 301.10793102
0.49487782 577.93392599 301.03446171
0.49616391 577.55091490 300.93498000
0.49743522 577.17164993 300.80960294
0.49872130 576.76810051 300.66370143
0.50000739 576.31989773 300.50792265
0.50129348 575.82323325 300.35801785
0.50257957 575.28652388 300.23175231
0.50386566 574.70107577 300.12833486
0.50515174 574.09191645 300.04775450
0.50643783 573.52018633 299.99241293
0.50770914 573.04137253 299.94896759
0.50899523 572.66342789 299.90276700
0.51028131 572.32504138 299.84287926
0.51156740 571.92920191 299.76199560
0.51285349 571.44066210 299.68140450
0.51413958 570.90313345 299.63639663
0.51542567 570.37116712 299.63791816
0.51669697 569.81300900 299.64366948
0.51798306 569.35047849 299.66874397
0.51926915 569.10837458 299.71048579
0.52055524 568.89151904 299.66483151
0.52184132 568.72363546 299.56539040
0.52312741 568.62598938 299.45701831
0.52439872 568.33429643 299.31433110
0.52568480 567.73912241 299.18910742
0.52697089 566.92475039 299.12631760
0.52825698 566.12092029 299.15107999
0.52954307 565.54491242 299.26218863
0.53082916 565.23092107 299.37197580
0.53210046 565.22066494 299.45867053
0.53338655 565.27394842 299.47820510
0.53467264 565.02424065 299.39851106
0.53595873 564.54530470 299.34420080
0.53724481 563.92443795 299.32054598
0.53853090 563.28012901 299.30765658
0.53980221 563.02621387 299.38506548
0.54108830 563.06696951 299.43147086
0.54237438 562.95445002 299.32069582
0.54366047 562.77080370 299.18388431
0.54494656 562.50517907 299.06101365
0.54621787 561.91852711 298.89221615
0.54750395 561.24541864 298.77936086
0.54879004 560.74992115 298.75771544
0.55007613 560.37272431 298.72335909
0.55134744 560.13091888 298.66056027
0.55263352 560.00268512 298.57268634
0.55391961 559.79220773 298.42993414
0.55520570 559.39712070 298.25592193
0.55649179 558.88806829 298.10235987
0.55776309 558.31236741 297.95704936
0.55904918 557.86915114 297.85468541
0.56033527 557.62897551 297.76473073
0.56162136 557.43871441 297.61393735
0.56289266 557.25268387 297.42445670
0.56417875 556.96080467 297.19108919
0.56546484 556.52248049 296.94617215
0.56675093 555.99561784 296.73337536
0.56803702 555.42532488 296.57591428
0.56930832 554.80316265 296.46178154
0.57059441 554.17321106 296.38729220
0.57188050 553.65083748 296.36932847
0.57316659 553.26985701 296.36964082
0.57443789 552.99892696 296.34575491
0.57572398 552.80099371 296.27815874
0.57701007 552.64778985 296.15466039
0.57829616 552.50770699 295.97738086
0.57956746 552.35533052 295.76445641
0.58085355 552.10141485 295.52144957
0.58213964 551.67829332 295.28093319
0.58341094 551.09569711 295.07574462
0.58469703 550.41424516 294.92045229
0.58598312 549.79236495 294.84909926
0.58726921 549.29785803 294.83668649
0.58854051 548.85041696 294.81549113
0.58982660 548.50615044 294.79948017
0.59111269 548.27784480 294.79684581
0.59239878 547.95826831 294.75506612
0.59367008 547.51707239 294.70009833
0.59495617 547.06587941 294.67598332
0.59624226 546.69825965 294.68747426
0.59751356 546.46043985 294.70952388
0.59879965 546.31377979 294.70010254
0.60008574 546.22171148 294.64323295
0.60137183 546.13581175 294.53058637
0.60264313 546.02170172 294.37782865
0.60392922 545.82387771 294.20037408
0.60521531 545.46849017 294.01897607
0.60648661 544.98780526 293.88331491
0.60777270 544.37333951 293.78218236
0.60905879 543.75527198 293.74567590
0.61033010 543.34194683 293.79985804
0.61161618 543.08318986 293.86451797
0.61290227 542.93725089 293.91047012
0.61417358 542.85112939 293.92544610
0.61545967 542.71982277 293.89217289
0.61674575 542.54996295 293.83370070
0.61801706 542.36602829 293.76710915
0.61930315 542.17919413 293.69853462
0.62058924 541.98454821 293.62530045
0.62187532 541.75573406 293.53412023
0.62314663 541.54563905 293.43464035
0.62443272 541.37814167 293.32058055
0.62571880 541.21131635 293.17936684
0.62699011 541.04307351 293.03705687
0.62827620 540.75998788 292.88561172
0.62954750 540.29553427 292.74522604
0.63083359 539.77534128 292.68060352
0.63211968 539.26625289 292.69485692
0.63339099 538.78197774 292.76739083
0.63467707 538.38637556 292.89657521
0.63596316 538.10504802 293.05859636
0.63723447 537.91841548 293.21711636
0.63852056 537.81124217 293.34862542
0.63980664 537.79502569 293.44692456
0.64107795 537.85853090 293.50478766
0.64236404 537.91400500 293.50114666
0.64365012 537.90388339 293.43881368
0.64492143 537.83816887 293.33984528
0.64620752 537.72925466 293.21864988
0.64749361 537.58009298 293.08247211
0.64876491 537.39121477 292.93872396
0.65005100 537.15966680 292.79298516
0.65132231 536.88826006 292.65482692
0.65260839 536.57942476 292.53238593
0.65389448 536.22999259 292.43120075
0.65516579 535.84296414 292.35797226
0.65645188 535.42522220 292.31373295
0.65772318 535.01161989 292.30729023
0.65900927 534.63882974 292.34161363
0.66029536 534.30780678 292.40887225
0.66156666 534.00872723 292.50941650
0.66285275 533.68924786 292.63100349
0.66413884 533.32313674 292.76444644
0.66541014 533.00193130 292.93184940
0.66669623 532.81091705 293.13281623
0.66796754 532.75225447 293.33759777
0.66925363 532.76320832 293.51106615
0.67053971 532.76766944 293.62835407
0.67181102 532.73492817 293.69408715
0.67309711 532.70882537 293.75004033
0.67436841 532.60477153 293.79056711
0.67565450 532.30975755 293.81188164
0.67692581 531.92208594 293.87551446
0.67821189 531.54079099 294.00501225
0.67949798 531.18998542 294.19314130
0.68076929 530.88173575 294.43796304
0.68205538 530.57611138 294.71274555
0.68332668 530.25822279 294.99263103
0.68461277 530.03711167 295.29787489
0.68589886 530.04525026 295.64335711
0.68717016 530.20171304 295.97382147
0.68845625 530.30956176 296.23124029
0.68972756 530.33958765 296.43876289
0.69101364 530.33466267 296.63101391
0.69228495 530.30640966 296.81591498
0.69357104 530.25433851 296.99338459
0.69484234 530.19706542 297.17031342
0.69612843 530.14760580 297.34026069
0.69741452 530.11185253 297.49492733
0.69868582 530.12470999 297.64125783
0.69997191 530.17943422 297.77882799
0.70124322 530.17213410 297.87959070
0.70252931 530.06688068 297.94905310
0.70380061 529.95246924 298.03667981
0.70508670 529.88155128 298.15500429
0.70635801 529.82090906 298.28378931
0.70764409 529.74204102 298.41704226
0.70893018 529.64591456 298.56119953
0.71020149 529.53831198 298.72242988
0.71148758 529.43429849 298.90534809
0.71275888 529.33261956 299.09706489
0.71404497 529.24840893 299.28262907
0.71531627 529.28336046 299.48029422
0.71660236 529.42930389 299.66847732
0.71787367 529.53974617 299.79839448
0.71915976 529.56593467 299.88336427
0.72043106 529.53590586 299.95262411
0.72171715 529.47316382 300.01849756
0.72298845 529.39557740 300.08459619
0.72427454 529.33073510 300.15613821
0.72554585 529.28968116 300.23529356
0.72683194 529.25833010 300.32613099
0.72810324 529.18068097 300.41699100
0.72938933 529.02973896 300.50895775
0.73066064 528.87258893 300.62641591
0.73194672 528.76892215 300.77071380
0.73321803 528.73801787 300.93082871
0.73450412 528.76262020 301.08536553
0.73577542 528.79345354 301.21442784
0.73706151 528.80438724 301.31813433
0.73833282 528.79579551 301.40466753
0.73961890 528.77078598 301.48098071
0.74089021 528.72962041 301.55087120
0.74217630 528.67217067 301.61786448
0.74344760 528.59858297 301.68474104
0.74473369 528.50881273 301.75268178
0.74600500 528.40926583 301.82380936
0.74729108 528.31462347 301.90052722
0.74856239 528.23899936 301.98349406
0.74984848 528.18623598 302.06810335
0.75111978 528.15222116 302.14779849
0.75240587 528.12961929 302.21752576
0.75367718 528.11171454 302.27413579
0.75496327 528.09348799 302.31624559
0.75623457 528.07162514 302.34405914
0.75752066 528.04411306 302.35848878
0.75879196 528.00911174 302.36058037
0.76007805 527.96606283 302.35168673
0.76134936 527.91596829 302.33322431
0.76263545 527.86168938 302.30661393
0.76390675 527.80704758 302.27240452
0.76517806 527.75435221 302.22896399
0.76646414 527.70801587 302.17387797
0.76773545 527.67301031 302.10653408
0.76902154 527.65814296 302.02948895
0.77029284 527.63570348 301.93408824
0.77157893 527.55634591 301.81258239
0.77285024 527.41588241 301.67910729
0.77413633 527.23196310 301.55145791
0.77540763 527.01812094 301.43958632
0.77669372 526.78536991 301.34998631
0.77796502 526.53557897 301.28319335
0.77923633 526.27635840 301.24060007
0.78052242 526.03409611 301.22913523
0.78179372 525.81563083 301.24197768
0.78307981 525.62676091 301.27225635
0.78435112 525.48717457 301.31867362
0.78563720 525.38393187 301.36790600
0.78690851 525.29202084 301.40897230
0.78817982 525.20421036 301.44106763
0.78946590 525.11845552 301.46480989
0.79073721 525.03241176 301.48051065
0.79202330 524.94195963 301.48799795
0.79329460 524.84473122 301.48931475
0.79458069 524.73627683 301.48590638
0.79585200 524.60534941 301.47712485
0.79712330 524.45328987 301.46933038
0.79840939 524.28890280 301.47056487
0.79968070 524.11356588 301.48452799
0.80096678 523.92857813 301.51262745
0.80223809 523.73944383 301.55505304
0.80350939 523.55377003 301.60936930
0.80479548 523.39989701 301.67995474
0.80606679 523.30178196 301.76843372
0.80735288 523.24147853 301.85972795
0.80862418 523.19312595 301.94166946
0.80989549 523.14586012 302.01160037
0.81118157 523.09317541 302.06643793
0.81245288 523.04127275 302.10866478
0.81373897 523.00677057 302.14541100
0.81501027 522.96863088 302.16995181
0.81628158 522.89569742 302.17746141
0.81756767 522.78935893 302.17782950
0.81883897 522.65506268 302.17863062
0.82012506 522.49740103 302.18690741
0.82139637 522.32219550 302.21181537
0.82266767 522.10025299 302.24129985
0.82395376 521.82250590 302.27021449
0.82522507 521.57838134 302.33368473
0.82651115 521.43360863 302.44237642
0.82778246 521.36320460 302.56797478
0.82905376 521.32828363 302.68790729
0.83033985 521.30419719 302.79337498
0.83161116 521.27688475 302.88303132
0.83288246 521.24026648 302.95918501
0.83416855 521.19135522 303.02620821
0.83543986 521.12271253 303.08590649
0.83672594 521.02921677 303.14159994
0.83799725 520.91279357 303.19916559
0.83926856 520.77642604 303.26389839
0.84055464 520.62362700 303.34034926
0.84182595 520.45666681 303.43193673
0.84309725 520.27778359 303.54048938
0.84438334 520.09546011 303.66809074
0.84565465 519.92277762 303.81571267
0.84692595 519.77387856 303.97911774
0.84821204 519.65872095 304.14860829
0.84948335 519.60814184 304.32493673
0.85076944 519.62948038 304.50241820
0.85204074 519.66445083 304.65928674
0.85331205 519.65962403 304.78779093
0.85459813 519.60810907 304.90110179
0.85586944 519.52714364 305.01605730
0.85714075 519.42290668 305.13777688
0.85842683 519.30119092 305.27203841
0.85969814 519.17326388 305.42281358
0.86096944 519.05039922 305.59157943
0.86225553 518.94184641 305.77220936
0.86352684 518.88050765 305.96268873
0.86479814 518.90415670 306.16079497
0.86608423 519.02338592 306.35494176
0.86735554 519.21104737 306.53178052
0.86862684 519.38890890 306.66352980
0.86991293 519.50093938 306.73914161
0.87118424 519.53728666 306.77335561
0.87245554 519.49986541 306.78489089
0.87374163 519.39595005 306.79289227
0.87501293 519.23065755 306.81316629
0.87628424 519.00819647 306.85715901
0.87757033 518.73977428 306.93543583
0.87884163 518.44172578 307.05547408
0.88011294 518.13538706 307.22189586
0.88138424 517.84857831 307.43837999
0.88267033 517.59781962 307.69988818
0.88394164 517.40205015 308.00309586
0.88521294 517.26089557 308.33455553
0.88649903 517.15291690 308.67219500
0.88777034 517.11433139 309.02605803
0.88904164 517.16293795 309.39580541
0.89032773 517.24199919 309.74738676
0.89159904 517.31549651 310.06438636
0.89287034 517.39134869 310.35282280
0.89415643 517.47944459 310.61764688
0.89542774 517.57382418 310.85859744
0.89669904 517.65997930 311.07495148
0.89797035 517.72841244 311.27029295
0.89925643 517.77674016 311.45054251
0.90052774 517.80470606 311.62088987
0.90179905 517.81284954 311.78618034
0.90308513 517.80198721 311.95065436
0.90435644 517.77063683 312.11749181
0.90562774 517.71931667 312.29017510
0.90691383 517.65412758 312.47428708
0.90818514 517.57854608 312.67075740
0.90945644 517.49914024 312.88022455
0.91072775 517.43320973 313.10401597
0.91201384 517.40311640 313.34144108
0.91328514 517.41952047 313.58679876
0.91455645 517.47622967 313.82612349
0.91582775 517.57007871 314.05088382
0.91711384 517.69806043 314.25479400
0.91838515 517.85145288 314.43054418
0.91965645 518.01661639 314.57300550
0.92094254 518.18564843 314.68463586
0.92221385 518.34435493 314.76967032
0.92348515 518.45164720 314.82717035
0.92475646 518.47914893 314.86220594
0.92604254 518.44283689 314.89143380
0.92731385 518.38062611 314.93223696
0.92858516 518.31956580 314.99161421
0.92985646 518.26842542 315.06809801
0.93114255 518.23032898 315.15986966
0.93241385 518.19867955 315.25938876
0.93368516 518.17217848 315.36071715
0.93495647 518.19974054 315.48357337
0.93624255 518.28929817 315.62253152
0.93751386 518.36632181 315.73043197
0.93878516 518.45801679 315.81479112
0.94005647 518.62040449 315.89648413
0.94134256 518.77191053 315.94240932
0.94261386 518.83988157 315.94276641
0.94388517 518.83813838 315.92409001
0.94515647 518.79237378 315.90640215
0.94644256 518.71524734 315.89970664
0.94771387 518.60648635 315.90668478
0.94898517 518.46560688 315.92969463
0.95025648 518.30494415 315.97649394
0.95154257 518.13557555 316.05226665
0.95281387 517.95285219 316.15208308
0.95408518 517.75164020 316.26588553
0.95535648 517.58048865 316.40446556
0.95664257 517.50051500 316.57350759
0.95791388 517.55144436 316.76622537
0.95918518 517.71583783 316.95942061
0.96045649 517.89427353 317.11183032
0.96174258 518.01824575 317.21298551
0.96301388 518.08468707 317.27895163
0.96428519 518.11557310 317.33250198
0.96555649 518.10423994 317.37745113
0.96682780 518.03368951 317.41267440
0.96811389 517.91230226 317.45050739
0.96938519 517.75238817 317.50032325
0.97065650 517.57341655 317.57156149
0.97192780 517.39181527 317.66829933
0.97321389 517.21731011 317.78977753
0.97448520 517.05866675 317.93342429
0.97575650 516.92440118 318.09465319
0.97702781 516.82376884 318.26852261
0.97829911 516.76346668 318.44891038
0.97958520 516.74274874 318.62873905
0.98085651 516.74674087 318.79905917
0.98212781 516.75609867 318.95389560
0.98339912 516.75760049 319.09201114
0.98468520 516.74394860 319.21631616
0.98595651 516.71238730 319.33113172
0.98722781 516.66274086 319.44100914
0.98849912 516.59345936 319.54970656
0.98977043 516.50106102 319.65902726
0.99105651 516.39237680 319.77447944
0.99232782 516.27198937 319.89757253
0.99359912 516.15316378 320.03426189
0.99487043 516.04759931 320.19053166
0.99614174 515.93386152 320.35577925
0.99742782 515.79862428 320.52588193
0.99869913 515.65141226 320.70568617
0.99997043 515.50727724 320.89831813
1.00124174 515.38231712 321.10517572
1.00251305 515.28571066 321.32392846
1.00378435 515.21398173 321.54872685
1.00507044 515.15635958 321.77262940
1.00634174 515.10526298 321.99255590
1.00761305 515.05851684 322.20845316
1.00888436 515.01692122 322.42074793
1.01015566 514.98214442 322.62983571
1.01144175 514.95567365 322.83572912
1.01271305 514.93815820 323.03770012
1.01398436 514.92999825 323.23481108
1.01525567 514.93257692 323.42652784
1.01652697 514.94542412 323.61109672
1.01779828 514.96683882 323.78656208
1.01908436 515.00538719 323.95847639
1.02035567 515.04622215 324.12194219
1.02162698 515.06023047 324.26851792
1.02289828 515.04218403 324.40508773
1.02416959 514.98152659 324.53305739
1.02545567 514.88326858 324.65822123
1.02672698 514.78176740 324.79573777
1.02799829 514.70001314 324.94988759
1.02926959 514.64104932 325.11558609
1.03054090 514.60381209 325.28761581
1.03181220 514.58912613 325.46164832
1.03309829 514.59551822 325.63233409
1.03436960 514.63098489 325.79951516
1.03564090 514.69790339 325.96121947
1.03691221 514.77847976 326.10854310
1.03818351 514.86066843 326.23852986
1.03945482 514.94270903 326.35309638
1.04072612 515.02473833 326.45411222
1.04201221 515.10337772 326.54134289
1.04328352 515.18363397 326.61931335
1.04455482 515.26805703 326.69164476
1.04582613 515.34017482 326.75279545
1.04709743 515.38969218 326.80193643
1.04836874 515.41987199 326.84412371
1.04965483 515.43452128 326.88233274
1.05092613 515.43546303 326.91630527
1.05219744 515.43595270 326.94971161
1.05346874 515.45123255 326.98504164
1.05474005 515.48980678 327.02041774
1.05601135 515.55993734 327.05344437
1.05728266 515.66601603 327.07950378
1.05856875 515.80651725 327.09228446
1.05984005 515.98498358 327.09189883
1.06111136 516.18034211 327.07054568
1.06238266 516.35452773 327.01672158
1.06365397 516.50488353 326.93718168
1.06492527 516.64420856 326.84252613
1.06619658 516.77390216 326.73698404
1.06746788 516.88186868 326.61957149
1.06875397 516.95169639 326.48927401
1.07002528 516.97361242 326.34881872
1.07129658 516.95063196 326.20569683
1.07256789 516.89461835 326.06969470
1.07383919 516.81386238 325.94591506
1.07511050 516.71662150 325.83755339
1.07638181 516.61384265 325.74498399
1.07766789 516.51627055 325.66119918
1.07893920 516.48006688 325.59973891
1.08021050 516.55820934 325.57106051
1.08148181 516.69027931 325.53681902
1.08275312 516.79682604 325.46709687
1.08402442 516.86903915 325.37023003
1.08529573 516.91906302 325.25899781
1.08656703 516.95492563 325.14015434
1.08783834 516.98024847 325.01705907
1.08912443 516.99398034 324.89113516
1.09039573 516.99305612 324.76245406
1.09166704 516.98117360 324.63428291
1.09293834 516.96290551 324.50909911
1.09420965 516.93952799 324.38814021
1.09548095 516.91218633 324.27239568
1.09675226 516.87848920 324.16161834
1.09802356 516.83614043 324.05580012
1.09930965 516.78574053 323.95593989
1.10058096 516.72924748 323.86323636
1.10185226 516.66923519 323.77834458
1.10312357 516.60634770 323.70090183
1.10439487 516.54002142 323.63000916
1.10566618 516.46989735 323.56488097
1.10693748 516.39627955 323.50485482
1.10820879 516.32047369 323.44959242
1.10948010 516.24510450 323.39869744
1.11075140 516.17323326 323.35203124
1.11203749 516.10700352 323.30847322
1.11330879 516.04666012 323.26615987
1.11458010 515.99184093 323.22374517
1.11585141 515.94280292 323.17998530
1.11712271 515.89664656 323.13388129
1.11839402 515.84681087 323.08414484
1.11966532 515.78571137 323.03303312
1.12093663 515.70678486 322.98918727
1.12220793 515.56819231 322.94559653
1.12347924 515.31088830 322.88275338
1.12475054 514.98937026 322.82994210
1.12603663 514.71950542 322.82723649
1.12730794 514.54680435 322.87109007
1.12857924 514.47377369 322.93948608
1.12985055 514.50047964 323.01137136
1.13112185 514.62258247 323.07217725
1.13239316 514.84129706 323.10185798
1.13366446 515.17698933 323.10626592
1.13493577 515.64556192 323.09504282
1.13620707 516.27955323 323.08173293
1.13747838 517.17375170 323.22670464
1.13874969 518.00420161 323.84623772
1.14002099 518.31101145 325.19861293
1.14130708 518.05228938 326.80772432
1.14257838 517.24368898 327.96017405
1.14384969 515.74043903 328.68481880
1.14512100 513.19574761 329.29127189
1.14639230 509.27307204 329.69160446
1.14766361 504.30896505 329.56437460
1.14893491 499.38596947 328.45420489
1.15020622 495.34709555 326.09232124
1.15147752 493.00954674 323.73935531
1.15274883 492.68352450 322.33028656
1.15402013 494.44170062 321.35714007
1.15529144 496.01492003 321.06294512
1.15656274 497.67788686 320.75996714
1.15783405 499.44051211 320.46057142
1.15912014 501.29557022 320.16633627
1.16039144 503.23535324 319.87885973
1.16166275 505.25168994 319.59975332
1.16293405 507.33596638 319.33063556
1.16420536 509.47914799 319.07312529
1.16547667 511.67180305 318.82883486
1.16674797 513.90412780 318.59936306
1.16801928 516.16597284 318.38628801
1.16929058 518.44687116 318.19115974
1.17056189 520.73606757 318.01549279
1.17183319 523.02254961 317.86075852
1.17310450 525.29508000 317.72837744
1.17437580 527.54223045 317.61971128
1.17564711 529.75241708 317.53605505
1.17691841 531.91393725 317.47862888
1.17818972 534.01500781 317.44856981
1.17946103 536.04380499 317.44692343
1.18074711 537.98850560 317.47463533
1.18201842 539.83732978 317.53254255
1.18328972 541.57858525 317.62136465
1.18456103 543.20071300 317.74169487
1.18583234 544.69233449 317.89399084
1.18710364 546.04230025 318.07856532
1.18837495 547.23974007 318.29557651
1.18964625 548.27411459 318.54501825
1.19091756 549.13526841 318.82670987
1.19218886 549.81348461 319.14028572
1.19346017 550.29954084 319.48518441
1.19473147 550.58476683 319.86063770
1.19600278 550.66110338 320.26565889
1.19727408 550.52116285 320.69903094
1.19854539 550.15829111 321.15929404
1.19981670 549.56663097 321.64473271
1.20108800 548.74118710 322.15336249
1.20235931 547.67789239 322.68291601
1.20363061 546.37367586 323.23082859
1.20490192 544.82653198 323.79422329
1.20617322 543.03559146 324.36989540
1.20744453 541.00119361 324.95429635
1.20873062 538.72496008 325.54351709
1.21000192 536.20987010 326.13327094
1.21127323 533.46033725 326.71887584
1.21254453 530.48228764 327.29523618
1.21381584 527.28323959 327.85682403
1.21508714 523.87238483 328.39766004
1.21635845 520.26067110 328.91129383
1.21762975 516.46088631 329.39078408
1.21890106 512.48774409 329.82867832
1.22017237 508.35797091 330.21699248
1.22144367 504.09039459 330.54719030
1.22271498 499.70603438 330.81016272
1.22398628 495.22819239 330.99620733
1.22525759 490.68254668 331.09500795
1.22652889 486.09724561 331.09561470
1.22780020 481.50300387 330.98642439
1.22907150 476.93319984 330.75516181
1.23034281 472.42397452 330.38886184
1.23161411 468.01433187 329.87385284
1.23288542 463.74624070 329.19574164
1.23415673 459.66473797 328.33940044
1.23542803 455.81803358 327.28895623
1.23669934 452.25761670 326.02778329
1.23797064 449.03836349 324.53849945
1.23924195 446.21864636 322.80296719
1.24051325 443.86044467 320.80230067
1.24178456 442.02945695 318.51688018
1.24305586 440.79521452 315.92637596
1.24432717 440.23119670 313.00978390
1.24559847 440.41494739 309.74547626
1.24686978 441.42819319 306.11127171
1.24814109 443.35696300 302.08453036
1.24941239 446.29170904 297.64228114
1.25068370 450.32742941 292.76139190
1.25195500 455.56379210 287.41879605
1.25322631 462.10526048 281.59179495
1.25449761 470.06122028 275.25846302
1.25576892 479.54610803 268.39819358
1.25704022 490.67954095 260.99244005
1.25831153 503.58644843 253.02573186
1.25958283 518.39720484 244.48708189
1.26085414 535.24776389 235.37195973
1.26212545 554.27979452 225.68509439
1.26339675 575.64081815 215.44450910
1.26466806 599.48434753 204.68740808
1.26593936 625.97002693 193.47887025
1.26721067 655.26377396 181.92480163
1.26848197 687.53792275 170.19126656
1.26975328 722.97136867 158.53297974
1.27102458 761.74971449 147.33358483
1.27229589 804.06541806 137.15683250
1.27356719 850.11794141 128.79505584
1.27483850 900.11390138 123.27237374
1.27610981 954.26722172 121.72693043
1.27738111 1012.79928664 125.12971408
1.27865242 1075.93909584 133.96649044
1.27992372 1143.92342107 148.13968692
1.28119503 1216.99696408 167.16043682
-0.96316762 1130.72833333 105.63465469
-0.96189631 960.77766667 86.24098220
-0.96062353 816.03133333 74.21960390
-0.95934927 723.36066667 63.61510999
-0.95807353 666.33166667 52.86518149
-0.95679779 611.22800000 49.45590611
-0.95551909 553.75266667 50.93856694
-0.95423744 459.34466667 30.54275598
-0.95295431 370.38400000 117.50878048
-0.95167118 398.38833333 183.37750879
-0.95038804 438.73133333 195.42505923
-0.94910048 449.93166667 194.92264725
-0.94781143 469.21833333 206.86523061
-0.94651943 480.46500000 214.48548282
-0.94522743 489.88266667 221.41896572
-0.94393247 490.15933333 222.96035571
-0.94263604 492.77433333 224.83227068
-0.94133960 496.65266667 226.90565126
-0.94004021 498.43566667 228.57166199
-0.93873934 500.11400000 230.10689370
-0.93743699 502.24666667 231.77152901
-0.93613316 503.87133333 233.18347169
-0.93482786 505.34900000 234.43961003
-0.93351959 506.72066667 235.58060173
-0.93221133 507.98200000 236.61527030
-0.93090011 509.16333333 237.56004230
-0.92958890 510.26966667 238.42615344
-0.92827472 511.31233333 239.22309481
-0.92695907 512.29700000 239.95993153
-0.92564341 513.23000000 240.64396872
-0.92432480 514.11500000 241.28076075
-0.92300472 514.95366667 241.87586791
-0.92168315 515.74633333 242.43448666
-0.92036010 516.49033333 242.96029574
-0.91903410 517.17600000 243.45627079
-0.91770810 517.78300000 243.91717701
-0.91638062 518.28633333 244.32283231
-0.91505167 518.75933333 244.66658987
-0.91371975 519.35066667 244.99420366
-0.91238784 519.99233333 245.31117641
-0.91105297 520.53833333 245.58442841
-0.90971810 521.06033333 245.84074859
-0.90838027 521.59066667 246.09390937
-0.90704096 522.09400000 246.33043427
-0.90570166 522.58000000 246.55338514
-0.90435940 523.05000000 246.76252048
-0.90301565 523.50333333 246.95851901
-0.90167044 523.94166667 247.14231858
-0.90032374 524.36533333 247.31429101
-0.89897556 524.77433333 247.47393650
-0.89762591 525.16900000 247.62324770
-0.89627478 525.54900000 247.76135504
-0.89492217 525.91533333 247.88907104
-0.89356808 526.26866667 248.00652318
-0.89221251 526.60933333 248.11508131
-0.89085547 526.93800000 248.21387383
-0.88949695 527.25466667 248.30402387
-0.88813547 527.55933333 248.38553346
-0.88677399 527.85233333 248.45815049
-0.88541103 528.13400000 248.52337423
-0.88404659 528.40433333 248.58008110
-0.88267920 528.66333333 248.62890351
-0.88131181 528.91133333 248.67008050
-0.87994294 529.14800000 248.70468030
-0.87857259 529.37433333 248.73108474
-0.87719928 529.58933333 248.75059794
-0.87582598 529.79400000 248.76353960
-0.87445120 529.98800000 248.76953543
-0.87307345 530.17100000 248.76902091
-0.87169571 530.34433333 248.76156392
-0.87031650 530.50666667 248.74759971
-0.86893580 530.65900000 248.72794053
-0.86755215 530.80100000 248.70172193
-0.86616849 530.93300000 248.66900148
-0.86478336 531.05466667 248.63053717
-0.86339675 531.16666667 248.58644033
-0.86200866 531.26833333 248.53579286
-0.86061762 531.36033333 248.48032692
-0.85922657 531.44266667 248.41793563
-0.85783405 531.51500000 248.35067595
-0.85644005 531.57800000 248.27768626
-0.85504457 531.63133333 248.19955734
-0.85364761 531.67566667 248.11608214
-0.85224918 531.71066667 248.02655528
-0.85084926 531.73666667 247.93265247
-0.84944787 531.75366667 247.83308106
-0.84804648 531.76200000 247.72837427
-0.84664213 531.76233333 247.61881329
-0.84523630 531.75433333 247.50368710
-0.84382899 531.74200000 247.38428706
-0.84242169 531.72400000 247.26152089
-0.84101143 531.69566667 247.13433214
-0.83960116 531.65833333 247.00291380
-0.83818795 531.61300000 246.86807566
-0.83677473 531.56033333 246.72990932
-0.83536003 531.50000000 246.58802725
-0.83394238 531.43200000 246.44371248
-0.83252472 531.35700000 246.29705027
-0.83110559 531.27200000 246.15047014
-0.82968498 531.16500000 246.00172910
-0.82826289 531.03566667 245.84962692
-0.82684081 530.89033333 245.69690930
-0.82541576 530.72633333 245.54219160
-0.82398924 530.53900000 245.38503818
-0.82256272 530.32900000 245.22505752
-0.82113324 530.09366667 245.06181435
-0.81970376 529.83100000 244.89564429
-0.81827280 529.53966667 244.72534385
-0.81684036 529.21833333 244.55039514
-0.81540645 528.86700000 244.37032522
-0.81397106 528.48600000 244.18307798
-0.81253418 528.07566667 243.98891341
-0.81109584 527.63900000 243.78655117
-0.80965749 527.17866667 243.57479398
-0.80821618 526.69900000 243.35228198
-0.80677488 526.20500000 243.11902017
-0.80533209 525.70133333 242.87416031
-0.80388783 525.19300000 242.61770848
-0.80244209 524.68433333 242.34959265
-0.80099487 524.18066667 242.06986009
-0.79954765 523.68400000 241.77979675
-0.79809748 523.19766667 241.47933297
-0.79664730 522.72233333 241.17018075
-0.79519565 522.25866667 240.85277287
-0.79374252 521.80666667 240.52793014
-0.79228791 521.36666667 240.19697224
-0.79083182 520.93666667 239.86071785
-0.78937573 520.51666667 239.52044680
-0.78791669 520.10166667 239.17616249
-0.78645764 519.68900000 238.82662952
-0.78499712 519.29500000 238.47474493
-0.78353512 518.91766667 238.12502812
-0.78207164 518.53900000 237.77319231
-0.78060816 518.15866667 237.42184301
-0.77914320 517.77500000 237.07283101
-0.77767528 517.38366667 236.72900641
-0.77620885 516.96766667 236.39061371
-0.77473946 516.50633333 236.05295188
-0.77326859 516.00833333 235.71662968
-0.77179771 515.48200000 235.38384589
-0.77032537 514.91733333 235.05176526
-0.76885154 514.31333333 234.71992871
-0.76737623 513.67133333 234.38718701
-0.76590093 512.99200000 234.05368637
-0.76442266 512.27400000 233.71893404
-0.76294440 511.51766667 233.38168514
-0.76146466 510.72400000 233.04139142
-0.75998492 509.89433333 232.69726369
-0.75850222 509.03166667 232.34830724
-0.75701953 508.14000000 231.99370691
-0.75553535 507.22500000 231.63216811
-0.75405118 506.29333333 231.26321355
-0.75256405 505.35200000 230.88558163
-0.75107691 504.40933333 230.49922082
-0.74958830 503.47233333 230.10332221
-0.74809822 502.54933333 229.69783723
-0.74660813 501.64666667 229.28316811
-0.74511656 500.76966667 228.85898345
-0.74362352 499.92233333 228.42647333
-0.74212899 499.10766667 227.98690880
-0.74063447 498.32700000 227.53950838
-0.73913847 497.58066667 227.08675056
-0.73764099 496.86800000 226.62874278
-0.73614351 496.18733333 226.16714323
-0.73464307 495.53666667 225.70247192
-0.73314412 494.91400000 225.23561429
-0.73164220 494.31733333 224.76871103
-0.73014029 493.74400000 224.30198865
-0.72863542 493.19233333 223.83929717
-0.72713202 492.66033333 223.38554912
-0.72562567 492.13933333 222.96132964
-0.72411933 491.50566667 222.58256115
-0.72261150 490.48733333 222.16874046
-0.72110367 489.26300000 221.70578677
-0.71959436 488.23266667 221.28297151
-0.71808358 487.28600000 220.86599424
-0.71657132 486.32033333 220.41863986
-0.71505906 485.39466667 219.96534138
-0.71354532 484.49066667 219.50808266
-0.71203158 483.60233333 219.04799406
-0.71051488 482.72633333 218.58511814
-0.70899966 481.85966667 218.12027138
-0.70748148 481.00033333 217.65383316
-0.70596331 480.14633333 217.18624235
-0.70444366 479.29566667 216.71706347
-0.70292400 478.44533333 216.24700260
-0.70140287 477.59500000 215.77610416
-0.69988026 476.74600000 215.30450046
-0.69835765 475.89733333 214.83219111
-0.69683356 475.04866667 214.35959242
-0.69530800 474.19900000 213.88626994
-0.69378243 473.34933333 213.41265740
-0.69225538 472.49766667 212.93837074
-0.69072834 471.64433333 212.46419138
-0.68919982 470.78866667 211.99013489
-0.68766982 469.93100000 211.51539954
-0.68613981 469.07066667 211.04038354
-0.68460833 468.20800000 210.56548573
-0.68307685 467.34200000 210.09031882
-0.68154390 466.47266667 209.61488022
-0.68001094 465.60066667 209.13996940
-0.67847650 464.72466667 208.66479612
-0.67694059 463.84466667 208.18974481
-0.67540467 462.96100000 207.71482657
-0.67386728 462.07300000 207.24005139
-0.67232841 461.18033333 206.76540287
-0.67078954 460.28333333 206.29128008
-0.66925067 459.38100000 205.81729061
-0.66771032 458.47366667 205.34383301
-0.66616849 457.56066667 204.87088105
-0.66462666 456.64166667 204.39806447
-0.66308484 455.71633333 203.92657585
-0.66154005 454.78366667 203.45559663
-0.65999675 453.84366667 202.98512454
-0.65845049 452.89533333 202.51555011
-0.65690570 451.93833333 202.04728539
-0.65535796 450.97133333 201.57989646
-0.65381022 449.99433333 201.11377776
-0.65226248 449.00533333 200.64850894
-0.65071326 448.00400000 200.18445197
-0.64916404 446.99033333 199.71995572
-0.64761335 445.96333333 199.25374370
-0.64606265 444.92433333 198.77758262
-0.64451047 443.91633333 198.27820468
-0.64295830 443.08000000 197.78062764
-0.64140464 442.42466667 197.31739700
-0.63985099 441.72000000 196.84338562
-0.63829586 440.94266667 196.35663920
-0.63674073 440.16133333 195.88593294
-0.63518412 439.33266667 195.41646971
-0.63362751 438.48366667 194.94995870
-0.63207090 437.62266667 194.48723558
-0.63051133 436.74466667 194.02459744
-0.62895324 435.85600000 193.56409554
-0.62739368 434.95766667 193.10449429
-0.62583411 434.05066667 192.64579090
-0.62427306 433.13733333 192.18880315
-0.62271202 432.21800000 191.73230093
-0.62114950 431.29400000 191.27668764
-0.61958697 430.36666667 190.82236719
-0.61802445 429.43633333 190.36892758
-0.61646045 428.50366667 189.91637255
-0.61489497 427.56933333 189.46468855
-0.61333097 426.63466667 189.01428923
-0.61176401 425.69966667 188.56557757
-0.61019853 424.76566667 188.11692131
-0.60863157 423.83233333 187.67035591
-0.60706461 422.90133333 187.22425107
-0.60549618 421.97200000 186.77941962
-0.60392774 421.04633333 186.33627110
-0.60235783 420.12366667 185.89398667
-0.60078939 419.20533333 185.45256706
-0.59921800 418.29100000 185.01282824
-0.59764808 417.38166667 184.57477054
-0.59607669 416.47833333 184.13757783
-0.59450530 415.58033333 183.70165897
-0.59293243 414.68866667 183.26701467
-0.59135956 413.80366667 182.83405445
-0.58978669 412.92600000 182.40237049
-0.58821234 412.05566667 181.97196353
-0.58663799 411.19300000 181.54242697
-0.58506364 410.33866667 181.11498563
-0.58348781 409.49266667 180.68841904
-0.58191198 408.65566667 180.26313608
-0.58033616 407.82566667 179.83914691
-0.57875885 407.00366667 179.41686852
-0.57718302 406.18966667 178.99589296
-0.57560424 405.38566667 178.57579954
-0.57402693 404.59166667 178.15699096
-0.57244815 403.80766667 177.73947923
-0.57086937 403.03400000 177.32284643
-0.56929058 402.27066667 176.90749306
-0.56771032 401.51766667 176.49301692
-0.56613006 400.77566667 176.07982310
-0.56454980 400.04400000 175.66748820
-0.56296805 399.32300000 175.25560405
-0.56138779 398.61333333 174.84497201
-0.55980605 397.91433333 174.43516337
-0.55822283 397.22600000 174.02657016
-0.55664109 396.54800000 173.61835498
-0.55505787 395.87966667 173.21253268
-0.55347466 395.21900000 172.80862993
-0.55189144 394.56366667 172.40946487
-0.55030822 393.90900000 172.02066237
-0.54872352 393.22666667 171.65985196
-0.54713882 392.36466667 171.32400880
-0.54555413 391.16433333 170.93478328
-0.54396943 389.94733333 170.53037788
-0.54238325 388.93733333 170.17035235
-0.54079708 387.97500000 169.80101918
-0.53921090 387.05366667 169.42074039
-0.53762473 386.18366667 169.04127604
-0.53603855 385.34833333 168.66224937
-0.53445090 384.54333333 168.28490942
-0.53286472 383.76233333 167.90842119
-0.53127707 383.00200000 167.53403510
-0.52968942 382.25933333 167.16090513
-0.52810029 381.53133333 166.79027170
-0.52651263 380.81600000 166.42131937
-0.52492498 380.11166667 166.05485409
-0.52333585 379.41533333 165.69009404
-0.52174671 378.72566667 165.32786941
-0.52015758 378.04200000 164.96735510
-0.51856845 377.36400000 164.60973533
-0.51697932 376.69166667 164.25295078
-0.51538871 376.02366667 163.89946151
-0.51379958 375.35900000 163.54720715
-0.51220897 374.69733333 163.19701541
-0.51061836 374.03833333 162.84928684
-0.50902775 373.38133333 162.50319045
-0.50743714 372.72533333 162.15915311
-0.50584653 372.07066667 161.81715992
-0.50425592 371.41600000 161.47679413
-0.50266383 370.76133333 161.13887000
-0.50107322 370.10633333 160.80297027
-0.49948261 369.45000000 160.46870709
-0.49789052 368.79233333 160.13728076
-0.49629843 368.13300000 159.80788839
-0.49470782 367.47066667 159.48011275
-0.49311573 366.80566667 159.15518404
-0.49152364 366.13700000 158.83228478
-0.48993156 365.46400000 158.51182962
-0.48833947 364.78666667 158.19381747
-0.48674738 364.10400000 157.87906319
-0.48515529 363.41533333 157.56678308
-0.48356320 362.72000000 157.25696030
-0.48196964 362.01700000 156.95046152
-0.48037755 361.30666667 156.64688858
-0.47878546 360.58700000 156.34667721
-0.47719337 359.85866667 156.04946615
-0.47559980 359.12033333 155.75489649
-0.47400772 358.37333333 155.46306529
-0.47241563 357.61933333 155.17160927
-0.47082206 356.86200000 154.87822730
-0.46922997 356.11033333 154.57239499
-0.46763788 355.43466667 154.24238023
-0.46604432 354.98566667 153.92584780
-0.46445223 354.71133333 153.64129183
-0.46286014 354.39166667 153.34797527
-0.46126658 353.99066667 153.04372775
-0.45967449 353.56700000 152.74729231
-0.45808240 353.12900000 152.46027948
-0.45649031 352.66933333 152.17543242
-0.45489822 352.19666667 151.89264652
-0.45330613 351.71400000 151.61236120
-0.45171257 351.22233333 151.33413561
-0.45012048 350.72400000 151.05801336
-0.44852839 350.22100000 150.78392704
-0.44693778 349.71400000 150.51152423
-0.44534569 349.20400000 150.24080507
-0.44375360 348.69166667 149.97172274
-0.44216151 348.17766667 149.70392740
-0.44057090 347.66333333 149.43776723
-0.43897882 347.14866667 149.17331366
-0.43738821 346.63400000 148.91054305
-0.43579612 346.12000000 148.64903542
-0.43420551 345.60700000 148.38921076
-0.43261490 345.09533333 148.13104373
-0.43102429 344.58566667 147.87419028
-0.42943368 344.07766667 147.61859982
-0.42784307 343.57200000 147.36511360
-0.42625394 343.06900000 147.11289034
-0.42466333 342.56866667 146.86201032
-0.42307419 342.07133333 146.61281556
-0.42148358 341.57733333 146.36491234
-0.41989445 341.08666667 146.11911631
-0.41830532 340.59966667 145.87466895
-0.41671619 340.11633333 145.63148769
-0.41512853 339.63700000 145.38962946
-0.41353940 339.16133333 145.14993961
-0.41195175 338.69033333 144.91151791
-0.41036262 338.22333333 144.67487480
-0.40877496 337.76100000 144.43913865
-0.40718731 337.30366667 144.20554789
-0.40560114 336.85000000 143.97331967
-0.40401348 336.40200000 143.74245653
-0.40242731 335.95766667 143.51341509
-0.40084113 335.51700000 143.28583923
-0.39925496 335.08133333 143.06006256
-0.39766878 334.65000000 142.83569706
-0.39608261 334.22466667 142.61268159
-0.39449791 333.80433333 142.39147448
-0.39291321 333.38933333 142.17168846
-0.39132851 332.97966667 141.95368437
-0.38974382 332.57600000 141.73668415
-0.38816060 332.17733333 141.52150578
-0.38657738 331.78400000 141.30776303
-0.38499416 331.39666667 141.09549530
-0.38341094 331.01433333 140.88506192
-0.38182920 330.63866667 140.67568843
-0.38024598 330.26800000 140.46780525
-0.37866424 329.90400000 140.26099281
-0.37708398 329.54633333 140.05529371
-0.37550224 329.19633333 139.85032663
-0.37392198 328.85366667 139.64567334
-0.37234172 328.52300000 139.43847369
-0.37076145 328.22033333 139.23035978
-0.36918267 327.96333333 139.02984768
-0.36760388 327.71033333 138.83283175
-0.36602510 327.43666667 138.63266324
-0.36444780 327.15900000 138.43519218
-0.36286901 326.87766667 138.24085006
-0.36129171 326.59233333 138.04840089
-0.35971588 326.30500000 137.85703593
-0.35814005 326.01633333 137.66761581
-0.35656422 325.72700000 137.47971846
-0.35498840 325.43833333 137.29330564
-0.35341405 325.14933333 137.10804136
-0.35183970 324.86166667 136.92465541
-0.35026535 324.57500000 136.74204521
-0.34869248 324.29033333 136.56103101
-0.34711961 324.00666667 136.38114446
-0.34554674 323.72533333 136.20248466
-0.34397534 323.44600000 136.02577767
-0.34240395 323.16866667 135.84954823
-0.34083256 322.89433333 135.67528572
-0.33926264 322.62166667 135.50190031
-0.33769273 322.35200000 135.33016436
-0.33612429 322.08466667 135.15970542
-0.33455586 321.82000000 134.99096427
-0.33298742 321.55800000 134.82313969
-0.33142046 321.29900000 134.65667439
-0.32985350 321.04333333 134.49201233
-0.32828655 320.79033333 134.32830162
-0.32672107 320.54066667 134.16609471
-0.32515559 320.29366667 134.00567647
-0.32359159 320.05000000 133.84679185
-0.32202758 319.80966667 133.68913702
-0.32046358 319.57266667 133.53337255
-0.31890106 319.33866667 133.37893327
-0.31734002 319.10866667 133.22616070
-0.31577749 318.88266667 133.07525347
-0.31421793 318.66100000 132.92537027
-0.31265688 318.44533333 132.77578970
-0.31109731 318.23633333 132.62791134
-0.30953923 318.03733333 132.47897165
-0.30798114 317.85200000 132.32795794
-0.30642305 317.68766667 132.16950350
-0.30486644 317.57633333 131.99358890
-0.30330983 317.61466667 131.81164821
-0.30175470 317.82066667 131.65995168
-0.30019957 317.99466667 131.50746020
-0.29864591 318.08033333 131.34035374
-0.29709226 318.15133333 131.18729483
-0.29554008 318.18600000 131.03975543
-0.29398791 318.18833333 130.89401741
-0.29243721 318.16700000 130.75105792
-0.29088651 318.12833333 130.61132640
-0.28933730 318.07366667 130.47314657
-0.28778808 318.00566667 130.33660297
-0.28623886 317.92600000 130.20126687
-0.28469112 317.83666667 130.06795506
-0.28314485 317.73933333 129.93543122
-0.28159859 317.63500000 129.80422678
-0.28005381 317.52466667 129.67463847
-0.27850902 317.40966667 129.54603365
-0.27696572 317.29033333 129.41834691
-0.27542241 317.16766667 129.29186937
-0.27388059 317.04266667 129.16686193
-0.27234024 316.91566667 129.04245450
-0.27079989 316.78766667 128.91946598
-0.26925954 316.65833333 128.79719634
-0.26772067 316.52900000 128.67637907
-0.26618327 316.39966667 128.55676273
-0.26464588 316.27100000 128.43818773
-0.26310997 316.14366667 128.32076023
-0.26157405 316.01733333 128.20405185
-0.26003962 315.89333333 128.08878646
-0.25850518 315.77133333 127.97427183
-0.25697222 315.65100000 127.86087729
-0.25544074 315.53300000 127.74817022
-0.25390926 315.41700000 127.63651530
-0.25237926 315.30233333 127.52582552
-0.25084926 315.18900000 127.41610968
-0.24932074 315.07566667 127.30772457
-0.24779369 314.96166667 127.20081859
-0.24626665 314.84366667 127.09573533
-0.24474108 314.71833333 126.99440722
-0.24321552 314.57866667 126.89809705
-0.24169143 314.41433333 126.81110135
-0.24016882 314.20833333 126.74236466
-0.23864621 313.91600000 126.72256983
-0.23712508 313.30133333 126.77273870
-0.23560542 312.06833333 126.74923656
-0.23408577 310.77033333 126.65710243
-0.23256759 309.97933333 126.62771863
-0.23104942 309.45133333 126.59382165
-0.22953272 309.06300000 126.52701383
-0.22801750 308.81733333 126.45546314
-0.22650376 308.66466667 126.38306391
-0.22499002 308.58200000 126.31041348
-0.22347628 308.55100000 126.23886727
-0.22196550 308.55900000 126.17005628
-0.22045471 308.59666667 126.10296699
-0.21894541 308.65666667 126.03873371
-0.21743610 308.73466667 125.97749915
-0.21592827 308.82533333 125.91902050
-0.21442193 308.92766667 125.86330708
-0.21291705 309.03800000 125.81023485
-0.21141218 309.15466667 125.75948471
-0.20990879 309.27766667 125.71125128
-0.20840540 309.40400000 125.66553482
-0.20690496 309.53400000 125.62141630
-0.20540453 309.66700000 125.58013311
-0.20390557 309.80200000 125.54030111
-0.20240661 309.93833333 125.50177061
-0.20090913 310.07633333 125.46576888
-0.19941313 310.21433333 125.43058506
-0.19791861 310.35200000 125.39790596
-0.19642408 310.48733333 125.36710855
-0.19493104 310.61833333 125.33894929
-0.19343947 310.74200000 125.31556851
-0.19194791 310.84600000 125.30049129
-0.19045930 310.90166667 125.29232384
-0.18897069 310.89366667 125.28383369
-0.18748355 310.85666667 125.27349350
-0.18599642 310.83566667 125.26405969
-0.18451077 310.85000000 125.25674454
-0.18302659 310.88600000 125.25031512
-0.18154390 310.93466667 125.24197621
-0.18006268 311.00133333 125.23371092
-0.17858146 311.08266667 125.22706296
-0.17710172 311.18000000 125.22045920
-0.17562346 311.29133333 125.21451662
-0.17414667 311.41833333 125.20951951
-0.17266989 311.56033333 125.20464513
-0.17119606 311.71733333 125.20050807
-0.16972223 311.88933333 125.19633017
-0.16824841 312.07766667 125.19279590
-0.16677754 312.28200000 125.18993688
-0.16530667 312.50266667 125.18615648
-0.16383875 312.73966667 125.18358773
-0.16237084 312.99433333 125.18062423
-0.16090440 313.26566667 125.17788463
-0.15943796 313.55466667 125.17469369
-0.15797449 313.86200000 125.17130651
-0.15651101 314.18733333 125.16787571
-0.15504900 314.53133333 125.16400153
-0.15358848 314.89366667 125.15983620
-0.15212944 315.27500000 125.15488044
-0.15067039 315.67600000 125.14938262
-0.14921430 316.09666667 125.14330930
-0.14775822 316.53700000 125.13662749
-0.14630375 316.99700000 125.12938848
-0.14485062 317.47733333 125.12100338
-0.14339867 317.97866667 125.11171483
-0.14194791 318.50000000 125.10148872
-0.14049847 319.04233333 125.09029150
-0.13905022 319.60533333 125.07836191
-0.13760344 320.19000000 125.06566485
-0.13615770 320.79600000 125.05169622
-0.13471344 321.42300000 125.03662256
-0.13327021 322.07200000 125.02047993
-0.13182846 322.74300000 125.00316802
-0.13038804 323.43566667 124.98498728
-0.12894881 324.15100000 124.96577811
-0.12751090 324.88766667 124.94583985
-0.12607433 325.64766667 124.92440561
-0.12463893 326.42966667 124.90238627
-0.12320502 327.23433333 124.87928287
-0.12177229 328.06166667 124.85579968
-0.12034104 328.91133333 124.83138437
-0.11891096 329.78300000 124.80627292
-0.11748222 330.67600000 124.78159070
-0.11605496 331.58800000 124.75689196
-0.11462888 332.51666667 124.73450291
-0.11320413 333.45600000 124.71717656
-0.11178086 334.38900000 124.71550564
-0.11035892 335.23800000 124.73687443
-0.10893816 335.92666667 124.73758307
-0.10751888 336.64266667 124.71449357
-0.10610108 337.56433333 124.70921861
-0.10468446 338.59366667 124.70535247
-0.10326932 339.67433333 124.69175565
-0.10185551 340.81333333 124.68047669
-0.10044304 341.99433333 124.67240640
-0.09903203 343.21433333 124.66611882
-0.09762236 344.47066667 124.66417558
-0.09621417 345.76233333 124.66518392
-0.09480731 347.08933333 124.66982145
-0.09340178 348.45233333 124.67829713
-0.09199772 349.85266667 124.69107178
-0.09059500 351.29100000 124.70835732
-0.08919376 352.76900000 124.73111376
-0.08779384 354.28766667 124.75861058
-0.08639541 355.84866667 124.79245101
-0.08499845 357.45400000 124.83267652
-0.08360282 359.10533333 124.87947851
-0.08220867 360.80433333 124.93379306
-0.08081600 362.55200000 124.99633112
-0.07942466 364.35033333 125.06778221
-0.07803480 366.20000000 125.14908284
-0.07664641 368.10300000 125.24164092
-0.07525951 370.05866667 125.34731857
-0.07387393 372.06600000 125.46824166
-0.07248984 374.12233333 125.60699027
-0.07110722 376.22033333 125.76804635
-0.06972608 378.34766667 125.95870450
-0.06834642 380.47700000 126.20251606
-0.06696823 382.43333333 126.51642555
-0.06559138 384.05500000 126.75946845
-0.06421615 386.13900000 126.88433899
-0.06284240 389.50033333 127.08552428
-0.06146998 393.50666667 127.32715003
-0.06009919 397.68500000 127.53564225
-0.05872988 402.15466667 127.77159482
-0.05736204 406.87266667 128.03500559
-0.05599568 411.88000000 128.31808509
-0.05463080 417.24433333 128.61258747
-0.05326740 423.06733333 128.90743204
-0.05190548 429.49533333 129.18117248
-0.05054518 436.77300000 129.38383930
-0.04918636 445.28200000 129.44001164
-0.04782902 455.83400000 129.23537264
-0.04647316 469.88833333 129.08504789
-0.04511893 484.86233333 130.06429492
-0.04376617 491.62733333 131.06272099
-0.04241504 493.31233333 131.31807389
-0.04106524 498.39200000 131.99589785
-0.03971706 504.96833333 132.89042192
-0.03837051 512.18466667 133.74048562
-0.03702529 520.62566667 134.65307987
-0.03568185 530.26433333 135.63950330
-0.03433973 541.32200000 136.66979353
-0.03299939 554.17166667 137.67180562
-0.03166038 569.45833333 138.52175258
-0.03032315 588.66100000 139.04920522
-0.02898739 615.16100000 139.81827230
-0.02765326 646.21466667 142.96146216
-0.02632105 662.01666667 147.30575075
-0.02499002 659.56466667 150.39050571
-0.02366047 657.75133333 154.06586261
-0.02233255 658.37333333 159.35659738
-0.02100625 657.88133333 165.85696785
-0.01968143 658.54700000 173.95754204
-0.01835824 661.02433333 184.50401248
-0.01703653 666.93700000 198.94620947
-0.01571644 678.27500000 220.69518832
-0.01439801 700.19566667 257.73892259
-0.01308110 729.87033333 318.34771356
-0.01176578 731.35833333 343.42286841
-0.01045207 703.14366667 297.50739482
-0.00913993 676.20166667 244.68211814
-0.00782941 661.35366667 214.94081396
-0.00652048 652.25433333 197.74355777
-0.00521317 652.22300000 185.29357055
-0.00390746 652.04333333 177.14703357
-0.00260335 668.11033333 169.83982761
-0.00130087 709.03166667 164.63147048
-0.00000000 708.76100000 159.20630811
