# s/c    M_is
1.28119503 0.83079245
1.27992372 0.83102724
1.27865242 0.83125083
1.27738111 0.83146352
1.27610981 0.83166563
1.27483850 0.83185748
1.27356719 0.83203939
1.27229589 0.83221165
1.27102458 0.83237457
1.26975328 0.83252845
1.26848197 0.83267359
1.26721067 0.83281028
1.26593936 0.83293881
1.26466806 0.83305948
1.26339675 0.83317255
1.26212545 0.83327832
1.26085414 0.83337706
1.25958283 0.83346905
1.25831153 0.83355455
1.25704022 0.83363383
1.25576892 0.83370715
1.25449761 0.83377477
1.25322631 0.83383696
1.25195500 0.83389395
1.25068370 0.83394601
1.24941239 0.83399338
1.24814109 0.83403630
1.24686978 0.83407500
1.24559847 0.83410974
1.24432717 0.83414073
1.24305586 0.83416821
1.24178456 0.83419240
1.24051325 0.83421352
1.23924195 0.83423180
1.23797064 0.83424745
1.23669934 0.83426068
1.23542803 0.83427170
1.23415673 0.83428071
1.23288542 0.83428791
1.23161411 0.83429351
1.23034281 0.83429770
1.22907150 0.83430067
1.22780020 0.83430260
1.22652889 0.83430369
1.22525759 0.83430411
1.22398628 0.83430404
1.22271498 0.83430365
1.22144367 0.83430312
1.22017237 0.83430261
1.21890106 0.83430228
1.21762975 0.83430230
1.21635845 0.83430282
1.21508714 0.83430400
1.21381584 0.83430598
1.21254453 0.83430892
1.21127323 0.83431296
1.21000192 0.83431822
1.20873062 0.83432486
1.20744453 0.83433301
1.20617322 0.83434279
1.20490192 0.83435433
1.20363061 0.83436775
1.20235931 0.83438317
1.20108800 0.83440071
1.19981670 0.83442048
1.19854539 0.83444259
1.19727408 0.83446715
1.19600278 0.83449424
1.19473147 0.83452399
1.19346017 0.83455647
1.19218886 0.83459178
1.19091756 0.83463001
1.18964625 0.83467125
1.18837495 0.83471557
1.18710364 0.83476305
1.18583234 0.83481377
1.18456103 0.83486780
1.18328972 0.83492521
1.18201842 0.83498605
1.18074711 0.83505040
1.17946103 0.83511831
1.17818972 0.83518983
1.17691841 0.83526501
1.17564711 0.83534390
1.17437580 0.83542655
1.17310450 0.83551299
1.17183319 0.83560326
1.17056189 0.83569740
1.16929058 0.83579543
1.16801928 0.83589738
1.16674797 0.83600327
1.16547667 0.83611313
1.16420536 0.83622696
1.16293405 0.83634479
1.16166275 0.83646662
1.16039144 0.83659246
1.15912014 0.83672231
1.15783405 0.83685616
1.15656274 0.83699402
1.15529144 0.83713588
1.15402013 0.83746182
1.15274883 0.83777171
1.15147752 0.83811912
1.15020622 0.83849012
1.14893491 0.83886161
1.14766361 0.83922051
1.14639230 0.83957651
1.14512100 0.83994719
1.14384969 0.84033939
1.14257838 0.84074630
1.14130708 0.84115452
1.14002099 0.84155574
1.13874969 0.84193230
1.13747838 0.84226062
1.13620707 0.84252204
1.13493577 0.84270421
1.13366446 0.84281625
1.13239316 0.84287203
1.13112185 0.84289069
1.12985055 0.84289397
1.12857924 0.84289861
1.12730794 0.84291944
1.12603663 0.84297031
1.12475054 0.84306124
1.12347924 0.84319645
1.12220793 0.84337139
1.12093663 0.84357529
1.11966532 0.84379477
1.11839402 0.84401894
1.11712271 0.84424066
1.11585141 0.84445541
1.11458010 0.84466138
1.11330879 0.84485750
1.11203749 0.84504295
1.11075140 0.84521762
1.10948010 0.84538149
1.10820879 0.84553486
1.10693748 0.84567807
1.10566618 0.84581163
1.10439487 0.84593601
1.10312357 0.84605221
1.10185226 0.84616133
1.10058096 0.84626498
1.09930965 0.84636567
1.09802356 0.84646560
1.09675226 0.84656708
1.09548095 0.84667254
1.09420965 0.84678425
1.09293834 0.84690439
1.09166704 0.84703456
1.09039573 0.84717603
1.08912443 0.84732942
1.08783834 0.84749448
1.08656703 0.84767040
1.08529573 0.84785574
1.08402442 0.84804856
1.08275312 0.84824526
1.08148181 0.84843942
1.08021050 0.84862439
1.07893920 0.84879828
1.07766789 0.84896736
1.07638181 0.84914179
1.07511050 0.84932958
1.07383919 0.84953448
1.07256789 0.84975674
1.07129658 0.84999511
1.07002528 0.85024738
1.06875397 0.85051054
1.06746788 0.85078153
1.06619658 0.85105813
1.06492527 0.85133959
1.06365397 0.85162640
1.06238266 0.85191842
1.06111136 0.85221463
1.05984005 0.85251180
1.05856875 0.85280566
1.05728266 0.85309624
1.05601135 0.85338605
1.05474005 0.85367778
1.05346874 0.85397426
1.05219744 0.85427639
1.05092613 0.85458387
1.04965483 0.85489720
1.04836874 0.85521613
1.04709743 0.85553993
1.04582613 0.85586780
1.04455482 0.85619895
1.04328352 0.85653356
1.04201221 0.85687227
1.04072612 0.85721549
1.03945482 0.85756310
1.03818351 0.85791435
1.03691221 0.85826820
1.03564090 0.85862333
1.03436960 0.85897825
1.03309829 0.85933364
1.03181220 0.85969135
1.03054090 0.86005314
1.02926959 0.86042079
1.02799829 0.86079584
1.02672698 0.86117992
1.02545567 0.86157472
1.02416959 0.86198059
1.02289828 0.86239484
1.02162698 0.86281198
1.02035567 0.86322604
1.01908436 0.86363342
1.01779828 0.86403326
1.01652697 0.86442636
1.01525567 0.86481395
1.01398436 0.86519706
1.01271305 0.86557652
1.01144175 0.86595267
1.01015566 0.86632586
1.00888436 0.86669600
1.00761305 0.86706231
1.00634174 0.86742409
1.00507044 0.86778024
1.00378435 0.86812964
1.00251305 0.86847175
1.00124174 0.86880792
0.99997043 0.86914060
0.99869913 0.86947272
0.99742782 0.86980752
0.99614174 0.87014559
0.99487043 0.87048740
0.99359912 0.87083482
0.99232782 0.87118966
0.99105651 0.87155341
0.98977043 0.87192676
0.98849912 0.87230902
0.98722781 0.87269810
0.98595651 0.87309123
0.98468520 0.87348502
0.98339912 0.87387606
0.98212781 0.87426054
0.98085651 0.87463453
0.97958520 0.87499589
0.97829911 0.87534447
0.97702781 0.87568339
0.97575650 0.87601737
0.97448520 0.87635162
0.97321389 0.87669219
0.97192780 0.87704204
0.97065650 0.87740317
0.96938519 0.87777671
0.96811389 0.87816142
0.96682780 0.87855365
0.96555649 0.87894775
0.96428519 0.87933809
0.96301388 0.87972025
0.96174258 0.88008959
0.96045649 0.88043878
0.95918518 0.88075979
0.95791388 0.88104892
0.95664257 0.88131566
0.95535648 0.88157695
0.95408518 0.88184782
0.95281387 0.88213722
0.95154257 0.88244577
0.95025648 0.88277222
0.94898517 0.88311524
0.94771387 0.88347333
0.94644256 0.88384462
0.94515647 0.88422529
0.94388517 0.88461167
0.94261386 0.88499813
0.94134256 0.88537375
0.94005647 0.88572570
0.93878516 0.88604396
0.93751386 0.88632903
0.93624255 0.88659053
0.93495647 0.88684090
0.93368516 0.88709279
0.93241385 0.88735464
0.93114255 0.88763102
0.92985646 0.88792462
0.92858516 0.88823767
0.92731385 0.88857259
0.92604254 0.88893106
0.92475646 0.88931321
0.92348515 0.88971436
0.92221385 0.89012585
0.92094254 0.89053662
0.91965645 0.89093541
0.91838515 0.89131804
0.91711384 0.89168381
0.91582775 0.89203392
0.91455645 0.89237196
0.91328514 0.89270293
0.91201384 0.89303243
0.91072775 0.89336676
0.90945644 0.89371369
0.90818514 0.89407729
0.90691383 0.89445940
0.90562774 0.89486009
0.90435644 0.89527746
0.90308513 0.89570877
0.90179905 0.89615056
0.90052774 0.89659876
0.89925643 0.89704937
0.89797035 0.89749776
0.89669904 0.89793744
0.89542774 0.89836225
0.89415643 0.89876639
0.89287034 0.89914539
0.89159904 0.89949749
0.89032773 0.89982264
0.88904164 0.90012440
0.88777034 0.90041042
0.88649903 0.90069051
0.88521294 0.90097417
0.88394164 0.90126766
0.88267033 0.90157678
0.88138424 0.90190830
0.88011294 0.90226784
0.87884163 0.90265896
0.87757033 0.90308243
0.87628424 0.90353558
0.87501293 0.90401177
0.87374163 0.90450134
0.87245554 0.90499206
0.87118424 0.90546907
0.86991293 0.90591679
0.86862684 0.90632277
0.86735554 0.90668119
0.86608423 0.90699331
0.86479814 0.90726781
0.86352684 0.90751662
0.86225553 0.90775375
0.86096944 0.90799410
0.85969814 0.90824472
0.85842683 0.90850875
0.85714075 0.90878722
0.85586944 0.90907831
0.85459813 0.90937818
0.85331205 0.90968178
0.85204074 0.90998139
0.85076944 0.91026481
0.84948335 0.91052572
0.84821204 0.91076512
0.84692595 0.91098965
0.84565465 0.91120768
0.84438334 0.91142403
0.84309725 0.91164160
0.84182595 0.91186053
0.84055464 0.91207925
0.83926856 0.91229587
0.83799725 0.91250815
0.83672594 0.91271390
0.83543986 0.91291087
0.83416855 0.91309719
0.83288246 0.91327175
0.83161116 0.91343410
0.83033985 0.91358471
0.82905376 0.91372500
0.82778246 0.91385886
0.82651115 0.91399450
0.82522507 0.91414263
0.82395376 0.91431053
0.82266767 0.91449722
0.82139637 0.91469560
0.82012506 0.91489723
0.81883897 0.91509581
0.81756767 0.91528716
0.81628158 0.91546700
0.81501027 0.91562993
0.81373897 0.91577060
0.81245288 0.91588591
0.81118157 0.91597602
0.80989549 0.91604370
0.80862418 0.91609166
0.80735288 0.91612366
0.80606679 0.91614532
0.80479548 0.91616420
0.80350939 0.91618959
0.80223809 0.91622691
0.80096678 0.91627799
0.79968070 0.91634300
0.79840939 0.91641921
0.79712330 0.91650344
0.79585200 0.91659066
0.79458069 0.91667350
0.79329460 0.91674715
0.79202330 0.91680820
0.79073721 0.91685424
0.78946590 0.91688474
0.78817982 0.91689987
0.78690851 0.91690084
0.78563720 0.91688929
0.78435112 0.91686837
0.78307981 0.91684351
0.78179372 0.91682294
0.78052242 0.91681678
0.77923633 0.91683192
0.77796502 0.91687105
0.77669372 0.91693441
0.77540763 0.91702018
0.77413633 0.91712511
0.77285024 0.91724443
0.77157893 0.91737119
0.77029284 0.91749520
0.76902154 0.91760722
0.76773545 0.91770445
0.76646414 0.91779003
0.76517806 0.91786936
0.76390675 0.91794683
0.76263545 0.91802509
0.76134936 0.91810579
0.76007805 0.91818986
0.75879196 0.91827773
0.75752066 0.91836967
0.75623457 0.91846610
0.75496327 0.91856743
0.75367718 0.91867426
0.75240587 0.91878796
0.75111978 0.91891001
0.74984848 0.91904260
0.74856239 0.91918824
0.74729108 0.91934900
0.74600500 0.91952484
0.74473369 0.91971401
0.74344760 0.91991293
0.74217630 0.92011608
0.74089021 0.92031917
0.73961890 0.92051815
0.73833282 0.92070886
0.73706151 0.92088762
0.73577542 0.92105061
0.73450412 0.92119456
0.73321803 0.92132001
0.73194672 0.92143446
0.73066064 0.92155226
0.72938933 0.92169000
0.72810324 0.92185754
0.72683194 0.92205575
0.72554585 0.92227921
0.72427454 0.92252040
0.72298845 0.92277499
0.72171715 0.92303952
0.72043106 0.92330994
0.71915976 0.92357935
0.71787367 0.92383479
0.71660236 0.92405999
0.71531627 0.92424027
0.71404497 0.92437843
0.71275888 0.92449189
0.71148758 0.92460005
0.71020149 0.92471867
0.70893018 0.92485234
0.70764409 0.92500291
0.70635801 0.92517282
0.70508670 0.92536634
0.70380061 0.92558868
0.70252931 0.92584312
0.70124322 0.92612080
0.69997191 0.92639876
0.69868582 0.92665741
0.69741452 0.92688584
0.69612843 0.92708675
0.69484234 0.92726830
0.69357104 0.92743640
0.69228495 0.92759624
0.69101364 0.92774761
0.68972756 0.92789002
0.68845625 0.92801998
0.68717016 0.92812774
0.68589886 0.92820781
0.68461277 0.92826810
0.68332668 0.92832881
0.68205538 0.92840550
0.68076929 0.92850150
0.67949798 0.92861569
0.67821189 0.92874733
0.67692581 0.92889900
0.67565450 0.92907281
0.67436841 0.92926315
0.67309711 0.92944790
0.67181102 0.92959557
0.67053971 0.92968740
0.66925363 0.92971736
0.66796754 0.92969051
0.66669623 0.92962226
0.66541014 0.92953497
0.66413884 0.92945661
0.66285275 0.92940396
0.66156666 0.92938060
0.66029536 0.92938083
0.65900927 0.92939437
0.65772318 0.92941791
0.65645188 0.92945265
0.65516579 0.92949817
0.65389448 0.92954944
0.65260839 0.92960102
0.65132231 0.92964782
0.65005100 0.92968487
0.64876491 0.92970861
0.64749361 0.92971574
0.64620752 0.92970373
0.64492143 0.92966998
0.64365012 0.92961212
0.64236404 0.92952590
0.64107795 0.92940374
0.63980664 0.92924034
0.63852056 0.92903851
0.63723447 0.92880812
0.63596316 0.92856423
0.63467707 0.92831983
0.63339099 0.92808972
0.63211968 0.92789197
0.63083359 0.92773499
0.62954750 0.92762181
0.62827620 0.92754909
0.62699011 0.92749416
0.62571880 0.92742208
0.62443272 0.92730774
0.62314663 0.92714412
0.62187532 0.92693679
0.62058924 0.92669819
0.61930315 0.92644165
0.61801706 0.92617227
0.61674575 0.92589385
0.61545967 0.92560998
0.61417358 0.92531531
0.61290227 0.92499990
0.61161618 0.92465696
0.61033010 0.92429209
0.60905879 0.92392486
0.60777270 0.92358212
0.60648661 0.92328009
0.60521531 0.92301199
0.60392922 0.92276196
0.60264313 0.92250571
0.60137183 0.92221514
0.60008574 0.92187642
0.59879965 0.92148846
0.59751356 0.92106075
0.59624226 0.92061426
0.59495617 0.92017906
0.59367008 0.91977913
0.59239878 0.91941857
0.59111269 0.91908041
0.58982660 0.91873851
0.58854051 0.91838398
0.58726921 0.91802134
0.58598312 0.91766601
0.58469703 0.91734358
0.58341094 0.91706830
0.58213964 0.91684118
0.58085355 0.91665422
0.57956746 0.91648052
0.57829616 0.91628097
0.57701007 0.91603409
0.57572398 0.91573191
0.57443789 0.91537530
0.57316659 0.91497724
0.57188050 0.91455454
0.57059441 0.91413008
0.56930832 0.91372827
0.56803702 0.91336225
0.56675093 0.91303475
0.56546484 0.91274166
0.56417875 0.91247422
0.56289266 0.91221611
0.56162136 0.91194318
0.56033527 0.91164168
0.55904918 0.91131037
0.55776309 0.91096909
0.55649179 0.91064882
0.55520570 0.91036144
0.55391961 0.91009852
0.55263352 0.90983241
0.55134744 0.90952808
0.55007613 0.90917441
0.54879004 0.90877860
0.54750395 0.90836479
0.54621787 0.90797319
0.54494656 0.90761209
0.54366047 0.90726767
0.54237438 0.90691887
0.54108830 0.90653164
0.53980221 0.90608181
0.53853090 0.90558526
0.53724481 0.90509213
0.53595873 0.90463947
0.53467264 0.90424208
0.53338655 0.90388053
0.53210046 0.90349821
0.53082916 0.90306067
0.52954307 0.90257092
0.52825698 0.90206633
0.52697089 0.90160247
0.52568480 0.90119908
0.52439872 0.90085071
0.52312741 0.90052865
0.52184132 0.90018105
0.52055524 0.89977809
0.51926915 0.89931346
0.51798306 0.89879657
0.51669697 0.89825355
0.51542567 0.89771235
0.51413958 0.89719354
0.51285349 0.89670365
0.51156740 0.89623727
0.51028131 0.89577890
0.50899523 0.89530722
0.50770914 0.89481285
0.50643783 0.89429812
0.50515174 0.89377419
0.50386566 0.89325720
0.50257957 0.89275181
0.50129348 0.89225438
0.50000739 0.89175863
0.49872130 0.89125486
0.49743522 0.89073181
0.49616391 0.89018200
0.49487782 0.88960148
0.49359173 0.88899114
0.49230565 0.88835684
0.49101956 0.88770759
0.48973347 0.88705686
0.48844738 0.88641834
0.48716129 0.88580613
0.48587521 0.88522466
0.48460390 0.88466549
0.48331781 0.88410512
0.48203172 0.88351181
0.48074564 0.88288130
0.47945955 0.88223050
0.47817346 0.88158100
0.47688737 0.88095075
0.47560128 0.88034223
0.47431520 0.87973986
0.47302911 0.87911270
0.47174302 0.87843389
0.47045693 0.87768636
0.46917084 0.87688180
0.46789954 0.87607060
0.46661345 0.87529449
0.46532736 0.87456654
0.46404127 0.87384121
0.46275519 0.87302595
0.46146910 0.87211373
0.46018301 0.87117261
0.45889692 0.87026992
0.45761083 0.86944773
0.45632474 0.86869169
0.45503866 0.86797287
0.45375257 0.86729370
0.45246648 0.86666566
0.45118039 0.86610918
0.44989430 0.86558461
0.44860822 0.86498192
0.44732213 0.86425789
0.44603604 0.86344625
0.44474995 0.86261484
0.44346386 0.86181884
0.44217778 0.86107138
0.44089169 0.86035919
0.43960560 0.85965610
0.43831951 0.85894742
0.43703342 0.85822697
0.43574734 0.85748887
0.43446125 0.85673311
0.43317516 0.85595880
0.43188907 0.85516726
0.43060298 0.85436990
0.42931690 0.85358346
0.42803081 0.85282089
0.42674472 0.85208258
0.42545863 0.85136894
0.42417254 0.85070419
0.42288645 0.85010930
0.42160037 0.84959633
0.42031428 0.84912250
0.41902819 0.84857700
0.41774210 0.84791619
0.41645601 0.84718080
0.41516993 0.84643090
0.41388384 0.84569465
0.41259775 0.84496533
0.41131166 0.84425434
0.41002557 0.84358419
0.40873949 0.84295443
0.40745340 0.84232955
0.40616731 0.84167631
0.40488122 0.84099241
0.40359513 0.84030419
0.40230905 0.83966475
0.40102296 0.83911775
0.39973687 0.83866025
0.39843600 0.83825204
0.39714991 0.83784868
0.39586382 0.83742919
0.39457773 0.83699276
0.39329165 0.83654380
0.39200556 0.83608453
0.39071947 0.83561107
0.38943338 0.83511993
0.38814729 0.83461687
0.38686121 0.83411558
0.38557512 0.83363465
0.38428903 0.83319757
0.38298816 0.83282431
0.38170207 0.83251549
0.38041598 0.83224583
0.37912989 0.83198226
0.37784381 0.83171268
0.37655772 0.83144090
0.37527163 0.83116780
0.37398554 0.83089304
0.37269945 0.83061152
0.37139858 0.83031169
0.37011250 0.82999396
0.36882641 0.82968355
0.36754032 0.82941124
0.36625423 0.82919222
0.36496814 0.82902106
0.36368206 0.82887645
0.36238118 0.82873523
0.36109510 0.82858787
0.35980901 0.82843462
0.35852292 0.82827428
0.35723683 0.82810355
0.35595074 0.82792607
0.35466466 0.82775826
0.35336379 0.82761762
0.35207770 0.82750955
0.35079161 0.82742202
0.34950552 0.82733979
0.34821943 0.82725992
0.34693335 0.82717387
0.34563247 0.82707002
0.34434639 0.82694834
0.34306030 0.82680751
0.34177421 0.82664703
0.34048812 0.82646711
0.33918725 0.82626532
0.33790116 0.82603820
0.33661508 0.82578036
0.33532899 0.82549140
0.33404290 0.82518087
0.33275681 0.82486528
0.33145594 0.82454836
0.33016985 0.82422236
0.32888376 0.82386785
0.32759768 0.82345095
0.32629681 0.82294347
0.32501072 0.82232745
0.32372463 0.82159378
0.32243854 0.82075608
0.32115245 0.81984910
0.31985158 0.81890077
0.31856549 0.81793433
0.31727941 0.81696780
0.31599332 0.81599697
0.31469245 0.81500381
0.31340636 0.81397229
0.31212027 0.81289233
0.31083418 0.81175321
0.30953331 0.81052981
0.30824722 0.80919151
0.30696114 0.80772271
0.30567505 0.80613570
0.30437418 0.80446973
0.30308809 0.80276221
0.30180200 0.80103609
0.30051591 0.79928340
0.29921504 0.79747128
0.29792895 0.79557301
0.29664287 0.79357897
0.29534200 0.79150710
0.29405591 0.78939818
0.29276982 0.78727898
0.29148373 0.78515914
0.29018286 0.78301792
0.28889677 0.78079367
0.28761068 0.77844061
0.28630981 0.77597439
0.28502373 0.77344298
0.28373764 0.77089722
0.28243677 0.76836112
0.28115068 0.76579351
0.27986459 0.76313671
0.27857850 0.76036421
0.27727763 0.75746819
0.27599154 0.75446908
0.27470546 0.75142607
0.27340459 0.74838656
0.27211850 0.74536545
0.27083241 0.74233614
0.26953154 0.73923482
0.26824545 0.73601702
0.26695936 0.73266604
0.26565849 0.72920232
0.26437240 0.72567832
0.26307153 0.72212611
0.26178545 0.71855466
0.26049936 0.71496172
0.25919849 0.71133368
0.25791240 0.70765511
0.25662631 0.70391624
0.25532544 0.70011782
0.25403935 0.69626791
0.25275326 0.69238048
0.25145239 0.68847212
0.25016630 0.68454772
0.24886543 0.68060681
0.24757935 0.67664525
0.24629326 0.67265333
0.24499239 0.66862784
0.24370630 0.66456627
0.24240543 0.66046199
0.24111934 0.65631409
0.23983325 0.65213401
0.23853238 0.64794062
0.23724629 0.64375400
0.23594542 0.63958593
0.23465933 0.63543531
0.23337325 0.63129024
0.23207238 0.62713340
0.23078629 0.62294982
0.22948542 0.61872480
0.22819933 0.61445009
0.22689846 0.61012593
0.22561237 0.60577040
0.22432628 0.60142036
0.22302541 0.59709320
0.22173932 0.59278663
0.22043845 0.58849022
0.21915236 0.58419013
0.21785149 0.57987812
0.21656541 0.57555487
0.21526454 0.57123302
0.21397845 0.56692811
0.21267758 0.56266175
0.21139149 0.55844025
0.21009062 0.55422674
0.20880453 0.54997680
0.20750366 0.54566179
0.20621757 0.54131794
0.20493148 0.53705781
0.20363061 0.53292805
0.20234452 0.52890061
0.20104365 0.52493886
0.19975757 0.52100393
0.19845669 0.51709643
0.19717061 0.51322824
0.19586974 0.50937312
0.19458365 0.50549591
0.19328278 0.50154158
0.19199669 0.49752085
0.19069582 0.49354898
0.18939495 0.48969307
0.18810886 0.48593908
0.18680799 0.48222805
0.18552190 0.47851165
0.18422103 0.47478124
0.18293494 0.47105198
0.18163407 0.46734863
0.18034798 0.46367941
0.17904711 0.46004295
0.17776102 0.45643760
0.17646015 0.45286072
0.17517407 0.44931378
0.17387319 0.44580064
0.17257232 0.44232589
0.17128624 0.43889516
0.16998537 0.43551134
0.16869928 0.43217708
0.16739841 0.42888283
0.16611232 0.42558060
0.16481145 0.42221447
0.16351058 0.41872505
0.16222449 0.41511864
0.16092362 0.41151180
0.15963753 0.40796997
0.15833666 0.40447706
0.15703579 0.40100034
0.15574970 0.39753231
0.15444883 0.39410183
0.15316274 0.39070832
0.15186187 0.38732149
0.15056100 0.38392922
0.14927491 0.38056131
0.14797404 0.37725817
0.14668795 0.37403659
0.14538708 0.37088314
0.14408621 0.36774102
0.14280012 0.36453784
0.14149925 0.36124651
0.14019838 0.35789477
0.13891229 0.35453115
0.13761142 0.35118418
0.13632534 0.34785816
0.13502447 0.34454886
0.13372359 0.34125433
0.13243751 0.33798182
0.13113664 0.33474110
0.12983577 0.33152298
0.12854968 0.32992466
0.12724881 0.32673596
0.12594794 0.32355786
0.12466185 0.32039032
0.12336098 0.31723334
0.12206011 0.31408689
0.12075924 0.31095094
0.11947315 0.30782549
0.11817228 0.30471050
0.11687141 0.30160595
0.11558532 0.29851183
0.11428445 0.29542812
0.11298358 0.29235479
0.11169749 0.28929181
0.11039662 0.28623918
0.10909575 0.28319687
0.10779488 0.28016485
0.10650879 0.27714311
0.10520792 0.27413161
0.10390705 0.27113034
0.10260618 0.26813928
0.10132009 0.26515839
0.10001922 0.26218765
0.09871835 0.25922704
0.09743226 0.25627653
0.09613139 0.25333608
0.09483052 0.25040567
0.09352965 0.24748527
0.09224356 0.24457485
0.09094269 0.24167436
0.08964182 0.23878377
0.08834095 0.23590305
0.08704008 0.23303216
0.08575399 0.23017105
0.08445312 0.22731967
0.08315225 0.22447799
0.08185138 0.22164595
0.08056529 0.21882349
0.07926442 0.21601056
0.07796355 0.21320710
0.07666268 0.21041305
0.07536180 0.20762834
0.07407572 0.20485289
0.07277485 0.20208663
0.07147398 0.19932948
0.07017310 0.19658135
0.06887223 0.19384214
0.06757136 0.19111176
0.06628528 0.18839010
0.06498440 0.18567705
0.06368353 0.18297248
0.06238266 0.18027626
0.06108179 0.17758826
0.05978092 0.17490833
0.05849483 0.17223630
0.05719396 0.16957201
0.05589309 0.16691528
0.05459222 0.16426590
0.05329135 0.16162366
0.05199048 0.15898835
0.05068961 0.15635972
0.04940352 0.15373751
0.04810265 0.15112143
0.04680178 0.14851118
0.04550091 0.14590645
0.04420004 0.14330688
0.04289917 0.14071209
0.04159830 0.13812167
0.04029743 0.13553518
0.03901134 0.13295216
0.03771047 0.13037207
0.03640960 0.12779436
0.03510873 0.12521842
0.03380786 0.12264360
0.03250698 0.12006916
0.03120611 0.11749433
0.02990524 0.11491826
0.02860437 0.11233999
0.02730350 0.10975851
0.02600263 0.10717268
0.02470176 0.10458125
0.02341567 0.10198285
0.02211480 0.09937596
0.02081393 0.09675888
0.01951306 0.09412973
0.01821219 0.09148638
0.01691132 0.08882647
0.01561045 0.08614730
0.01430958 0.08344585
0.01300871 0.08071864
0.01170784 0.07796168
0.01040697 0.07517037
0.00910609 0.07233933
0.00780522 0.06946226
0.00650435 0.06653167
0.00520348 0.06353853
0.00390261 0.06047188
0.00260174 0.05731812
0.00130087 0.05406010
0.00000000 0.05067568
-0.00000000 0.04281668
-0.00130087 0.03500236
-0.00260335 0.02993876
-0.00390746 0.02464616
-0.00521317 0.02020491
-0.00652048 0.01577682
-0.00782941 0.01180600
-0.00913993 0.00705529
-0.01045207 0.00000000
-0.01176578 nan
-0.01308110 nan
-0.01439801 0.00546498
-0.01571644 0.01046483
-0.01703653 0.01513252
-0.01835824 0.01945153
-0.01968143 0.02403231
-0.02100625 0.02875046
-0.02233255 0.03369678
-0.02366047 0.03852682
-0.02499002 0.04339502
-0.02632105 0.04818699
-0.02765326 0.05235512
-0.02898739 0.05568113
-0.03032315 0.05822313
-0.03166038 0.06032911
-0.03299939 0.06228432
-0.03433973 0.06410249
-0.03568185 0.06579496
-0.03702529 0.06751936
-0.03837051 0.06912887
-0.03971706 0.07070205
-0.04106524 0.07231048
-0.04241504 0.07388422
-0.04376617 0.07555800
-0.04511893 0.07700114
-0.04647316 0.07822629
-0.04782902 0.07911702
-0.04918636 0.07980998
-0.05054518 0.08043483
-0.05190548 0.08105492
-0.05326740 0.08160901
-0.05463080 0.08215942
-0.05599568 0.08270620
-0.05736204 0.08324944
-0.05872988 0.08378920
-0.06009919 0.08432555
-0.06146998 0.08479949
-0.06284240 0.08532957
-0.06421615 0.08585642
-0.06559138 0.08638009
-0.06696823 0.08695831
-0.06834642 0.08753276
-0.06972608 0.08816038
-0.07110722 0.08878364
-0.07248984 0.08934651
-0.07387393 0.08996166
-0.07525951 0.09057269
-0.07664641 0.09117969
-0.07803480 0.09178274
-0.07942466 0.09238190
-0.08081600 0.09292330
-0.08220867 0.09351527
-0.08360282 0.09410358
-0.08499845 0.09468829
-0.08639541 0.09521677
-0.08779384 0.09579480
-0.08919376 0.09631731
-0.09059500 0.09688888
-0.09199772 0.09745714
-0.09340178 0.09797094
-0.09480731 0.09848210
-0.09621417 0.09904139
-0.09762236 0.09954715
-0.09903203 0.10005040
-0.10044304 0.10055118
-0.10185551 0.10109922
-0.10326932 0.10159492
-0.10468446 0.10208826
-0.10610108 0.10257927
-0.10751888 0.10306798
-0.10893816 0.10355443
-0.11035892 0.10408695
-0.11178086 0.10456876
-0.11320413 0.10504839
-0.11462888 0.10557353
-0.11605496 0.10604871
-0.11748222 0.10652181
-0.11891096 0.10699287
-0.12034104 0.10741509
-0.12177229 0.10788232
-0.12320502 0.10834759
-0.12463893 0.10881090
-0.12607433 0.10922624
-0.12751090 0.10968592
-0.12894881 0.11009803
-0.13038804 0.11050863
-0.13182846 0.11096312
-0.13327021 0.11137060
-0.13471344 0.11177664
-0.13615770 0.11218123
-0.13760344 0.11262912
-0.13905022 0.11303073
-0.14049847 0.11343095
-0.14194791 0.11382980
-0.14339867 0.11422729
-0.14485062 0.11462343
-0.14630375 0.11501824
-0.14775822 0.11541173
-0.14921430 0.11580392
-0.15067039 0.11615145
-0.15212944 0.11654120
-0.15358848 0.11692969
-0.15504900 0.11731693
-0.15651101 0.11770292
-0.15797449 0.11808768
-0.15943796 0.11847122
-0.16090440 0.11885356
-0.16237084 0.11919241
-0.16383875 0.11957250
-0.16530667 0.11995141
-0.16677754 0.12032916
-0.16824841 0.12070577
-0.16972223 0.12108123
-0.17119606 0.12145556
-0.17266989 0.12182877
-0.17414667 0.12220087
-0.17562346 0.12257187
-0.17710172 0.12294178
-0.17858146 0.12331061
-0.18006268 0.12367837
-0.18154390 0.12408575
-0.18302659 0.12445129
-0.18451077 0.12481578
-0.18599642 0.12521957
-0.18748355 0.12558189
-0.18897069 0.12594320
-0.19045930 0.12634349
-0.19194791 0.12674254
-0.19343947 0.12710065
-0.19493104 0.12745778
-0.19642408 0.12785345
-0.19791861 0.12820855
-0.19941313 0.12856269
-0.20090913 0.12891589
-0.20240661 0.12926815
-0.20390557 0.12961948
-0.20540453 0.12996990
-0.20690496 0.13031940
-0.20840540 0.13062930
-0.20990879 0.13097709
-0.21141218 0.13128549
-0.21291705 0.13163160
-0.21442193 0.13193852
-0.21592827 0.13228298
-0.21743610 0.13258843
-0.21894541 0.13289321
-0.22045471 0.13323527
-0.22196550 0.13353862
-0.22347628 0.13384130
-0.22499002 0.13418103
-0.22650376 0.13448231
-0.22801750 0.13482047
-0.22953272 0.13512037
-0.23104942 0.13549435
-0.23256759 0.13583007
-0.23408577 0.13623932
-0.23560542 0.13664738
-0.23712508 0.13709119
-0.23864621 0.13753363
-0.24016882 0.13801138
-0.24169143 0.13845097
-0.24321552 0.13888922
-0.24474108 0.13936249
-0.24626665 0.13979798
-0.24779369 0.14023216
-0.24932074 0.14066505
-0.25084926 0.14109666
-0.25237926 0.14149119
-0.25390926 0.14192038
-0.25544074 0.14234832
-0.25697222 0.14273951
-0.25850518 0.14316509
-0.26003962 0.14358946
-0.26157405 0.14397740
-0.26310997 0.14439946
-0.26464588 0.14478532
-0.26618327 0.14520512
-0.26772067 0.14558892
-0.26925954 0.14600650
-0.27079989 0.14638828
-0.27234024 0.14680367
-0.27388059 0.14718346
-0.27542241 0.14759671
-0.27696572 0.14797454
-0.27850902 0.14838566
-0.28005381 0.14876157
-0.28159859 0.14913657
-0.28314485 0.14954462
-0.28469112 0.14991774
-0.28623886 0.15028997
-0.28778808 0.15069503
-0.28933730 0.15106542
-0.29088651 0.15143494
-0.29243721 0.15180359
-0.29398791 0.15217140
-0.29554008 0.15253835
-0.29709226 0.15287121
-0.29864591 0.15323655
-0.30019957 0.15356796
-0.30175470 0.15389869
-0.30330983 0.15422873
-0.30486644 0.15452520
-0.30642305 0.15485397
-0.30798114 0.15518207
-0.30953923 0.15550951
-0.31109731 0.15583629
-0.31265688 0.15616241
-0.31421793 0.15648789
-0.31577749 0.15684517
-0.31734002 0.15720167
-0.31890106 0.15752509
-0.32046358 0.15788013
-0.32202758 0.15823440
-0.32359159 0.15862002
-0.32515559 0.15897272
-0.32672107 0.15932467
-0.32828655 0.15970778
-0.32985350 0.16005819
-0.33142046 0.16043962
-0.33298742 0.16082019
-0.33455586 0.16119990
-0.33612429 0.16157876
-0.33769273 0.16198824
-0.33926264 0.16236535
-0.34083256 0.16274163
-0.34240395 0.16314832
-0.34397534 0.16355406
-0.34554674 0.16395884
-0.34711961 0.16436267
-0.34869248 0.16476556
-0.35026535 0.16516751
-0.35183970 0.16556854
-0.35341405 0.16596864
-0.35498840 0.16639850
-0.35656422 0.16679671
-0.35814005 0.16722454
-0.35971588 0.16765134
-0.36129171 0.16807711
-0.36286901 0.16850186
-0.36444780 0.16892559
-0.36602510 0.16934831
-0.36760388 0.16977004
-0.36918267 0.17019078
-0.37076145 0.17064048
-0.37234172 0.17105918
-0.37392198 0.17150672
-0.37550224 0.17192343
-0.37708398 0.17236884
-0.37866424 0.17281317
-0.38024598 0.17325641
-0.38182920 0.17372803
-0.38341094 0.17416908
-0.38499416 0.17463836
-0.38657738 0.17510646
-0.38816060 0.17557337
-0.38974382 0.17606819
-0.39132851 0.17653270
-0.39291321 0.17702499
-0.39449791 0.17751598
-0.39608261 0.17800570
-0.39766878 0.17849415
-0.39925496 0.17900996
-0.40084113 0.17949583
-0.40242731 0.18000894
-0.40401348 0.18052067
-0.40560114 0.18105935
-0.40718731 0.18156829
-0.40877496 0.18210406
-0.41036262 0.18263835
-0.41195175 0.18317117
-0.41353940 0.18373046
-0.41512853 0.18426031
-0.41671619 0.18481651
-0.41830532 0.18537114
-0.41989445 0.18592422
-0.42148358 0.18650329
-0.42307419 0.18708069
-0.42466333 0.18765641
-0.42625394 0.18823049
-0.42784307 0.18880293
-0.42943368 0.18940089
-0.43102429 0.18999710
-0.43261490 0.19059155
-0.43420551 0.19118428
-0.43579612 0.19180212
-0.43738821 0.19241810
-0.43897882 0.19303225
-0.44057090 0.19364458
-0.44216151 0.19425511
-0.44375360 0.19489028
-0.44534569 0.19552353
-0.44693778 0.19615487
-0.44852839 0.19678433
-0.45012048 0.19741192
-0.45171257 0.19803765
-0.45330613 0.19868751
-0.45489822 0.19933541
-0.45649031 0.19998135
-0.45808240 0.20059963
-0.45967449 0.20124180
-0.46126658 0.20188208
-0.46286014 0.20252048
-0.46445223 0.20315701
-0.46604432 0.20376636
-0.46763788 0.20439930
-0.46922997 0.20503044
-0.47082206 0.20568492
-0.47241563 0.20636254
-0.47400772 0.20703811
-0.47559980 0.20773656
-0.47719337 0.20845768
-0.47878546 0.20917650
-0.48037755 0.20991772
-0.48196964 0.21065654
-0.48356320 0.21141749
-0.48515529 0.21217592
-0.48674738 0.21293187
-0.48833947 0.21370962
-0.48993156 0.21448479
-0.49152364 0.21528149
-0.49311573 0.21605148
-0.49470782 0.21684290
-0.49629843 0.21765555
-0.49789052 0.21844165
-0.49948261 0.21924887
-0.50107322 0.22005338
-0.50266383 0.22087876
-0.50425592 0.22170133
-0.50584653 0.22252113
-0.50743714 0.22333818
-0.50902775 0.22415252
-0.51061836 0.22498732
-0.51220897 0.22581931
-0.51379958 0.22664853
-0.51538871 0.22749792
-0.51697932 0.22834444
-0.51856845 0.22918812
-0.52015758 0.23002900
-0.52174671 0.23088971
-0.52333585 0.23174754
-0.52492498 0.23262495
-0.52651263 0.23349939
-0.52810029 0.23437089
-0.52968942 0.23526170
-0.53127707 0.23614948
-0.53286472 0.23705634
-0.53445090 0.23796010
-0.53603855 0.23888271
-0.53762473 0.23980213
-0.53921090 0.24076194
-0.54079708 0.24171834
-0.54238325 0.24269298
-0.54396943 0.24370721
-0.54555413 0.24473914
-0.54713882 0.24580995
-0.54872352 0.24687661
-0.55030822 0.24793918
-0.55189144 0.24899771
-0.55347466 0.25003119
-0.55505787 0.25108187
-0.55664109 0.25210776
-0.55822283 0.25312996
-0.55980605 0.25416927
-0.56138779 0.25518415
-0.56296805 0.25621608
-0.56454980 0.25724435
-0.56613006 0.25826900
-0.56771032 0.25931047
-0.56929058 0.26034827
-0.57086937 0.26138244
-0.57244815 0.26243320
-0.57402693 0.26348029
-0.57560424 0.26454376
-0.57718302 0.26560351
-0.57875885 0.26665957
-0.58033616 0.26773181
-0.58191198 0.26882007
-0.58348781 0.26992418
-0.58506364 0.27102438
-0.58663799 0.27212070
-0.58821234 0.27325215
-0.58978669 0.27437955
-0.59135956 0.27550294
-0.59293243 0.27666092
-0.59450530 0.27781473
-0.59607669 0.27898354
-0.59764808 0.28014815
-0.59921800 0.28134657
-0.60078939 0.28254063
-0.60235783 0.28374922
-0.60392774 0.28497219
-0.60549618 0.28619069
-0.60706461 0.28742341
-0.60863157 0.28867021
-0.61019853 0.28993094
-0.61176401 0.29120546
-0.61333097 0.29247525
-0.61489497 0.29377699
-0.61646045 0.29507386
-0.61802445 0.29636592
-0.61958697 0.29768944
-0.62114950 0.29900801
-0.62271202 0.30033967
-0.62427306 0.30168428
-0.62583411 0.30302388
-0.62739368 0.30437630
-0.62895324 0.30572371
-0.63051133 0.30708382
-0.63207090 0.30843892
-0.63362751 0.30980659
-0.63518412 0.31116926
-0.63674073 0.31252701
-0.63829586 0.31389720
-0.63985099 0.31524522
-0.64140464 0.31658850
-0.64295830 0.31792711
-0.64451047 0.31927818
-0.64606265 0.32064158
-0.64761335 0.32201721
-0.64916404 0.32342184
-0.65071326 0.32485519
-0.65226248 0.32630017
-0.65381022 0.32775669
-0.65535796 0.32922462
-0.65690570 0.33070388
-0.65845049 0.33219434
-0.65999675 0.33369590
-0.66154005 0.33520847
-0.66308484 0.33673193
-0.66462666 0.33826618
-0.66616849 0.33979490
-0.66771032 0.34133434
-0.66925067 0.34288439
-0.67078954 0.34444496
-0.67232841 0.34599995
-0.67386728 0.34756540
-0.67540467 0.34914119
-0.67694059 0.35071142
-0.67847650 0.35229194
-0.68001094 0.35388265
-0.68154390 0.35548347
-0.68307685 0.35707870
-0.68460833 0.35868397
-0.68613981 0.36028371
-0.68766982 0.36189342
-0.68919982 0.36351304
-0.69072834 0.36514248
-0.69225538 0.36676637
-0.69378243 0.36840003
-0.69530800 0.37002818
-0.69683356 0.37168118
-0.69835765 0.37332863
-0.69988026 0.37498564
-0.70140287 0.37665214
-0.70292400 0.37831312
-0.70444366 0.37999842
-0.70596331 0.38167816
-0.70748148 0.38338199
-0.70899966 0.38508022
-0.71051488 0.38680230
-0.71203158 0.38853339
-0.71354532 0.39027341
-0.71505906 0.39203686
-0.71657132 0.39382353
-0.71808358 0.39563322
-0.71959436 0.39746572
-0.72110367 0.39933519
-0.72261150 0.40124129
-0.72411933 0.40316941
-0.72562567 0.40509095
-0.72713202 0.40697768
-0.72863542 0.40884409
-0.73014029 0.41066226
-0.73164220 0.41247476
-0.73314412 0.41428168
-0.73464307 0.41606914
-0.73614351 0.41785126
-0.73764099 0.41964195
-0.73913847 0.42142736
-0.74063447 0.42323512
-0.74212899 0.42505131
-0.74362352 0.42690329
-0.74511656 0.42876345
-0.74660813 0.43065899
-0.74809822 0.43258961
-0.74958830 0.43454150
-0.75107691 0.43654148
-0.75256405 0.43858915
-0.75405118 0.44065729
-0.75553535 0.44277247
-0.75701953 0.44492097
-0.75850222 0.44710251
-0.75998492 0.44931684
-0.76146466 0.45155047
-0.76294440 0.45380329
-0.76442266 0.45607514
-0.76590093 0.45835284
-0.76737623 0.46064941
-0.76885154 0.46293875
-0.77032537 0.46523392
-0.77179771 0.46752202
-0.77326859 0.46980316
-0.77473946 0.47207747
-0.77620885 0.47433225
-0.77767528 0.47658048
-0.77914320 0.47879684
-0.78060816 0.48099431
-0.78207164 0.48317311
-0.78353512 0.48533343
-0.78499712 0.48747546
-0.78645764 0.48961193
-0.78791669 0.49174294
-0.78937573 0.49386855
-0.79083182 0.49597641
-0.79228791 0.49810395
-0.79374252 0.50022628
-0.79519565 0.50235585
-0.79664730 0.50449265
-0.79809748 0.50664896
-0.79954765 0.50882470
-0.80099487 0.51100752
-0.80244209 0.51322185
-0.80388783 0.51546752
-0.80533209 0.51773218
-0.80677488 0.52002788
-0.80821618 0.52235444
-0.80965749 0.52469964
-0.81109584 0.52708746
-0.81253418 0.52948163
-0.81397106 0.53190612
-0.81540645 0.53436079
-0.81684036 0.53682160
-0.81827280 0.53928858
-0.81970376 0.54177363
-0.82113324 0.54426483
-0.82256272 0.54676220
-0.82398924 0.54926576
-0.82541576 0.55176377
-0.82684081 0.55426807
-0.82826289 0.55675524
-0.82968498 0.55924885
-0.83110559 0.56173724
-0.83252472 0.56420885
-0.83394238 0.56667548
-0.83536003 0.56913722
-0.83677473 0.57159415
-0.83818795 0.57404636
-0.83960116 0.57648239
-0.84101143 0.57892543
-0.84242169 0.58135250
-0.84382899 0.58378669
-0.84523630 0.58620512
-0.84664213 0.58863078
-0.84804648 0.59105229
-0.84944787 0.59346971
-0.85084926 0.59588313
-0.85224918 0.59829261
-0.85364761 0.60070956
-0.85504457 0.60312269
-0.85644005 0.60554336
-0.85783405 0.60794903
-0.85922657 0.61036235
-0.86061762 0.61278334
-0.86200866 0.61518954
-0.86339675 0.61761474
-0.86478336 0.62002530
-0.86616849 0.62244370
-0.86755215 0.62486996
-0.86893580 0.62729294
-0.87031650 0.62971272
-0.87169571 0.63214048
-0.87307345 0.63457624
-0.87445120 0.63700894
-0.87582598 0.63944970
-0.87719928 0.64188750
-0.87857259 0.64434451
-0.87994294 0.64678756
-0.88131181 0.64924988
-0.88267920 0.65170939
-0.88404659 0.65417718
-0.88541103 0.65665326
-0.88677399 0.65913767
-0.88813547 0.66163044
-0.88949695 0.66413158
-0.89085547 0.66663017
-0.89221251 0.66914817
-0.89356808 0.67167464
-0.89492217 0.67422053
-0.89627478 0.67676401
-0.89762591 0.67932696
-0.89897556 0.68190938
-0.90032374 0.68450040
-0.90167044 0.68711091
-0.90301565 0.68973008
-0.90435940 0.69236878
-0.90570166 0.69503789
-0.90704096 0.69771571
-0.90838027 0.70042395
-0.90971810 0.70315178
-0.91105297 0.70591004
-0.91238784 0.70868793
-0.91371975 0.71149627
-0.91505167 0.71433506
-0.91638062 0.71725824
-0.91770810 0.72026573
-0.91903410 0.72334666
-0.92036010 0.72651176
-0.92168315 0.72973946
-0.92300472 0.73304049
-0.92432480 0.73642559
-0.92564341 0.73990118
-0.92695907 0.74346831
-0.92827472 0.74714200
-0.92958890 0.75093511
-0.93090011 0.75486371
-0.93221133 0.75894711
-0.93351959 0.76320565
-0.93482786 0.76766400
-0.93613316 0.77235648
-0.93743699 0.77730888
-0.93873934 0.78257379
-0.94004021 0.78814936
-0.94133960 0.79394936
-0.94263604 0.79980745
-0.94393247 0.80585798
-0.94522743 0.81243136
-0.94651943 0.82118476
-0.94781143 0.83400851
-0.94910048 0.85478900
-0.95038804 0.87545519
-0.95167118 0.87212295
-0.95295431 0.85168515
-0.95423744 0.83920542
-0.95551909 0.83490733
-0.95679779 0.83245137
-0.95807353 0.83084626
-0.95934927 0.82974954
-0.96062353 0.82879873
-0.96189631 0.82736465
-0.96316762 0.82372036
