# s/c    M_is
1.28119503 0.92316080
1.27992372 0.92305616
1.27865242 0.92295909
1.27738111 0.92287042
1.27610981 0.92279097
1.27483850 0.92272155
1.27356719 0.92266294
1.27229589 0.92261592
1.27102458 0.92258123
1.26975328 0.92255961
1.26848197 0.92255179
1.26721067 0.92255848
1.26593936 0.92258036
1.26466806 0.92261811
1.26339675 0.92267239
1.26212545 0.92274384
1.26085414 0.92283309
1.25958283 0.92294075
1.25831153 0.92306743
1.25704022 0.92321369
1.25576892 0.92338011
1.25449761 0.92356724
1.25322631 0.92377560
1.25195500 0.92400572
1.25068370 0.92425810
1.24941239 0.92453324
1.24814109 0.92483159
1.24686978 0.92515362
1.24559847 0.92549978
1.24432717 0.92587048
1.24305586 0.92626614
1.24178456 0.92668716
1.24051325 0.92713392
1.23924195 0.92760678
1.23797064 0.92810609
1.23669934 0.92863220
1.23542803 0.92918541
1.23415673 0.92976604
1.23288542 0.93037438
1.23161411 0.93101071
1.23034281 0.93167528
1.22907150 0.93236834
1.22780020 0.93309012
1.22652889 0.93384085
1.22525759 0.93462071
1.22398628 0.93542991
1.22271498 0.93626860
1.22144367 0.93713695
1.22017237 0.93803511
1.21890106 0.93896319
1.21762975 0.93992131
1.21635845 0.94090958
1.21508714 0.94192807
1.21381584 0.94297685
1.21254453 0.94405598
1.21127323 0.94516551
1.21000192 0.94630544
1.20873062 0.94747581
1.20744453 0.94867659
1.20617322 0.94990778
1.20490192 0.95116933
1.20363061 0.95246121
1.20235931 0.95378335
1.20108800 0.95513567
1.19981670 0.95651809
1.19854539 0.95793048
1.19727408 0.95937274
1.19600278 0.96084473
1.19473147 0.96234629
1.19346017 0.96387726
1.19218886 0.96543747
1.19091756 0.96702670
1.18964625 0.96864476
1.18837495 0.97029142
1.18710364 0.97196644
1.18583234 0.97366955
1.18456103 0.97540050
1.18328972 0.97715898
1.18201842 0.97894471
1.18074711 0.98075737
1.17946103 0.98259661
1.17818972 0.98446209
1.17691841 0.98635346
1.17564711 0.98827032
1.17437580 0.99021228
1.17310450 0.99217893
1.17183319 0.99416983
1.17056189 0.99618455
1.16929058 0.99822262
1.16801928 1.00028357
1.16674797 1.00236689
1.16547667 1.00447207
1.16420536 1.00659859
1.16293405 1.00874590
1.16166275 1.01091343
1.16039144 1.01310061
1.15912014 1.01530682
1.15783405 1.01753145
1.15656274 1.01977387
1.15529144 1.02203341
1.15402013 1.02582958
1.15274883 1.02855918
1.15147752 1.03133371
1.15020622 1.03413707
1.14893491 1.03694574
1.14766361 1.03974915
1.14639230 1.04255720
1.14512100 1.04538667
1.14384969 1.04824132
1.14257838 1.05110756
1.14130708 1.05396183
1.14002099 1.05679100
1.13874969 1.05957899
1.13747838 1.06230628
1.13620707 1.06495930
1.13493577 1.06753075
1.13366446 1.07002929
1.13239316 1.07246784
1.13112185 1.07486190
1.12985055 1.07722848
1.12857924 1.07958324
1.12730794 1.08193866
1.12603663 1.08430761
1.12475054 1.08670102
1.12347924 1.08912351
1.12220793 1.09156706
1.12093663 1.09401203
1.11966532 1.09643192
1.11839402 1.09880043
1.11712271 1.10110333
1.11585141 1.10333438
1.11458010 1.10549108
1.11330879 1.10757454
1.11203749 1.10958691
1.11075140 1.11153137
1.10948010 1.11341144
1.10820879 1.11523083
1.10693748 1.11699304
1.10566618 1.11870111
1.10439487 1.12035794
1.10312357 1.12196634
1.10185226 1.12352995
1.10058096 1.12505215
1.09930965 1.12653671
1.09802356 1.12798854
1.09675226 1.12941004
1.09548095 1.13080295
1.09420965 1.13216862
1.09293834 1.13350698
1.09166704 1.13481750
1.09039573 1.13609871
1.08912443 1.13734813
1.08783834 1.13856164
1.08656703 1.13973451
1.08529573 1.14086110
1.08402442 1.14193411
1.08275312 1.14294515
1.08148181 1.14388225
1.08021050 1.14473274
1.07893920 1.14549579
1.07766789 1.14618811
1.07638181 1.14683363
1.07511050 1.14745226
1.07383919 1.14805490
1.07256789 1.14864458
1.07129658 1.14922130
1.07002528 1.14978311
1.06875397 1.15032653
1.06746788 1.15084747
1.06619658 1.15134198
1.06492527 1.15180740
1.06365397 1.15224085
1.06238266 1.15263945
1.06111136 1.15299650
1.05984005 1.15330045
1.05856875 1.15354536
1.05728266 1.15373196
1.05601135 1.15386628
1.05474005 1.15395779
1.05346874 1.15401478
1.05219744 1.15404483
1.05092613 1.15405467
1.04965483 1.15405135
1.04836874 1.15404214
1.04709743 1.15403060
1.04582613 1.15401855
1.04455482 1.15400722
1.04328352 1.15399674
1.04201221 1.15398705
1.04072612 1.15397677
1.03945482 1.15396434
1.03818351 1.15394724
1.03691221 1.15392157
1.03564090 1.15388444
1.03436960 1.15383432
1.03309829 1.15377286
1.03181220 1.15370462
1.03054090 1.15363508
1.02926959 1.15356868
1.02799829 1.15350972
1.02672698 1.15346367
1.02545567 1.15343425
1.02416959 1.15342282
1.02289828 1.15342520
1.02162698 1.15343226
1.02035567 1.15343424
1.01908436 1.15342404
1.01779828 1.15339929
1.01652697 1.15336001
1.01525567 1.15330729
1.01398436 1.15324267
1.01271305 1.15316751
1.01144175 1.15308282
1.01015566 1.15298916
1.00888436 1.15288663
1.00761305 1.15277481
1.00634174 1.15265276
1.00507044 1.15251906
1.00378435 1.15237245
1.00251305 1.15221305
1.00124174 1.15204397
0.99997043 1.15187074
0.99869913 1.15169959
0.99742782 1.15153565
0.99614174 1.15138053
0.99487043 1.15123444
0.99359912 1.15109887
0.99232782 1.15097562
0.99105651 1.15086593
0.98977043 1.15076944
0.98849912 1.15068364
0.98722781 1.15060368
0.98595651 1.15052339
0.98468520 1.15043581
0.98339912 1.15033355
0.98212781 1.15021017
0.98085651 1.15005997
0.97958520 1.14987964
0.97829911 1.14967104
0.97702781 1.14944106
0.97575650 1.14920056
0.97448520 1.14895986
0.97321389 1.14872753
0.97192780 1.14851046
0.97065650 1.14831059
0.96938519 1.14812722
0.96811389 1.14795641
0.96682780 1.14778905
0.96555649 1.14761268
0.96428519 1.14741586
0.96301388 1.14718951
0.96174258 1.14692433
0.96045649 1.14661137
0.95918518 1.14623961
0.95791388 1.14580794
0.95664257 1.14533979
0.95535648 1.14487120
0.95408518 1.14443267
0.95281387 1.14403873
0.95154257 1.14369000
0.95025648 1.14338180
0.94898517 1.14310854
0.94771387 1.14286492
0.94644256 1.14264383
0.94515647 1.14243692
0.94388517 1.14223420
0.94261386 1.14202220
0.94134256 1.14178345
0.94005647 1.14149464
0.93878516 1.14113900
0.93751386 1.14071880
0.93624255 1.14025186
0.93495647 1.13976241
0.93368516 1.13927605
0.93241385 1.13881373
0.93114255 1.13838535
0.92985646 1.13799640
0.92858516 1.13765126
0.92731385 1.13735233
0.92604254 1.13710074
0.92475646 1.13689300
0.92348515 1.13671975
0.92221385 1.13656267
0.92094254 1.13639813
0.91965645 1.13620959
0.91838515 1.13598871
0.91711384 1.13573389
0.91582775 1.13544940
0.91455645 1.13514208
0.91328514 1.13482182
0.91201384 1.13449835
0.91072775 1.13418239
0.90945644 1.13388600
0.90818514 1.13361483
0.90691383 1.13337041
0.90562774 1.13315139
0.90435644 1.13295277
0.90308513 1.13276849
0.90179905 1.13259044
0.90052774 1.13241134
0.89925643 1.13222310
0.89797035 1.13201520
0.89669904 1.13177883
0.89542774 1.13150405
0.89415643 1.13118132
0.89287034 1.13080515
0.89159904 1.13037326
0.89032773 1.12988752
0.88904164 1.12935503
0.88777034 1.12879280
0.88649903 1.12822533
0.88521294 1.12767136
0.88394164 1.12714374
0.88267033 1.12665348
0.88138424 1.12620932
0.88011294 1.12581821
0.87884163 1.12548300
0.87757033 1.12520003
0.87628424 1.12496085
0.87501293 1.12474942
0.87374163 1.12454495
0.87245554 1.12432272
0.87118424 1.12405052
0.86991293 1.12370133
0.86862684 1.12325324
0.86735554 1.12269741
0.86608423 1.12204220
0.86479814 1.12131070
0.86352684 1.12053616
0.86225553 1.11974939
0.86096944 1.11897831
0.85969814 1.11823831
0.85842683 1.11753572
0.85714075 1.11687256
0.85586944 1.11624455
0.85459813 1.11564526
0.85331205 1.11506401
0.85204074 1.11448502
0.85076944 1.11389208
0.84948335 1.11327483
0.84821204 1.11263584
0.84692595 1.11198759
0.84565465 1.11134413
0.84438334 1.11071447
0.84309725 1.11010098
0.84182595 1.10950354
0.84055464 1.10891880
0.83926856 1.10834197
0.83799725 1.10776845
0.83672594 1.10719332
0.83543986 1.10661215
0.83416855 1.10602136
0.83288246 1.10541937
0.83161116 1.10480600
0.83033985 1.10418316
0.82905376 1.10355615
0.82778246 1.10293370
0.82651115 1.10233145
0.82522507 1.10177008
0.82395376 1.10126221
0.82266767 1.10080294
0.82139637 1.10037588
0.82012506 1.09996323
0.81883897 1.09955130
0.81756767 1.09913103
0.81628158 1.09869450
0.81501027 1.09823334
0.81373897 1.09773965
0.81245288 1.09720980
0.81118157 1.09664658
0.80989549 1.09605615
0.80862418 1.09544620
0.80735288 1.09482459
0.80606679 1.09420289
0.80479548 1.09359954
0.80350939 1.09303039
0.80223809 1.09250463
0.80096678 1.09202530
0.79968070 1.09159016
0.79840939 1.09119395
0.79712330 1.09082751
0.79585200 1.09048119
0.79458069 1.09014399
0.79329460 1.08980478
0.79202330 1.08945756
0.79073721 1.08909942
0.78946590 1.08872968
0.78817982 1.08834993
0.78690851 1.08796319
0.78563720 1.08757376
0.78435112 1.08718790
0.78307981 1.08681433
0.78179372 1.08646698
0.78052242 1.08616144
0.77923633 1.08590620
0.77796502 1.08570419
0.77669372 1.08555336
0.77540763 1.08544733
0.77413633 1.08537777
0.77285024 1.08533448
0.77157893 1.08530243
0.77029284 1.08526270
0.76902154 1.08520055
0.76773545 1.08511097
0.76646414 1.08499860
0.76517806 1.08487259
0.76390675 1.08474118
0.76263545 1.08460900
0.76134936 1.08447876
0.76007805 1.08435243
0.75879196 1.08423040
0.75752066 1.08411273
0.75623457 1.08399949
0.75496327 1.08389089
0.75367718 1.08378727
0.75240587 1.08368970
0.75111978 1.08359991
0.74984848 1.08352004
0.74856239 1.08345295
0.74729108 1.08340035
0.74600500 1.08336047
0.74473369 1.08332795
0.74344760 1.08329446
0.74217630 1.08325017
0.74089021 1.08318645
0.73961890 1.08309630
0.73833282 1.08297361
0.73706151 1.08281346
0.73577542 1.08261151
0.73450412 1.08236507
0.73321803 1.08207684
0.73194672 1.08175991
0.73066064 1.08143674
0.72938933 1.08113111
0.72810324 1.08085892
0.72683194 1.08062362
0.72554585 1.08041841
0.72427454 1.08023463
0.72298845 1.08006472
0.72171715 1.07990025
0.72043106 1.07973168
0.71915976 1.07954582
0.71787367 1.07932390
0.71660236 1.07904101
0.71531627 1.07867850
0.71404497 1.07824246
0.71275888 1.07775778
0.71148758 1.07725299
0.71020149 1.07675061
0.70893018 1.07625937
0.70764409 1.07578497
0.70635801 1.07533461
0.70508670 1.07491580
0.70380061 1.07453880
0.70252931 1.07420960
0.70124322 1.07391349
0.69997191 1.07361422
0.69868582 1.07328023
0.69741452 1.07289516
0.69612843 1.07246032
0.69484234 1.07198572
0.69357104 1.07147994
0.69228495 1.07095046
0.69101364 1.07039792
0.68972756 1.06982244
0.68845625 1.06922200
0.68717016 1.06858650
0.68589886 1.06791135
0.68461277 1.06721308
0.68332668 1.06652262
0.68205538 1.06586099
0.68076929 1.06523115
0.67949798 1.06462900
0.67821189 1.06405140
0.67692581 1.06349948
0.67565450 1.06297422
0.67436841 1.06246532
0.67309711 1.06194043
0.67181102 1.06135742
0.67053971 1.06069025
0.66925363 1.05993278
0.66796754 1.05909444
0.66669623 1.05820159
0.66541014 1.05729321
0.66413884 1.05640886
0.66285275 1.05557482
0.66156666 1.05479866
0.66029536 1.05407235
0.65900927 1.05338240
0.65772318 1.05272195
0.65645188 1.05209058
0.65516579 1.05148591
0.65389448 1.05089808
0.65260839 1.05031806
0.65132231 1.04973813
0.65005100 1.04915080
0.64876491 1.04855142
0.64749361 1.04793584
0.64620752 1.04730200
0.64492143 1.04664741
0.64365012 1.04597006
0.64236404 1.04526729
0.64107795 1.04453101
0.63980664 1.04375638
0.63852056 1.04295023
0.63723447 1.04212830
0.63596316 1.04131239
0.63467707 1.04051992
0.63339099 1.03977025
0.63211968 1.03908606
0.63083359 1.03847606
0.62954750 1.03794076
0.62827620 1.03747330
0.62699011 1.03704005
0.62571880 1.03658991
0.62443272 1.03608910
0.62314663 1.03552638
0.62187532 1.03490947
0.62058924 1.03425611
0.61930315 1.03358440
0.61801706 1.03290372
0.61674575 1.03222217
0.61545967 1.03155066
0.61417358 1.03088323
0.61290227 1.03020866
0.61161618 1.02952026
0.61033010 1.02882551
0.60905879 1.02814923
0.60777270 1.02752380
0.60648661 1.02696800
0.60521531 1.02646913
0.60392922 1.02600254
0.60264313 1.02553418
0.60137183 1.02502761
0.60008574 1.02446494
0.59879965 1.02384431
0.59751356 1.02318245
0.59624226 1.02251129
0.59495617 1.02186938
0.59367008 1.02129292
0.59239878 1.02078724
0.59111269 1.02032506
0.58982660 1.01987241
0.58854051 1.01941468
0.58726921 1.01895410
0.58598312 1.01850822
0.58469703 1.01810775
0.58341094 1.01776778
0.58213964 1.01748766
0.58085355 1.01725496
0.57956746 1.01703306
0.57829616 1.01677219
0.57701007 1.01644363
0.57572398 1.01603641
0.57443789 1.01555222
0.57316659 1.01500748
0.57188050 1.01442420
0.57059441 1.01383131
0.56930832 1.01325857
0.56803702 1.01272276
0.56675093 1.01222775
0.56546484 1.01176819
0.56417875 1.01133437
0.56289266 1.01090654
0.56162136 1.01045493
0.56033527 1.00996402
0.55904918 1.00943389
0.55776309 1.00889026
0.55649179 1.00837014
0.55520570 1.00788831
0.55391961 1.00743301
0.55263352 1.00696727
0.55134744 1.00644862
0.55007613 1.00586231
0.54879004 1.00521632
0.54750395 1.00453988
0.54621787 1.00387975
0.54494656 1.00324755
0.54366047 1.00262749
0.54237438 1.00199436
0.54108830 1.00131181
0.53980221 1.00055319
0.53853090 0.99973838
0.53724481 0.99893011
0.53595873 0.99817424
0.53467264 0.99748895
0.53338655 0.99685054
0.53210046 0.99619050
0.53082916 0.99546703
0.52954307 0.99468268
0.52825698 0.99388002
0.52697089 0.99312233
0.52568480 0.99243087
0.52439872 0.99179678
0.52312741 0.99118413
0.52184132 0.99052982
0.52055524 0.98979812
0.51926915 0.98898102
0.51798306 0.98809042
0.51669697 0.98715743
0.51542567 0.98621553
0.51413958 0.98529215
0.51285349 0.98439595
0.51156740 0.98352096
0.51028131 0.98264903
0.50899523 0.98175532
0.50770914 0.98082761
0.50643783 0.97986787
0.50515174 0.97888902
0.50386566 0.97790766
0.50257957 0.97692904
0.50129348 0.97594896
0.50000739 0.97495937
0.49872130 0.97394872
0.49743522 0.97290490
0.49616391 0.97181925
0.49487782 0.97068777
0.49359173 0.96951289
0.49230565 0.96830261
0.49101956 0.96706878
0.48973347 0.96582796
0.48844738 0.96459794
0.48716129 0.96339634
0.48587521 0.96222981
0.48460390 0.96109021
0.48331781 0.95995143
0.48203172 0.95877899
0.48074564 0.95756804
0.47945955 0.95633817
0.47817346 0.95511413
0.47688737 0.95391501
0.47560128 0.95274150
0.47431520 0.95157240
0.47302911 0.95037039
0.47174302 0.94910305
0.47045693 0.94775030
0.46917084 0.94632678
0.46789954 0.94489060
0.46661345 0.94349240
0.46532736 0.94215071
0.46404127 0.94081503
0.46275519 0.93938403
0.46146910 0.93785299
0.46018301 0.93630234
0.45889692 0.93481046
0.45761083 0.93342312
0.45632474 0.93212110
0.45503866 0.93086802
0.45375257 0.92966319
0.45246648 0.92851664
0.45118039 0.92744860
0.44989430 0.92641224
0.44860822 0.92528287
0.44732213 0.92401207
0.44603604 0.92263800
0.44474995 0.92123917
0.44346386 0.91988208
0.44217778 0.91858488
0.44089169 0.91733420
0.43960560 0.91610085
0.43831951 0.91486718
0.43703342 0.91362451
0.43574734 0.91236448
0.43446125 0.91108723
0.43317516 0.90979170
0.43188907 0.90848026
0.43060298 0.90716961
0.42931690 0.90588125
0.42803081 0.90463142
0.42674472 0.90342059
0.42545863 0.90224743
0.42417254 0.90113696
0.42288645 0.90011074
0.42160037 0.89918034
0.42031428 0.89829566
0.41902819 0.89733214
0.41774210 0.89624183
0.41645601 0.89507441
0.41516993 0.89390164
0.41388384 0.89275931
0.41259775 0.89164204
0.41131166 0.89056195
0.41002557 0.88954280
0.40873949 0.88858212
0.40745340 0.88763774
0.40616731 0.88667037
0.40488122 0.88567589
0.40359513 0.88468350
0.40230905 0.88375265
0.40102296 0.88293213
0.39973687 0.88221793
0.39843600 0.88156329
0.39714991 0.88091779
0.39586382 0.88025684
0.39457773 0.87957808
0.39329165 0.87888521
0.39200556 0.87817992
0.39071947 0.87745699
0.38943338 0.87671234
0.38814729 0.87595192
0.38686121 0.87519230
0.38557512 0.87445718
0.38428903 0.87377512
0.38298816 0.87317254
0.38170207 0.87265314
0.38041598 0.87218954
0.37912989 0.87174343
0.37784381 0.87129887
0.37655772 0.87085622
0.37527163 0.87041151
0.37398554 0.86996115
0.37269945 0.86949796
0.37139858 0.86900702
0.37011250 0.86849042
0.36882641 0.86798282
0.36754032 0.86752055
0.36625423 0.86712196
0.36496814 0.86677986
0.36368206 0.86646718
0.36238118 0.86615752
0.36109510 0.86583816
0.35980901 0.86550945
0.35852292 0.86517177
0.35723683 0.86482419
0.35595074 0.86447361
0.35466466 0.86414038
0.35336379 0.86384374
0.35207770 0.86358797
0.35079161 0.86335574
0.34950552 0.86312601
0.34821943 0.86289518
0.34693335 0.86265502
0.34563247 0.86239529
0.34434639 0.86211790
0.34306030 0.86182397
0.34177421 0.86151471
0.34048812 0.86118884
0.33918725 0.86084297
0.33790116 0.86047252
0.33661508 0.86006786
0.33532899 0.85962894
0.33404290 0.85917057
0.33275681 0.85871156
0.33145594 0.85825681
0.33016985 0.85779825
0.32888376 0.85731192
0.32759768 0.85675648
0.32629681 0.85609888
0.32501072 0.85531776
0.32372463 0.85440308
0.32243854 0.85337306
0.32115245 0.85226953
0.31985158 0.85112716
0.31856549 0.84997456
0.31727941 0.84883272
0.31599332 0.84769681
0.31469245 0.84654454
0.31340636 0.84535587
0.31212027 0.84411871
0.31083418 0.84281995
0.30953331 0.84143046
0.30824722 0.83991623
0.30696114 0.83825851
0.30567505 0.83647085
0.30437418 0.83459906
0.30308809 0.83268623
0.30180200 0.83075796
0.30051591 0.82880500
0.29921504 0.82679054
0.29792895 0.82468304
0.29664287 0.82247152
0.29534200 0.82017860
0.29405591 0.81785021
0.29276982 0.81551815
0.29148373 0.81319338
0.29018286 0.81085097
0.28889677 0.80842206
0.28761068 0.80585182
0.28630981 0.80315756
0.28502373 0.80039593
0.28373764 0.79762434
0.28243677 0.79487141
0.28115068 0.79209103
0.27986459 0.78921737
0.27857850 0.78621949
0.27727763 0.78308725
0.27599154 0.77984435
0.27470546 0.77655899
0.27340459 0.77328512
0.27211850 0.77003953
0.27083241 0.76679200
0.26953154 0.76347093
0.26824545 0.76002589
0.26695936 0.75643722
0.26565849 0.75272809
0.26437240 0.74895833
0.26307153 0.74516430
0.26178545 0.74135635
0.26049936 0.73753185
0.25919849 0.73367465
0.25791240 0.72976755
0.25662631 0.72579861
0.25532544 0.72176807
0.25403935 0.71768499
0.25275326 0.71356548
0.25145239 0.70942732
0.25016630 0.70527678
0.24886543 0.70111301
0.24757935 0.69693066
0.24629326 0.69271948
0.24499239 0.68847552
0.24370630 0.68419566
0.24240543 0.67987300
0.24111934 0.67550688
0.23983325 0.67110909
0.23853238 0.66670038
0.23724629 0.66230290
0.23594542 0.65792939
0.23465933 0.65357833
0.23337325 0.64923653
0.23207238 0.64488497
0.23078629 0.64050623
0.22948542 0.63608413
0.22819933 0.63160924
0.22689846 0.62708177
0.22561237 0.62252233
0.22432628 0.61797062
0.22302541 0.61344655
0.22173932 0.60894756
0.22043845 0.60446148
0.21915236 0.59997359
0.21785149 0.59547454
0.21656541 0.59096506
0.21526454 0.58645902
0.21397845 0.58197340
0.21267758 0.57753153
0.21139149 0.57314003
0.21009062 0.56875899
0.20880453 0.56433856
0.20750366 0.55984707
0.20621757 0.55532525
0.20493148 0.55089592
0.20363061 0.54661041
0.20234452 0.54243778
0.20104365 0.53833729
0.19975757 0.53426703
0.19845669 0.53022711
0.19717061 0.52622977
0.19586974 0.52224662
0.19458365 0.51823907
0.19328278 0.51414725
0.19199669 0.50998337
0.19069582 0.50587288
0.18939495 0.50188854
0.18810886 0.49801549
0.18680799 0.49418965
0.18552190 0.49035772
0.18422103 0.48651013
0.18293494 0.48266380
0.18163407 0.47884530
0.18034798 0.47506359
0.17904711 0.47131758
0.17776102 0.46760543
0.17646015 0.46392419
0.17517407 0.46027512
0.17387319 0.45666240
0.17257232 0.45309103
0.17128624 0.44956692
0.16998537 0.44609336
0.16869928 0.44267315
0.16739841 0.43929575
0.16611232 0.43590908
0.16481145 0.43245214
0.16351058 0.42886044
0.16222449 0.42514211
0.16092362 0.42142315
0.15963753 0.41777485
0.15833666 0.41417996
0.15703579 0.41060256
0.15574970 0.40703442
0.15444883 0.40350656
0.15316274 0.40001856
0.15186187 0.39653763
0.15056100 0.39304999
0.14927491 0.38958798
0.14797404 0.38619513
0.14668795 0.38289036
0.14538708 0.37965986
0.14408621 0.37644210
0.14280012 0.37315871
0.14149925 0.36977993
0.14019838 0.36633572
0.13891229 0.36287848
0.13761142 0.35943932
0.13632534 0.35602270
0.13502447 0.35262417
0.13372359 0.34924120
0.13243751 0.34588192
0.13113664 0.34255706
0.12983577 0.33925725
0.12854968 0.33761832
0.12724881 0.33434875
0.12594794 0.33109025
0.12466185 0.32784276
0.12336098 0.32460626
0.12206011 0.32138070
0.12075924 0.31816606
0.11947315 0.31496229
0.11817228 0.31176936
0.11687141 0.30858724
0.11558532 0.30541589
0.11428445 0.30225528
0.11298358 0.29910536
0.11169749 0.29596611
0.11039662 0.29283749
0.10909575 0.28971947
0.10779488 0.28661200
0.10650879 0.28351507
0.10520792 0.28042862
0.10390705 0.27735263
0.10260618 0.27428706
0.10132009 0.27123187
0.10001922 0.26818703
0.09871835 0.26515250
0.09743226 0.26212823
0.09613139 0.25911420
0.09483052 0.25611035
0.09352965 0.25311666
0.09224356 0.25013308
0.09094269 0.24715955
0.08964182 0.24419605
0.08834095 0.24124252
0.08704008 0.23829892
0.08575399 0.23536519
0.08445312 0.23244128
0.08315225 0.22952715
0.08185138 0.22662273
0.08056529 0.22372797
0.07926442 0.22084280
0.07796355 0.21796716
0.07666268 0.21510098
0.07536180 0.21224420
0.07407572 0.20939674
0.07277485 0.20655851
0.07147398 0.20372945
0.07017310 0.20090945
0.06887223 0.19809843
0.06757136 0.19529630
0.06628528 0.19250294
0.06498440 0.18971825
0.06368353 0.18694211
0.06238266 0.18417441
0.06108179 0.18141500
0.05978092 0.17866375
0.05849483 0.17592051
0.05719396 0.17318512
0.05589309 0.17045741
0.05459222 0.16773721
0.05329135 0.16502432
0.05199048 0.16231853
0.05068961 0.15961963
0.04940352 0.15692737
0.04810265 0.15424151
0.04680178 0.15156178
0.04550091 0.14888787
0.04420004 0.14621948
0.04289917 0.14355627
0.04159830 0.14089788
0.04029743 0.13824391
0.03901134 0.13559393
0.03771047 0.13294750
0.03640960 0.13030411
0.03510873 0.12766323
0.03380786 0.12502426
0.03250698 0.12238657
0.03120611 0.11974948
0.02990524 0.11711222
0.02860437 0.11447397
0.02730350 0.11183382
0.02600263 0.10919077
0.02470176 0.10654373
0.02341567 0.10389149
0.02211480 0.10123272
0.02081393 0.09856592
0.01951306 0.09588944
0.01821219 0.09320144
0.01691132 0.09049984
0.01561045 0.08778229
0.01430958 0.08504616
0.01300871 0.08228842
0.01170784 0.07950563
0.01040697 0.07669381
0.00910609 0.07384833
0.00780522 0.07096379
0.00650435 0.06803380
0.00520348 0.06505072
0.00390261 0.06200533
0.00260174 0.05888630
0.00130087 0.05567949
0.00000000 0.05236691
-0.00000000 0.04347709
-0.00130087 0.03528284
-0.00260335 0.03022205
-0.00390746 0.02467451
-0.00521317 0.02029335
-0.00652048 0.01554677
-0.00782941 0.01119466
-0.00913993 0.00668997
-0.01045207 nan
-0.01176578 nan
-0.01308110 nan
-0.01439801 0.00518200
-0.01571644 0.01036420
-0.01703653 0.01525611
-0.01835824 0.02007152
-0.01968143 0.02485532
-0.02100625 0.02962329
-0.02233255 0.03451252
-0.02366047 0.03959193
-0.02499002 0.04469739
-0.02632105 0.04955068
-0.02765326 0.05388783
-0.02898739 0.05727901
-0.03032315 0.05980953
-0.03166038 0.06202101
-0.03299939 0.06394643
-0.03433973 0.06581595
-0.03568185 0.06756772
-0.03702529 0.06927556
-0.03837051 0.07094265
-0.03971706 0.07257179
-0.04106524 0.07422610
-0.04241504 0.07584469
-0.04376617 0.07748789
-0.04511893 0.07904039
-0.04647316 0.08028345
-0.04782902 0.08117567
-0.04918636 0.08189352
-0.05054518 0.08255068
-0.05190548 0.08314858
-0.05326740 0.08368845
-0.05463080 0.08427837
-0.05599568 0.08481115
-0.05736204 0.08539341
-0.05872988 0.08591936
-0.06009919 0.08644216
-0.06146998 0.08696185
-0.06284240 0.08747849
-0.06421615 0.08799215
-0.06559138 0.08855377
-0.06696823 0.08911191
-0.06834642 0.08971688
-0.06972608 0.09036776
-0.07110722 0.09096451
-0.07248984 0.09160665
-0.07387393 0.09219549
-0.07525951 0.09282925
-0.07664641 0.09345878
-0.07803480 0.09403620
-0.07942466 0.09465783
-0.08081600 0.09522810
-0.08220867 0.09584212
-0.08360282 0.09645230
-0.08499845 0.09701219
-0.08639541 0.09756892
-0.08779384 0.09816854
-0.08919376 0.09871886
-0.09059500 0.09926619
-0.09199772 0.09985580
-0.09340178 0.10039703
-0.09480731 0.10093542
-0.09621417 0.10147100
-0.09762236 0.10200382
-0.09903203 0.10253392
-0.10044304 0.10306135
-0.10185551 0.10358615
-0.10326932 0.10406493
-0.10468446 0.10458478
-0.10610108 0.10510211
-0.10751888 0.10561696
-0.10893816 0.10612937
-0.11035892 0.10663936
-0.11178086 0.10714697
-0.11320413 0.10765223
-0.11462888 0.10815519
-0.11605496 0.10865587
-0.11748222 0.10911284
-0.11891096 0.10960924
-0.12034104 0.11010344
-0.12177229 0.11055456
-0.12320502 0.11100389
-0.12463893 0.11145145
-0.12607433 0.11193770
-0.12751090 0.11238162
-0.12894881 0.11282383
-0.13038804 0.11326436
-0.13182846 0.11366339
-0.13327021 0.11410075
-0.13471344 0.11453648
-0.13615770 0.11497060
-0.13760344 0.11536386
-0.13905022 0.11579495
-0.14049847 0.11622448
-0.14194791 0.11661362
-0.14339867 0.11704021
-0.14485062 0.11742672
-0.14630375 0.11781198
-0.14775822 0.11823436
-0.14921430 0.11861707
-0.15067039 0.11903666
-0.15212944 0.11941686
-0.15358848 0.11979589
-0.15504900 0.12021147
-0.15651101 0.12058806
-0.15797449 0.12096351
-0.15943796 0.12137520
-0.16090440 0.12174829
-0.16237084 0.12212027
-0.16383875 0.12252817
-0.16530667 0.12289785
-0.16677754 0.12330325
-0.16824841 0.12367068
-0.16972223 0.12403704
-0.17119606 0.12443884
-0.17266989 0.12480301
-0.17414667 0.12520241
-0.17562346 0.12556443
-0.17710172 0.12596149
-0.17858146 0.12635733
-0.18006268 0.12671615
-0.18154390 0.12710971
-0.18302659 0.12750209
-0.18451077 0.12789330
-0.18599642 0.12828336
-0.18748355 0.12867226
-0.18897069 0.12906003
-0.19045930 0.12944667
-0.19194791 0.12983220
-0.19343947 0.13021662
-0.19493104 0.13059994
-0.19642408 0.13098217
-0.19791861 0.13136333
-0.19941313 0.13174341
-0.20090913 0.13208803
-0.20240661 0.13246610
-0.20390557 0.13280889
-0.20540453 0.13315084
-0.20690496 0.13349193
-0.20840540 0.13386616
-0.20990879 0.13420550
-0.21141218 0.13454400
-0.21291705 0.13484796
-0.21442193 0.13518491
-0.21592827 0.13552104
-0.21743610 0.13585638
-0.21894541 0.13615750
-0.22045471 0.13649132
-0.22196550 0.13679109
-0.22347628 0.13712342
-0.22499002 0.13745497
-0.22650376 0.13778576
-0.22801750 0.13811578
-0.22953272 0.13844504
-0.23104942 0.13880635
-0.23256759 0.13916676
-0.23408577 0.13955891
-0.23560542 0.13998254
-0.23712508 0.14043738
-0.23864621 0.14092313
-0.24016882 0.14140728
-0.24169143 0.14188983
-0.24321552 0.14233879
-0.24474108 0.14281831
-0.24626665 0.14326447
-0.24779369 0.14370929
-0.24932074 0.14415279
-0.25084926 0.14459498
-0.25237926 0.14503587
-0.25390926 0.14544412
-0.25544074 0.14588254
-0.25697222 0.14628851
-0.25850518 0.14672451
-0.26003962 0.14715926
-0.26157405 0.14756186
-0.26310997 0.14799425
-0.26464588 0.14839467
-0.26618327 0.14882473
-0.26772067 0.14922301
-0.26925954 0.14965079
-0.27079989 0.15004696
-0.27234024 0.15044214
-0.27388059 0.15086660
-0.27542241 0.15125971
-0.27696572 0.15168198
-0.27850902 0.15207308
-0.28005381 0.15246321
-0.28159859 0.15288229
-0.28314485 0.15327045
-0.28469112 0.15365767
-0.28623886 0.15407364
-0.28778808 0.15445893
-0.28933730 0.15484331
-0.29088651 0.15522677
-0.29243721 0.15560933
-0.29398791 0.15596166
-0.29554008 0.15634250
-0.29709226 0.15669326
-0.29864591 0.15707241
-0.30019957 0.15742161
-0.30175470 0.15774106
-0.30330983 0.15805990
-0.30486644 0.15840703
-0.30642305 0.15872459
-0.30798114 0.15904154
-0.30953923 0.15938662
-0.31109731 0.15973099
-0.31265688 0.16007465
-0.31421793 0.16041761
-0.31577749 0.16075988
-0.31734002 0.16112988
-0.31890106 0.16147070
-0.32046358 0.16183915
-0.32202758 0.16220681
-0.32359159 0.16257367
-0.32515559 0.16296787
-0.32672107 0.16333311
-0.32828655 0.16372557
-0.32985350 0.16411713
-0.33142046 0.16447994
-0.33298742 0.16486980
-0.33455586 0.16528654
-0.33612429 0.16567459
-0.33769273 0.16606179
-0.33926264 0.16647569
-0.34083256 0.16688861
-0.34240395 0.16727313
-0.34397534 0.16768419
-0.34554674 0.16809429
-0.34711961 0.16853069
-0.34869248 0.16893885
-0.35026535 0.16934607
-0.35183970 0.16977941
-0.35341405 0.17021171
-0.35498840 0.17064297
-0.35656422 0.17107320
-0.35814005 0.17150241
-0.35971588 0.17193060
-0.36129171 0.17235778
-0.36286901 0.17281057
-0.36444780 0.17323570
-0.36602510 0.17368632
-0.36760388 0.17410943
-0.36918267 0.17455792
-0.37076145 0.17500532
-0.37234172 0.17545164
-0.37392198 0.17589689
-0.37550224 0.17634108
-0.37708398 0.17681025
-0.37866424 0.17725228
-0.38024598 0.17771918
-0.38182920 0.17818492
-0.38341094 0.17867529
-0.38499416 0.17913869
-0.38657738 0.17962661
-0.38816060 0.18011329
-0.38974382 0.18059873
-0.39132851 0.18108294
-0.39291321 0.18159133
-0.39449791 0.18209838
-0.39608261 0.18260410
-0.39766878 0.18310851
-0.39925496 0.18363674
-0.40084113 0.18413850
-0.40242731 0.18466396
-0.40401348 0.18521294
-0.40560114 0.18573554
-0.40718731 0.18628156
-0.40877496 0.18682608
-0.41036262 0.18736912
-0.41195175 0.18793526
-0.41353940 0.18849982
-0.41512853 0.18906279
-0.41671619 0.18962420
-0.41830532 0.19018406
-0.41989445 0.19076662
-0.42148358 0.19134752
-0.42307419 0.19195088
-0.42466333 0.19252844
-0.42625394 0.19312835
-0.42784307 0.19372653
-0.42943368 0.19434682
-0.43102429 0.19496526
-0.43261490 0.19558188
-0.43420551 0.19619669
-0.43579612 0.19680971
-0.43738821 0.19744444
-0.43897882 0.19807727
-0.44057090 0.19870823
-0.44216151 0.19936060
-0.44375360 0.19998779
-0.44534569 0.20063630
-0.44693778 0.20128286
-0.44852839 0.20195049
-0.45012048 0.20259316
-0.45171257 0.20325679
-0.45330613 0.20391843
-0.45489822 0.20457809
-0.45649031 0.20523578
-0.45808240 0.20589153
-0.45967449 0.20654535
-0.46126658 0.20721972
-0.46286014 0.20786968
-0.46445223 0.20849546
-0.46604432 0.20914176
-0.46763788 0.20978623
-0.46922997 0.21045101
-0.47082206 0.21111386
-0.47241563 0.21181880
-0.47400772 0.21252158
-0.47559980 0.21324409
-0.47719337 0.21398616
-0.47878546 0.21472586
-0.48037755 0.21548489
-0.48196964 0.21626306
-0.48356320 0.21703867
-0.48515529 0.21781174
-0.48674738 0.21860368
-0.48833947 0.21941431
-0.48993156 0.22020098
-0.49152364 0.22102740
-0.49311573 0.22182993
-0.49470782 0.22265083
-0.49629843 0.22346898
-0.49789052 0.22430529
-0.49948261 0.22513876
-0.50107322 0.22596944
-0.50266383 0.22679735
-0.50425592 0.22764312
-0.50584653 0.22848605
-0.50743714 0.22934662
-0.50902775 0.23020428
-0.51061836 0.23105905
-0.51220897 0.23191097
-0.51379958 0.23278025
-0.51538871 0.23364661
-0.51697932 0.23451008
-0.51856845 0.23539067
-0.52015758 0.23626830
-0.52174671 0.23714301
-0.52333585 0.23803460
-0.52492498 0.23894291
-0.52651263 0.23982848
-0.52810029 0.24075029
-0.52968942 0.24164943
-0.53127707 0.24258448
-0.53286472 0.24351632
-0.53445090 0.24444497
-0.53603855 0.24538973
-0.53762473 0.24636962
-0.53921090 0.24734604
-0.54079708 0.24833808
-0.54238325 0.24934559
-0.54396943 0.25038729
-0.54555413 0.25146283
-0.54713882 0.25257183
-0.54872352 0.25367652
-0.55030822 0.25477697
-0.55189144 0.25587323
-0.55347466 0.25696536
-0.55505787 0.25803499
-0.55664109 0.25910074
-0.55822283 0.26016263
-0.55980605 0.26122072
-0.56138779 0.26229321
-0.56296805 0.26334378
-0.56454980 0.26440871
-0.56613006 0.26548784
-0.56771032 0.26654526
-0.56929058 0.26761686
-0.57086937 0.26870249
-0.57244815 0.26978431
-0.57402693 0.27086237
-0.57560424 0.27195428
-0.57718302 0.27305993
-0.57875885 0.27416170
-0.58033616 0.27527704
-0.58191198 0.27640582
-0.58348781 0.27754790
-0.58506364 0.27868594
-0.58663799 0.27983714
-0.58821234 0.28098427
-0.58978669 0.28216145
-0.59135956 0.28333443
-0.59293243 0.28452017
-0.59450530 0.28573538
-0.59607669 0.28694619
-0.59764808 0.28815265
-0.59921800 0.28938816
-0.60078939 0.29063579
-0.60235783 0.29189542
-0.60392774 0.29315046
-0.60549618 0.29443380
-0.60706461 0.29571242
-0.60863157 0.29701900
-0.61019853 0.29832074
-0.61176401 0.29963389
-0.61333097 0.30095835
-0.61489497 0.30231005
-0.61646045 0.30365670
-0.61802445 0.30501431
-0.61958697 0.30636690
-0.62114950 0.30774617
-0.62271202 0.30913607
-0.62427306 0.31052080
-0.62583411 0.31191608
-0.62739368 0.31332179
-0.62895324 0.31472232
-0.63051133 0.31614866
-0.63207090 0.31755431
-0.63362751 0.31898559
-0.63518412 0.32039631
-0.63674073 0.32181722
-0.63829586 0.32323301
-0.63985099 0.32464376
-0.64140464 0.32603445
-0.64295830 0.32743538
-0.64451047 0.32883146
-0.64606265 0.33025262
-0.64761335 0.33168375
-0.64916404 0.33315440
-0.65071326 0.33463462
-0.65226248 0.33613905
-0.65381022 0.33766745
-0.65535796 0.33920495
-0.65690570 0.34075148
-0.65845049 0.34230695
-0.65999675 0.34387130
-0.66154005 0.34545883
-0.66308484 0.34704063
-0.66462666 0.34863106
-0.66616849 0.35024431
-0.66771032 0.35185175
-0.66925067 0.35346762
-0.67078954 0.35509184
-0.67232841 0.35672434
-0.67386728 0.35836506
-0.67540467 0.35999998
-0.67694059 0.36165698
-0.67847650 0.36330816
-0.68001094 0.36496739
-0.68154390 0.36663461
-0.68307685 0.36829606
-0.68460833 0.36997914
-0.68613981 0.37165641
-0.68766982 0.37335510
-0.68919982 0.37504797
-0.69072834 0.37673510
-0.69225538 0.37844342
-0.69378243 0.38015937
-0.69530800 0.38186956
-0.69683356 0.38360064
-0.69835765 0.38532594
-0.69988026 0.38705875
-0.70140287 0.38881217
-0.70292400 0.39055979
-0.70444366 0.39232785
-0.70596331 0.39409009
-0.70748148 0.39587260
-0.70899966 0.39766224
-0.71051488 0.39947187
-0.71203158 0.40128847
-0.71354532 0.40312482
-0.71505906 0.40496797
-0.71657132 0.40684337
-0.71808358 0.40875071
-0.71959436 0.41067707
-0.72110367 0.41264751
-0.72261150 0.41466162
-0.72411933 0.41669395
-0.72562567 0.41871938
-0.72713202 0.42071315
-0.72863542 0.42266319
-0.73014029 0.42459469
-0.73164220 0.42650785
-0.73314412 0.42840286
-0.73464307 0.43027994
-0.73614351 0.43216369
-0.73764099 0.43405408
-0.73913847 0.43593894
-0.74063447 0.43785468
-0.74212899 0.43977692
-0.74362352 0.44171765
-0.74511656 0.44368876
-0.74660813 0.44569002
-0.74809822 0.44773312
-0.74958830 0.44981773
-0.75107691 0.45193165
-0.75256405 0.45409831
-0.75405118 0.45629368
-0.75553535 0.45852932
-0.75701953 0.46081658
-0.75850222 0.46313171
-0.75998492 0.46547448
-0.76146466 0.46784469
-0.76294440 0.47024214
-0.76442266 0.47265511
-0.76590093 0.47508350
-0.76737623 0.47751579
-0.76885154 0.47995199
-0.77032537 0.48240352
-0.77179771 0.48483625
-0.77326859 0.48727305
-0.77473946 0.48969137
-0.77620885 0.49210268
-0.77767528 0.49448468
-0.77914320 0.49684884
-0.78060816 0.49919537
-0.78207164 0.50152448
-0.78353512 0.50383635
-0.78499712 0.50613116
-0.78645764 0.50840911
-0.78791669 0.51069239
-0.78937573 0.51295905
-0.79083182 0.51524213
-0.79228791 0.51750877
-0.79374252 0.51979186
-0.79519565 0.52208044
-0.79664730 0.52437453
-0.79809748 0.52669581
-0.79954765 0.52903333
-0.80099487 0.53138703
-0.80244209 0.53377837
-0.80388783 0.53619641
-0.80533209 0.53864103
-0.80677488 0.54111209
-0.80821618 0.54363081
-0.80965749 0.54616500
-0.81109584 0.54874646
-0.81253418 0.55134317
-0.81397106 0.55396566
-0.81540645 0.55662437
-0.81684036 0.55928757
-0.81827280 0.56197630
-0.81970376 0.56467999
-0.82113324 0.56738818
-0.82256272 0.57010092
-0.82398924 0.57281825
-0.82541576 0.57554023
-0.82684081 0.57826690
-0.82826289 0.58098797
-0.82968498 0.58371388
-0.83110559 0.58642409
-0.83252472 0.58913931
-0.83394238 0.59184934
-0.83536003 0.59454405
-0.83677473 0.59723380
-0.83818795 0.59992892
-0.83960116 0.60261925
-0.84101143 0.60530489
-0.84242169 0.60798595
-0.84382899 0.61066252
-0.84523630 0.61334481
-0.84664213 0.61602276
-0.84804648 0.61870655
-0.84944787 0.62138616
-0.85084926 0.62407172
-0.85224918 0.62676328
-0.85364761 0.62945087
-0.85504457 0.63213457
-0.85644005 0.63483446
-0.85783405 0.63753058
-0.85922657 0.64023298
-0.86061762 0.64294171
-0.86200866 0.64564687
-0.86339675 0.64836841
-0.86478336 0.65108650
-0.86616849 0.65381114
-0.86755215 0.65655225
-0.86893580 0.65929009
-0.87031650 0.66203462
-0.87169571 0.66478589
-0.87307345 0.66755378
-0.87445120 0.67031865
-0.87582598 0.67310023
-0.87719928 0.67588873
-0.87857259 0.67868420
-0.87994294 0.68149648
-0.88131181 0.68431583
-0.88267920 0.68714229
-0.88404659 0.68998569
-0.88541103 0.69284606
-0.88677399 0.69571368
-0.88813547 0.69859835
-0.88949695 0.70149038
-0.89085547 0.70440929
-0.89221251 0.70733564
-0.89356808 0.71028894
-0.89492217 0.71325949
-0.89627478 0.71624736
-0.89762591 0.71925258
-0.89897556 0.72229458
-0.90032374 0.72534434
-0.90167044 0.72843096
-0.90301565 0.73153514
-0.90435940 0.73467625
-0.90570166 0.73784468
-0.90704096 0.74105014
-0.90838027 0.74429268
-0.90971810 0.74756271
-0.91105297 0.75086993
-0.91238784 0.75422406
-0.91371975 0.75760588
-0.91505167 0.76106364
-0.91638062 0.76460702
-0.91770810 0.76826494
-0.91903410 0.77203748
-0.92036010 0.77590546
-0.92168315 0.77987862
-0.92300472 0.78395710
-0.92432480 0.78814107
-0.92564341 0.79244995
-0.92695907 0.79689359
-0.92827472 0.80149149
-0.92958890 0.80626323
-0.93090011 0.81121883
-0.93221133 0.81639725
-0.93351959 0.82182801
-0.93482786 0.82755041
-0.93613316 0.83360399
-0.93743699 0.84003825
-0.93873934 0.84692823
-0.94004021 0.85429355
-0.94133960 0.86203426
-0.94263604 0.86997460
-0.94393247 0.87829074
-0.94522743 0.88750915
-0.94651943 0.89975771
-0.94781143 0.91781328
-0.94910048 0.94670299
-0.95038804 0.97581024
-0.95167118 0.97342368
-0.95295431 0.94722227
-0.95423744 0.93127462
-0.95551909 0.92609313
-0.95679779 0.92302647
-0.95807353 0.92105559
-0.95934927 0.91957164
-0.96062353 0.91822796
-0.96189631 0.91675226
-0.96316762 0.91295519
