# y/t    WL_mean   WL_std
0.00000000 1.00002787 0.00017639
0.00502513 0.99998715 0.00012575
0.01005025 0.99996748 0.00009790
0.01507538 0.99996748 0.00009557
0.02010050 0.99996748 0.00009324
0.02512563 0.99996742 0.00009248
0.03015075 0.99996634 0.00009199
0.03517588 0.99996525 0.00009160
0.04020101 0.99996533 0.00008818
0.04522613 0.99996900 0.00008505
0.05025126 0.99997213 0.00008229
0.05527638 0.99997279 0.00007978
0.06030151 0.99998105 0.00007416
0.06532663 0.99998976 0.00006995
0.07035176 0.99999939 0.00006685
0.07537688 1.00001006 0.00006113
0.08040201 1.00002050 0.00005763
0.08542714 1.00003073 0.00005441
0.09045226 1.00004077 0.00004912
0.09547739 1.00005045 0.00004485
0.10050251 1.00005737 0.00004114
0.10552764 1.00006140 0.00003745
0.11055276 1.00006760 0.00003519
0.11557789 1.00006969 0.00003461
0.12060302 1.00007103 0.00003218
0.12562814 1.00007410 0.00002670
0.13065327 1.00007254 0.00002763
0.13567839 1.00007089 0.00002649
0.14070352 1.00006969 0.00002480
0.14572864 1.00006962 0.00002478
0.15075377 1.00006641 0.00002398
0.15577889 1.00006397 0.00002415
0.16080402 1.00006160 0.00002450
0.16582915 1.00005820 0.00002371
0.17085427 1.00005807 0.00002369
0.17587940 1.00005687 0.00002421
0.18090452 1.00005575 0.00002480
0.18592965 1.00005575 0.00002480
0.19095477 1.00005371 0.00002194
0.19597990 1.00005085 0.00002335
0.20100503 1.00004878 0.00002480
0.20603015 1.00004928 0.00002438
0.21105528 1.00005063 0.00002334
0.21608040 1.00004903 0.00002459
0.22110553 1.00004878 0.00002480
0.22613065 1.00004878 0.00002480
0.23115578 1.00004769 0.00002451
0.23618090 1.00004553 0.00002398
0.24120603 1.00004413 0.00002369
0.24623116 1.00004413 0.00002369
0.25125628 1.00004413 0.00002369
0.25628141 1.00004413 0.00002369
0.26130653 1.00004413 0.00002369
0.26633166 1.00004402 0.00002380
0.27135678 1.00004282 0.00002501
0.27638191 1.00004181 0.00002607
0.28140704 1.00004181 0.00002607
0.28643216 1.00004181 0.00002607
0.29145729 1.00004181 0.00002607
0.29648241 1.00004014 0.00002385
0.30150754 1.00004058 0.00002283
0.30653266 1.00004107 0.00002367
0.31155779 1.00003949 0.00002566
0.31658291 1.00003949 0.00002566
0.32160804 1.00003887 0.00002569
0.32663317 1.00003671 0.00002586
0.33165829 1.00003243 0.00002556
0.33668342 1.00003132 0.00002426
0.34170854 1.00003020 0.00002301
0.34673367 1.00003020 0.00003041
0.35175879 1.00003020 0.00003392
0.35678392 1.00003457 0.00004245
0.36180905 1.00004063 0.00004976
0.36683417 1.00005378 0.00006449
0.37185930 1.00006696 0.00008149
0.37688442 1.00005682 0.00007787
0.38190955 1.00003951 0.00008123
0.38693467 0.99989625 0.00014311
0.39195980 0.99969972 0.00031362
0.39698492 0.99910269 0.00075698
0.40201005 0.99838686 0.00131255
0.40703518 0.99688072 0.00223138
0.41206030 0.99517221 0.00329282
0.41708543 0.99255812 0.00456796
0.42211055 0.98959545 0.00599715
0.42713568 0.98598972 0.00719906
0.43216080 0.98211289 0.00835215
0.43718593 0.97782991 0.00877188
0.44221106 0.97341480 0.00900969
0.44723618 0.96873601 0.00839623
0.45226131 0.96400772 0.00772113
0.45728643 0.95926243 0.00655466
0.46231156 0.95448117 0.00543782
0.46733668 0.94998130 0.00432623
0.47236181 0.94551050 0.00343053
0.47738693 0.94136988 0.00299302
0.48241206 0.93736540 0.00316199
0.48743719 0.93362496 0.00385865
0.49246231 0.93012240 0.00484878
0.49748744 0.92681075 0.00598559
0.50251256 0.92382989 0.00717560
0.50753769 0.92100951 0.00839150
0.51256281 0.91864554 0.00957784
0.51758794 0.91640389 0.01075555
0.52261307 0.91474994 0.01186161
0.52763819 0.91325140 0.01295128
0.53266332 0.91219914 0.01398492
0.53768844 0.91141123 0.01500375
0.54271357 0.91092999 0.01600829
0.54773869 0.91081082 0.01702470
0.55276382 0.91085884 0.01804281
0.55778894 0.91136762 0.01910776
0.56281407 0.91201616 0.02019022
0.56783920 0.91299879 0.02131901
0.57286432 0.91422043 0.02248010
0.57788945 0.91564466 0.02367464
0.58291457 0.91743519 0.02489513
0.58793970 0.91934129 0.02612853
0.59296482 0.92169043 0.02737470
0.59798995 0.92424389 0.02861991
0.60301508 0.92706405 0.02986699
0.60804020 0.93024761 0.03108428
0.61306533 0.93353175 0.03228838
0.61809045 0.93719062 0.03333939
0.62311558 0.94088107 0.03425110
0.62814070 0.94466328 0.03491136
0.63316583 0.94832641 0.03498820
0.63819095 0.95190369 0.03473649
0.64321608 0.95526957 0.03382031
0.64824121 0.95855108 0.03252531
0.65326633 0.96176681 0.03103120
0.65829146 0.96505296 0.02925033
0.66331658 0.96841434 0.02755175
0.66834171 0.97189296 0.02593310
0.67336683 0.97540309 0.02442561
0.67839196 0.97880715 0.02298858
0.68341709 0.98197580 0.02150625
0.68844221 0.98463029 0.01973875
0.69346734 0.98706765 0.01785720
0.69849246 0.98897961 0.01561622
0.70351759 0.99071104 0.01331121
0.70854271 0.99231056 0.01097357
0.71356784 0.99377925 0.00878353
0.71859296 0.99512089 0.00684202
0.72361809 0.99635147 0.00509603
0.72864322 0.99730699 0.00375455
0.73366834 0.99806084 0.00269283
0.73869347 0.99869164 0.00179161
0.74371859 0.99905500 0.00127467
0.74874372 0.99935294 0.00084703
0.75376884 0.99956830 0.00054300
0.75879397 0.99969393 0.00035938
0.76381910 0.99979798 0.00020950
0.76884422 0.99987606 0.00010125
0.77386935 0.99993210 0.00004243
0.77889447 0.99997905 0.00007124
0.78391960 1.00001664 0.00012334
0.78894472 1.00004391 0.00016147
0.79396985 1.00006849 0.00019583
0.79899497 1.00008531 0.00022224
0.80402010 1.00009722 0.00024156
0.80904523 1.00010751 0.00025906
0.81407035 1.00011347 0.00027011
0.81909548 1.00011614 0.00027555
0.82412060 1.00012028 0.00028135
0.82914573 1.00011899 0.00028364
0.83417085 1.00011569 0.00028468
0.83919598 1.00011424 0.00028264
0.84422111 1.00011186 0.00027931
0.84924623 1.00010874 0.00027495
0.85427136 1.00010445 0.00026894
0.85929648 1.00009794 0.00026431
0.86432161 1.00008937 0.00025761
0.86934673 1.00008443 0.00025071
0.87437186 1.00007693 0.00024167
0.87939698 1.00006842 0.00023573
0.88442211 1.00006157 0.00022908
0.88944724 1.00005369 0.00022181
0.89447236 1.00004643 0.00021185
0.89949749 1.00003813 0.00020783
0.90452261 1.00002694 0.00019897
0.90954774 1.00002054 0.00019276
0.91457286 1.00001270 0.00018576
0.91959799 1.00001209 0.00017982
0.92462312 1.00002304 0.00017639
0.92964824 1.00003424 0.00017639
0.93467337 1.00002126 0.00017182
0.93969849 1.00001038 0.00016573
0.94472362 0.99998159 0.00015739
0.94974874 0.99996132 0.00015231
0.95477387 0.99995511 0.00014865
0.95979899 0.99995852 0.00014398
0.96482412 0.99996337 0.00013931
0.96984925 0.99996655 0.00013430
0.97487437 0.99996843 0.00012918
0.97989950 0.99997205 0.00012481
0.98492462 0.99996963 0.00011944
0.98994975 0.99996710 0.00011405
0.99497487 0.99997411 0.00011921
1.00000000 1.00002787 0.00017639
