# s/c   h_mean    h_std
0.00000000 777.13606413 269.01170348
0.00130087 747.48836462 231.53288803
0.00260174 719.64115590 197.96457152
0.00390261 693.51428124 168.71958878
0.00520348 669.03008473 144.44093075
0.00650435 646.11336251 125.99761311
0.00780522 624.69131445 114.27689280
0.00910609 604.69349627 109.66450609
0.01040697 586.05177212 111.52690521
0.01170784 568.70026764 118.32745165
0.01300871 552.57532336 128.30489763
0.01430958 537.61544870 140.00998445
0.01561045 523.76127629 152.43856564
0.01691132 510.95551680 164.95106406
0.01821219 499.14291422 177.15663783
0.01951306 488.27020156 188.82326078
0.02081393 478.28605701 199.81855880
0.02211480 469.14106059 210.07289418
0.02341567 460.78765115 219.55655152
0.02470176 453.18008391 228.26551014
0.02600263 446.27438844 236.21242020
0.02730350 440.02832700 243.42076555
0.02860437 434.40135347 249.92101201
0.02990524 429.35457260 255.74801730
0.03120611 424.85069976 260.93925895
0.03250698 420.85402118 265.53360327
0.03380786 417.33035454 269.57043912
0.03510873 414.24701011 273.08906180
0.03640960 411.57275227 276.12823164
0.03771047 409.27776151 278.72585620
0.03901134 407.33359686 280.91876151
0.04029743 405.71315878 282.74252802
0.04159830 404.39065252 284.23137458
0.04289917 403.34155187 285.41807812
0.04420004 402.54256340 286.33392048
0.04550091 401.97159117 287.00865608
0.04680178 401.60770181 287.47049572
0.04810265 401.43109014 287.74610310
0.04940352 401.42304520 287.86060157
0.05068961 401.56591666 287.83758907
0.05199048 401.84308183 287.69915983
0.05329135 402.23891297 287.46593178
0.05459222 402.73874512 287.15707870
0.05589309 403.32884438 286.79036642
0.05719396 403.99637664 286.38219258
0.05849483 404.72937670 285.94762938
0.05978092 405.51671792 285.50046891
0.06108179 406.34808225 285.05327070
0.06238266 407.21393078 284.61741116
0.06368353 408.10547466 284.20313445
0.06498440 409.01464651 283.81960453
0.06628528 409.93407232 283.47495803
0.06757136 410.85704366 283.17635747
0.06887223 411.77749052 282.93004477
0.07017310 412.68995448 282.74139430
0.07147398 413.58956233 282.61496555
0.07277485 414.47200019 282.55455482
0.07407572 415.33348805 282.56324574
0.07536180 416.17075478 282.64345835
0.07666268 416.98101353 282.79699648
0.07796355 417.76193764 283.02509324
0.07926442 418.51163699 283.32845440
0.08056529 419.22863476 283.70729962
0.08185138 419.91184469 284.16140134
0.08315225 420.56054873 284.69012137
0.08445312 421.17437519 285.29244508
0.08575399 421.75327733 285.96701335
0.08704008 422.29751236 286.71215219
0.08834095 422.80762093 287.52590017
0.08964182 423.28440704 288.40603392
0.09094269 423.72891843 289.35009153
0.09224356 424.14242740 290.35539436
0.09352965 424.52641205 291.41906708
0.09483052 424.88253803 292.53805639
0.09613139 425.21264069 293.70914840
0.09743226 425.51870767 294.92898490
0.09871835 425.80286202 296.19407869
0.10001922 426.06734565 297.50082809
0.10132009 426.31450332 298.84553083
0.10260618 426.54676704 300.22439728
0.10390705 426.76664091 301.63356339
0.10520792 426.97668644 303.06910319
0.10650879 427.17950832 304.52704106
0.10779488 427.37774055 306.00336383
0.10909575 427.57403318 307.49403269
0.11039662 427.77103932 308.99499504
0.11169749 427.97140275 310.50219623
0.11298358 428.17774589 312.01159125
0.11428445 428.39265820 313.51915637
0.11558532 428.61868514 315.02090062
0.11687141 428.85831747 316.51287735
0.11817228 429.11398102 317.99119551
0.11947315 429.38802697 319.45203092
0.12075924 429.68272248 320.89163734
0.12206011 430.00024186 322.30635734
0.12336098 430.34265814 323.69263299
0.12466185 430.71193507 325.04701623
0.12594794 431.10991965 326.36617900
0.12724881 431.53833500 327.64692299
0.12854968 431.99877375 328.88618910
0.12983577 432.47814026 330.06996053
0.13113664 433.33600237 332.04637047
0.13243751 434.42955628 333.23873898
0.13372359 435.66548411 333.89831553
0.13502447 437.37639843 334.01433670
0.13632534 439.65759523 333.42388134
0.13761142 442.23724995 332.47656518
0.13891229 444.61782712 331.65827144
0.14019838 446.60606646 331.19803406
0.14149925 448.36947869 331.01765272
0.14280012 450.05221608 330.89720490
0.14408621 451.51276775 330.69996151
0.14538708 452.55309303 330.64990597
0.14668795 453.22155561 331.07086688
0.14797404 453.70452330 331.74273255
0.14927491 454.21120529 332.39907782
0.15056100 454.84708676 333.00225037
0.15186187 455.61676793 333.54048377
0.15316274 456.33225744 333.92850199
0.15444883 456.98177124 334.18224817
0.15574970 457.76783567 334.41650717
0.15703579 458.68031792 334.61771172
0.15833666 459.68004112 334.79979193
0.15963753 460.64869275 334.93779532
0.16092362 461.57720602 335.04675647
0.16222449 462.65863665 335.20937534
0.16351058 463.85104963 335.38235181
0.16481145 464.84563909 335.44003848
0.16611232 465.51794668 335.36680779
0.16739841 466.03987869 335.26415308
0.16869928 466.53164548 335.16845376
0.16998537 466.99500625 335.05439664
0.17128624 467.44121203 334.92429217
0.17257232 467.88153236 334.78225025
0.17387319 468.33682903 334.64031041
0.17517407 468.85153081 334.52597777
0.17646015 469.46055621 334.46000314
0.17776102 470.18331175 334.45625036
0.17904711 470.99292010 334.49802930
0.18034798 471.86709627 334.57405370
0.18163407 472.75335259 334.65204327
0.18293494 473.59341364 334.69526333
0.18422103 474.36145837 334.68243116
0.18552190 475.10185674 334.64235760
0.18680799 475.75988224 334.55940128
0.18810886 476.30935828 334.44554089
0.18939495 476.86501953 334.37270739
0.19069582 477.43648036 334.31325520
0.19199669 478.14536291 334.29496025
0.19328278 478.96552818 334.28061552
0.19458365 479.57870116 334.13752280
0.19586974 479.89293595 333.86424102
0.19717061 480.01439788 333.51824101
0.19845669 480.15541068 333.20429945
0.19975757 480.36197511 332.92592348
0.20104365 480.53638990 332.62756805
0.20234452 480.67594403 332.32150902
0.20363061 480.72142522 331.97414472
0.20493148 480.73777284 331.60924084
0.20621757 480.92728026 331.30751443
0.20750366 481.21457248 330.99497885
0.20880453 481.35818501 330.56525192
0.21009062 481.15582798 329.94475510
0.21139149 480.61559113 329.16788152
0.21267758 480.06445289 328.43777815
0.21397845 479.67869665 327.83502370
0.21526454 479.37713862 327.28882318
0.21656541 479.01871969 326.70201599
0.21785149 478.53757378 326.04252940
0.21915236 477.92587321 325.31024155
0.22043845 477.21851103 324.52540806
0.22173932 476.41783132 323.68718036
0.22302541 475.52392430 322.79340581
0.22432628 474.57994690 321.86443124
0.22561237 473.62095287 320.90713155
0.22689846 472.69603109 319.94161022
0.22819933 471.69497427 318.89138400
0.22948542 470.46709374 317.67251217
0.23078629 469.08305419 316.35716163
0.23207238 467.67330594 315.03365178
0.23337325 466.32544951 313.75503895
0.23465933 464.99636277 312.48979035
0.23594542 463.55466279 311.15161064
0.23724629 461.94013985 309.70595300
0.23853238 460.26530903 308.23119657
0.23983325 458.69196428 306.82870321
0.24111934 457.24738271 305.50453181
0.24240543 455.93755958 304.26292620
0.24370630 454.66181110 303.03343212
0.24499239 453.23643731 301.69576962
0.24629326 451.66129634 300.26559070
0.24757935 450.03734451 298.81267401
0.24886543 448.40700779 297.35703975
0.25016630 446.86359557 295.95709940
0.25145239 445.45542322 294.63510184
0.25275326 444.04668850 293.28900977
0.25403935 442.55385930 291.87041715
0.25532544 441.01803625 290.41895784
0.25662631 439.45803226 288.95128152
0.25791240 437.92299354 287.50410316
0.25919849 436.39492218 286.07231765
0.26049936 434.88046162 284.66574017
0.26178545 433.55288131 283.39727692
0.26307153 432.37114404 282.23625777
0.26437240 431.18824206 281.07858757
0.26565849 430.04677590 279.93943304
0.26695936 428.96108185 278.81541618
0.26824545 427.98926502 277.75865830
0.26953154 427.09184917 276.75814533
0.27083241 426.06657397 275.68348317
0.27211850 424.92693150 274.55479217
0.27340459 423.74586187 273.41772145
0.27470546 422.66066902 272.34597019
0.27599154 421.77742651 271.38695326
0.27727763 420.97011080 270.45413510
0.27857850 420.15396402 269.50639864
0.27986459 419.32659462 268.55831517
0.28115068 418.55633334 267.67610913
0.28243677 417.97172475 266.92953277
0.28373764 417.37433548 266.16601796
0.28502373 416.51568745 265.24788744
0.28630981 415.55161335 264.27383710
0.28761068 414.88864110 263.48890286
0.28889677 414.61285256 262.95712335
0.29018286 414.28325256 262.40103155
0.29148373 413.69913709 261.70814875
0.29276982 413.02812975 260.99821808
0.29405591 412.44974284 260.37427809
0.29534200 412.08419641 259.89507656
0.29664287 411.92526517 259.54649728
0.29792895 411.84610366 259.24991473
0.29921504 411.75319815 258.95738105
0.30051591 411.53625856 258.60815435
0.30180200 411.21974960 258.22382077
0.30308809 410.89625501 257.85246799
0.30437418 410.62891863 257.52102378
0.30567505 410.57164909 257.31814964
0.30696114 410.72153949 257.22555522
0.30824722 410.98492934 257.18208850
0.30953331 411.33319119 257.18060603
0.31083418 411.65400014 257.15737761
0.31212027 411.80085059 257.03128729
0.31340636 411.80111253 256.83463981
0.31469245 411.93541353 256.75459747
0.31599332 412.31487212 256.85136515
0.31727941 412.72787682 256.98227474
0.31856549 413.13205089 257.13335058
0.31985158 413.63463645 257.37483993
0.32115245 414.23609547 257.69438761
0.32243854 414.90643663 258.06162753
0.32372463 415.61058810 258.44595932
0.32501072 416.29472182 258.81169944
0.32629681 416.91869179 259.13922219
0.32759768 417.42681605 259.39221475
0.32888376 417.85279118 259.58126312
0.33016985 418.29299387 259.75647705
0.33145594 418.73753620 259.91321957
0.33275681 419.18281954 260.06264785
0.33404290 419.69890162 260.26004978
0.33532899 420.24963436 260.48728344
0.33661508 420.74746911 260.69529279
0.33790116 421.16681399 260.87544177
0.33918725 421.55806153 261.06421534
0.34048812 421.97663078 261.29302663
0.34177421 422.43676384 261.56461331
0.34306030 422.93746999 261.87300443
0.34434639 423.44069566 262.18959534
0.34563247 423.91230533 262.48917590
0.34693335 424.36138861 262.76926318
0.34821943 424.65903843 262.93217228
0.34950552 424.79064756 262.96857287
0.35079161 424.86512347 262.96083720
0.35207770 424.91220024 262.93174332
0.35336379 425.01835403 262.93514434
0.35466466 425.19519547 262.97665554
0.35595074 425.42663403 263.04583137
0.35723683 425.78762222 263.19017603
0.35852292 426.15526025 263.33026829
0.35980901 426.36274488 263.37009067
0.36109510 426.46858776 263.36047904
0.36238118 426.53952285 263.34558622
0.36368206 426.58864480 263.33572064
0.36496814 426.57885415 263.30710144
0.36625423 426.51445066 263.25355759
0.36754032 426.45219752 263.19737232
0.36882641 426.37977829 263.11463349
0.37011250 426.41307309 263.06741165
0.37139858 426.56371646 263.05266841
0.37269945 426.63127312 262.94780182
0.37398554 426.59785492 262.76119791
0.37527163 426.52994077 262.54251656
0.37655772 426.44799691 262.30721941
0.37784381 426.35780729 262.06367829
0.37912989 426.29313487 261.83662937
0.38041598 426.32866205 261.67490295
0.38170207 426.36609112 261.51942950
0.38298816 426.29571371 261.31044860
0.38428903 426.20488501 261.10773563
0.38557512 426.14298247 260.93357181
0.38686121 426.09531962 260.77030166
0.38814729 426.03852108 260.59996786
0.38943338 425.98030689 260.42426950
0.39071947 425.93322943 260.24831189
0.39200556 425.85694011 260.04313577
0.39329165 425.73217763 259.79447325
0.39457773 425.58079823 259.51175728
0.39586382 425.42258190 259.20136066
0.39714991 425.22712108 258.84125309
0.39843600 425.04389071 258.46567809
0.39973687 424.87290651 258.07925506
0.40102296 424.60615560 257.62979043
0.40230905 424.23828668 257.12615740
0.40359513 423.97999358 256.69730069
0.40488122 423.95990069 256.40442266
0.40616731 424.00001984 256.13003111
0.40745340 424.02304779 255.84924842
0.40873949 424.01131069 255.56950012
0.41002557 423.90475523 255.27033141
0.41131166 423.67973875 254.94340995
0.41259775 423.53775644 254.70774234
0.41388384 423.54968742 254.58930592
0.41516993 423.48889356 254.43856838
0.41645601 423.35673751 254.25762527
0.41774210 423.17415953 254.03827064
0.41902819 422.96845905 253.77559987
0.42031428 422.72936770 253.45926987
0.42160037 422.23819344 252.97449437
0.42288645 421.45313665 252.31874497
0.42417254 420.66188806 251.66162625
0.42545863 420.08389472 251.11759362
0.42674472 419.64620537 250.63462261
0.42803081 419.21317493 250.14457333
0.42931690 418.77794953 249.65743073
0.43060298 418.38255517 249.19941558
0.43188907 417.98560517 248.74237497
0.43317516 417.55027908 248.26492585
0.43446125 417.06668782 247.76291926
0.43574734 416.53975549 247.23765773
0.43703342 415.97733976 246.68634714
0.43831951 415.40144995 246.10909347
0.43960560 414.81701962 245.49932360
0.44089169 414.22542457 244.86363323
0.44217778 413.63757766 244.22042952
0.44346386 413.05936661 243.58734191
0.44474995 412.42296981 242.93013789
0.44603604 411.75320181 242.26029266
0.44732213 411.17129606 241.64211180
0.44860822 410.65436976 241.04695323
0.44989430 410.12043514 240.42729381
0.45118039 409.34817759 239.67903245
0.45246648 408.26345682 238.79436525
0.45375257 407.16799309 237.94525731
0.45503866 406.26430068 237.21948714
0.45632474 405.57030211 236.61802187
0.45761083 404.90251988 236.02643388
0.45889692 404.23287990 235.43648824
0.46018301 403.71422824 234.93417088
0.46146910 403.33379933 234.48833009
0.46275519 403.12541475 234.11035003
0.46404127 403.02148411 233.76506355
0.46532736 402.73074553 233.30743575
0.46661345 402.18072350 232.74256477
0.46789954 401.50182998 232.15014635
0.46917084 400.88385344 231.62072384
0.47045693 400.48745733 231.23133820
0.47174302 400.13980482 230.85770157
0.47302911 399.70313552 230.43052450
0.47431520 399.18201395 229.96158318
0.47560128 398.59462205 229.45965170
0.47688737 398.01155795 228.96450776
0.47817346 397.49742938 228.51050578
0.47945955 397.04302647 228.08496347
0.48074564 396.64654003 227.68045009
0.48203172 396.31451868 227.29552686
0.48331781 396.00984254 226.90469134
0.48460390 395.66510232 226.47471088
0.48587521 395.22235276 225.99011770
0.48716129 394.69787477 225.47581823
0.48844738 394.15996453 224.97506844
0.48973347 393.67460970 224.52300289
0.49101956 393.24801737 224.11693202
0.49230565 392.85360070 223.73807804
0.49359173 392.47620254 223.37600712
0.49487782 392.10641912 223.02260297
0.49616391 391.73573698 222.66932445
0.49743522 391.35115114 222.30647158
0.49872130 390.94338632 221.92820402
0.50000739 390.51004332 221.53335421
0.50129348 390.05752666 221.12649245
0.50257957 389.60195099 220.71776315
0.50386566 389.14669414 220.30688468
0.50515174 388.70902626 219.90071004
0.50643783 388.31690184 219.51578508
0.50770914 387.98315362 219.16357447
0.50899523 387.69420374 218.83966592
0.51028131 387.41314888 218.52934134
0.51156740 387.09281382 218.21343782
0.51285349 386.72529771 217.89552392
0.51413958 386.34400715 217.59923133
0.51542567 385.98336968 217.34318465
0.51669697 385.61975348 217.10676383
0.51798306 385.31369762 216.91959203
0.51926915 385.11794144 216.79912813
0.52055524 384.90033753 216.64708153
0.52184132 384.67029095 216.46884386
0.52312741 384.45298448 216.28446581
0.52439872 384.13199212 216.03432304
0.52568480 383.68540284 215.72697116
0.52697089 383.18753019 215.41101714
0.52825698 382.76947490 215.15283571
0.52954307 382.52700145 214.99603488
0.53082916 382.41967558 214.90211440
0.53210046 382.42459333 214.85344970
0.53338655 382.41612006 214.77736836
0.53467264 382.22548308 214.58788668
0.53595873 381.93765211 214.35622657
0.53724481 381.61462374 214.11098756
0.53853090 381.30994574 213.86979279
0.53980221 381.22527850 213.74598998
0.54108830 381.24903462 213.65853411
0.54237438 381.12233431 213.46198953
0.54366047 380.92540059 213.22919161
0.54494656 380.67542849 212.97954410
0.54621787 380.26530980 212.65262398
0.54750395 379.84439561 212.34263341
0.54879004 379.55283383 212.12064319
0.55007613 379.32241002 211.92768847
0.55134744 379.13296024 211.74976006
0.55263352 378.96745434 211.57468727
0.55391961 378.73256952 211.34522335
0.55520570 378.40644667 211.05108530
0.55649179 378.05491281 210.73071495
0.55776309 377.69619902 210.39239004
0.55904918 377.41880471 210.09570632
0.56033527 377.22613968 209.85248793
0.56162136 377.00422667 209.60066474
0.56289266 376.74184361 209.33300995
0.56417875 376.40113553 209.01970772
0.56546484 375.98527269 208.66457960
0.56675093 375.54374552 208.30453497
0.56803702 375.10970134 207.96442158
0.56930832 374.68307544 207.64603315
0.57059441 374.28708913 207.36268725
0.57188050 373.98265930 207.14049192
0.57316659 373.77534951 206.95311801
0.57443789 373.63685932 206.75492331
0.57572398 373.52380807 206.52485382
0.57701007 373.39748322 206.26419005
0.57829616 373.22708040 205.96775266
0.57956746 373.00904072 205.64480045
0.58085355 372.71327087 205.28723709
0.58213964 372.33036871 204.89953896
0.58341094 371.89296676 204.50545318
0.58469703 371.44505402 204.12110124
0.58598312 371.07753486 203.79413239
0.58726921 370.80680700 203.53626196
0.58854051 370.56334742 203.30505645
0.58982660 370.36740850 203.10156477
0.59111269 370.23435768 202.91622376
0.59239878 370.06112356 202.68531466
0.59367008 369.84923478 202.42528906
0.59495617 369.66008567 202.17788592
0.59624226 369.53043006 201.96502768
0.59751356 369.46492275 201.78510286
0.59879965 369.41912053 201.60670078
0.60008574 369.36356056 201.41149215
0.60137183 369.26578824 201.17896825
0.60264313 369.12941944 200.89584881
0.60392922 368.96150572 200.53736366
0.60521531 368.74736182 200.10424105
0.60648661 368.51799213 199.65682202
0.60777270 368.26556331 199.21448860
0.60905879 368.06062835 198.82451768
0.61033010 367.99692886 198.53503005
0.61161618 368.00410621 198.29726189
0.61290227 368.03202979 198.09355445
0.61417358 368.03667243 197.91867110
0.61545967 367.96657162 197.74655663
0.61674575 367.85125123 197.56828785
0.61801706 367.72130617 197.37681274
0.61930315 367.59285730 197.17246419
0.62058924 367.47217602 196.94447768
0.62187532 367.35157164 196.67340322
0.62314663 367.25519000 196.37006871
0.62443272 367.17588946 196.04328593
0.62571880 367.06742455 195.69303175
0.62699011 366.93149929 195.34479568
0.62827620 366.73268146 194.98000835
0.62954750 366.46810390 194.59552153
0.63083359 366.22593903 194.24545688
0.63211968 366.04273962 193.94951710
0.63339099 365.91401848 193.71150196
0.63467707 365.85953042 193.54815335
0.63596316 365.87628547 193.45417987
0.63723447 365.93226995 193.40537557
0.63852056 366.00074061 193.38020148
0.63980664 366.07343049 193.36778327
0.64107795 366.13527814 193.35410323
0.64236404 366.14227336 193.31038877
0.64365012 366.07592415 193.22630831
0.64492143 365.95075189 193.11049596
0.64620752 365.78405047 192.96920140
0.64749361 365.58571550 192.80212475
0.64876491 365.37312878 192.59964448
0.65005100 365.16015489 192.35106158
0.65132231 364.95639920 192.06131602
0.65260839 364.76689001 191.73850431
0.65389448 364.59397261 191.39179712
0.65516579 364.44043673 191.03616130
0.65645188 364.30138768 190.69150129
0.65772318 364.18513231 190.38628408
0.65900927 364.09851559 190.13841099
0.66029536 364.02934847 189.95943083
0.66156666 363.96739498 189.85519887
0.66285275 363.90634168 189.79300732
0.66413884 363.85023352 189.74665992
0.66541014 363.85300329 189.73037507
0.66669623 363.95086973 189.74594172
0.66796754 364.11659166 189.78275899
0.66925363 364.29723060 189.81948060
0.67053971 364.44454366 189.82904146
0.67181102 364.53946678 189.80272335
0.67309711 364.61762591 189.76482086
0.67436841 364.65238078 189.70388293
0.67565450 364.61135740 189.60039563
0.67692581 364.58041625 189.48451746
0.67821189 364.62140962 189.37521827
0.67949798 364.74569742 189.27291552
0.68076929 364.94720294 189.19594545
0.68205538 365.17417953 189.17135572
0.68332668 365.39598160 189.20848754
0.68461277 365.65292022 189.32964894
0.68589886 365.99438943 189.54326014
0.68717016 366.37393009 189.78458093
0.68845625 366.70133640 189.97840195
0.68972756 366.98443678 190.11873288
0.69101364 367.26294425 190.21755492
0.69228495 367.55200805 190.27779958
0.69357104 367.84810820 190.30647603
0.69484234 368.14875413 190.32818581
0.69612843 368.44163116 190.36218472
0.69741452 368.71203713 190.41316513
0.69868582 368.98118115 190.47085322
0.69997191 369.26463394 190.49996012
0.70124322 369.51820769 190.47473683
0.70252931 369.72922592 190.40441569
0.70380061 369.94986559 190.33128338
0.70508670 370.18921687 190.29492515
0.70635801 370.40528780 190.30645112
0.70764409 370.58060109 190.36751161
0.70893018 370.72633973 190.47273041
0.71020149 370.87030509 190.60389829
0.71148758 371.03929237 190.74515682
0.71275888 371.24081336 190.88150838
0.71404497 371.48026142 190.99576649
0.71531627 371.79710840 191.09993757
0.71660236 372.17173649 191.17484630
0.71787367 372.51522590 191.18066003
0.71915976 372.79738752 191.14070201
0.72043106 373.02723457 191.09747684
0.72171715 373.21432598 191.07536649
0.72298845 373.36659881 191.08149240
0.72427454 373.49598670 191.12367203
0.72554585 373.60815666 191.20142291
0.72683194 373.71705636 191.29346513
0.72810324 373.81767917 191.36648905
0.72938933 373.91931582 191.40211099
0.73066064 374.07175183 191.40950420
0.73194672 374.27989388 191.42692691
0.73321803 374.51694513 191.48503441
0.73450412 374.74998306 191.58294721
0.73577542 374.94768558 191.70156548
0.73706151 375.11913494 191.80564894
0.73833282 375.29586519 191.86069145
0.73961890 375.48940794 191.86008512
0.74089021 375.69441065 191.81514635
0.74217630 375.89564644 191.75141463
0.74344760 376.05611788 191.72309223
0.74473369 376.16229288 191.75137691
0.74600500 376.24721336 191.80377958
0.74729108 376.33127833 191.86741929
0.74856239 376.44113065 191.91687359
0.74984848 376.62309693 191.88741616
0.75111978 376.85606235 191.79448666
0.75240587 377.07814774 191.70662594
0.75367718 377.25750159 191.65594376
0.75496327 377.37875302 191.65649917
0.75623457 377.46000021 191.68148988
0.75752066 377.55574322 191.65824786
0.75879196 377.69906831 191.54300485
0.76007805 377.88025881 191.34983321
0.76134936 378.06820839 191.12226585
0.76263545 378.22292427 190.91649642
0.76390675 378.31192755 190.77858083
0.76517806 378.33306573 190.71126546
0.76646414 378.32032315 190.66966806
0.76773545 378.31206739 190.60146418
0.76902154 378.32063208 190.49314560
0.77029284 378.33789650 190.32617104
0.77157893 378.34974254 190.08185621
0.77285024 378.33931966 189.80040513
0.77413633 378.30436105 189.51989295
0.77540763 378.25254771 189.25624343
0.77669372 378.18774243 189.02463901
0.77796502 378.11774905 188.82376675
0.77923633 378.06114782 188.64150984
0.78052242 378.05009060 188.46435773
0.78179372 378.09400649 188.28028174
0.78307981 378.18449126 188.09384231
0.78435112 378.31156292 187.92482707
0.78563720 378.45025858 187.77965736
0.78690851 378.57904593 187.65565579
0.78817982 378.69395327 187.54860300
0.78946590 378.79639584 187.45266150
0.79073721 378.88867512 187.35957619
0.79202330 378.97578269 187.25825330
0.79329460 379.06359630 187.13901953
0.79458069 379.15595332 186.99498413
0.79585200 379.25216126 186.82295843
0.79712330 379.35571283 186.62845231
0.79840939 379.47281463 186.42131314
0.79968070 379.60258061 186.21209470
0.80096678 379.73260485 186.02219819
0.80223809 379.84807937 185.87964357
0.80350939 379.94343029 185.79566745
0.80479548 380.04338243 185.75930743
0.80606679 380.18763885 185.73560801
0.80735288 380.38326779 185.68265753
0.80862418 380.61649285 185.58525667
0.80989549 380.86560441 185.45812773
0.81118157 381.10972485 185.31837872
0.81245288 381.33601986 185.18458020
0.81373897 381.53500694 185.08190848
0.81501027 381.69250914 185.00752879
0.81628158 381.80867735 184.93755381
0.81756767 381.91579544 184.84373627
0.81883897 382.06046066 184.67689072
0.82012506 382.25157487 184.43874734
0.82139637 382.43471159 184.21692907
0.82266767 382.54734898 184.06836306
0.82395376 382.57966082 184.00346967
0.82522507 382.64501555 183.97477922
0.82651115 382.85974435 183.88382842
0.82778246 383.20958972 183.69820939
0.82905376 383.61959193 183.45976019
0.83033985 384.02456134 183.22131806
0.83161116 384.38365006 183.02333267
0.83288246 384.71201922 182.84297062
0.83416855 385.03684647 182.64732657
0.83543986 385.33290081 182.46635442
0.83672594 385.54324379 182.37540781
0.83799725 385.62556583 182.43831970
0.83926856 385.65664182 182.56536758
0.84055464 385.73714383 182.63528247
0.84182595 385.90020202 182.61423986
0.84309725 386.12337655 182.53816348
0.84438334 386.35131736 182.49023796
0.84565465 386.57666915 182.49330416
0.84692595 386.81646229 182.53175564
0.84821204 387.07698552 182.59042992
0.84948335 387.36824599 182.66679530
0.85076944 387.68492594 182.75404623
0.85204074 387.99453819 182.83249230
0.85331205 388.27155195 182.89268547
0.85459813 388.52064592 182.93809753
0.85586944 388.76249445 182.97520927
0.85714075 389.00936416 183.00026180
0.85842683 389.27570759 183.00854486
0.85969814 389.57161900 183.00294638
0.86096944 389.89754432 182.99846507
0.86225553 390.25991279 182.98771588
0.86352684 390.68410800 182.95792608
0.86479814 391.15615226 182.94338384
0.86608423 391.60097451 183.02491683
0.86735554 391.94088242 183.25992698
0.86862684 392.18941176 183.53784576
0.86991293 392.41387982 183.71467139
0.87118424 392.61643664 183.79456088
0.87245554 392.78769275 183.81607625
0.87374163 392.92943672 183.80933113
0.87501293 393.06447826 183.77367866
0.87628424 393.24305621 183.66777288
0.87757033 393.43687008 183.55471998
0.87884163 393.60591250 183.51324366
0.88011294 393.77983987 183.53111073
0.88138424 394.00624855 183.57435531
0.88267033 394.31137837 183.61750030
0.88394164 394.72819771 183.62708545
0.88521294 395.26143752 183.58268091
0.88649903 395.81766405 183.56773091
0.88777034 396.35410471 183.66621651
0.88904164 396.88608053 183.86153132
0.89032773 397.41486479 184.07173205
0.89159904 397.92767569 184.26376177
0.89287034 398.42068110 184.44690437
0.89415643 398.90282179 184.61462004
0.89542774 399.36412487 184.77289008
0.89669904 399.79687645 184.92051299
0.89797035 400.21343866 185.04100933
0.89925643 400.63078345 185.12019009
0.90052774 401.04868965 185.16481492
0.90179905 401.46730427 185.18240642
0.90308513 401.88740505 185.17770237
0.90435644 402.30250477 185.16423187
0.90562774 402.69199426 185.17494859
0.90691383 403.04776562 185.23406126
0.90818514 403.41284149 185.29238664
0.90945644 403.81261808 185.32719004
0.91072775 404.22986287 185.37427328
0.91201384 404.66510196 185.44615197
0.91328514 405.11689417 185.54469660
0.91455645 405.56773880 185.66872336
0.91582775 406.00533518 185.81869910
0.91711384 406.44650584 185.95634685
0.91838515 406.92818861 186.01560164
0.91965645 407.41934450 186.01474369
0.92094254 407.87794185 186.00154711
0.92221385 408.28759261 185.99019388
0.92348515 408.62252378 185.98993201
0.92475646 408.89163426 185.98509283
0.92604254 409.12745464 185.96567659
0.92731385 409.35621046 185.94595340
0.92858516 409.57573334 185.95758324
0.92985646 409.78685438 186.00667316
0.93114255 410.04611895 186.02266128
0.93241385 410.37091357 185.97436909
0.93368516 410.73225630 185.89538385
0.93495647 411.14871435 185.81285310
0.93624255 411.60452570 185.74598738
0.93751386 412.02732216 185.68657662
0.93878516 412.39657083 185.66876232
0.94005647 412.71444061 185.73496478
0.94134256 412.96260802 185.82005126
0.94261386 413.14915374 185.86039836
0.94388517 413.30574097 185.85564982
0.94515647 413.46587795 185.80447788
0.94644256 413.64712796 185.70922949
0.94771387 413.85120892 185.57556726
0.94898517 414.07258511 185.41733526
0.95025648 414.30468729 185.26220925
0.95154257 414.54171576 185.13298613
0.95281387 414.79227965 185.01690251
0.95408518 415.06930070 184.88949686
0.95535648 415.39470333 184.77161994
0.95664257 415.77447159 184.70035975
0.95791388 416.20478827 184.68230616
0.95918518 416.65767733 184.70303646
0.96045649 417.06670378 184.73302349
0.96174258 417.41371452 184.73854621
0.96301388 417.73114906 184.69257566
0.96428519 418.05982672 184.57999173
0.96555649 418.41397185 184.38376966
0.96682780 418.79047468 184.09763134
0.96811389 419.19753137 183.73401552
0.96938519 419.61823170 183.33755582
0.97065650 420.01889735 182.97883557
0.97192780 420.43299338 182.63466851
0.97321389 420.92873668 182.22893796
0.97448520 421.45723484 181.82842162
0.97575650 421.93192737 181.54377569
0.97702781 422.35383828 181.37333615
0.97829911 422.79284528 181.22083173
0.97958520 423.30476776 181.00449824
0.98085651 423.89933089 180.68824032
0.98212781 424.58454479 180.24136583
0.98339912 425.32210760 179.70106465
0.98468520 426.03849874 179.15736778
0.98595651 426.69191969 178.66617087
0.98722781 427.27070828 178.24641475
0.98849912 427.79405621 177.87867527
0.98977043 428.31445753 177.49888873
0.99105651 428.89023172 177.04579339
0.99232782 429.54717627 176.49437174
0.99359912 430.26774702 175.88244385
0.99487043 430.99317814 175.29787138
0.99614174 431.61874747 174.84763077
0.99742782 432.10911119 174.56463360
0.99869913 432.63756362 174.24485671
0.99997043 433.38589866 173.67624671
1.00124174 434.26631912 172.98038354
1.00251305 435.09491697 172.38662629
1.00378435 435.77630554 172.00304505
1.00507044 436.38684885 171.71977484
1.00634174 437.05637938 171.36786318
1.00761305 437.78271884 170.94812093
1.00888436 438.53285063 170.50238270
1.01015566 439.31524569 170.02110946
1.01144175 440.15013558 169.47945864
1.01271305 441.02417135 168.89326442
1.01398436 441.88273114 168.32843846
1.01525567 442.66611784 167.85754758
1.01652697 443.35487760 167.50135108
1.01779828 444.00920814 167.18142783
1.01908436 444.73732397 166.77396138
1.02035567 445.53835841 166.26405028
1.02162698 446.35186629 165.69775287
1.02289828 447.14880194 165.11462036
1.02416959 447.92752179 164.51547577
1.02545567 448.73267114 163.85879590
1.02672698 449.57738366 163.16699930
1.02799829 450.44335802 162.48281890
1.02926959 451.33243734 161.80276506
1.03054090 452.24344093 161.12443050
1.03181220 453.16455164 160.45811352
1.03309829 454.07262006 159.82433871
1.03436960 454.94516739 159.25120340
1.03564090 455.81718535 158.69290244
1.03691221 456.72817533 158.08121693
1.03818351 457.64992192 157.43814425
1.03945482 458.54934310 156.80391967
1.04072612 459.40580809 156.20436981
1.04201221 460.17642242 155.68769938
1.04328352 460.88480774 155.23234436
1.04455482 461.62571571 154.73097407
1.04582613 462.43235208 154.12944670
1.04709743 463.29316422 153.43571372
1.04836874 464.17728980 152.69405709
1.04965483 465.00068359 152.00968145
1.05092613 465.71296501 151.44297452
1.05219744 466.35209138 150.96161632
1.05346874 466.98997377 150.49418439
1.05474005 467.65610350 150.01064533
1.05601135 468.33085629 149.53629431
1.05728266 468.97402380 149.11461870
1.05856875 469.56411240 148.75821163
1.05984005 470.15956500 148.39756404
1.06111136 470.77672862 147.99311842
1.06238266 471.36780050 147.56643652
1.06365397 471.91644974 147.14150339
1.06492527 472.41618577 146.74125237
1.06619658 472.87077290 146.36481672
1.06746788 473.27930446 146.00413872
1.06875397 473.63572066 145.65608244
1.07002528 473.94472935 145.31472670
1.07129658 474.24103314 144.95191250
1.07256789 474.59275710 144.51050181
1.07383919 475.00617005 143.99598762
1.07511050 475.40372080 143.50911091
1.07638181 475.72234373 143.13205057
1.07766789 475.98655934 142.83872610
1.07893920 476.30076151 142.55300559
1.08021050 476.74959429 142.21030813
1.08148181 477.27486090 141.80139991
1.08275312 477.75613547 141.38934250
1.08402442 478.15726970 141.01694923
1.08529573 478.50680871 140.67019395
1.08656703 478.83773608 140.32454754
1.08783834 479.16633035 139.96637861
1.08912443 479.46468844 139.62809408
1.09039573 479.69147308 139.35380730
1.09166704 479.85498671 139.14030077
1.09293834 480.01778662 138.92362469
1.09420965 480.26421031 138.61375795
1.09548095 480.57117899 138.23893844
1.09675226 480.88315375 137.85968761
1.09802356 481.18781692 137.48853435
1.09930965 481.46307364 137.15172007
1.10058096 481.72577458 136.83344856
1.10185226 481.99230451 136.51733229
1.10312357 482.25706329 136.20965023
1.10439487 482.52703532 135.90097429
1.10566618 482.82217107 135.56894241
1.10693748 483.16178386 135.19210860
1.10820879 483.56056158 134.75569448
1.10948010 484.02863498 134.25013640
1.11075140 484.55404282 133.69040504
1.11203749 485.11474137 133.10046625
1.11330879 485.68241425 132.50783955
1.11458010 486.23593675 131.93414088
1.11585141 486.75499758 131.39748266
1.11712271 487.21896826 130.91525201
1.11839402 487.61132324 130.49901911
1.11966532 487.90293836 130.17465396
1.12093663 488.10067659 129.93834261
1.12220793 488.25939715 129.71042362
1.12347924 488.44906508 129.38262684
1.12475054 488.69734291 128.99016488
1.12603663 488.99498998 128.63998247
1.12730794 489.36437302 128.32881587
1.12857924 489.82108504 128.01692964
1.12985055 490.36144870 127.68927152
1.13112185 490.95332150 127.35632238
1.13239316 491.52910385 127.06617072
1.13366446 492.12015247 126.79790268
1.13493577 492.79097644 126.49201397
1.13620707 493.58166030 126.12544729
1.13747838 494.51878673 125.73412366
1.13874969 495.37947745 125.46468905
1.14002099 496.00204403 125.74949403
1.14130708 496.28691778 126.38954373
1.14257838 496.15643479 126.66445185
1.14384969 495.64822213 126.46476664
1.14512100 494.63120850 125.89162878
1.14639230 492.80065130 124.90901793
1.14766361 490.19149398 123.52512745
1.14893491 487.30751869 121.72280940
1.15020622 484.52021430 119.29376681
1.15147752 482.63217501 117.35630872
1.15274883 482.01727041 117.07254043
1.15402013 482.54872500 118.00987290
1.15529144 483.50804716 118.41864200
1.15656274 484.50524618 118.86690119
1.15783405 485.55347590 119.35665608
1.15912014 486.64939772 119.88575290
1.16039144 487.78942499 120.45184587
1.16166275 488.96973182 121.05239473
1.16293405 490.18626263 121.68466326
1.16420536 491.43474243 122.34571907
1.16547667 492.71068778 123.03243451
1.16674797 494.00941853 123.74148915
1.16801928 495.32607028 124.46937357
1.16929058 496.65560752 125.21239479
1.17056189 497.99283758 125.96668319
1.17183319 499.33242524 126.72820105
1.17310450 500.66890809 127.49275254
1.17437580 501.99671260 128.25599539
1.17564711 503.31017099 129.01345392
1.17691841 504.60353870 129.76053361
1.17818972 505.87101274 130.49253703
1.17946103 507.10675062 131.20468104
1.18074711 508.30489012 131.89211535
1.18201842 509.45956972 132.54994223
1.18328972 510.56494980 133.17323733
1.18456103 511.61523455 133.75707163
1.18583234 512.60469459 134.29653435
1.18710364 513.52769035 134.78675687
1.18837495 514.37869616 135.22293755
1.18964625 515.15232508 135.60036738
1.19091756 515.84335442 135.91445658
1.19218886 516.44675206 136.16076185
1.19346017 516.95770343 136.33501453
1.19473147 517.37163923 136.43314944
1.19600278 517.68426392 136.45133443
1.19727408 517.89158487 136.38600070
1.19854539 517.98994234 136.23387371
1.19981670 517.97604003 135.99200479
1.20108800 517.84697655 135.65780334
1.20235931 517.60027744 135.22906957
1.20363061 517.23392805 134.70402770
1.20490192 516.74640706 134.08135967
1.20617322 516.13672078 133.36023899
1.20744453 515.40443815 132.54036486
1.20873062 514.54972651 131.62199618
1.21000192 513.57338800 130.60598522
1.21127323 512.47689683 129.49381077
1.21254453 511.26243714 128.28761016
1.21381584 509.93294169 126.99020981
1.21508714 508.49213120 125.60515352
1.21635845 506.94455451 124.13672786
1.21762975 505.29562933 122.58998352
1.21890106 503.55168388 120.97075156
1.22017237 501.71999915 119.28565302
1.22144367 499.80885189 117.54210029
1.22271498 497.82755838 115.74828825
1.22398628 495.78651890 113.91317285
1.22525759 493.69726293 112.04643479
1.22652889 491.57249506 110.15842553
1.22780020 489.42614166 108.26009297
1.22907150 487.27339826 106.36288418
1.23034281 485.13077767 104.47862320
1.23161411 483.01615878 102.61936241
1.23288542 480.94883617 100.79720770
1.23415673 478.94957039 99.02411940
1.23542803 477.04063896 97.31169349
1.23669934 475.24588814 95.67093119
1.23797064 473.59078543 94.11200872
1.23924195 472.10247269 92.64406346
1.24051325 470.80982020 91.27501706
1.24178456 469.74348118 90.01146042
1.24305586 468.93594730 88.85862837
1.24432717 468.42160472 87.82049432
1.24559847 468.23679095 86.90001547
1.24686978 468.41985245 86.09955815
1.24814109 469.01120289 85.42153002
1.24941239 470.05338219 84.86924134
1.25068370 471.59111628 84.44801144
1.25195500 473.67137761 84.16652722
1.25322631 476.34344627 84.03844714
1.25449761 479.65897205 84.08422316
1.25576892 483.67203701 84.33308041
1.25704022 488.43921890 84.82504638
1.25831153 494.01965532 85.61285662
1.25958283 500.47510851 86.76348789
1.26085414 507.87003096 88.35900056
1.26212545 516.27163171 90.49634445
1.26339675 525.74994339 93.28584281
1.26466806 536.37788996 96.84825541
1.26593936 548.23135521 101.31062995
1.26721067 561.38925198 106.80150095
1.26848197 575.93359208 113.44624500
1.26975328 591.94955701 121.36341467
1.27102458 609.52556929 130.66261610
1.27229589 628.75336466 141.44407324
1.27356719 649.72806487 153.79961812
1.27483850 672.54825131 167.81460756
1.27610981 697.31603930 183.57023010
1.27738111 724.13715311 201.14577690
1.27865242 753.12100178 220.62061595
1.27992372 784.38075553 242.07576093
1.28119503 818.03342308 265.59503164
-0.96316762 959.63500000 70.56371788
-0.96189631 816.33233333 60.28104189
-0.96062353 693.16233333 55.46862318
-0.95934927 616.47233333 49.57082684
-0.95807353 569.99166667 41.25995239
-0.95679779 528.02433333 39.87315237
-0.95551909 476.85766667 52.79947506
-0.95423744 380.26100000 14.38531399
-0.95295431 274.12266667 63.12808736
-0.95167118 226.26576667 94.76981748
-0.95038804 212.71016667 90.58791218
-0.94910048 236.58600000 98.05760942
-0.94781143 273.27733333 113.38378310
-0.94651943 294.56100000 122.37640881
-0.94522743 306.39700000 129.14364828
-0.94393247 310.69833333 131.81576958
-0.94263604 315.70833333 134.56388010
-0.94133960 321.34500000 137.29560642
-0.94004021 325.56600000 139.74359672
-0.93873934 329.68700000 142.04364937
-0.93743699 333.80066667 144.32358049
-0.93613316 337.32666667 146.33312629
-0.93482786 340.55333333 148.16271206
-0.93351959 343.53533333 149.84794323
-0.93221133 346.29266667 151.40313901
-0.93090011 348.87033333 152.84723048
-0.92958890 351.28666667 154.19319217
-0.92827472 353.56500000 155.45351056
-0.92695907 355.72133333 156.63770860
-0.92564341 357.76933333 157.75499399
-0.92432480 359.71966667 158.81242828
-0.92300472 361.58000000 159.81605930
-0.92168315 363.35666667 160.77240224
-0.92036010 365.05033333 161.68491145
-0.91903410 366.65833333 162.55728689
-0.91770810 368.16633333 163.38761659
-0.91638062 369.55600000 164.15988777
-0.91505167 370.87333333 164.86681163
-0.91371975 372.22333333 165.53905732
-0.91238784 373.57466667 166.18825022
-0.91105297 374.84333333 166.79780004
-0.90971810 376.08133333 167.38678288
-0.90838027 377.30700000 167.96527100
-0.90704096 378.49633333 168.52383763
-0.90570166 379.65733333 169.06379269
-0.90435940 380.79200000 169.58694864
-0.90301565 381.90100000 170.09353395
-0.90167044 382.98566667 170.58522690
-0.90032374 384.04700000 171.06121367
-0.89897556 385.08600000 171.52341300
-0.89762591 386.10400000 171.97238858
-0.89627478 387.10166667 172.40757045
-0.89492217 388.07966667 172.83070196
-0.89356808 389.03833333 173.24215229
-0.89221251 389.97900000 173.64179372
-0.89085547 390.90200000 174.03018606
-0.88949695 391.80766667 174.40801278
-0.88813547 392.69733333 174.77533501
-0.88677399 393.57066667 175.13339641
-0.88541103 394.42866667 175.48089093
-0.88404659 395.27066667 175.81949841
-0.88267920 396.09800000 176.14878405
-0.88131181 396.91100000 176.46961680
-0.87994294 397.70933333 176.78144594
-0.87857259 398.49433333 177.08563353
-0.87719928 399.26433333 177.38076424
-0.87582598 400.02000000 177.66808672
-0.87445120 400.76200000 177.94754938
-0.87307345 401.49100000 178.21975741
-0.87169571 402.20733333 178.48476651
-0.87031650 402.91166667 178.74171054
-0.86893580 403.60366667 178.99215853
-0.86755215 404.28333333 179.23578767
-0.86616849 404.95133333 179.47254547
-0.86478336 405.60800000 179.70248624
-0.86339675 406.25300000 179.92604216
-0.86200866 406.88666667 180.14278165
-0.86061762 407.50966667 180.35346619
-0.85922657 408.12133333 180.55814855
-0.85783405 408.72266667 180.75682966
-0.85644005 409.31400000 180.94955983
-0.85504457 409.89466667 181.13590811
-0.85364761 410.46500000 181.31706886
-0.85224918 411.02633333 181.49227895
-0.85084926 411.57800000 181.66239766
-0.84944787 412.12100000 181.82694705
-0.84804648 412.65433333 181.98640340
-0.84664213 413.18000000 182.13995258
-0.84523630 413.69800000 182.28887984
-0.84382899 414.21033333 182.43284240
-0.84242169 414.71766667 182.57307593
-0.84101143 415.21633333 182.70948679
-0.83960116 415.70733333 182.84125886
-0.83818795 416.19166667 182.97014355
-0.83677473 416.66933333 183.09532063
-0.83536003 417.14133333 183.21806567
-0.83394238 417.60766667 183.33721207
-0.83252472 418.06766667 183.45523013
-0.83110559 418.51966667 183.57237329
-0.82968498 418.95500000 183.68855484
-0.82826289 419.37133333 183.80210405
-0.82684081 419.77366667 183.91441523
-0.82541576 420.15866667 184.02578987
-0.82398924 420.52233333 184.13378172
-0.82256272 420.86466667 184.23954914
-0.82113324 421.18200000 184.34219978
-0.81970376 421.47233333 184.44138159
-0.81827280 421.73333333 184.53648229
-0.81684036 421.96333333 184.62591400
-0.81540645 422.16033333 184.70957110
-0.81397106 422.32433333 184.78583135
-0.81253418 422.45533333 184.85378102
-0.81109584 422.55366667 184.91219108
-0.80965749 422.62266667 184.95901897
-0.80821618 422.66466667 184.99466593
-0.80677488 422.68366667 185.01634338
-0.80533209 422.68500000 185.02480974
-0.80388783 422.67200000 185.01857824
-0.80244209 422.65000000 184.99886193
-0.80099487 422.62433333 184.96488572
-0.79954765 422.59700000 184.91756374
-0.79809748 422.57233333 184.85729076
-0.79664730 422.55266667 184.78536724
-0.79519565 422.53866667 184.70429676
-0.79374252 422.53166667 184.61410582
-0.79228791 422.53233333 184.51684240
-0.79083182 422.54100000 184.41297972
-0.78937573 422.55733333 184.30456174
-0.78791669 422.58000000 184.19155375
-0.78645764 422.60666667 184.07281935
-0.78499712 422.65000000 183.95181650
-0.78353512 422.71000000 183.83104687
-0.78207164 422.77333333 183.70994078
-0.78060816 422.83866667 183.58979215
-0.77914320 422.90566667 183.47307689
-0.77767528 422.96833333 183.36140583
-0.77620885 423.01400000 183.25575796
-0.77473946 423.02333333 183.15314197
-0.77326859 423.00133333 183.05450871
-0.77179771 422.95300000 182.95933924
-0.77032537 422.86866667 182.86626010
-0.76885154 422.74866667 182.77322300
-0.76737623 422.59300000 182.67903927
-0.76590093 422.40033333 182.58500794
-0.76442266 422.16866667 182.48861583
-0.76294440 421.89600000 182.39061615
-0.76146466 421.58300000 182.28854421
-0.75998492 421.22966667 182.18234337
-0.75850222 420.83766667 182.07036926
-0.75701953 420.41066667 181.95135768
-0.75553535 419.95233333 181.82366891
-0.75405118 419.46866667 181.68649947
-0.75256405 418.96600000 181.53862922
-0.75107691 418.45166667 181.37845797
-0.74958830 417.93300000 181.20683194
-0.74809822 417.41766667 181.02298120
-0.74660813 416.91266667 180.82653227
-0.74511656 416.42366667 180.61795732
-0.74362352 415.95633333 180.39767558
-0.74212899 415.51366667 180.16736753
-0.74063447 415.09833333 179.92706156
-0.73913847 414.71200000 179.67845759
-0.73764099 414.35533333 179.42277674
-0.73614351 414.02800000 179.16085169
-0.73464307 413.72900000 178.89438036
-0.73314412 413.45833333 178.62501404
-0.73164220 413.21266667 178.35399876
-0.73014029 412.99200000 178.08344143
-0.72863542 412.79233333 177.81664918
-0.72713202 412.60966667 177.55820300
-0.72562567 412.43066667 177.32676816
-0.72411933 412.14733333 177.13888976
-0.72261150 411.54300000 176.93308348
-0.72110367 410.75733333 176.68679953
-0.71959436 410.10366667 176.46460491
-0.71808358 409.51033333 176.24151781
-0.71657132 408.90533333 175.99238728
-0.71505906 408.33133333 175.73571914
-0.71354532 407.77266667 175.47348914
-0.71203158 407.22500000 175.20568514
-0.71051488 406.68533333 174.93431168
-0.70899966 406.14966667 174.65895216
-0.70748148 405.61600000 174.38040708
-0.70596331 405.08433333 174.09872134
-0.70444366 404.55466667 173.81512881
-0.70292400 404.02566667 173.52963906
-0.70140287 403.49700000 173.24222840
-0.69988026 402.96766667 172.95251055
-0.69835765 402.43733333 172.66128085
-0.69683356 401.90500000 172.36855140
-0.69530800 401.37066667 172.07431924
-0.69378243 400.83400000 171.77939484
-0.69225538 400.29466667 171.48255308
-0.69072834 399.75266667 171.18501979
-0.68919982 399.20700000 170.88596873
-0.68766982 398.65766667 170.58663094
-0.68613981 398.10466667 170.28577083
-0.68460833 397.54800000 169.98420666
-0.68307685 396.98700000 169.68234256
-0.68154390 396.42133333 169.37895049
-0.68001094 395.85166667 169.07484340
-0.67847650 395.27666667 168.77042648
-0.67694059 394.69666667 168.46569545
-0.67540467 394.11133333 168.15983092
-0.67386728 393.52033333 167.85323710
-0.67232841 392.92366667 167.54672681
-0.67078954 392.32033333 167.23989178
-0.66925067 391.71066667 166.93231482
-0.66771032 391.09466667 166.62481709
-0.66616849 390.47033333 166.31698368
-0.66462666 389.83833333 166.00881533
-0.66308484 389.19800000 165.70072028
-0.66154005 388.54866667 165.39310746
-0.65999675 387.88933333 165.08515938
-0.65845049 387.21933333 164.77811741
-0.65690570 386.53800000 164.47116212
-0.65535796 385.84433333 164.16431220
-0.65381022 385.13733333 163.85757219
-0.65226248 384.41633333 163.55139683
-0.65071326 383.68000000 163.24498847
-0.64916404 382.92866667 162.93678582
-0.64761335 382.16166667 162.62605846
-0.64606265 381.38533333 162.30504373
-0.64451047 380.64133333 161.96164789
-0.64295830 380.04533333 161.61244021
-0.64140464 379.60266667 161.28809696
-0.63985099 379.13000000 160.95736949
-0.63829586 378.60133333 160.61742431
-0.63674073 378.06433333 160.29140920
-0.63518412 377.48600000 159.96635622
-0.63362751 376.88800000 159.64381824
-0.63207090 376.27533333 159.32500224
-0.63051133 375.64666667 159.00665257
-0.62895324 375.00533333 158.68957261
-0.62739368 374.35333333 158.37251777
-0.62583411 373.69233333 158.05674015
-0.62427306 373.02266667 157.74140973
-0.62271202 372.34500000 157.42692610
-0.62114950 371.66133333 157.11208268
-0.61958697 370.97166667 156.79808217
-0.61802445 370.27800000 156.48453511
-0.61646045 369.57900000 156.17102529
-0.61489497 368.87700000 155.85796664
-0.61333097 368.17233333 155.54495757
-0.61176401 367.46500000 155.23281363
-0.61019853 366.75566667 154.92111846
-0.60863157 366.04566667 154.60865492
-0.60706461 365.33500000 154.29748677
-0.60549618 364.62433333 153.98676593
-0.60392774 363.91433333 153.67612520
-0.60235783 363.20533333 153.36554886
-0.60078939 362.49766667 153.05545395
-0.59921800 361.79200000 152.74542450
-0.59764808 361.08966667 152.43587784
-0.59607669 360.39033333 152.12683310
-0.59450530 359.69300000 151.81791202
-0.59293243 358.99866667 151.50999051
-0.59135956 358.30700000 151.20184153
-0.58978669 357.62033333 150.89420856
-0.58821234 356.93966667 150.58665577
-0.58663799 356.26500000 150.27999940
-0.58506364 355.59733333 149.97298534
-0.58348781 354.93600000 149.66647021
-0.58191198 354.28200000 149.36083084
-0.58033616 353.63600000 149.05527264
-0.57875885 352.99800000 148.74935526
-0.57718302 352.36866667 148.44428987
-0.57560424 351.74833333 148.13886283
-0.57402693 351.13633333 147.83386559
-0.57244815 350.53400000 147.52889998
-0.57086937 349.94133333 147.22433654
-0.56929058 349.35833333 146.91972836
-0.56771032 348.78600000 146.61551521
-0.56613006 348.22366667 146.31077983
-0.56454980 347.67200000 146.00635592
-0.56296805 347.13100000 145.70223782
-0.56138779 346.60066667 145.39789714
-0.55980605 346.08100000 145.09332487
-0.55822283 345.57133333 144.78930155
-0.55664109 345.07200000 144.48571296
-0.55505787 344.58033333 144.18333697
-0.55347466 344.09433333 143.88326588
-0.55189144 343.60966667 143.58869572
-0.55030822 343.11800000 143.30453486
-0.54872352 342.58866667 143.04651893
-0.54713882 341.88966667 142.81611726
-0.54555413 340.90066667 142.54662414
-0.54396943 339.88466667 142.26211029
-0.54238325 339.03033333 142.00713763
-0.54079708 338.22333333 141.74388383
-0.53921090 337.45700000 141.47032068
-0.53762473 336.73433333 141.19594717
-0.53603855 336.04400000 140.92079151
-0.53445090 335.38166667 140.64515585
-0.53286472 334.74200000 140.36951948
-0.53127707 334.12200000 140.09424247
-0.52968942 333.51800000 139.81983732
-0.52810029 332.92800000 139.54621080
-0.52651263 332.34966667 139.27339192
-0.52492498 331.78133333 139.00180230
-0.52333585 331.22200000 138.73144080
-0.52174671 330.67000000 138.46227394
-0.52015758 330.12400000 138.19433231
-0.51856845 329.58300000 137.92761476
-0.51697932 329.04700000 137.66247764
-0.51538871 328.51433333 137.39898537
-0.51379958 327.98433333 137.13710348
-0.51220897 327.45700000 136.87601599
-0.51061836 326.93100000 136.61646719
-0.50902775 326.40600000 136.35859208
-0.50743714 325.88133333 136.10225145
-0.50584653 325.35733333 135.84751231
-0.50425592 324.83233333 135.59398368
-0.50266383 324.30566667 135.34244307
-0.50107322 323.77800000 135.09246354
-0.49948261 323.24800000 134.84454010
-0.49789052 322.71533333 134.59778559
-0.49629843 322.17900000 134.35347415
-0.49470782 321.63900000 134.11079093
-0.49311573 321.09433333 133.87054917
-0.49152364 320.54500000 133.63239703
-0.48993156 319.98933333 133.39629726
-0.48833947 319.42700000 133.16275089
-0.48674738 318.85700000 132.93140946
-0.48515529 318.27766667 132.70363040
-0.48356320 317.68766667 132.47829494
-0.48196964 317.08766667 132.25614695
-0.48037755 316.47833333 132.03676644
-0.47878546 315.85800000 131.82058628
-0.47719337 315.22733333 131.60695936
-0.47559980 314.58633333 131.39555088
-0.47400772 313.93666667 131.18525633
-0.47241563 313.28066667 130.97501762
-0.47082206 312.62466667 130.76168915
-0.46922997 311.98100000 130.53524860
-0.46763788 311.41366667 130.28486507
-0.46604432 311.04700000 130.03956230
-0.46445223 310.83466667 129.81943045
-0.46286014 310.59533333 129.59484462
-0.46126658 310.28933333 129.36256794
-0.45967449 309.95966667 129.13753831
-0.45808240 309.61366667 128.91971656
-0.45649031 309.24733333 128.70375659
-0.45489822 308.86800000 128.49076939
-0.45330613 308.47766667 128.27994342
-0.45171257 308.07866667 128.07123458
-0.45012048 307.67233333 127.86425984
-0.44852839 307.26000000 127.65944953
-0.44693778 306.84300000 127.45594604
-0.44534569 306.42233333 127.25408594
-0.44375360 305.99800000 127.05400963
-0.44216151 305.57166667 126.85481177
-0.44057090 305.14333333 126.65778266
-0.43897882 304.71366667 126.46201514
-0.43738821 304.28333333 126.26722394
-0.43579612 303.85233333 126.07407677
-0.43420551 303.42166667 125.88238795
-0.43261490 302.99066667 125.69196294
-0.43102429 302.56033333 125.50295098
-0.42943368 302.13066667 125.31487345
-0.42784307 301.70200000 125.12816275
-0.42625394 301.27466667 124.94325188
-0.42466333 300.84866667 124.75948543
-0.42307419 300.42266667 124.57724906
-0.42148358 299.99766667 124.39654797
-0.41989445 299.57500000 124.21685043
-0.41830532 299.15433333 124.03902323
-0.41671619 298.73666667 123.86177301
-0.41512853 298.32166667 123.68677797
-0.41353940 297.90966667 123.51236462
-0.41195175 297.50066667 123.33902250
-0.41036262 297.09466667 123.16756646
-0.40877496 296.69166667 122.99751165
-0.40718731 296.29233333 122.82810516
-0.40560114 295.89666667 122.66065101
-0.40401348 295.50466667 122.49385341
-0.40242731 295.11600000 122.32890310
-0.40084113 294.73166667 122.16467363
-0.39925496 294.35066667 122.00198042
-0.39766878 293.97366667 121.84039399
-0.39608261 293.60066667 121.68041242
-0.39449791 293.23200000 121.52148831
-0.39291321 292.86700000 121.36374489
-0.39132851 292.50700000 121.20762340
-0.38974382 292.15100000 121.05232104
-0.38816060 291.79866667 120.89853137
-0.38657738 291.45166667 120.74600889
-0.38499416 291.10866667 120.59432574
-0.38341094 290.77066667 120.44429868
-0.38182920 290.43700000 120.29475344
-0.38024598 290.10866667 120.14681578
-0.37866424 289.78600000 119.99950562
-0.37708398 289.46900000 119.85294537
-0.37550224 289.15900000 119.70696682
-0.37392198 288.85633333 119.56070638
-0.37234172 288.56566667 119.41141350
-0.37076145 288.30100000 119.26060173
-0.36918267 288.07433333 119.11654286
-0.36760388 287.85200000 118.97573964
-0.36602510 287.61266667 118.83282314
-0.36444780 287.36900000 118.69251309
-0.36286901 287.12000000 118.55532916
-0.36129171 286.86633333 118.41982292
-0.35971588 286.61033333 118.28585021
-0.35814005 286.35166667 118.15357338
-0.35656422 286.09133333 118.02321982
-0.35498840 285.83000000 117.89384788
-0.35341405 285.56800000 117.76671392
-0.35183970 285.30566667 117.64036723
-0.35026535 285.04300000 117.51591758
-0.34869248 284.78000000 117.39308948
-0.34711961 284.51666667 117.27189849
-0.34554674 284.25400000 117.15207565
-0.34397534 283.99166667 117.03428721
-0.34240395 283.73000000 116.91738123
-0.34083256 283.46966667 116.80254133
-0.33926264 283.21000000 116.68942175
-0.33769273 282.95233333 116.57767912
-0.33612429 282.69466667 116.46733269
-0.33455586 282.43866667 116.35928963
-0.33298742 282.18400000 116.25232451
-0.33142046 281.93066667 116.14726222
-0.32985350 281.67933333 116.04421123
-0.32828655 281.42966667 115.94275131
-0.32672107 281.18100000 115.84308417
-0.32515559 280.93466667 115.74515059
-0.32359159 280.69000000 115.64942470
-0.32202758 280.44733333 115.55558158
-0.32046358 280.20666667 115.46365357
-0.31890106 279.96866667 115.37350786
-0.31734002 279.73366667 115.28534953
-0.31577749 279.50266667 115.19870127
-0.31421793 279.27633333 115.11341535
-0.31265688 279.05600000 115.02918213
-0.31109731 278.84433333 114.94479850
-0.30953923 278.64466667 114.85971273
-0.30798114 278.46200000 114.77097740
-0.30642305 278.30533333 114.67433780
-0.30486644 278.20466667 114.55912375
-0.30330983 278.23800000 114.43550919
-0.30175470 278.41400000 114.33704208
-0.30019957 278.56966667 114.24140950
-0.29864591 278.65400000 114.13585122
-0.29709226 278.72000000 114.04274870
-0.29554008 278.75133333 113.95532950
-0.29398791 278.75300000 113.87193852
-0.29243721 278.73233333 113.79192181
-0.29088651 278.69466667 113.71495824
-0.28933730 278.64133333 113.64117434
-0.28778808 278.57600000 113.56933551
-0.28623886 278.49966667 113.50024307
-0.28469112 278.41466667 113.43242283
-0.28314485 278.32233333 113.36690792
-0.28159859 278.22400000 113.30243010
-0.28005381 278.12100000 113.24001882
-0.27850902 278.01500000 113.17843117
-0.27696572 277.90633333 113.11832989
-0.27542241 277.79666667 113.05846787
-0.27388059 277.68633333 112.99949955
-0.27234024 277.57633333 112.94121744
-0.27079989 277.46666667 112.88381578
-0.26925954 277.35866667 112.82676512
-0.26772067 277.25300000 112.76999241
-0.26618327 277.14966667 112.71388663
-0.26464588 277.04900000 112.65849822
-0.26310997 276.95100000 112.60362880
-0.26157405 276.85766667 112.54867541
-0.26003962 276.76733333 112.49408722
-0.25850518 276.68066667 112.44017453
-0.25697222 276.59800000 112.38582721
-0.25544074 276.51900000 112.33213411
-0.25390926 276.44366667 112.27847899
-0.25237926 276.37066667 112.22516177
-0.25084926 276.30000000 112.17260102
-0.24932074 276.22966667 112.12112327
-0.24779369 276.15700000 112.07116959
-0.24626665 276.07866667 112.02441853
-0.24474108 275.98966667 111.98162392
-0.24321552 275.88133333 111.94677328
-0.24169143 275.74033333 111.92432039
-0.24016882 275.54633333 111.92628074
-0.23864621 275.25433333 111.98321298
-0.23712508 274.66900000 112.10716885
-0.23560542 273.57366667 112.16565280
-0.23408577 272.42933333 112.15262520
-0.23256759 271.70233333 112.18043928
-0.23104942 271.22400000 112.19888681
-0.22953272 270.89233333 112.18555849
-0.22801750 270.69800000 112.16465706
-0.22650376 270.59633333 112.13771959
-0.22499002 270.56800000 112.10703567
-0.22347628 270.59366667 112.07400593
-0.22196550 270.66200000 112.03903563
-0.22045471 270.76333333 112.00370620
-0.21894541 270.89133333 111.96778622
-0.21743610 271.04033333 111.93159302
-0.21592827 271.20633333 111.89650577
-0.21442193 271.38633333 111.86046646
-0.21291705 271.57800000 111.82514310
-0.21141218 271.77933333 111.79051152
-0.20990879 271.98866667 111.75550202
-0.20840540 272.20500000 111.72096148
-0.20690496 272.42733333 111.68675534
-0.20540453 272.65466667 111.65221503
-0.20390557 272.88566667 111.61825190
-0.20240661 273.12033333 111.58419296
-0.20090913 273.35766667 111.54991196
-0.19941313 273.59600000 111.51735946
-0.19791861 273.83466667 111.48417150
-0.19642408 274.07200000 111.45285049
-0.19493104 274.30433333 111.42384458
-0.19343947 274.52866667 111.39853944
-0.19194791 274.73300000 111.38179137
-0.19045930 274.89500000 111.37079009
-0.18897069 275.00200000 111.35888516
-0.18748355 275.08500000 111.34268635
-0.18599642 275.18133333 111.32496968
-0.18451077 275.30800000 111.30786506
-0.18302659 275.45700000 111.28919908
-0.18154390 275.61933333 111.26746512
-0.18006268 275.79933333 111.24460051
-0.17858146 275.99500000 111.22058535
-0.17710172 276.20533333 111.19532669
-0.17562346 276.43066667 111.16868286
-0.17414667 276.67133333 111.14096145
-0.17266989 276.92700000 111.11248879
-0.17119606 277.19733333 111.08210589
-0.16972223 277.48333333 111.05106987
-0.16824841 277.78433333 111.01855888
-0.16677754 278.10133333 110.98516350
-0.16530667 278.43400000 110.95046259
-0.16383875 278.78266667 110.91417394
-0.16237084 279.14700000 110.87722321
-0.16090440 279.52800000 110.83891981
-0.15943796 279.92566667 110.79924769
-0.15797449 280.34000000 110.75813588
-0.15651101 280.77066667 110.71583485
-0.15504900 281.21900000 110.67285446
-0.15358848 281.68433333 110.62813416
-0.15212944 282.16700000 110.58223583
-0.15067039 282.66666667 110.53530486
-0.14921430 283.18500000 110.48690820
-0.14775822 283.72066667 110.43792632
-0.14630375 284.27400000 110.38745373
-0.14485062 284.84533333 110.33590302
-0.14339867 285.43500000 110.28373518
-0.14194791 286.04266667 110.23051264
-0.14049847 286.66866667 110.17596671
-0.13905022 287.31333333 110.12051680
-0.13760344 287.97633333 110.06445036
-0.13615770 288.65833333 110.00793308
-0.13471344 289.35800000 109.95052471
-0.13327021 290.07733333 109.89217854
-0.13182846 290.81500000 109.83317701
-0.13038804 291.57200000 109.77416321
-0.12894881 292.34766667 109.71418864
-0.12751090 293.14266667 109.65422211
-0.12607433 293.95666667 109.59444160
-0.12463893 294.79000000 109.53393176
-0.12320502 295.64200000 109.47387829
-0.12177229 296.51266667 109.41352124
-0.12034104 297.40200000 109.35357722
-0.11891096 298.30866667 109.29498279
-0.11748222 299.23200000 109.23820360
-0.11605496 300.16966667 109.18348336
-0.11462888 301.11766667 109.13289655
-0.11320413 302.07033333 109.09117766
-0.11178086 303.01100000 109.06796903
-0.11035892 303.87366667 109.06604686
-0.10893816 304.59833333 109.04580770
-0.10751888 305.34466667 109.00260823
-0.10610108 306.26466667 108.97322086
-0.10468446 307.28266667 108.94467055
-0.10326932 308.35166667 108.91055943
-0.10185551 309.47233333 108.87821984
-0.10044304 310.63100000 108.84951276
-0.09903203 311.82466667 108.82371926
-0.09762236 313.05000000 108.80179833
-0.09621417 314.30600000 108.78372896
-0.09480731 315.59366667 108.77022490
-0.09340178 316.91233333 108.76173865
-0.09199772 318.26300000 108.75758612
-0.09059500 319.64666667 108.75916275
-0.08919376 321.06466667 108.76693835
-0.08779384 322.51766667 108.78044003
-0.08639541 324.00766667 108.80037995
-0.08499845 325.53500000 108.82791488
-0.08360282 327.10166667 108.86306951
-0.08220867 328.70833333 108.90675999
-0.08081600 330.35700000 108.95969913
-0.07942466 332.04800000 109.02306997
-0.07803480 333.78200000 109.09711172
-0.07664641 335.55933333 109.18440045
-0.07525951 337.37933333 109.28611925
-0.07387393 339.23933333 109.40485590
-0.07248984 341.13500000 109.54297536
-0.07110722 343.05800000 109.70565413
-0.06972608 344.99533333 109.90137068
-0.06834642 346.92300000 110.15205596
-0.06696823 348.69133333 110.45816971
-0.06559138 350.18400000 110.68064810
-0.06421615 352.09600000 110.77991019
-0.06284240 355.12500000 110.92802619
-0.06146998 358.76500000 111.10376728
-0.06009919 362.60666667 111.24584755
-0.05872988 366.71766667 111.40117311
-0.05736204 371.06433333 111.56597263
-0.05599568 375.68666667 111.73034648
-0.05463080 380.64833333 111.88321600
-0.05326740 386.04866667 112.00242612
-0.05190548 392.03200000 112.05733472
-0.05054518 398.83533333 111.99066521
-0.04918636 406.82066667 111.71897620
-0.04782902 416.71533333 111.16354103
-0.04647316 429.76866667 110.73636863
-0.04511893 443.56466667 111.40620073
-0.04376617 450.22766667 112.16869326
-0.04241504 452.23100000 112.33700301
-0.04106524 456.75266667 112.84593034
-0.03971706 462.60366667 113.50171844
-0.03837051 469.15266667 114.08609650
-0.03702529 476.82333333 114.67565871
-0.03568185 485.61333333 115.24587611
-0.03433973 495.73033333 115.73686392
-0.03299939 507.50433333 116.03687800
-0.03166038 521.50466667 115.94205051
-0.03032315 539.06400000 115.22706607
-0.02898739 563.30333333 114.65143528
-0.02765326 591.61000000 116.25920459
-0.02632105 606.44633333 118.88255039
-0.02499002 604.75266667 120.44154655
-0.02366047 602.56633333 122.64725472
-0.02233255 602.09266667 126.31824792
-0.02100625 600.72566667 131.07688795
-0.01968143 600.40166667 137.30265829
-0.01835824 601.72433333 145.79766835
-0.01703653 605.99033333 157.51607109
-0.01571644 614.55266667 175.08334222
-0.01439801 632.74600000 206.86267515
-0.01308110 662.18300000 266.60622666
-0.01176578 665.26066667 292.67876291
-0.01045207 636.84900000 246.41858873
-0.00913993 611.63800000 196.67222860
-0.00782941 599.71133333 171.41052040
-0.00652048 592.72066667 157.24106581
-0.00521317 593.74700000 146.90472307
-0.00390746 594.76033333 140.26502290
-0.00260335 611.43866667 134.83860201
-0.00130087 650.26933333 131.70495161
-0.00000000 649.26133333 127.45134081
