# s/c   h_mean    h_std
0.00000000 547.50799847 121.86475902
0.00130087 547.69959484 121.62592851
0.00260174 547.73785400 121.50016138
0.00390261 547.63334545 121.48119471
0.00520348 547.39626034 121.56308537
0.00650435 547.03641919 121.74018792
0.00780522 546.56327961 122.00713337
0.00910609 545.98594395 122.35880905
0.01040697 545.31316684 122.79033987
0.01170784 544.55336270 123.29707096
0.01300871 543.71461310 123.87455184
0.01430958 542.80467414 124.51852214
0.01561045 541.83098369 125.22489868
0.01691132 540.80066857 125.98976416
0.01821219 539.72055166 126.80935705
0.01951306 538.59715893 127.68006279
0.02081393 537.43672640 128.59840614
0.02211480 536.24520703 129.56104447
0.02341567 535.02827752 130.56476203
0.02470176 533.79134503 131.60646491
0.02600263 532.53955386 132.68317677
0.02730350 531.27779204 133.79203502
0.02860437 530.01069779 134.93028753
0.02990524 528.74266600 136.09528968
0.03120611 527.47785457 137.28450176
0.03250698 526.22019070 138.49548650
0.03380786 524.97337706 139.72590687
0.03510873 523.74089799 140.97352398
0.03640960 522.52602548 142.23619496
0.03771047 521.33182524 143.51187105
0.03901134 520.16116251 144.79859558
0.04029743 519.01670796 146.09450200
0.04159830 517.90094344 147.39781189
0.04289917 516.81616763 148.70683292
0.04420004 515.76450167 150.01995680
0.04550091 514.74789469 151.33565720
0.04680178 513.76812927 152.65248758
0.04810265 512.82682681 153.96907901
0.04940352 511.92545283 155.28413798
0.05068961 511.06532225 156.59644411
0.05199048 510.24760448 157.90484791
0.05329135 509.47332854 159.20826844
0.05459222 508.74338806 160.50569103
0.05589309 508.05854621 161.79616489
0.05719396 507.41944057 163.07880084
0.05849483 506.82658787 164.35276894
0.05978092 506.28038877 165.61729618
0.06108179 505.78113239 166.87166417
0.06238266 505.32900096 168.11520685
0.06368353 504.92407426 169.34730822
0.06498440 504.56633403 170.56740014
0.06628528 504.25566827 171.77496014
0.06757136 503.99187558 172.96950921
0.06887223 503.77466924 174.15060980
0.07017310 503.60368139 175.31786366
0.07147398 503.47846704 176.47090992
0.07277485 503.39850799 177.60942309
0.07407572 503.36321676 178.73311121
0.07536180 503.37194040 179.84171401
0.07666268 503.42396416 180.93500111
0.07796355 503.51851520 182.01277040
0.07926442 503.65476617 183.07484631
0.08056529 503.83183866 184.12107829
0.08185138 504.04880672 185.15133932
0.08315225 504.30470012 186.16552439
0.08445312 504.59850772 187.16354921
0.08575399 504.92918059 188.14534886
0.08704008 505.29563523 189.11087652
0.08834095 505.69675652 190.06010234
0.08964182 506.13140082 190.99301225
0.09094269 506.59839876 191.90960696
0.09224356 507.09655816 192.80990092
0.09352965 507.62466674 193.69392136
0.09483052 508.18149479 194.56170744
0.09613139 508.76579783 195.41330935
0.09743226 509.37631907 196.24878759
0.09871835 510.01179191 197.06821214
0.10001922 510.67094233 197.87166185
0.10132009 511.35249115 198.65922371
0.10260618 512.05515629 199.43099227
0.10390705 512.77765492 200.18706905
0.10520792 513.51870554 200.92756200
0.10650879 514.27702998 201.65258495
0.10779488 515.05135534 202.36225719
0.10909575 515.84041583 203.05670291
0.11039662 516.64295456 203.73605087
0.11169749 517.45772525 204.40043387
0.11298358 518.28349384 205.04998844
0.11428445 519.11904007 205.68485437
0.11558532 519.96315892 206.30517438
0.11687141 520.81466207 206.91109373
0.11817228 521.67237918 207.50275985
0.11947315 522.53515917 208.08032200
0.12075924 523.40187139 208.64393088
0.12206011 524.27140673 209.19373828
0.12336098 525.14267865 209.72989674
0.12466185 526.01462412 210.25255916
0.12594794 526.88620451 210.76187841
0.12724881 527.75640641 211.25800698
0.12854968 528.62424233 211.74109660
0.12983577 529.47093621 212.20415777
0.13113664 531.29810495 212.74279959
0.13243751 532.76109739 213.21003132
0.13372359 533.87220134 213.71104705
0.13502447 534.96732257 214.23915890
0.13632534 536.02426029 214.77675962
0.13761142 537.06882770 215.31171474
0.13891229 538.04567462 215.81553124
0.14019838 538.96720241 216.27451788
0.14149925 539.93078166 216.67491635
0.14280012 540.90419958 217.01492103
0.14408621 541.64745678 217.31365011
0.14538708 542.08302041 217.65116735
0.14668795 542.44969289 218.07773340
0.14797404 542.81089728 218.51624219
0.14927491 543.17804817 218.93946998
0.15056100 543.63108720 219.33128299
0.15186187 544.17640150 219.68246820
0.15316274 544.59956752 219.97949594
0.15444883 544.86403890 220.26930995
0.15574970 545.21204850 220.57912799
0.15703579 545.67633009 220.84890172
0.15833666 546.21810109 221.09911621
0.15963753 546.72797505 221.31897089
0.16092362 547.19709665 221.51989298
0.16222449 547.88182290 221.66708594
0.16351058 548.78337480 221.67519857
0.16481145 549.51613384 221.57167637
0.16611232 549.87483647 221.46007497
0.16739841 550.00164049 221.43843420
0.16869928 550.03372104 221.49285142
0.16998537 549.98818612 221.57586773
0.17128624 549.89127217 221.67472163
0.17257232 549.77472571 221.77284537
0.17387319 549.67914457 221.86110511
0.17517407 549.67306715 221.93690428
0.17646015 549.81308336 221.99404710
0.17776102 550.13138608 222.03061475
0.17904711 550.59691669 222.03806230
0.18034798 551.17333780 222.02295494
0.18163407 551.79240506 221.97807561
0.18293494 552.37798610 221.89553475
0.18422103 552.89548452 221.76744596
0.18552190 553.38925515 221.61673396
0.18680799 553.79347296 221.45195495
0.18810886 554.06562664 221.31022075
0.18939495 554.33844689 221.22255966
0.19069582 554.63989800 221.13697998
0.19199669 555.12802316 221.01579197
0.19328278 555.80966677 220.78615678
0.19458365 556.31338412 220.44148482
0.19586974 556.48166589 220.07675498
0.19717061 556.40834963 219.74049262
0.19845669 556.33053826 219.47041587
0.19975757 556.32316377 219.22389758
0.20104365 556.28172804 218.96860500
0.20234452 556.17318726 218.75226650
0.20363061 555.93444442 218.55159382
0.20493148 555.64869601 218.36450489
0.20621757 555.56637884 218.18950784
0.20750366 555.64467387 217.92175603
0.20880453 555.60041654 217.54380858
0.21009062 555.16907644 217.08610711
0.21139149 554.33084450 216.61524473
0.21267758 553.45992614 216.23454605
0.21397845 552.81182773 215.90000360
0.21526454 552.32225833 215.52616986
0.21656541 551.80725397 215.08336157
0.21785149 551.16583188 214.59343844
0.21915236 550.38068918 214.07151985
0.22043845 549.48006218 213.54075253
0.22173932 548.45963441 213.00551793
0.22302541 547.31867283 212.46388594
0.22432628 546.11135256 211.91895263
0.22561237 544.88889032 211.35438575
0.22689846 543.71664568 210.76644485
0.22819933 542.46889025 210.10928451
0.22948542 540.94649736 209.37632354
0.23078629 539.21480808 208.64250980
0.23207238 537.43922217 207.93582025
0.23337325 535.72611149 207.27082344
0.23465933 534.01862437 206.63212703
0.23594542 532.13774340 206.00436139
0.23724629 529.99390589 205.39724482
0.23853238 527.73702812 204.83476523
0.23983325 525.60257020 204.31174204
0.24111934 523.66000669 203.77735777
0.24240543 521.91747486 203.23316709
0.24370630 520.24485031 202.65587676
0.24499239 518.38489219 202.03490072
0.24629326 516.30198814 201.43308857
0.24757935 514.12683988 200.87252941
0.24886543 511.92518493 200.33551511
0.25016630 509.81215478 199.84385278
0.25145239 507.85674010 199.38842919
0.25275326 505.89361245 198.91734792
0.25403935 503.80137036 198.44151839
0.25532544 501.63465135 197.98263041
0.25662631 499.43451466 197.52657316
0.25791240 497.25763369 197.09339826
0.25919849 495.08793904 196.67414683
0.26049936 492.93163829 196.27519035
0.26178545 490.98200299 195.96610245
0.26307153 489.22029023 195.69075466
0.26437240 487.47913436 195.39082202
0.26565849 485.79104362 195.09688330
0.26695936 484.19792644 194.77132426
0.26824545 482.77851265 194.43644919
0.26953154 481.49007128 194.08494291
0.27083241 480.05460452 193.69371927
0.27211850 478.40870472 193.37431893
0.27340459 476.64067119 193.14663490
0.27470546 474.94058476 193.01471653
0.27599154 473.46877037 192.95072706
0.27727763 472.12555564 192.84620099
0.27857850 470.80815029 192.69130980
0.27986459 469.50125640 192.51391508
0.28115068 468.27351122 192.36563286
0.28243677 467.25978646 192.29035728
0.28373764 466.18384594 192.26446458
0.28502373 464.70831900 192.29574111
0.28630981 463.06813738 192.36847662
0.28761068 461.81180838 192.50021299
0.28889677 461.09882176 192.64375960
0.29018286 460.38802482 192.68984829
0.29148373 459.31901678 192.74909193
0.29276982 458.05760009 192.92866751
0.29405591 456.86879785 193.20695748
0.29534200 455.93693550 193.55478985
0.29664287 455.28820856 193.92127106
0.29792895 454.78398609 194.25261761
0.29921504 454.28281651 194.56992752
0.30051591 453.62494265 194.88045630
0.30180200 452.80957740 195.23377082
0.30308809 451.94150039 195.65635332
0.30437418 451.12110584 196.12505697
0.30567505 450.55757765 196.64751720
0.30696114 450.28435757 197.16012011
0.30824722 450.19377785 197.62900330
0.30953331 450.23033525 198.08244000
0.31083418 450.23849059 198.52000413
0.31212027 450.00927113 198.95149786
0.31340636 449.55753618 199.41902124
0.31469245 449.21838779 200.00840182
0.31599332 449.16380547 200.68778278
0.31727941 449.16091115 201.36226780
0.31856549 449.13488346 202.07098504
0.31985158 449.23044267 202.82769431
0.32115245 449.48502337 203.57914653
0.32243854 449.87788549 204.29350685
0.32372463 450.37121269 204.94991088
0.32501072 450.89865951 205.53542690
0.32629681 451.39232171 206.06218166
0.32759768 451.76395633 206.53400629
0.32888376 452.01823048 206.99316213
0.33016985 452.24196049 207.49174035
0.33145594 452.43297541 208.01192917
0.33275681 452.60439900 208.54696266
0.33404290 452.85344581 209.11884837
0.33532899 453.16062021 209.69235743
0.33661508 453.42939723 210.23379558
0.33790116 453.62318832 210.74796205
0.33918725 453.79858510 211.25513627
0.34048812 454.02578662 211.76101457
0.34177421 454.32856014 212.25670714
0.34306030 454.71001422 212.73444831
0.34434639 455.13221081 213.17392179
0.34563247 455.55236095 213.56942854
0.34693335 455.96196855 213.94361594
0.34821943 456.19639620 214.25540396
0.34950552 456.20041698 214.54695290
0.35079161 456.09067333 214.87145232
0.35207770 455.92362699 215.20401717
0.35336379 455.80056811 215.57093740
0.35466466 455.75634462 215.95205113
0.35595074 455.79271966 216.32386996
0.35723683 456.00506607 216.70949865
0.35852292 456.26905572 217.04044005
0.35980901 456.37649887 217.28677880
0.36109510 456.37208289 217.51178036
0.36238118 456.34056955 217.72686440
0.36368206 456.29662853 217.93597301
0.36496814 456.18672720 218.13350206
0.36625423 455.99563474 218.33668261
0.36754032 455.77999001 218.56560920
0.36882641 455.54228029 218.78642503
0.37011250 455.42429560 219.02967771
0.37139858 455.46195181 219.26295885
0.37269945 455.42749950 219.40929542
0.37398554 455.26694469 219.51905945
0.37527163 455.04567416 219.63323118
0.37655772 454.79004646 219.75217469
0.37784381 454.51145166 219.87523469
0.37912989 454.25249447 220.01441177
0.38041598 454.10676845 220.18932980
0.38170207 453.97605109 220.34649749
0.38298816 453.72168327 220.47515575
0.38428903 453.43077636 220.63557336
0.38557512 453.17720019 220.81681548
0.38686121 452.95687867 220.98886501
0.38814729 452.74894422 221.13252166
0.38943338 452.56106583 221.24965422
0.39071947 452.40652788 221.34321074
0.39200556 452.23586855 221.39833357
0.39329165 452.01381356 221.42202786
0.39457773 451.75718571 221.42790991
0.39586382 451.48872503 221.41687867
0.39714991 451.17456400 221.37422239
0.39843600 450.86068320 221.33424102
0.39973687 450.53482965 221.31213272
0.40102296 450.05858448 221.29699131
0.40230905 449.41174176 221.31702912
0.40359513 448.84638327 221.43637731
0.40488122 448.56503820 221.61847491
0.40616731 448.40470881 221.74270776
0.40745340 448.25878470 221.82386081
0.40873949 448.09560554 221.88109647
0.41002557 447.83426779 221.91954280
0.41131166 447.43907793 221.94905758
0.41259775 447.13938436 222.04341391
0.41388384 447.05198007 222.16769919
0.41516993 446.94446062 222.19839731
0.41645601 446.79683196 222.17781311
0.41774210 446.64881665 222.08303122
0.41902819 446.52163894 221.91927904
0.42031428 446.40174843 221.67088189
0.42160037 446.00000906 221.31576233
0.42288645 445.18745694 220.95903140
0.42417254 444.27657704 220.71399227
0.42545863 443.55101269 220.60043760
0.42674472 442.98007250 220.51519637
0.42803081 442.42943428 220.39599987
0.42931690 441.89189071 220.26015681
0.43060298 441.42235685 220.12484861
0.43188907 440.98367317 219.96059791
0.43317516 440.53063462 219.75576400
0.43446125 440.04704480 219.51517742
0.43574734 439.53049621 219.24659604
0.43703342 438.98096798 218.95431573
0.43831951 438.41206485 218.64692997
0.43960560 437.82161122 218.32450039
0.44089169 437.21031064 217.99238209
0.44217778 436.59096221 217.66559705
0.44346386 435.96942142 217.36536737
0.44474995 435.27677548 217.06409766
0.44603604 434.55470595 216.75201650
0.44732213 433.97415390 216.43045104
0.44860822 433.53863662 216.04666844
0.44989430 433.14259092 215.58155211
0.45118039 432.48651807 215.03029032
0.45246648 431.42031141 214.47756074
0.45375257 430.25857768 214.05362559
0.45503866 429.25511632 213.77011189
0.45632474 428.44747910 213.59827418
0.45761083 427.63619069 213.44660257
0.45889692 426.77546838 213.33384962
0.46018301 426.04644733 213.31272116
0.46146910 425.49469392 213.29212016
0.46275519 425.18477246 213.25662368
0.46404127 425.05180619 213.17246436
0.46532736 424.75328318 212.96522067
0.46661345 424.15043575 212.71902589
0.46789954 423.37197808 212.50613643
0.46917084 422.64782606 212.36285937
0.47045693 422.19478267 212.29281176
0.47174302 421.85362141 212.16464245
0.47302911 421.44370035 211.96342773
0.47431520 420.93582980 211.73592452
0.47560128 420.32834541 211.50952455
0.47688737 419.68743173 211.32411251
0.47817346 419.09404631 211.19218547
0.47945955 418.55681423 211.08276855
0.48074564 418.09059344 210.97350426
0.48203172 417.71434690 210.85137603
0.48331781 417.38942495 210.69567181
0.48460390 417.02985829 210.49896367
0.48587521 416.55254726 210.27703407
0.48716129 415.96104145 210.06651778
0.48844738 415.33022426 209.89815023
0.48973347 414.74429676 209.78076547
0.49101956 414.22548782 209.69191320
0.49230565 413.75481138 209.60623895
0.49359173 413.32003512 209.51186548
0.49487782 412.91232770 209.40131460
0.49616391 412.52023840 209.27093669
0.49743522 412.12464082 209.11932928
0.49872130 411.70775536 208.95072634
0.50000739 411.25808312 208.77448720
0.50129348 410.77513768 208.60250197
0.50257957 410.26852781 208.44955678
0.50386566 409.73919183 208.31671415
0.50515174 409.20695364 208.20645215
0.50643783 408.71136912 208.11972926
0.50770914 408.28423919 208.04573370
0.50899523 407.92088792 207.97042639
0.51028131 407.58117849 207.88362825
0.51156740 407.20546214 207.78156194
0.51285349 406.77380042 207.68183003
0.51413958 406.31707748 207.61124280
0.51542567 405.87576342 207.58014437
0.51669697 405.43543289 207.55799844
0.51798306 405.07128701 207.55567489
0.51926915 404.85506679 207.56858263
0.52055524 404.65275619 207.51080750
0.52184132 404.45758199 207.41095666
0.52312741 404.28215579 207.29778970
0.52439872 403.97805592 207.14948260
0.52568480 403.48384799 207.01703024
0.52697089 402.87175802 206.94197943
0.52825698 402.30328591 206.94845634
0.52954307 401.91692062 207.02922145
0.53082916 401.71289707 207.11005401
0.53210046 401.67715824 207.17108352
0.53338655 401.65887404 207.17068926
0.53467264 401.44008961 207.08723014
0.53595873 401.07255354 207.02443625
0.53724481 400.62964446 206.99262742
0.53853090 400.19469755 206.97586005
0.53980221 400.01325393 207.03363339
0.54108830 400.00319843 207.06122353
0.54237438 399.87527802 206.95905992
0.54366047 399.67578884 206.83572223
0.54494656 399.40999383 206.71479969
0.54621787 398.94861332 206.56114558
0.54750395 398.44350177 206.45958565
0.54879004 398.07149724 206.43146642
0.55007613 397.78988860 206.39481271
0.55134744 397.58390040 206.33586905
0.55263352 397.42936301 206.25198163
0.55391961 397.20626693 206.11831668
0.55520570 396.86084206 205.95851242
0.55649179 396.44913946 205.81853490
0.55776309 396.00563983 205.68841500
0.55904918 395.64953218 205.59345580
0.56033527 395.41945166 205.50593683
0.56162136 395.20407394 205.36627706
0.56289266 394.97081881 205.19294525
0.56417875 394.65881166 204.98210623
0.56546484 394.24796755 204.76291353
0.56675093 393.78324659 204.57130002
0.56803702 393.29955396 204.42525365
0.56930832 392.80129222 204.31844837
0.57059441 392.32207105 204.25094265
0.57188050 391.93650448 204.23220936
0.57316659 391.65966587 204.23034777
0.57443789 391.45905055 204.21198912
0.57572398 391.29635643 204.15690149
0.57701007 391.14305134 204.05591114
0.57829616 390.96886820 203.90716040
0.57956746 390.76188204 203.72519179
0.58085355 390.47536580 203.51609251
0.58213964 390.07771974 203.30622777
0.58341094 389.58687048 203.12758748
0.58469703 389.04880936 202.99411895
0.58598312 388.57059853 202.93123278
0.58726921 388.19505242 202.91909304
0.58854051 387.86690248 202.90507279
0.58982660 387.60417047 202.89733631
0.59111269 387.41093102 202.89959826
0.59239878 387.16289726 202.87130535
0.59367008 386.84936589 202.84049570
0.59495617 386.54367973 202.83828760
0.59624226 386.30352127 202.86480151
0.59751356 386.15194210 202.90075602
0.59879965 386.05315559 202.91055940
0.60008574 385.97563621 202.88144146
0.60137183 385.87926668 202.80428348
0.60264313 385.74437201 202.69186318
0.60392922 385.54292476 202.55780540
0.60521531 385.23842550 202.41963051
0.60648661 384.86511538 202.32056482
0.60777270 384.42882854 202.25641569
0.60905879 384.01873397 202.25124754
0.61033010 383.76157323 202.31995091
0.61161618 383.61222432 202.39565550
0.61290227 383.52830609 202.45676171
0.61417358 383.47209854 202.49151229
0.61545967 383.38091647 202.48693311
0.61674575 383.26040622 202.46420476
0.61801706 383.12762805 202.43363742
0.61930315 382.99261620 202.40080456
0.62058924 382.85310373 202.36431286
0.62187532 382.69426237 202.31371041
0.62314663 382.54376583 202.25765904
0.62443272 382.40907267 202.18840688
0.62571880 382.25506237 202.09344631
0.62699011 382.08181745 201.99334854
0.62827620 381.83426503 201.88481359
0.62954750 381.48329374 201.78950664
0.63083359 381.11473138 201.75850809
0.63211968 380.77822302 201.79443414
0.63339099 380.48512407 201.88215000
0.63467707 380.27289342 202.01936656
0.63596316 380.15480298 202.18618022
0.63723447 380.10906217 202.35322155
0.63852056 380.11498586 202.50008414
0.63980664 380.16849151 202.61890158
0.64107795 380.25389160 202.70089186
0.64236404 380.31618472 202.73045335
0.64365012 380.32243705 202.71229115
0.64492143 380.27905063 202.66260331
0.64620752 380.19669226 202.59296659
0.64749361 380.07888751 202.50909172
0.64876491 379.92857090 202.41751235
0.65005100 379.74559682 202.32314388
0.65132231 379.53465130 202.23403311
0.65260839 379.29909064 202.15707166
0.65389448 379.04032438 202.09789722
0.65516579 378.76493755 202.06299610
0.65645188 378.47958836 202.05450968
0.65772318 378.20913748 202.07926733
0.65900927 377.97533558 202.13845564
0.66029536 377.77921476 202.22640125
0.66156666 377.61489478 202.34291777
0.66285275 377.45416425 202.48104743
0.66413884 377.28433517 202.63669494
0.66541014 377.16176078 202.82553518
0.66669623 377.13563832 203.04226751
0.66796754 377.19754404 203.26070342
0.66925363 377.30009965 203.45344692
0.67053971 377.38868112 203.60229352
0.67181102 377.43618303 203.70903712
0.67309711 377.46969397 203.80499585
0.67436841 377.44760177 203.88752360
0.67565450 377.31199306 203.95902203
0.67692581 377.12984141 204.06986303
0.67821189 376.96680119 204.23549376
0.67949798 376.83988009 204.44976832
0.68076929 376.75682351 204.71105064
0.68205538 376.69697718 205.00183509
0.68332668 376.65161215 205.30597313
0.68461277 376.68246190 205.63369551
0.68589886 376.85618653 205.98870888
0.68717016 377.11434469 206.32642925
0.68845625 377.33488865 206.60607782
0.68972756 377.50017215 206.84969624
0.69101364 377.63939369 207.08121322
0.69228495 377.76255251 207.30661318
0.69357104 377.87014728 207.52638347
0.69484234 377.97501245 207.74546634
0.69612843 378.08416274 207.95888868
0.69741452 378.19625651 208.15892053
0.69868582 378.32586572 208.34856413
0.69997191 378.46414483 208.52504747
0.70124322 378.55367182 208.67102535
0.70252931 378.57885204 208.79524325
0.70380061 378.59933534 208.93328813
0.70508670 378.65012958 209.09297302
0.70635801 378.70893917 209.25953948
0.70764409 378.75889535 209.42983728
0.70893018 378.80185390 209.60957829
0.71020149 378.84519825 209.80407433
0.71148758 378.90036105 210.01665964
0.71275888 378.97002766 210.23941029
0.71404497 379.06057402 210.45977039
0.71531627 379.22256331 210.68631519
0.71660236 379.44092247 210.89907006
0.71787367 379.62072485 211.06257743
0.71915976 379.73450724 211.19037843
0.72043106 379.80371171 211.30501659
0.72171715 379.84762283 211.41607776
0.72298845 379.87919055 211.52616379
0.72427454 379.91525642 211.63930791
0.72554585 379.96202421 211.75560431
0.72683194 380.01232041 211.87787111
0.72810324 380.03562423 212.00047976
0.72938933 380.02048945 212.12757978
0.73066064 380.01151262 212.27703202
0.73194672 380.04628768 212.44851684
0.73321803 380.13338242 212.63108536
0.73450412 380.25524922 212.80755299
0.73577542 380.37655512 212.96339021
0.73706151 380.47919356 213.09831655
0.73833282 380.56305456 213.21864123
0.73961890 380.63052079 213.32925453
0.74089021 380.68208624 213.43317255
0.74217630 380.71891593 213.53344986
0.74344760 380.74244524 213.63247989
0.74473369 380.75402249 213.73163854
0.74600500 380.75996771 213.83320726
0.74729108 380.77041646 213.93913772
0.74856239 380.79457959 214.04942053
0.74984848 380.83378081 214.16012182
0.75111978 380.88364824 214.26612584
0.75240587 380.93796928 214.36318352
0.75367718 380.99130328 214.44876263
0.75496327 381.03985227 214.52166784
0.75623457 381.08105719 214.58192080
0.75752066 381.11339111 214.63006770
0.75879196 381.13564064 214.66693831
0.76007805 381.14754776 214.69354727
0.76134936 381.14991399 214.71097676
0.76263545 381.14460120 214.72031482
0.76390675 381.13419392 214.72192584
0.76517806 381.12019473 214.71467124
0.76646414 381.10497468 214.69666642
0.76773545 381.09010733 214.66652094
0.76902154 381.07813242 214.62502395
0.77029284 381.05048147 214.56611342
0.77157893 380.97842660 214.48545158
0.77285024 380.86229153 214.39521060
0.77413633 380.71617118 214.30922720
0.77540763 380.55187577 214.23548953
0.77669372 380.37883061 214.17966936
0.77796502 380.20171553 214.14344003
0.77923633 380.02736017 214.12841354
0.78052242 379.87434217 214.13997062
0.78179372 379.74748779 214.17311388
0.78307981 379.64815962 214.22190073
0.78435112 379.58611696 214.28433614
0.78563720 379.55061516 214.34959179
0.78690851 379.52460589 214.40973266
0.78817982 379.50181797 214.46389635
0.78946590 379.47951916 214.51208163
0.79073721 379.45475736 214.55405440
0.79202330 379.42395943 214.58951113
0.79329460 379.38528773 214.61989117
0.79458069 379.33558078 214.64612235
0.79585200 379.26932590 214.66874534
0.79712330 379.18983773 214.69305611
0.79840939 379.10471285 214.72522237
0.79968070 379.01728594 214.76889928
0.80096678 378.92913186 214.82527757
0.80223809 378.84542452 214.89569895
0.80350939 378.77145528 214.97840266
0.80479548 378.72420151 215.07557124
0.80606679 378.71783837 215.18740716
0.80735288 378.73804696 215.30179402
0.80862418 378.76583045 215.40962825
0.80989549 378.79254809 215.50850977
0.81118157 378.81318606 215.59613565
0.81245288 378.82980204 215.67355958
0.81373897 378.85069333 215.74479085
0.81501027 378.86292543 215.80498756
0.81628158 378.84813554 215.85154103
0.81756767 378.80853474 215.89258477
0.81883897 378.74849938 215.93362517
0.82012506 378.67229311 215.98019954
0.82139637 378.58555341 216.03940319
0.82266767 378.47257554 216.10444667
0.82395376 378.33195653 216.17399583
0.82522507 378.22409992 216.27347566
0.82651115 378.18987006 216.40877259
0.82778246 378.20920816 216.55791390
0.82905376 378.25237866 216.70407312
0.83033985 378.30010722 216.83987901
0.83161116 378.34251875 216.96413375
0.83288246 378.37533459 217.07833579
0.83416855 378.39695832 217.18560303
0.83543986 378.40306029 217.28740511
0.83672594 378.39143930 217.38657476
0.83799725 378.36451895 217.48779805
0.83926856 378.32560190 217.59528459
0.84055464 378.27823150 217.71285853
0.84182595 378.22591417 217.84354456
0.84309725 378.17203705 217.98947377
0.84438334 378.12352801 218.15266147
0.84565465 378.09060465 218.33389201
0.84692595 378.08315656 218.53066352
0.84821204 378.10563776 218.73479329
0.84948335 378.17327807 218.94497306
0.85076944 378.28408173 219.15435966
0.85204074 378.39959155 219.34724706
0.85331205 378.48625779 219.51945543
0.85459813 378.54010711 219.68127354
0.85586944 378.57460003 219.84573775
0.85714075 378.59475488 220.01686350
0.85842683 378.60658021 220.19956654
0.85969814 378.61866008 220.39733289
0.86096944 378.64092769 220.61195299
0.86225553 378.68004784 220.83877603
0.86352684 378.75635673 221.07631406
0.86479814 378.89173013 221.32066352
0.86608423 379.08739683 221.56063519
0.86735554 379.32026847 221.78395854
0.86862684 379.53415418 221.96887906
0.86991293 379.68846230 222.10764559
0.87118424 379.77729598 222.21118028
0.87245554 379.80651208 222.29433552
0.87374163 379.78576281 222.37271012
0.87501293 379.72371575 222.45976442
0.87628424 379.62746948 222.56577216
0.87757033 379.50795946 222.70015756
0.87884163 379.37928818 222.86999723
0.88011294 379.25811975 223.07969515
0.88138424 379.16463162 223.33256766
0.88267033 379.11003805 223.62477342
0.88394164 379.10581619 223.95359913
0.88521294 379.15043430 224.30896515
0.88649903 379.22881362 224.67484906
0.88777034 379.36134685 225.05726552
0.88904164 379.55562285 225.45320981
0.89032773 379.77057068 225.83664479
0.89159904 379.97838201 226.19476276
0.89287034 380.18135098 226.53056108
0.89415643 380.38362363 226.84626174
0.89542774 380.58032272 227.14108541
0.89669904 380.76253005 227.41458936
0.89797035 380.92583869 227.67003420
0.89925643 381.07088415 227.91257324
0.90052774 381.19889028 228.14634483
0.90179905 381.31120559 228.37528759
0.90308513 381.40900745 228.60276664
0.90435644 381.49262187 228.83164426
0.90562774 381.56331461 229.06499165
0.90691383 381.62677580 229.30739811
0.90818514 381.68617187 229.56009424
0.90945644 381.74811325 229.82430004
0.91072775 381.82432161 230.10076637
0.91201384 381.92796929 230.38858349
0.91328514 382.06580708 230.68267724
0.91455645 382.23081360 230.97195302
0.91582775 382.41826943 231.24954973
0.91711384 382.62262757 231.50908684
0.91838515 382.83582115 231.74468163
0.91965645 383.04591519 231.95128944
0.92094254 383.24624091 232.13013081
0.92221385 383.42736113 232.28414835
0.92348515 383.56492643 232.41360648
0.92475646 383.64480783 232.52473765
0.92604254 383.67956060 232.63106414
0.92731385 383.69660143 232.74592391
0.92858516 383.71540779 232.87456066
0.92985646 383.74264761 233.01613961
0.93114255 383.78086216 233.16970869
0.93241385 383.82651863 233.33039073
0.93368516 383.87990470 233.49487470
0.93495647 383.97240150 233.67619301
0.93624255 384.10851508 233.86912331
0.93751386 384.23774314 234.03940999
0.93878516 384.36995788 234.18942084
0.94005647 384.53579185 234.33088365
0.94134256 384.68179415 234.43925050
0.94261386 384.76273905 234.50975608
0.94388517 384.79033011 234.56342403
0.94515647 384.78435107 234.61561812
0.94644256 384.75668540 234.67444260
0.94771387 384.71010973 234.74315429
0.94898517 384.64639603 234.82441692
0.95025648 384.57529421 234.92439186
0.95154257 384.50490853 235.04706651
0.95281387 384.43472531 235.19046138
0.95408518 384.36364580 235.34849647
0.95535648 384.32590833 235.52983825
0.95664257 384.36045971 235.73821013
0.95791388 384.48439561 235.96481748
0.95918518 384.67830567 236.18930962
0.96045649 384.87317500 236.38043223
0.96174258 385.02348127 236.53141235
0.96301388 385.12779724 236.65451584
0.96428519 385.20117513 236.76593025
0.96555649 385.24051161 236.86843605
0.96682780 385.23578032 236.96196788
0.96811389 385.19494344 237.05645617
0.96938519 385.12874831 237.15978789
0.97065650 385.05268019 237.27985478
0.97192780 384.97998316 237.42036058
0.97321389 384.91937356 237.58156507
0.97448520 384.87726237 237.76180123
0.97575650 384.85894226 237.95776683
0.97702781 384.86981617 238.16546268
0.97829911 384.91126910 238.37919930
0.97958520 384.98044684 238.59322037
0.98085651 385.06501442 238.79983989
0.98212781 385.15094092 238.99441375
0.98339912 385.22856798 239.17617281
0.98468520 385.29286120 239.34712093
0.98595651 385.34237519 239.51063702
0.98722781 385.37706907 239.67015961
0.98849912 385.39696673 239.82893233
0.98977043 385.40081736 239.98875462
0.99105651 385.39400192 240.15409079
0.99232782 385.38102892 240.32666366
0.99359912 385.37101134 240.51076720
0.99487043 385.37208318 240.71051174
0.99614174 385.37070539 240.91833123
0.99742782 385.35905598 241.13170203
0.99869913 385.34397121 241.35417119
0.99997043 385.33566573 241.58819152
1.00124174 385.34477458 241.83466043
1.00251305 385.37590195 242.09120270
1.00378435 385.42574042 242.35306675
1.00507044 385.48628121 242.61513151
1.00634174 385.55224834 242.87520963
1.00761305 385.62198381 243.13305861
1.00888436 385.69598579 243.38913851
1.01015566 385.77499659 243.64347625
1.01144175 385.85930417 243.89580746
1.01271305 385.94902507 244.14552661
1.01398436 386.04399456 244.39177159
1.01525567 386.14472829 244.63391747
1.01652697 386.25061832 244.87050719
1.01779828 386.36000829 245.09975155
1.01908436 386.47754870 245.32492454
1.02035567 386.59272084 245.54187182
1.02162698 386.68561941 245.74426535
1.02289828 386.75291474 245.93721899
1.02416959 386.78948295 246.12272609
1.02545567 386.80031098 246.30610359
1.02672698 386.80947752 246.49861184
1.02799829 386.83326354 246.70346167
1.02926959 386.87513421 246.91735101
1.03054090 386.93547362 247.13684977
1.03181220 387.01444962 247.35882616
1.03309829 387.11049224 247.57917844
1.03436960 387.22658814 247.79693399
1.03564090 387.36231266 248.00991907
1.03691221 387.50456534 248.21118309
1.03818351 387.64404859 248.39815460
1.03945482 387.77953598 248.57226849
1.04072612 387.91108045 248.73478061
1.04201221 388.03665169 248.88546720
1.04328352 388.15953710 249.02735565
1.04455482 388.28152364 249.16278563
1.04582613 388.39198950 249.28761868
1.04709743 388.48446688 249.40139622
1.04836874 388.56166252 249.50787644
1.04965483 388.62703706 249.60948886
1.05092613 388.68291646 249.70644512
1.05219744 388.73897798 249.80187145
1.05346874 388.80566901 249.89766930
1.05474005 388.88917165 249.99267897
1.05601135 388.99480121 250.08514388
1.05728266 389.12495491 250.17165048
1.05856875 389.27590575 250.24631936
1.05984005 389.44736562 250.30810473
1.06111136 389.62439191 250.35101006
1.06238266 389.78100204 250.36655022
1.06365397 389.91547808 250.35991686
1.06492527 390.03611181 250.33828185
1.06619658 390.14396658 250.30436097
1.06746788 390.23078800 250.25715120
1.06875397 390.28600885 250.19607875
1.07002528 390.30476956 250.12388795
1.07129658 390.29086190 250.04671136
1.07256789 390.25471755 249.97268270
1.07383919 390.20385403 249.90617120
1.07511050 390.14644908 249.85085546
1.07638181 390.09293929 249.80831763
1.07766789 390.05232714 249.77456114
1.07893920 390.06063106 249.75869040
1.08021050 390.14774895 249.76565197
1.08148181 390.26896647 249.76602554
1.08275312 390.36947403 249.73810857
1.08402442 390.44243647 249.68819554
1.08529573 390.49656666 249.62514423
1.08656703 390.53845051 249.55436071
1.08783834 390.57059007 249.47823993
1.08912443 390.59267652 249.39800528
1.09039573 390.60304757 249.31385958
1.09166704 390.60490598 249.22849028
1.09293834 390.60165079 249.14381146
1.09420965 390.59484506 249.06077019
1.09548095 390.58586906 248.98035889
1.09675226 390.57407702 248.90270209
1.09802356 390.55837122 248.82781661
1.09930965 390.53981409 248.75682317
1.10058096 390.52042761 248.69084630
1.10185226 390.50171778 248.63036750
1.10312357 390.48383160 248.57525344
1.10439487 390.46567838 248.52474219
1.10566618 390.44655339 248.47837248
1.10693748 390.42612902 248.43565341
1.10820879 390.40529700 248.39643703
1.10948010 390.38562196 248.36059185
1.11075140 390.36927526 248.32789574
1.11203749 390.35772688 248.29782887
1.11330879 390.35066154 248.26874718
1.11458010 390.34780028 248.23963134
1.11585141 390.34832440 248.20958879
1.11712271 390.35042606 248.17726172
1.11839402 390.34934332 248.14178073
1.11966532 390.33900209 248.10424446
1.12093663 390.31441751 248.07025894
1.12220793 390.24938550 248.03595950
1.12347924 390.10936977 247.99052578
1.12475054 389.93589066 247.95822361
1.12603663 389.80992073 247.96849937
1.12730794 389.76401201 248.01806097
1.12857924 389.79592059 248.08757584
1.12985055 389.90160818 248.16171722
1.13112185 390.07409380 248.22582722
1.13239316 390.31011468 248.26441793
1.13366446 390.62632439 248.28123827
1.13493577 391.03618500 248.27896411
1.13620707 391.57739738 248.27027154
1.13747838 392.29641133 248.30458415
1.13874969 392.88655334 248.51786719
1.14002099 393.03106169 249.26649893
1.14130708 392.72149322 250.32307000
1.14257838 391.98646789 251.11150903
1.14384969 390.74879907 251.66464610
1.14512100 388.68428304 252.23031234
1.14639230 385.46265849 252.73502142
1.14766361 381.37034804 252.86970198
1.14893491 377.33807921 252.24699514
1.15020622 374.01769348 250.57915242
1.15147752 372.09448286 248.87318011
1.15274883 371.97044342 247.89563124
1.15402013 373.58889165 247.30473252
1.15529144 375.01819889 247.07111706
1.15656274 376.52687005 246.82851265
1.15783405 378.12156384 246.58641305
1.15912014 379.79593433 246.34601649
1.16039144 381.54321661 246.10854239
1.16166275 383.35624357 245.87522673
1.16293405 385.22746390 245.64731731
1.16420536 387.14896148 245.42606876
1.16547667 389.11247597 245.21273749
1.16674797 391.10942479 245.00857639
1.16801928 393.13092624 244.81482943
1.16929058 395.16782409 244.63272609
1.17056189 397.21071330 244.46347565
1.17183319 399.24996711 244.30826134
1.17310450 401.27576544 244.16823440
1.17437580 403.27812449 244.04450790
1.17564711 405.24692774 243.93815059
1.17691841 407.17195812 243.85018045
1.17818972 409.04293159 243.78155826
1.17946103 410.84953191 243.73318092
1.18074711 412.58144675 243.70587473
1.18201842 414.22840511 243.70038846
1.18328972 415.78021595 243.71738632
1.18456103 417.22680817 243.75744075
1.18583234 418.55827189 243.82102509
1.18710364 419.76490097 243.90850600
1.18837495 420.83723687 244.02013580
1.18964625 421.76611373 244.15604455
1.19091756 422.54270484 244.31623192
1.19218886 423.15857028 244.50055886
1.19346017 423.60570598 244.70873902
1.19473147 423.87659392 244.94032996
1.19600278 423.96425378 245.19472398
1.19727408 423.86229574 245.47113883
1.19854539 423.56497466 245.76860796
1.19981670 423.06724549 246.08597059
1.20108800 422.36482001 246.42186134
1.20235931 421.45422487 246.77469963
1.20363061 420.33286085 247.14267866
1.20490192 418.99906346 247.52375410
1.20617322 417.45216486 247.91563233
1.20744453 415.69255699 248.31575843
1.20873062 413.72175606 248.72130372
1.21000192 411.54246827 249.12915302
1.21127323 409.15865687 249.53589149
1.21254453 406.57561049 249.93779120
1.21381584 403.80001274 250.33079730
1.21508714 400.84001314 250.71051400
1.21635845 397.70529929 251.07219015
1.21762975 394.40717037 251.41070464
1.21890106 390.95861190 251.72055159
1.22017237 387.37437182 251.99582534
1.22144367 383.67103785 252.23020531
1.22271498 379.86711608 252.41694080
1.22398628 375.98311097 252.54883578
1.22525759 372.04160651 252.61823374
1.22652889 368.06734877 252.61700266
1.22780020 364.08732966 252.53652029
1.22907150 360.13087206 252.36765967
1.23034281 356.22971615 252.10077528
1.23161411 352.41810713 251.72568971
1.23288542 348.73288410 251.23168128
1.23415673 345.21357037 250.60747263
1.23542803 341.90246497 249.84122071
1.23669934 338.84473546 248.92050847
1.23797064 336.08851205 247.83233861
1.23924195 333.68498300 246.56312998
1.24051325 331.68849130 245.09871728
1.24178456 330.15663267 243.42435487
1.24305586 329.15035481 241.52472577
1.24432717 328.73405794 239.38395718
1.24559847 328.97569670 236.98564439
1.24686978 329.94688320 234.31288526
1.24814109 331.72299154 231.34832853
1.24941239 334.38326345 228.07423988
1.25068370 338.01091532 224.47259142
1.25195500 342.69324650 220.52518210
1.25322631 348.52174884 216.21379946
1.25449761 355.59221762 211.52043726
1.25576892 364.00486366 206.42758952
1.25704022 373.86442678 200.91865049
1.25831153 385.28029054 194.97846312
1.25958283 398.36659829 188.59407946
1.26085414 413.24237043 181.75582724
1.26212545 430.03162305 174.45882695
1.26339675 448.86348784 166.70518185
1.26466806 469.87233323 158.50719084
1.26593936 493.19788688 149.89213971
1.26721067 518.98535945 140.90955991
1.26848197 547.38556966 131.64237136
1.26975328 578.55507058 122.22410225
1.27102458 612.65627729 112.86530602
1.27229589 649.85759583 103.89259523
1.27356719 690.33355335 95.80043865
1.27483850 734.26492961 89.30121629
1.27610981 781.83888982 85.32234903
1.27738111 833.24911865 84.85894081
1.27865242 888.69595563 88.65391201
1.27992372 948.38653178 96.91091487
1.28119503 1012.53490757 109.31825714
-0.96316762 935.18900000 63.53581346
-0.96189631 797.84500000 56.07950860
-0.96062353 674.13266667 50.52562403
-0.95934927 600.85900000 47.71329182
-0.95807353 556.72700000 41.33984754
-0.95679779 514.89233333 40.72289270
-0.95551909 459.51066667 46.95841575
-0.95423744 365.33133333 3.89969267
-0.95295431 272.99600000 70.90895154
-0.95167118 240.42066667 103.03501025
-0.95038804 233.19370000 105.22493220
-0.94910048 254.28733333 110.05467909
-0.94781143 287.79633333 120.00610453
-0.94651943 306.07500000 127.21026575
-0.94522743 315.92633333 133.81888039
-0.94393247 319.24400000 136.00647844
-0.94263604 323.40100000 138.38103921
-0.94133960 328.18733333 140.87274472
-0.94004021 331.69633333 142.93928744
-0.93873934 335.14833333 144.85462209
-0.93743699 338.61133333 146.82443195
-0.93613316 341.56766667 148.54267817
-0.93482786 344.27066667 150.11249599
-0.93351959 346.77433333 151.55644048
-0.93221133 349.09033333 152.88789138
-0.93090011 351.25833333 154.12339917
-0.92958890 353.29333333 155.27355433
-0.92827472 355.21366667 156.34960221
-0.92695907 357.03300000 157.35968259
-0.92564341 358.76266667 158.31189221
-0.92432480 360.40966667 159.21208362
-0.92300472 361.98200000 160.06590978
-0.92168315 363.48300000 160.87831193
-0.92036010 364.91333333 161.65330000
-0.91903410 366.26900000 162.39374619
-0.91770810 367.53566667 163.09650675
-0.91638062 368.69800000 163.74529349
-0.91505167 369.80333333 164.33036706
-0.91371975 370.94666667 164.89229083
-0.91238784 372.09300000 165.44082769
-0.91105297 373.16733333 165.94900525
-0.90971810 374.21600000 166.43719738
-0.90838027 375.25633333 166.91857594
-0.90704096 376.26533333 167.38113351
-0.90570166 377.25133333 167.82886335
-0.90435940 378.21466667 168.26132254
-0.90301565 379.15666667 168.68049664
-0.90167044 380.07800000 169.08600844
-0.90032374 380.98033333 169.47828893
-0.89897556 381.86366667 169.85845508
-0.89762591 382.72933333 170.22687912
-0.89627478 383.57800000 170.58449064
-0.89492217 384.41000000 170.93085107
-0.89356808 385.22633333 171.26708328
-0.89221251 386.02733333 171.59324609
-0.89085547 386.81333333 171.90971389
-0.88949695 387.58500000 172.21773057
-0.88813547 388.34233333 172.51648500
-0.88677399 389.08666667 172.80635302
-0.88541103 389.81733333 173.08820166
-0.88404659 390.53533333 173.36154061
-0.88267920 391.24033333 173.62761486
-0.88131181 391.93300000 173.88604719
-0.87994294 392.61366667 174.13640485
-0.87857259 393.28266667 174.38036462
-0.87719928 393.93933333 174.61700825
-0.87582598 394.58566667 174.84682326
-0.87445120 395.22033333 175.07024201
-0.87307345 395.84366667 175.28683269
-0.87169571 396.45633333 175.49735611
-0.87031650 397.05833333 175.70100295
-0.86893580 397.65000000 175.89911900
-0.86755215 398.23100000 176.09117250
-0.86616849 398.80200000 176.27726468
-0.86478336 399.36300000 176.45772787
-0.86339675 399.91366667 176.63218212
-0.86200866 400.45533333 176.80101080
-0.86061762 400.98700000 176.96469318
-0.85922657 401.50933333 177.12318239
-0.85783405 402.02233333 177.27614318
-0.85644005 402.52633333 177.42429569
-0.85504457 403.02133333 177.56696564
-0.85364761 403.50833333 177.70482912
-0.85224918 403.98600000 177.83797728
-0.85084926 404.45600000 177.96602512
-0.84944787 404.91833333 178.08897135
-0.84804648 405.37233333 178.20801300
-0.84664213 405.82000000 178.32199362
-0.84523630 406.26100000 178.43215136
-0.84382899 406.69733333 178.53732515
-0.84242169 407.12933333 178.63999057
-0.84101143 407.55433333 178.73924724
-0.83960116 407.97166667 178.83466497
-0.83818795 408.38400000 178.92678561
-0.83677473 408.79066667 179.01645418
-0.83536003 409.19200000 179.10358511
-0.83394238 409.58766667 179.18836263
-0.83252472 409.97866667 179.27193890
-0.83110559 410.36166667 179.35589488
-0.82968498 410.72866667 179.43848439
-0.82826289 411.07866667 179.51842751
-0.82684081 411.41433333 179.59788238
-0.82541576 411.73300000 179.67641754
-0.82398924 412.03266667 179.75275309
-0.82256272 412.31133333 179.82642559
-0.82113324 412.56566667 179.89821262
-0.81970376 412.79500000 179.96606014
-0.81827280 412.99566667 180.03071481
-0.81684036 413.16733333 180.09005952
-0.81540645 413.30800000 180.14409868
-0.81397106 413.41633333 180.19153440
-0.81253418 413.49400000 180.23107281
-0.81109584 413.54133333 180.26148691
-0.80965749 413.56166667 180.28200430
-0.80821618 413.55633333 180.29139779
-0.80677488 413.53033333 180.28841119
-0.80533209 413.48800000 180.27353877
-0.80388783 413.43366667 180.24564055
-0.80244209 413.37166667 180.20466587
-0.80099487 413.30666667 180.15157918
-0.79954765 413.24200000 180.08632780
-0.79809748 413.18000000 180.00984027
-0.79664730 413.12400000 179.92332579
-0.79519565 413.07533333 179.82762632
-0.79374252 413.03366667 179.72360755
-0.79228791 413.00000000 179.61282181
-0.79083182 412.97333333 179.49615941
-0.78937573 412.95466667 179.37406122
-0.78791669 412.94333333 179.24861975
-0.78645764 412.93666667 179.11740329
-0.78499712 412.94700000 178.98344831
-0.78353512 412.97300000 178.85129729
-0.78207164 413.00233333 178.71795225
-0.78060816 413.03433333 178.58548927
-0.77914320 413.06633333 178.45635791
-0.77767528 413.09466667 178.33256875
-0.77620885 413.10433333 178.21523762
-0.77473946 413.07966667 178.09924001
-0.77326859 413.02466667 177.98588718
-0.77179771 412.94400000 177.87690185
-0.77032537 412.83066667 177.76889802
-0.76885154 412.68466667 177.66230766
-0.76737623 412.50433333 177.55627338
-0.76590093 412.28666667 177.44954129
-0.76442266 412.03133333 177.34165770
-0.76294440 411.73733333 177.23218932
-0.76146466 411.40300000 177.11903896
-0.75998492 411.03066667 177.00136281
-0.75850222 410.62133333 176.87916833
-0.75701953 410.17766667 176.74995162
-0.75553535 409.70533333 176.61250853
-0.75405118 409.20833333 176.46642040
-0.75256405 408.69400000 176.31051408
-0.75107691 408.16966667 176.14395656
-0.74958830 407.64266667 175.96557285
-0.74809822 407.11966667 175.77621765
-0.74660813 406.60766667 175.57469563
-0.74511656 406.11200000 175.36226998
-0.74362352 405.63900000 175.13938342
-0.74212899 405.19100000 174.90647423
-0.74063447 404.77033333 174.66436771
-0.73913847 404.37933333 174.41473585
-0.73764099 404.01833333 174.15800400
-0.73614351 403.68600000 173.89623596
-0.73464307 403.38233333 173.62983876
-0.73314412 403.10600000 173.36129029
-0.73164220 402.85533333 173.09102564
-0.73014029 402.62800000 172.82109006
-0.72863542 402.42066667 172.55478839
-0.72713202 402.22866667 172.29828251
-0.72562567 402.03733333 172.06904642
-0.72411933 401.73366667 171.88928203
-0.72261150 401.12266667 171.68305011
-0.72110367 400.34666667 171.42376281
-0.71959436 399.69033333 171.19616066
-0.71808358 399.08933333 170.97461009
-0.71657132 398.48100000 170.72539769
-0.71505906 397.90300000 170.47067329
-0.71354532 397.34100000 170.20997516
-0.71203158 396.79033333 169.94492310
-0.71051488 396.24900000 169.67551456
-0.70899966 395.71366667 169.40297335
-0.70748148 395.18333333 169.12770038
-0.70596331 394.65600000 168.84969440
-0.70444366 394.13133333 168.56936344
-0.70292400 393.60733333 168.28752219
-0.70140287 393.08366667 168.00335108
-0.69988026 392.55966667 167.71807645
-0.69835765 392.03466667 167.43087730
-0.69683356 391.50833333 167.14297724
-0.69530800 390.98066667 166.85355803
-0.69378243 390.45033333 166.56302585
-0.69225538 389.91800000 166.27096960
-0.69072834 389.38266667 165.97820291
-0.68919982 388.84466667 165.68472111
-0.68766982 388.30333333 165.38970816
-0.68613981 387.75833333 165.09438582
-0.68460833 387.20966667 164.79833920
-0.68307685 386.65733333 164.50156442
-0.68154390 386.10066667 164.20365125
-0.68001094 385.53966667 163.90582717
-0.67847650 384.97400000 163.60685051
-0.67694059 384.40366667 163.30754659
-0.67540467 383.82800000 163.00790822
-0.67386728 383.24700000 162.70751585
-0.67232841 382.66066667 162.40719858
-0.67078954 382.06766667 162.10612619
-0.66925067 381.46866667 161.80511796
-0.66771032 380.86300000 161.50416457
-0.66616849 380.25000000 161.20287915
-0.66462666 379.62900000 160.90165126
-0.66308484 378.99800000 160.60052496
-0.66154005 378.35566667 160.29953610
-0.65999675 377.70200000 159.99908790
-0.65845049 377.03766667 159.69872118
-0.65690570 376.36300000 159.39887566
-0.65535796 375.67666667 159.09956406
-0.65381022 374.97700000 158.80038751
-0.65226248 374.26500000 158.50180548
-0.65071326 373.53866667 158.20261996
-0.64916404 372.79966667 157.90246330
-0.64761335 372.04933333 157.59938647
-0.64606265 371.29233333 157.28565585
-0.64451047 370.57033333 156.94585546
-0.64295830 369.99233333 156.60283141
-0.64140464 369.55533333 156.29167958
-0.63985099 369.09100000 155.97375713
-0.63829586 368.57600000 155.64263906
-0.63674073 368.05133333 155.32583640
-0.63518412 367.48800000 155.00921519
-0.63362751 366.90400000 154.69509956
-0.63207090 366.30666667 154.38428992
-0.63051133 365.69300000 154.07433638
-0.62895324 365.06766667 153.76525304
-0.62739368 364.43166667 153.45699146
-0.62583411 363.78566667 153.14956450
-0.62427306 363.13200000 152.84261973
-0.62271202 362.47100000 152.53647312
-0.62114950 361.80333333 152.23037321
-0.61958697 361.13033333 151.92473616
-0.61802445 360.45266667 151.61990758
-0.61646045 359.77066667 151.31515871
-0.61489497 359.08533333 151.01125152
-0.61333097 358.39700000 150.70697010
-0.61176401 357.70633333 150.40396415
-0.61019853 357.01433333 150.10060187
-0.60863157 356.32033333 149.79773818
-0.60706461 355.62433333 149.49543449
-0.60549618 354.92633333 149.19331784
-0.60392774 354.22766667 148.89175093
-0.60235783 353.53066667 148.59065405
-0.60078939 352.83533333 148.29002711
-0.59921800 352.14233333 147.98907594
-0.59764808 351.45233333 147.68938898
-0.59607669 350.76566667 147.38981941
-0.59450530 350.08333333 147.09030207
-0.59293243 349.40466667 146.79125560
-0.59135956 348.73133333 146.49270313
-0.58978669 348.06300000 146.19422607
-0.58821234 347.40033333 145.89584877
-0.58663799 346.74400000 145.59833967
-0.58506364 346.09366667 145.30090732
-0.58348781 345.45100000 145.00394740
-0.58191198 344.81500000 144.70745982
-0.58033616 344.18700000 144.41060361
-0.57875885 343.56700000 144.11463954
-0.57718302 342.95466667 143.81870019
-0.57560424 342.35200000 143.52278396
-0.57402693 341.75733333 143.22731034
-0.57244815 341.17266667 142.93182969
-0.57086937 340.59700000 142.63670551
-0.56929058 340.03133333 142.34156815
-0.56771032 339.47566667 142.04678016
-0.56613006 338.92966667 141.75146537
-0.56454980 338.39433333 141.45643307
-0.56296805 337.86900000 141.16164846
-0.56138779 337.35466667 140.86665355
-0.55980605 336.85066667 140.57177418
-0.55822283 336.35600000 140.27700147
-0.55664109 335.87100000 139.98302109
-0.55505787 335.39333333 139.69057675
-0.55347466 334.92066667 139.40005029
-0.55189144 334.44666667 139.11508372
-0.55030822 333.96333333 138.84101125
-0.54872352 333.43766667 138.59531745
-0.54713882 332.74366667 138.38015084
-0.54555413 331.77866667 138.11683052
-0.54396943 330.79366667 137.83182179
-0.54238325 329.95566667 137.58519485
-0.54079708 329.16500000 137.33098759
-0.53921090 328.41700000 137.06671480
-0.53762473 327.71333333 136.80181711
-0.53603855 327.04166667 136.53560722
-0.53445090 326.39766667 136.26892985
-0.53286472 325.77600000 136.00263082
-0.53127707 325.17400000 135.73631828
-0.52968942 324.58700000 135.47122960
-0.52810029 324.01400000 135.20654938
-0.52651263 323.45233333 134.94305524
-0.52492498 322.90066667 134.67996675
-0.52333585 322.35700000 134.41891106
-0.52174671 321.82100000 134.15829507
-0.52015758 321.29100000 133.89924809
-0.51856845 320.76633333 133.64184140
-0.51697932 320.24566667 133.38518589
-0.51538871 319.72833333 133.13016804
-0.51379958 319.21400000 132.87671159
-0.51220897 318.70200000 132.62407626
-0.51061836 318.19133333 132.37342466
-0.50902775 317.68166667 132.12397952
-0.50743714 317.17233333 131.87651463
-0.50584653 316.66300000 131.63025333
-0.50425592 316.15266667 131.38519451
-0.50266383 315.64133333 131.14249811
-0.50107322 315.12800000 130.90065406
-0.49948261 314.61200000 130.66124944
-0.49789052 314.09166667 130.42320431
-0.49629843 313.56700000 130.18780178
-0.49470782 313.03700000 129.95376345
-0.49311573 312.50300000 129.72208511
-0.49152364 311.96400000 129.49254393
-0.48993156 311.41900000 129.26548515
-0.48833947 310.86800000 129.04056493
-0.48674738 310.30966667 128.81816990
-0.48515529 309.74333333 128.59804292
-0.48356320 309.16900000 128.38134319
-0.48196964 308.58533333 128.16696108
-0.48037755 307.99133333 127.95537303
-0.47878546 307.38800000 127.74624442
-0.47719337 306.77433333 127.54052855
-0.47559980 306.15000000 127.33665570
-0.47400772 305.51800000 127.13396138
-0.47241563 304.88000000 126.93135824
-0.47082206 304.24333333 126.72489820
-0.46922997 303.61966667 126.50530319
-0.46763788 303.07466667 126.25863412
-0.46604432 302.72100000 126.02002386
-0.46445223 302.51100000 125.81208375
-0.46286014 302.27600000 125.59905756
-0.46126658 301.98033333 125.37531724
-0.45967449 301.66133333 125.15765009
-0.45808240 301.32600000 124.94720738
-0.45649031 300.97100000 124.73902302
-0.45489822 300.60300000 124.53381421
-0.45330613 300.22433333 124.33038879
-0.45171257 299.83700000 124.12956063
-0.45012048 299.44266667 123.92960760
-0.44852839 299.04200000 123.73220387
-0.44693778 298.63700000 123.53653842
-0.44534569 298.22833333 123.34218082
-0.44375360 297.81566667 123.14918302
-0.44216151 297.40100000 122.95754657
-0.44057090 296.98366667 122.76770486
-0.43897882 296.56433333 122.57938538
-0.43738821 296.14266667 122.39297224
-0.43579612 295.72000000 122.20711983
-0.43420551 295.29766667 122.02307363
-0.43261490 294.87500000 121.84078185
-0.43102429 294.45333333 121.65905610
-0.42943368 294.03233333 121.47859988
-0.42784307 293.61233333 121.30001094
-0.42625394 293.19366667 121.12242633
-0.42466333 292.77633333 120.94617005
-0.42307419 292.36133333 120.77092179
-0.42148358 291.94833333 120.59706100
-0.41989445 291.53700000 120.42464656
-0.41830532 291.12833333 120.25368151
-0.41671619 290.72166667 120.08411101
-0.41512853 290.31800000 119.91512669
-0.41353940 289.91733333 119.74803400
-0.41195175 289.51933333 119.58159196
-0.41036262 289.12433333 119.41704877
-0.40877496 288.73233333 119.25359834
-0.40718731 288.34366667 119.09118426
-0.40560114 287.95866667 118.93024464
-0.40401348 287.57700000 118.77003468
-0.40242731 287.19866667 118.61217836
-0.40084113 286.82433333 118.45462573
-0.39925496 286.45333333 118.29862671
-0.39766878 286.08600000 118.14412301
-0.39608261 285.72300000 117.99087318
-0.39449791 285.36333333 117.83838391
-0.39291321 285.00800000 117.68746953
-0.39132851 284.65700000 117.53782898
-0.38974382 284.31000000 117.38933854
-0.38816060 283.96733333 117.24244043
-0.38657738 283.62833333 117.09646577
-0.38499416 283.29500000 116.95172675
-0.38341094 282.96500000 116.80829814
-0.38182920 282.64033333 116.66568178
-0.38024598 282.32033333 116.52402232
-0.37866424 282.00600000 116.38332974
-0.37708398 281.69666667 116.24354388
-0.37550224 281.39466667 116.10430516
-0.37392198 281.10000000 115.96400937
-0.37234172 280.81666667 115.82245097
-0.37076145 280.55800000 115.67802494
-0.36918267 280.33400000 115.54150524
-0.36760388 280.11466667 115.40870659
-0.36602510 279.87900000 115.27311857
-0.36444780 279.63933333 115.14061723
-0.36286901 279.39400000 115.01033158
-0.36129171 279.14433333 114.88161887
-0.35971588 278.89200000 114.75514417
-0.35814005 278.63700000 114.63011212
-0.35656422 278.38066667 114.50697522
-0.35498840 278.12300000 114.38546178
-0.35341405 277.86433333 114.26526632
-0.35183970 277.60566667 114.14635754
-0.35026535 277.34666667 114.02939342
-0.34869248 277.08766667 113.91402548
-0.34711961 276.82900000 113.79990742
-0.34554674 276.57100000 113.68777439
-0.34397534 276.31333333 113.57692081
-0.34240395 276.05666667 113.46744850
-0.34083256 275.80066667 113.36026549
-0.33926264 275.54566667 113.25397100
-0.33769273 275.29166667 113.14991665
-0.33612429 275.03833333 113.04740874
-0.33455586 274.78600000 112.94638034
-0.33298742 274.53533333 112.84747980
-0.33142046 274.28533333 112.75019656
-0.32985350 274.03666667 112.65544821
-0.32828655 273.78966667 112.56156731
-0.32672107 273.54400000 112.47001652
-0.32515559 273.29966667 112.38082853
-0.32359159 273.05700000 112.29339547
-0.32202758 272.81666667 112.20813497
-0.32046358 272.57833333 112.12488947
-0.31890106 272.34266667 112.04324443
-0.31734002 272.11000000 111.96343578
-0.31577749 271.88166667 111.88540281
-0.31421793 271.65766667 111.80838767
-0.31265688 271.44033333 111.73264016
-0.31109731 271.23166667 111.65709658
-0.30953923 271.03533333 111.57975592
-0.30798114 270.85666667 111.49975852
-0.30642305 270.70433333 111.41047872
-0.30486644 270.60933333 111.30247964
-0.30330983 270.64400000 111.18572891
-0.30175470 270.81166667 111.09927683
-0.30019957 270.96000000 111.01562827
-0.29864591 271.04433333 110.91819148
-0.29709226 271.11033333 110.83370932
-0.29554008 271.14400000 110.75371817
-0.29398791 271.14966667 110.67755237
-0.29243721 271.13433333 110.60408070
-0.29088651 271.10300000 110.53352506
-0.28933730 271.05800000 110.46555509
-0.28778808 271.00166667 110.39947328
-0.28623886 270.93566667 110.33540140
-0.28469112 270.86233333 110.27242730
-0.28314485 270.78233333 110.21108168
-0.28159859 270.69766667 110.15095347
-0.28005381 270.60866667 110.09152689
-0.27850902 270.51666667 110.03363942
-0.27696572 270.42300000 109.97578498
-0.27542241 270.32800000 109.91998157
-0.27388059 270.23266667 109.86387155
-0.27234024 270.13766667 109.80855629
-0.27079989 270.04300000 109.75402721
-0.26925954 269.95000000 109.69995417
-0.26772067 269.85933333 109.64647013
-0.26618327 269.77066667 109.59347246
-0.26464588 269.68500000 109.54059016
-0.26310997 269.60233333 109.48799578
-0.26157405 269.52300000 109.43553661
-0.26003962 269.44766667 109.38334460
-0.25850518 269.37633333 109.33080374
-0.25697222 269.30866667 109.27865579
-0.25544074 269.24466667 109.22722648
-0.25390926 269.18433333 109.17494897
-0.25237926 269.12633333 109.12350767
-0.25084926 269.07033333 109.07242621
-0.24932074 269.01400000 109.02277285
-0.24779369 268.95600000 108.97468189
-0.24626665 268.89200000 108.92921758
-0.24474108 268.81633333 108.88821240
-0.24321552 268.72100000 108.85504869
-0.24169143 268.59233333 108.83589076
-0.24016882 268.41066667 108.84045689
-0.23864621 268.13166667 108.89923140
-0.23712508 267.55966667 109.03090012
-0.23560542 266.51333333 109.08250579
-0.23408577 265.43500000 109.05062653
-0.23256759 264.74500000 109.07284302
-0.23104942 264.29166667 109.09070253
-0.22953272 263.98433333 109.07677227
-0.22801750 263.81000000 109.05475032
-0.22650376 263.72733333 109.02716430
-0.22499002 263.71600000 108.99491642
-0.22347628 263.75833333 108.95972049
-0.22196550 263.84166667 108.92354282
-0.22045471 263.95833333 108.88606807
-0.21894541 264.10066667 108.84838456
-0.21743610 264.26400000 108.80965796
-0.21592827 264.44366667 108.77173376
-0.21442193 264.63766667 108.73319081
-0.21291705 264.84266667 108.69558878
-0.21141218 265.05700000 108.65732889
-0.20990879 265.27966667 108.61989798
-0.20840540 265.50866667 108.58241503
-0.20690496 265.74366667 108.54449689
-0.20540453 265.98366667 108.50677311
-0.20390557 266.22733333 108.46950773
-0.20240661 266.47400000 108.43239747
-0.20090913 266.72366667 108.39551825
-0.19941313 266.97400000 108.35903453
-0.19791861 267.22433333 108.32264628
-0.19642408 267.47333333 108.28802042
-0.19493104 267.71766667 108.25541625
-0.19343947 267.95333333 108.22687929
-0.19194791 268.17000000 108.20680468
-0.19045930 268.34433333 108.19247699
-0.18897069 268.46766667 108.17559086
-0.18748355 268.56700000 108.15424231
-0.18599642 268.68033333 108.13139785
-0.18451077 268.82233333 108.10969727
-0.18302659 268.98466667 108.08708312
-0.18154390 269.16066667 108.06103985
-0.18006268 269.35366667 108.03417306
-0.17858146 269.56166667 108.00579977
-0.17710172 269.78433333 107.97684332
-0.17562346 270.02166667 107.94654982
-0.17414667 270.27333333 107.91443605
-0.17266989 270.53933333 107.88196329
-0.17119606 270.82066667 107.84831463
-0.16972223 271.11600000 107.81380775
-0.16824841 271.42666667 107.77742526
-0.16677754 271.75266667 107.74056514
-0.16530667 272.09366667 107.70280368
-0.16383875 272.44966667 107.66333443
-0.16237084 272.82200000 107.62340690
-0.16090440 273.20966667 107.58154060
-0.15943796 273.61366667 107.53913530
-0.15797449 274.03400000 107.49550060
-0.15651101 274.47033333 107.45083363
-0.15504900 274.92333333 107.40538402
-0.15358848 275.39300000 107.35840951
-0.15212944 275.87966667 107.31037039
-0.15067039 276.38300000 107.26151523
-0.14921430 276.90333333 107.21157454
-0.14775822 277.44100000 107.16032553
-0.14630375 277.99600000 107.10839814
-0.14485062 278.56900000 107.05540022
-0.14339867 279.15900000 107.00196372
-0.14194791 279.76700000 106.94739527
-0.14049847 280.39233333 106.89147035
-0.13905022 281.03600000 106.83555300
-0.13760344 281.69700000 106.77894879
-0.13615770 282.37666667 106.72139568
-0.13471344 283.07400000 106.66361123
-0.13327021 283.78966667 106.60508166
-0.13182846 284.52366667 106.54583585
-0.13038804 285.27600000 106.48658926
-0.12894881 286.04666667 106.42726844
-0.12751090 286.83633333 106.36743032
-0.12607433 287.64366667 106.30731983
-0.12463893 288.47033333 106.24784207
-0.12320502 289.31533333 106.18830050
-0.12177229 290.17833333 106.12893927
-0.12034104 291.05933333 106.07041685
-0.11891096 291.95733333 106.01347732
-0.11748222 292.87133333 105.95806182
-0.11605496 293.79900000 105.90516192
-0.11462888 294.73666667 105.85663146
-0.11320413 295.67800000 105.81695519
-0.11178086 296.60733333 105.79580028
-0.11035892 297.45766667 105.79814424
-0.10893816 298.18000000 105.77771265
-0.10751888 298.92933333 105.73104428
-0.10610108 299.84066667 105.70169854
-0.10468446 300.84600000 105.67678533
-0.10326932 301.90233333 105.64414922
-0.10185551 303.00833333 105.61466796
-0.10044304 304.15233333 105.58809418
-0.09903203 305.33066667 105.56419942
-0.09762236 306.54033333 105.54437792
-0.09621417 307.78000000 105.52887290
-0.09480731 309.05000000 105.51745505
-0.09340178 310.35100000 105.51106454
-0.09199772 311.68300000 105.50968424
-0.09059500 313.04766667 105.51355621
-0.08919376 314.44566667 105.52362159
-0.08779384 315.87866667 105.53940753
-0.08639541 317.34700000 105.56138385
-0.08499845 318.85266667 105.59166420
-0.08360282 320.39700000 105.62860386
-0.08220867 321.98033333 105.67478842
-0.08081600 323.60466667 105.72951532
-0.07942466 325.27033333 105.79466857
-0.07803480 326.97866667 105.87141139
-0.07664641 328.72900000 105.96023342
-0.07525951 330.52100000 106.06348119
-0.07387393 332.35266667 106.18397479
-0.07248984 334.22000000 106.32384701
-0.07110722 336.11400000 106.48874656
-0.06972608 338.02233333 106.68669936
-0.06834642 339.92166667 106.93843837
-0.06696823 341.65600000 107.25038955
-0.06559138 343.14700000 107.46345843
-0.06421615 345.07966667 107.53594566
-0.06284240 348.06433333 107.68155509
-0.06146998 351.62800000 107.86971350
-0.06009919 355.40533333 108.01636326
-0.05872988 359.44866667 108.17648665
-0.05736204 363.72600000 108.34300860
-0.05599568 368.27600000 108.50839534
-0.05463080 373.16233333 108.66227806
-0.05326740 378.48300000 108.78274056
-0.05190548 384.38033333 108.83632125
-0.05054518 391.09000000 108.76670953
-0.04918636 398.97500000 108.48628117
-0.04782902 408.75500000 107.91479734
-0.04647316 421.63033333 107.47072387
-0.04511893 434.80566667 108.38185145
-0.04376617 441.16500000 109.29477568
-0.04241504 443.43866667 109.31096970
-0.04106524 447.96000000 109.78029544
-0.03971706 453.71200000 110.44666493
-0.03837051 460.17133333 111.03583110
-0.03702529 467.72333333 111.63294317
-0.03568185 476.38133333 112.19898438
-0.03433973 486.33833333 112.66746647
-0.03299939 497.91733333 112.89994921
-0.03166038 511.71000000 112.68210604
-0.03032315 529.13466667 111.84228655
-0.02898739 553.29133333 111.11958983
-0.02765326 580.60833333 113.06534682
-0.02632105 594.40500000 116.24850725
-0.02499002 593.08733333 117.75201850
-0.02366047 591.30566667 119.85156407
-0.02233255 590.84033333 123.58215884
-0.02100625 589.59433333 128.32361043
-0.01968143 589.32266667 134.54357986
-0.01835824 590.68933333 143.00692461
-0.01703653 594.93466667 154.73840486
-0.01571644 603.49133333 172.29526301
-0.01439801 621.67266667 203.97693000
-0.01308110 651.16133333 261.72127495
-0.01176578 653.75933333 284.66925366
-0.01045207 624.61333333 239.31237725
-0.00913993 599.79533333 192.12390491
-0.00782941 588.19266667 167.73965411
-0.00652048 581.63733333 153.72256371
-0.00521317 582.49800000 143.69755273
-0.00390746 583.85766667 136.98135166
-0.00260335 600.58100000 131.39954530
-0.00130087 634.55000000 131.11192171
-0.00000000 635.57866667 125.52948299
