# s/c   h_mean    h_std
0.00000000 584.95412773 132.83175254
0.00130087 585.19234889 132.72358767
0.00260174 585.27948353 132.73157804
0.00390261 585.22551788 132.84928262
0.00520348 585.04010399 133.07064552
0.00650435 584.73256602 133.38995939
0.00780522 584.31190659 133.80183130
0.00910609 583.78681301 134.30115134
0.01040697 583.16566346 134.88306405
0.01170784 582.45653313 135.54294280
0.01300871 581.66720026 136.27636708
0.01430958 580.80515220 137.07910262
0.01561045 579.87759135 137.94708410
0.01691132 578.89144102 138.87640047
0.01821219 577.85335136 139.86328241
0.01951306 576.76970503 140.90409194
0.02081393 575.64662304 141.99531375
0.02211480 574.48997035 143.13354821
0.02341567 573.30536151 144.31550561
0.02470176 572.09816619 145.53800165
0.02600263 570.87351472 146.79795379
0.02730350 569.63630350 148.09237844
0.02860437 568.39120041 149.41838868
0.02990524 567.14265010 150.77319247
0.03120611 565.89487930 152.15409126
0.03250698 564.65190199 153.55847871
0.03380786 563.41752460 154.98383971
0.03510873 562.19535109 156.42774934
0.03640960 560.98878796 157.88787194
0.03771047 559.80104930 159.36196016
0.03901134 558.63516164 160.84785388
0.04029743 557.49396888 162.34347911
0.04159830 556.38013708 163.84684681
0.04289917 555.29615919 165.35605152
0.04420004 554.24435980 166.86927001
0.04550091 553.22689971 168.38475967
0.04680178 552.24578060 169.90085693
0.04810265 551.30284948 171.41597550
0.04940352 550.39980318 172.92860459
0.05068961 549.53819279 174.43730697
0.05199048 548.71942797 175.94071703
0.05329135 547.94478127 177.43753882
0.05459222 547.21539239 178.92654391
0.05589309 546.53227229 180.40656942
0.05719396 545.89630742 181.87651583
0.05849483 545.30826368 183.33534498
0.05978092 544.76879051 184.78207791
0.06108179 544.27842480 186.21579287
0.06238266 543.83759480 187.63562318
0.06368353 543.44662396 189.04075534
0.06498440 543.10573472 190.43042699
0.06628528 542.81505218 191.80392502
0.06757136 542.57460786 193.16058372
0.06887223 542.38434322 194.49978301
0.07017310 542.24411326 195.82094667
0.07147398 542.15369002 197.12354070
0.07277485 542.11276596 198.40707175
0.07407572 542.12095744 199.67108560
0.07536180 542.17780793 200.91516567
0.07666268 542.28279136 202.13893177
0.07796355 542.43531530 203.34203868
0.07926442 542.63472409 204.52417504
0.08056529 542.88030198 205.68506215
0.08185138 543.17127611 206.82445295
0.08315225 543.50681955 207.94213098
0.08445312 543.88605417 209.03790945
0.08575399 544.30805355 210.11163041
0.08704008 544.77184573 211.16316391
0.08834095 545.27641603 212.19240726
0.08964182 545.82070968 213.19928433
0.09094269 546.40363452 214.18374489
0.09224356 547.02406350 215.14576405
0.09352965 547.68083727 216.08534162
0.09483052 548.37276661 217.00250163
0.09613139 549.09863485 217.89729182
0.09743226 549.85720021 218.76978311
0.09871835 550.64719810 219.62006923
0.10001922 551.46734334 220.44826617
0.10132009 552.31633237 221.25451181
0.10260618 553.19284534 222.03896544
0.10390705 554.09554817 222.80180734
0.10520792 555.02309459 223.54323829
0.10650879 555.97412805 224.26347916
0.10779488 556.94728366 224.96277038
0.10909575 557.94118995 225.64137145
0.11039662 558.95447072 226.29956039
0.11169749 559.98574673 226.93763318
0.11298358 561.03363736 227.55590315
0.11428445 562.09676219 228.15470031
0.11558532 563.17374263 228.73437070
0.11687141 564.26320331 229.29527557
0.11817228 565.36377358 229.83779064
0.11947315 566.47408886 230.36230524
0.12075924 567.59279198 230.86922137
0.12206011 568.71853440 231.35895274
0.12336098 569.84997747 231.83192374
0.12466185 570.98579352 232.28856834
0.12594794 572.12466700 232.72932893
0.12724881 573.26529548 233.15465509
0.12854968 574.40639065 233.56500231
0.12983577 575.52731438 233.95295880
0.13113664 577.73473386 234.39379903
0.13243751 579.50946253 234.80076367
0.13372359 580.93687141 235.23302782
0.13502447 582.35884589 235.68772228
0.13632534 583.74168974 236.15370583
0.13761142 585.11669611 236.61818138
0.13891229 586.41135415 237.05467861
0.14019838 587.63917228 237.43841544
0.14149925 588.91283515 237.74401403
0.14280012 590.18882303 237.98062276
0.14408621 591.19685660 238.18675672
0.14538708 591.86808722 238.45136621
0.14668795 592.49003855 238.81743856
0.14797404 593.11502587 239.20723539
0.14927491 593.74996679 239.58322654
0.15056100 594.48182880 239.92037861
0.15186187 595.31256379 240.21405336
0.15316274 595.98719537 240.47173326
0.15444883 596.47915580 240.73411412
0.15574970 597.07538489 241.00722991
0.15703579 597.78951391 241.24185012
0.15833666 598.58621486 241.46114375
0.15963753 599.32961883 241.67907567
0.16092362 600.01459549 241.88692088
0.16222449 600.93563605 242.00696434
0.16351058 602.05896039 241.96508376
0.16481145 602.95123759 241.81033782
0.16611232 603.41324971 241.66213072
0.16739841 603.62704583 241.62307574
0.16869928 603.74696965 241.67800873
0.16998537 603.78375946 241.77651158
0.17128624 603.76539350 241.90016761
0.17257232 603.72120175 242.03070780
0.17387319 603.69322970 242.15616199
0.17517407 603.75604628 242.27130405
0.17646015 603.96956463 242.36908279
0.17776102 604.36867521 242.44752780
0.17904711 604.91422355 242.50113286
0.18034798 605.56762070 242.53639563
0.18163407 606.25007119 242.54605628
0.18293494 606.87425446 242.51882259
0.18422103 607.39931031 242.43928128
0.18552190 607.87946806 242.32764186
0.18680799 608.24560982 242.20031674
0.18810886 608.46541472 242.10859215
0.18939495 608.69655168 242.09334233
0.19069582 608.94481418 242.08978171
0.19199669 609.38029041 242.02459715
0.19328278 609.99340215 241.81569741
0.19458365 610.36330619 241.47854424
0.19586974 610.34895572 241.12111926
0.19717061 610.06387188 240.79868070
0.19845669 609.77600862 240.54318947
0.19975757 609.56116851 240.30825541
0.20104365 609.30192927 240.06294890
0.20234452 608.97680908 239.86240702
0.20363061 608.50930356 239.70618406
0.20493148 607.99354146 239.56765004
0.20621757 607.69759464 239.41052594
0.20750366 607.54026271 239.13115891
0.20880453 607.20698161 238.72117564
0.21009062 606.42158408 238.22846952
0.21139149 605.18553387 237.72363990
0.21267758 603.92918189 237.30343522
0.21397845 602.92779439 236.91645461
0.21526454 602.09010618 236.48022430
0.21656541 601.20012115 235.96827084
0.21785149 600.15712929 235.39615932
0.21915236 598.94652988 234.77990785
0.22043845 597.60579236 234.14673376
0.22173932 596.13516299 233.50682669
0.22302541 594.53405417 232.86152137
0.22432628 592.86125075 232.20658778
0.22561237 591.16449980 231.51948102
0.22689846 589.51715701 230.78555966
0.22819933 587.76767890 229.96891006
0.22948542 585.69444573 229.07307417
0.23078629 583.39892467 228.16355514
0.23207238 581.07013195 227.27481539
0.23337325 578.83040088 226.42420846
0.23465933 576.60948712 225.60893416
0.23594542 574.19831803 224.82207064
0.23724629 571.49958779 224.06803575
0.23853238 568.68929756 223.35670644
0.23983325 566.03294047 222.66992416
0.24111934 563.59189660 221.96137158
0.24240543 561.37926403 221.22920997
0.24370630 559.24003381 220.46200813
0.24499239 556.87726813 219.66248336
0.24629326 554.27434942 218.88149229
0.24757935 551.58763555 218.13895513
0.24886543 548.88663947 217.42472836
0.25016630 546.30584547 216.75358935
0.25145239 543.91583769 216.11733589
0.25275326 541.50804339 215.47586009
0.25403935 538.95049377 214.83072752
0.25532544 536.31524742 214.19309899
0.25662631 533.64730541 213.55322335
0.25791240 531.01520472 212.93545071
0.25919849 528.40420923 212.33832332
0.26049936 525.82501673 211.77334888
0.26178545 523.50034881 211.30417244
0.26307153 521.39564887 210.88100063
0.26437240 519.29930337 210.44443533
0.26565849 517.24341729 210.00403054
0.26695936 515.26685860 209.51372901
0.26824545 513.48297224 208.98224933
0.26953154 511.85344192 208.42422522
0.27083241 510.05858783 207.85580949
0.27211850 508.05653124 207.39182917
0.27340459 505.94459579 207.04893289
0.27470546 503.91492457 206.80322574
0.27599154 502.12654539 206.61261493
0.27727763 500.45489797 206.36780882
0.27857850 498.79091711 206.06320566
0.27986459 497.13307895 205.73657997
0.28115068 495.61086527 205.42846254
0.28243677 494.36731025 205.20184909
0.28373764 493.01747460 205.07014932
0.28502373 491.20193023 205.02117194
0.28630981 489.18545672 205.01797490
0.28761068 487.61102036 205.04152232
0.28889677 486.68767502 205.03114041
0.29018286 485.75158844 204.94704421
0.29148373 484.41504128 204.91570306
0.29276982 482.89691529 205.02551027
0.29405591 481.48303579 205.24552564
0.29534200 480.35995340 205.52862616
0.29664287 479.54031070 205.81634655
0.29792895 478.86676792 206.06040649
0.29921504 478.18808690 206.29154394
0.30051591 477.34055206 206.53241605
0.30180200 476.33988709 206.83589078
0.30308809 475.29405143 207.22821971
0.30437418 474.30604970 207.67221964
0.30567505 473.61004002 208.15697828
0.30696114 473.22611392 208.61753165
0.30824722 473.02805519 209.02226247
0.30953331 472.96842659 209.40276182
0.31083418 472.86645060 209.78049959
0.31212027 472.49190987 210.17503093
0.31340636 471.88539959 210.62239049
0.31469245 471.45820407 211.19117445
0.31599332 471.38848421 211.86093233
0.31727941 471.37377406 212.56234363
0.31856549 471.34188472 213.30999664
0.31985158 471.46042130 214.10495097
0.32115245 471.74688380 214.88606416
0.32243854 472.15668707 215.61373883
0.32372463 472.64055676 216.26116742
0.32501072 473.12327100 216.81312502
0.32629681 473.54701816 217.29222372
0.32759768 473.83259609 217.71478924
0.32888376 473.99855700 218.13159101
0.33016985 474.15127938 218.60093996
0.33145594 474.28825595 219.10854700
0.33275681 474.41630363 219.63866471
0.33404290 474.63041197 220.19982632
0.33532899 474.89702492 220.75298988
0.33661508 475.10943417 221.27075150
0.33790116 475.23624693 221.76168611
0.33918725 475.35410651 222.24620612
0.34048812 475.54280554 222.73267737
0.34177421 475.82342456 223.21011887
0.34306030 476.19078151 223.66626517
0.34434639 476.59211405 224.07453171
0.34563247 476.96850086 224.42265939
0.34693335 477.31011409 224.73071928
0.34821943 477.42661497 224.97044582
0.34950552 477.27265647 225.18861746
0.35079161 477.01051354 225.44053441
0.35207770 476.71245668 225.71583415
0.35336379 476.49569156 226.04257553
0.35466466 476.38233173 226.39012305
0.35595074 476.35475010 226.72503654
0.35723683 476.51252830 227.04876288
0.35852292 476.69811042 227.30672917
0.35980901 476.67636236 227.47990774
0.36109510 476.52097384 227.61569992
0.36238118 476.33193793 227.73088583
0.36368206 476.13031182 227.83587829
0.36496814 475.86775038 227.93842634
0.36625423 475.53141356 228.06108832
0.36754032 475.18588449 228.22043108
0.36882641 474.81040555 228.37196201
0.37011250 474.55179844 228.51992178
0.37139858 474.43503040 228.63011887
0.37269945 474.20053642 228.64496218
0.37398554 473.81918318 228.61941693
0.37527163 473.37742638 228.60066713
0.37655772 472.91343702 228.59633665
0.37784381 472.44160500 228.60751221
0.37912989 472.00846519 228.64094240
0.38041598 471.72337366 228.70496305
0.38170207 471.46265714 228.76488280
0.38298816 471.06267124 228.81302485
0.38428903 470.62417805 228.88706476
0.38557512 470.21735836 228.97343912
0.38686121 469.83247669 229.04016956
0.38814729 469.44484994 229.06771301
0.38943338 469.06419405 229.05426752
0.39071947 468.70772652 229.00296530
0.39200556 468.31696361 228.90645783
0.39329165 467.85642368 228.77417147
0.39457773 467.35003201 228.61814311
0.39586382 466.82531725 228.43817994
0.39714991 466.24175230 228.21935096
0.39843600 465.66242767 227.99196982
0.39973687 465.07920070 227.78822659
0.40102296 464.33822607 227.62302891
0.40230905 463.42617842 227.52007250
0.40359513 462.62824887 227.52055089
0.40488122 462.14888274 227.56765306
0.40616731 461.77830104 227.54378092
0.40745340 461.41808106 227.46318287
0.40873949 461.04534062 227.36389268
0.41002557 460.57343560 227.26884061
0.41131166 459.96170215 227.18566817
0.41259775 459.48039788 227.15550963
0.41388384 459.24153429 227.14182397
0.41516993 458.95030081 227.04272227
0.41645601 458.57880001 226.86998436
0.41774210 458.14181052 226.58999628
0.41902819 457.68305476 226.17057658
0.42031428 457.20068428 225.61808886
0.42160037 456.36901085 224.97863437
0.42288645 455.08676082 224.36172089
0.42417254 453.72599959 223.87057190
0.42545863 452.59066383 223.51290749
0.42674472 451.63355035 223.18337360
0.42803081 450.70305380 222.82193040
0.42931690 449.78304717 222.43784005
0.43060298 448.91359683 222.03575231
0.43188907 448.04587477 221.58576683
0.43317516 447.13584484 221.07860169
0.43446125 446.16809044 220.51966291
0.43574734 445.14687389 219.92118955
0.43703342 444.07722347 219.29042501
0.43831951 442.97917154 218.63779981
0.43960560 441.85528988 217.96608924
0.44089169 440.71218528 217.28232936
0.44217778 439.56205504 216.60267876
0.44346386 438.40137943 215.94981339
0.44474995 437.14351033 215.29854017
0.44603604 435.82765444 214.63305064
0.44732213 434.64044324 213.92395082
0.44860822 433.57221103 213.09814260
0.44989430 432.51524676 212.15382296
0.45118039 431.15256779 211.13307767
0.45246648 429.34970767 210.14767728
0.45375257 427.48765826 209.31631622
0.45503866 425.83187750 208.64316366
0.45632474 424.42973051 208.10066794
0.45761083 423.06748111 207.61604266
0.45889692 421.69593460 207.20831207
0.46018301 420.49644597 206.91343904
0.46146910 419.48112280 206.62014077
0.46275519 418.71420552 206.26674669
0.46404127 418.11212395 205.82853523
0.46532736 417.29457304 205.27325044
0.46661345 416.14522499 204.69368736
0.46789954 414.81608719 204.16144647
0.46917084 413.54723453 203.69413734
0.47045693 412.56084031 203.27622746
0.47174302 411.66475377 202.78004604
0.47302911 410.68030996 202.20135543
0.47431520 409.59720568 201.60175249
0.47560128 408.42640021 201.02141888
0.47688737 407.24661554 200.50159913
0.47817346 406.14278682 200.05210939
0.47945955 405.11437709 199.63576124
0.48074564 404.16739959 199.21956671
0.48203172 403.31649928 198.78015506
0.48331781 402.51561717 198.29764218
0.48460390 401.67236979 197.77157219
0.48587521 400.70389301 197.22730108
0.48716129 399.62224401 196.70666175
0.48844738 398.51141708 196.24007512
0.48973347 397.46016348 195.83306624
0.49101956 396.48679504 195.45885984
0.49230565 395.56547195 195.08896704
0.49359173 394.67994142 194.70772765
0.49487782 393.81982109 194.30629928
0.49616391 392.97127378 193.88016962
0.49743522 392.11434703 193.42905114
0.49872130 391.23279976 192.96001137
0.50000739 390.31788857 192.48554659
0.50129348 389.37348271 192.02068238
0.50257957 388.41600900 191.58474076
0.50386566 387.44914834 191.18242534
0.50515174 386.49573878 190.81622516
0.50643783 385.59899610 190.48409158
0.50770914 384.78887402 190.17027827
0.50899523 384.05905488 189.85731476
0.51028131 383.36714512 189.53836279
0.51156740 382.65317658 189.21560324
0.51285349 381.90020466 188.91049462
0.51413958 381.13977449 188.65038591
0.51542567 380.41395325 188.44461338
0.51669697 379.70002537 188.26251483
0.51798306 379.07779111 188.10533288
0.51926915 378.61883939 187.96032090
0.52055524 378.16241064 187.73997863
0.52184132 377.70695700 187.46461447
0.52312741 377.27724032 187.17413708
0.52439872 376.72231073 186.86672064
0.52568480 375.99802950 186.60622007
0.52697089 375.19490538 186.44234195
0.52825698 374.48609326 186.39307990
0.52954307 374.00458043 186.43625555
0.53082916 373.72278728 186.47520415
0.53210046 373.61786493 186.47417176
0.53338655 373.53051823 186.40977448
0.53467264 373.23257031 186.27625872
0.53595873 372.80286378 186.18352600
0.53724481 372.31989672 186.14436887
0.53853090 371.85697635 186.13465257
0.53980221 371.66859970 186.18383583
0.54108830 371.63575822 186.17528941
0.54237438 371.43914968 186.02567797
0.54366047 371.15249536 185.84051608
0.54494656 370.79475594 185.66227782
0.54621787 370.23381033 185.46871015
0.54750395 369.64327836 185.33672595
0.54879004 369.20647936 185.28216358
0.55007613 368.85659185 185.21184034
0.55134744 368.57205470 185.10012042
0.55263352 368.32636501 184.94754732
0.55391961 367.99565269 184.74226861
0.55520570 367.54084151 184.51807723
0.55649179 367.03162627 184.32449675
0.55776309 366.49438697 184.14893064
0.55904918 366.04461632 183.99962915
0.56033527 365.70787450 183.84041963
0.56162136 365.35409827 183.61065225
0.56289266 364.95860522 183.33178066
0.56417875 364.46360311 183.00936069
0.56546484 363.85965180 182.67885393
0.56675093 363.20620191 182.38245548
0.56803702 362.54566289 182.14159137
0.56930832 361.88447281 181.95296971
0.57059441 361.25832369 181.81438629
0.57188050 360.74304906 181.72868348
0.57316659 360.34213162 181.65455645
0.57443789 360.01061520 181.55233801
0.57572398 359.69660510 181.39649875
0.57701007 359.36372724 181.17608193
0.57829616 358.97511803 180.88727501
0.57956746 358.52952801 180.55088296
0.58085355 357.99226642 180.18412789
0.58213964 357.34577092 179.82378452
0.58341094 356.62876738 179.51504281
0.58469703 355.89166277 179.27253624
0.58598312 355.24593618 179.11751856
0.58726921 354.73161461 179.02503462
0.58854051 354.27652566 178.93541383
0.58982660 353.89791822 178.84940568
0.59111269 353.60475470 178.77458040
0.59239878 353.27544268 178.68590568
0.59367008 352.90735585 178.61425743
0.59495617 352.56340902 178.58108659
0.59624226 352.28505556 178.57452747
0.59751356 352.08121237 178.56666788
0.59879965 351.90429146 178.51505613
0.60008574 351.71397215 178.40195692
0.60137183 351.46949747 178.21906506
0.60264313 351.16003783 177.98449177
0.60392922 350.77362150 177.72377733
0.60521531 350.29505858 177.47013227
0.60648661 349.78542380 177.28040653
0.60777270 349.26029480 177.15959677
0.60905879 348.80857432 177.12537488
0.61033010 348.54227223 177.17138756
0.61161618 348.38229697 177.21686051
0.61290227 348.27188692 177.23397979
0.61417358 348.16422082 177.20865930
0.61545967 347.98954934 177.13120430
0.61674575 347.75560537 177.02082047
0.61801706 347.47988864 176.88555301
0.61930315 347.17392518 176.73252843
0.62058924 346.84146757 176.56330249
0.62187532 346.46916496 176.36830472
0.62314663 346.08127248 176.15026916
0.62443272 345.68270135 175.89963692
0.62571880 345.23034216 175.60281145
0.62699011 344.73915961 175.28927317
0.62827620 344.17133061 174.97216924
0.62954750 343.51392621 174.68531697
0.63083359 342.87141688 174.48466123
0.63211968 342.29247791 174.37104801
0.63339099 341.78625908 174.32814497
0.63467707 341.38542976 174.34590805
0.63596316 341.09194262 174.39509205
0.63723447 340.86554743 174.43583232
0.63852056 340.66618827 174.43717877
0.63980664 340.46822286 174.37886599
0.64107795 340.24368202 174.24728820
0.64236404 339.93456985 174.03002732
0.64365012 339.51389565 173.73535670
0.64492143 338.99651736 173.38221071
0.64620752 338.39751809 172.98378786
0.64749361 337.72644182 172.54920923
0.64876491 336.99186925 172.08767564
0.65005100 336.20052524 171.60857226
0.65132231 335.36446743 171.12371736
0.65260839 334.49532317 170.64548519
0.65389448 333.60455642 170.18626278
0.65516579 332.70835934 169.75780353
0.65645188 331.81876213 169.36678487
0.65772318 330.96182610 169.01851629
0.65900927 330.15777162 168.71056534
0.66029536 329.40518343 168.43665938
0.66156666 328.70052225 168.19834191
0.66285275 328.01683441 167.99437625
0.66413884 327.34121265 167.82263566
0.66541014 326.71874460 167.68870595
0.66669623 326.17646757 167.57341487
0.66796754 325.68950874 167.43961745
0.66925363 325.20631879 167.25784445
0.67053971 324.67533810 167.01286063
0.67181102 324.07203184 166.70730976
0.67309711 323.43516397 166.37626611
0.67436841 322.74067602 166.03486111
0.67565450 321.95210733 165.70048043
0.67692581 321.15137140 165.42784749
0.67821189 320.40607625 165.23142711
0.67949798 319.73484354 165.10530150
0.68076929 319.15192659 165.05341284
0.68205538 318.64841021 165.06440870
0.68332668 318.21196354 165.11909673
0.68461277 317.86838796 165.20272869
0.68589886 317.64733385 165.29354093
0.68717016 317.47416648 165.34564207
0.68845625 317.23499122 165.33218058
0.68972756 316.92583883 165.27915084
0.69101364 316.58367057 165.21215054
0.69228495 316.22598856 165.14200221
0.69357104 315.85851809 165.07151817
0.69484234 315.49629090 165.00468969
0.69612843 315.14652477 164.93644671
0.69741452 314.80087394 164.85316005
0.69868582 314.46812025 164.75327821
0.69997191 314.14556746 164.63780931
0.70124322 313.79246681 164.50282442
0.70252931 313.40368860 164.36257418
0.70380061 313.02643058 164.24249803
0.70508670 312.68319110 164.14617333
0.70635801 312.34657787 164.06039313
0.70764409 312.00609491 163.98828303
0.70893018 311.67220828 163.93918557
0.71020149 311.35769992 163.92116497
0.71148758 311.07929349 163.93873859
0.71275888 310.84223214 163.98374634
0.71404497 310.64831876 164.03776481
0.71531627 310.53496185 164.09380056
0.71660236 310.47813263 164.12875844
0.71787367 310.38225267 164.11500470
0.71915976 310.23091998 164.07301279
0.72043106 310.05703941 164.03010872
0.72171715 309.88307451 163.99653256
0.72298845 309.72056015 163.97392367
0.72427454 309.57876687 163.96091121
0.72554585 309.45681881 163.95417329
0.72683194 309.34870805 163.96060873
0.72810324 309.22922143 163.98211689
0.72938933 309.09420572 164.02903287
0.73066064 308.98987675 164.11629350
0.73194672 308.94825048 164.23716416
0.73321803 308.97236328 164.37480051
0.73450412 309.04097921 164.50853333
0.73577542 309.12029809 164.62650396
0.73706151 309.19417478 164.72964312
0.73833282 309.26510565 164.82611429
0.73961890 309.33643653 164.92109213
0.74089021 309.41040247 165.01936203
0.74217630 309.48933495 165.12465737
0.74344760 309.57696091 165.24094410
0.74473369 309.67699668 165.37184380
0.74600500 309.79382061 165.51759913
0.74729108 309.93266526 165.67710137
0.74856239 310.09376809 165.84494920
0.74984848 310.27105382 166.01321333
0.75111978 310.45466515 166.17408046
0.75240587 310.63463842 166.32170923
0.75367718 310.80340096 166.45263600
0.75496327 310.95545759 166.56510580
0.75623457 311.08724890 166.65846267
0.75752066 311.19720465 166.73315030
0.75879196 311.28409054 166.78955809
0.76007805 311.34811629 166.82867048
0.76134936 311.38959013 166.85074251
0.76263545 311.40915142 166.85586377
0.76390675 311.40644817 166.84233451
0.76517806 311.37850103 166.80652286
0.76646414 311.32059170 166.74271007
0.76773545 311.22418147 166.64305196
0.76902154 311.09025011 166.50748936
0.77029284 310.90719333 166.33479345
0.77157893 310.65742277 166.12906823
0.77285024 310.34989232 165.90685778
0.77413633 310.00478320 165.68391545
0.77540763 309.63930251 165.47134180
0.77669372 309.26634566 165.27623032
0.77796502 308.89490625 165.10290378
0.77923633 308.53171650 164.95297081
0.78052242 308.19207365 164.82880884
0.78179372 307.87437636 164.72202879
0.78307981 307.57781821 164.62441811
0.78435112 307.30948838 164.53062808
0.78563720 307.05446068 164.42830269
0.78690851 306.79673389 164.31078618
0.78817982 306.53094057 164.17750378
0.78946590 306.25488412 164.02940874
0.79073721 305.96639743 163.86686299
0.79202330 305.66205562 163.69080683
0.79329460 305.34102613 163.50361098
0.79458069 305.00325474 163.30858543
0.79585200 304.64788409 163.10959398
0.79712330 304.28059331 162.91241843
0.79840939 303.91097503 162.72378002
0.79968070 303.54412037 162.54692541
0.80096678 303.18662612 162.38639729
0.80223809 302.84363307 162.24237737
0.80350939 302.51725086 162.11216345
0.80479548 302.20871964 161.98853570
0.80606679 301.91750736 161.86380805
0.80735288 301.62852308 161.72669728
0.80862418 301.32400130 161.56844459
0.80989549 301.00213433 161.39162771
0.81118157 300.65852039 161.19413326
0.81245288 300.29258666 160.97514892
0.81373897 299.90987975 160.73684699
0.81501027 299.49986036 160.47675298
0.81628158 299.05114908 160.19743926
0.81756767 298.57200651 159.90917552
0.81883897 298.07282264 159.62111842
0.82012506 297.56231117 159.34138981
0.82139637 297.05753941 159.08348935
0.82266767 296.56117217 158.85350258
0.82395376 296.07804208 158.65172112
0.82522507 295.64308187 158.48364993
0.82651115 295.26335052 158.33373211
0.82778246 294.90202624 158.17316778
0.82905376 294.52510108 157.98500306
0.83033985 294.11640056 157.76506076
0.83161116 293.66793952 157.51393936
0.83288246 293.17969365 157.23553881
0.83416855 292.65511605 156.93575633
0.83543986 292.09740873 156.62038658
0.83672594 291.51218123 156.29670869
0.83799725 290.90865650 155.97296109
0.83926856 290.29657728 155.65697848
0.84055464 289.68598107 155.35575546
0.84182595 289.08679881 155.07621047
0.84309725 288.50853232 154.82332842
0.84438334 287.96124713 154.60063181
0.84565465 287.45529090 154.40839881
0.84692595 286.99451239 154.23935078
0.84821204 286.57065455 154.07826082
0.84948335 286.17898269 153.91164228
0.85076944 285.80711849 153.72656009
0.85204074 285.41967811 153.51130838
0.85331205 284.99438598 153.26861336
0.85459813 284.53853581 153.01268414
0.85586944 284.06998871 152.75925719
0.85714075 283.59898393 152.51591489
0.85842683 283.13382063 152.29005118
0.85969814 282.68459866 152.08632480
0.86096944 282.25938189 151.90726113
0.86225553 281.85788439 151.74377010
0.86352684 281.48267111 151.58437009
0.86479814 281.12913405 151.40920117
0.86608423 280.76937427 151.18775005
0.86735554 280.37230007 150.90435257
0.86862684 279.90241114 150.55109767
0.86991293 279.34756241 150.13919759
0.87118424 278.71807866 149.69053857
0.87245554 278.03411974 149.22816674
0.87374163 277.31985997 148.77326601
0.87501293 276.59432394 148.34479202
0.87628424 275.87827775 147.96026231
0.87757033 275.19009272 147.63272145
0.87884163 274.54778255 147.37225329
0.88011294 273.96971926 147.18381147
0.88138424 273.47050436 147.06677809
0.88267033 273.05695554 147.01412985
0.88394164 272.73251230 147.01765529
0.88521294 272.48815212 147.06304295
0.88649903 272.29863040 147.12959256
0.88777034 272.16097590 147.20754310
0.88904164 272.07047745 147.28591622
0.89032773 271.99379524 147.34747875
0.89159904 271.91385468 147.38836817
0.89287034 271.83153902 147.41185887
0.89415643 271.74603631 147.41819470
0.89542774 271.65027182 147.40596100
0.89669904 271.53688842 147.37569609
0.89797035 271.40388993 147.33123430
0.89925643 271.25483791 147.27812068
0.90052774 271.09336340 147.22113467
0.90179905 270.92425628 147.16549153
0.90308513 270.75338058 147.11700913
0.90435644 270.58486862 147.08094330
0.90562774 270.42427063 147.06336008
0.90691383 270.28107005 147.07087327
0.90818514 270.16126394 147.10733301
0.90945644 270.07271110 147.17449884
0.91072775 270.02359684 147.27056668
0.91201384 270.02067563 147.39102813
0.91328514 270.06242528 147.52483845
0.91455645 270.13306489 147.65688192
0.91582775 270.21853204 147.77580504
0.91711384 270.30456127 147.87072493
0.91838515 270.37368795 147.93169904
0.91965645 270.40967028 147.95129652
0.92094254 270.40363050 147.92891309
0.92221385 270.35401814 147.87096065
0.92348515 270.25463603 147.78575684
0.92475646 270.10700626 147.68764397
0.92604254 269.93373407 147.59473209
0.92731385 269.76038181 147.51795166
0.92858516 269.60225395 147.45970352
0.92985646 269.46197716 147.41695825
0.93114255 269.34033822 147.38678936
0.93241385 269.23020607 147.36390113
0.93368516 269.12380140 147.33873945
0.93495647 269.03467829 147.31220923
0.93624255 268.95902510 147.27608260
0.93751386 268.85475901 147.20361899
0.93878516 268.72306830 147.09426164
0.94005647 268.58034168 146.95295799
0.94134256 268.37933104 146.76400132
0.94261386 268.09465255 146.53415301
0.94388517 267.75177451 146.28897540
0.94515647 267.37587151 146.04512006
0.94644256 266.98449472 145.81331814
0.94771387 266.58740640 145.60058732
0.94898517 266.19402539 145.41363193
0.95025648 265.81851467 145.26046063
0.95154257 265.47805049 145.14946420
0.95281387 265.18045806 145.08234179
0.95408518 264.92965500 145.05627255
0.95535648 264.74221235 145.06565813
0.95664257 264.61882040 145.08999620
0.95791388 264.54333533 145.10166555
0.95918518 264.47823051 145.07244478
0.96045649 264.36342165 144.98132122
0.96174258 264.16926476 144.83112801
0.96301388 263.90784220 144.64042380
0.96428519 263.60038180 144.42735438
0.96555649 263.25326525 144.20127715
0.96682780 262.87207387 143.97156029
0.96811389 262.47270080 143.75309163
0.96938519 262.07282542 143.55801660
0.97065650 261.68919168 143.39478218
0.97192780 261.33580466 143.26771514
0.97321389 261.01900760 143.17592534
0.97448520 260.74238592 143.11618663
0.97575650 260.50672972 143.08200652
0.97702781 260.30722319 143.06373155
0.97829911 260.13576467 143.05060890
0.97958520 259.97961805 143.03171713
0.98085651 259.82296855 142.99821926
0.98212781 259.65383276 142.94643513
0.98339912 259.46549679 142.87656939
0.98468520 259.25898049 142.79254656
0.98595651 259.03670784 142.69854676
0.98722781 258.80285779 142.59948214
0.98849912 258.56392001 142.50176171
0.98977043 258.32259438 142.40973617
0.99105651 258.08758757 142.32991170
0.99232782 257.86390917 142.26462830
0.99359912 257.66024638 142.21925548
0.99487043 257.48415322 142.19804104
0.99614174 257.32789453 142.19764890
0.99742782 257.18890263 142.21783509
0.99869913 257.07547040 142.26305904
0.99997043 256.99476061 142.33404740
1.00124174 256.95044418 142.42697398
1.00251305 256.94127779 142.53728934
1.00378435 256.95997131 142.65869038
1.00507044 256.99866048 142.78736229
1.00634174 257.05304277 142.92246211
1.00761305 257.12257090 143.06488967
1.00888436 257.20802618 143.21551774
1.01015566 257.31020917 143.37470860
1.01144175 257.42948324 143.54229336
1.01271305 257.56552737 143.71768969
1.01398436 257.71725437 143.89980171
1.01525567 257.88359147 144.08761834
1.01652697 258.06185429 144.27890083
1.01779828 258.24878967 144.47169249
1.01908436 258.44600728 144.66798647
1.02035567 258.64249044 144.86369786
1.02162698 258.82307214 145.05397949
1.02289828 258.99323825 145.24781904
1.02416959 259.16035378 145.45470246
1.02545567 259.33466749 145.68297608
1.02672698 259.53641550 145.94081348
1.02799829 259.77469307 146.22784494
1.02926959 260.04709655 146.53905986
1.03054090 260.34945742 146.86931950
1.03181220 260.67683077 147.21426208
1.03309829 261.02245231 147.56815573
1.03436960 261.38283764 147.92700647
1.03564090 261.75461141 148.28780368
1.03691221 262.12663450 148.64613606
1.03818351 262.49551812 149.00364973
1.03945482 262.86365360 149.36418031
1.04072612 263.23414962 149.73135908
1.04201221 263.60963090 150.10821848
1.04328352 263.99621921 150.49989713
1.04455482 264.39779324 150.91076855
1.04582613 264.80670291 151.33753720
1.04709743 265.21896255 151.78026075
1.04836874 265.63996372 152.24269051
1.04965483 266.07265568 152.72578594
1.05092613 266.51614716 153.22698531
1.05219744 266.97479571 153.74427065
1.05346874 267.45323212 154.27715816
1.05474005 267.95284767 154.82394180
1.05601135 268.47299391 155.38225339
1.05728266 269.00485651 155.94441745
1.05856875 269.53699398 156.50279895
1.05984005 270.06262684 157.05417294
1.06111136 270.57526872 157.60110524
1.06238266 271.06531695 158.14711114
1.06365397 271.53870243 158.70327182
1.06492527 272.00967078 159.28247796
1.06619658 272.47977472 159.88730333
1.06746788 272.94525567 160.51943000
1.06875397 273.40142111 161.18097078
1.07002528 273.85044075 161.87776078
1.07129658 274.30285680 162.61979005
1.07256789 274.77243922 163.41942647
1.07383919 275.26727192 164.29011641
1.07511050 275.79277436 165.24162194
1.07638181 276.35451350 166.28095722
1.07766789 276.94096865 167.40755358
1.07893920 277.55289871 168.61536233
1.08021050 278.19899006 169.88004360
1.08148181 278.85296509 171.15383554
1.08275312 279.49707862 172.40857151
1.08402442 280.15267311 173.64078740
1.08529573 280.84829482 174.84874924
1.08656703 281.60170264 176.03007455
1.08783834 282.42594492 177.18580404
1.08912443 283.32786110 178.31949302
1.09039573 284.31055727 179.43756755
1.09166704 285.37841880 180.54863186
1.09293834 286.53417762 181.66160548
1.09420965 287.77794914 182.78619765
1.09548095 289.10923169 183.93194550
1.09675226 290.52450515 185.10621130
1.09802356 292.01968925 186.31455300
1.09930965 293.59108367 187.56189428
1.10058096 295.23516956 188.85172846
1.10185226 296.94816151 190.18483132
1.10312357 298.72379515 191.56211563
1.10439487 300.55450891 192.98536771
1.10566618 302.43184967 194.45708167
1.10693748 304.34696810 195.97968222
1.10820879 306.29139340 197.55465755
1.10948010 308.25664023 199.18166457
1.11075140 310.23503289 200.85788175
1.11203749 312.21787794 202.57897657
1.11330879 314.19162266 204.34413239
1.11458010 316.14261095 206.15228978
1.11585141 318.05843937 207.99897726
1.11712271 319.93030522 209.87890559
1.11839402 321.74692173 211.78933006
1.11966532 323.50474668 213.73265382
1.12093663 325.21415853 215.72152055
1.12220793 326.87662172 217.77522511
1.12347924 328.48281905 219.90656345
1.12475054 330.08171701 222.12870149
1.12603663 331.75818023 224.43998160
1.12730794 333.53824968 226.81825482
1.12857924 335.41955814 229.23769324
1.12985055 337.39628525 231.67855811
1.13112185 339.45862637 234.12106417
1.13239316 341.59927771 236.54707424
1.13366446 343.83176309 238.94887922
1.13493577 346.16677927 241.32141369
1.13620707 348.65693789 243.61750728
1.13747838 351.51829596 245.71089881
1.13874969 354.65706258 247.48562437
1.14002099 357.51864877 249.55248577
1.14130708 359.69927899 252.35969101
1.14257838 361.12588979 255.33460672
1.14384969 361.78132509 258.20433569
1.14512100 361.41200888 261.17005847
1.14639230 359.59149532 264.26832647
1.14766361 356.46076568 267.28794235
1.14893491 352.97963063 269.77236521
1.15020622 350.00220125 271.20106642
1.15147752 348.19636229 272.47109587
1.15274883 347.91314881 274.71000884
1.15402013 349.40420764 277.58511451
1.15529144 352.08429054 279.52007993
1.15656274 354.84833982 281.37413208
1.15783405 357.70580199 283.15140491
1.15912014 360.65407523 284.84665312
1.16039144 363.69027232 286.45460144
1.16166275 366.81122778 287.96995459
1.16293405 370.01350586 289.38740753
1.16420536 373.29340927 290.70165616
1.16547667 376.64698866 291.90740851
1.16674797 380.07005287 292.99939626
1.16801928 383.55817997 293.97238672
1.16929058 387.10672900 294.82119530
1.17056189 390.71085258 295.54069832
1.17183319 394.36551015 296.12584636
1.17310450 398.06548210 296.57167805
1.17437580 401.80538456 296.87333432
1.17564711 405.57968505 297.02607317
1.17691841 409.38271881 297.02528490
1.17818972 413.20870592 296.86650800
1.17946103 417.05176925 296.54544543
1.18074711 420.90595304 296.05798168
1.18201842 424.76524237 295.40020029
1.18328972 428.62358335 294.56840218
1.18456103 432.47490403 293.55912461
1.18583234 436.31313614 292.36916092
1.18710364 440.13223756 290.99558119
1.18837495 443.92621556 289.43575366
1.18964625 447.68915079 287.68736727
1.19091756 451.41522207 285.74845520
1.19218886 455.09873192 283.61741964
1.19346017 458.73413282 281.29305783
1.19473147 462.31605431 278.77458962
1.19600278 465.83933080 276.06168657
1.19727408 469.29903015 273.15450292
1.19854539 472.69048301 270.05370856
1.19981670 476.00931297 266.76052427
1.20108800 479.25146741 263.27675949
1.20235931 482.41324915 259.60485307
1.20363061 485.49134883 255.74791714
1.20490192 488.48287815 251.70978478
1.20617322 491.38540372 247.49506175
1.20744453 494.19698181 243.10918306
1.20873062 496.91619379 238.55847466
1.21000192 499.54218237 233.85022126
1.21127323 502.07468858 228.99274075
1.21254453 504.51408951 223.99546607
1.21381584 506.86143686 218.86903530
1.21508714 509.11849617 213.62539058
1.21635845 511.28778693 208.27788672
1.21762975 513.37262333 202.84140945
1.21890106 515.37715587 197.33250369
1.22017237 517.30641366 191.76951068
1.22144367 519.16634755 186.17271243
1.22271498 520.96387400 180.56447983
1.22398628 522.70691967 174.96941873
1.22525759 524.40446684 169.41450493
1.22652889 526.06659956 163.92919450
1.22780020 527.70455056 158.54549008
1.22907150 529.33074895 153.29793660
1.23034281 530.95886865 148.22351125
1.23161411 532.60387760 143.36136393
1.23288542 534.28208775 138.75235684
1.23415673 536.01120580 134.43834865
1.23542803 537.81038466 130.46117400
1.23669934 539.70027579 126.86128747
1.23797064 541.70308214 123.67607782
1.23924195 543.84261202 120.93791343
1.24051325 546.14433362 118.67204950
1.24178456 548.63543035 116.89459592
1.24305586 551.34485690 115.61079158
1.24432717 554.30339610 114.81383237
1.24559847 557.54371656 114.48444268
1.24686978 561.10043100 114.59127156
1.24814109 565.01015542 115.09206127
1.24941239 569.31156901 115.93541718
1.25068370 574.04547478 117.06293670
1.25195500 579.25486104 118.41144460
1.25322631 584.98496357 119.91512457
1.25449761 591.28332858 121.50740939
1.25576892 598.19987644 123.12257086
1.25704022 605.78696616 124.69701752
1.25831153 614.09946065 126.17035650
1.25958283 623.19479274 127.48630480
1.26085414 633.13303193 128.59355191
1.26212545 643.97695198 129.44668435
1.26339675 655.79209916 130.00729171
1.26466806 668.64686138 130.24538616
1.26593936 682.61253797 130.14128696
1.26721067 697.76341032 129.68814978
1.26848197 714.17681322 128.89535437
1.26975328 731.93320699 127.79299474
1.27102458 751.11625037 126.43772070
1.27229589 771.81287418 124.92010868
1.27356719 794.11335573 123.37349972
1.27483850 818.11139400 121.98368343
1.27610981 843.90418559 120.99774796
1.27738111 871.59250143 120.72880505
1.27865242 901.28076426 121.55159661
1.27992372 933.07712684 123.88367732
1.28119503 967.09355097 128.15024323
-0.96316762 1007.80966667 108.72259379
-0.96189631 865.24900000 91.92654121
-0.96062353 743.35033333 79.73761322
-0.95934927 658.98833333 63.60451049
-0.95807353 606.68766667 49.07034628
-0.95679779 563.33533333 39.97784915
-0.95551909 516.77433333 52.89161477
-0.95423744 414.80233333 31.70704301
-0.95295431 281.96500000 43.28533133
-0.95167118 193.18156667 72.87878191
-0.95038804 154.19176667 64.19015736
-0.94910048 187.77793333 76.99415351
-0.94781143 240.76266667 96.93299127
-0.94651943 271.76500000 109.50080165
-0.94522743 288.34200000 118.30302351
-0.94393247 295.49733333 122.44034548
-0.94263604 302.86900000 126.48494032
-0.94133960 310.60966667 130.34242449
-0.94004021 316.80166667 133.85132531
-0.93873934 322.78466667 137.12988042
-0.93743699 328.59666667 140.30519891
-0.93613316 333.61433333 143.11239281
-0.93482786 338.18766667 145.66823468
-0.93351959 342.39200000 148.01756720
-0.93221133 346.26766667 150.18539350
-0.93090011 349.87500000 152.19682258
-0.92958890 353.24566667 154.07106780
-0.92827472 356.41166667 155.82524741
-0.92695907 359.39633333 157.47320874
-0.92564341 362.22166667 159.02697616
-0.92432480 364.90533333 160.49747201
-0.92300472 367.46100000 161.89404593
-0.92168315 369.89833333 163.22449177
-0.92036010 372.22266667 164.49415691
-0.91903410 374.43166667 165.70853610
-0.91770810 376.51200000 166.86468773
-0.91638062 378.44300000 167.94778584
-0.91505167 380.27000000 168.94849127
-0.91371975 382.10533333 169.89993027
-0.91238784 383.92166667 170.81638576
-0.91105297 385.63733333 171.68351828
-0.90971810 387.30966667 172.52308642
-0.90838027 388.95900000 173.34494315
-0.90704096 390.55900000 174.13923290
-0.90570166 392.11933333 174.90874680
-0.90435940 393.64200000 175.65507833
-0.90301565 395.12800000 176.37850068
-0.90167044 396.58000000 177.08076379
-0.90032374 397.99900000 177.76243572
-0.89897556 399.38700000 178.42453656
-0.89762591 400.74466667 179.06727357
-0.89627478 402.07366667 179.69269235
-0.89492217 403.37566667 180.30122547
-0.89356808 404.65066667 180.89286562
-0.89221251 405.90000000 181.46878096
-0.89085547 407.12533333 182.02970296
-0.88949695 408.32633333 182.57576860
-0.88813547 409.50433333 183.10764046
-0.88677399 410.66033333 183.62582353
-0.88541103 411.79500000 184.13105298
-0.88404659 412.90800000 184.62295660
-0.88267920 414.00100000 185.10308031
-0.88131181 415.07366667 185.57074892
-0.87994294 416.12733333 186.02744275
-0.87857259 417.16166667 186.47198199
-0.87719928 418.17766667 186.90598275
-0.87582598 419.17566667 187.32870064
-0.87445120 420.15600000 187.74131475
-0.87307345 421.11866667 188.14413341
-0.87169571 422.06466667 188.53603944
-0.87031650 422.99400000 188.91865043
-0.86893580 423.90633333 189.29159262
-0.86755215 424.80366667 189.65517737
-0.86616849 425.68466667 190.00952837
-0.86478336 426.55000000 190.35570738
-0.86339675 427.40066667 190.69227780
-0.86200866 428.23633333 191.02030348
-0.86061762 429.05700000 191.34028016
-0.85922657 429.86366667 191.65139773
-0.85783405 430.65566667 191.95484246
-0.85644005 431.43466667 192.25023902
-0.85504457 432.19966667 192.53807839
-0.85364761 432.95200000 192.81824584
-0.85224918 433.69133333 193.09036529
-0.85084926 434.41800000 193.35611428
-0.84944787 435.13266667 193.61430350
-0.84804648 435.83566667 193.86498580
-0.84664213 436.52766667 194.10924002
-0.84523630 437.20900000 194.34646996
-0.84382899 437.88300000 194.57753489
-0.84242169 438.54900000 194.80280825
-0.84101143 439.20433333 195.02347626
-0.83960116 439.84933333 195.23796331
-0.83818795 440.48633333 195.44826740
-0.83677473 441.11433333 195.65372407
-0.83536003 441.73466667 195.85518661
-0.83394238 442.34733333 196.05231389
-0.83252472 442.95366667 196.24676765
-0.83110559 443.54966667 196.44049300
-0.82968498 444.12766667 196.63161462
-0.82826289 444.68500000 196.81936491
-0.82684081 445.22633333 197.00512395
-0.82541576 445.74866667 197.18807074
-0.82398924 446.24800000 197.36758034
-0.82256272 446.72300000 197.54292959
-0.82113324 447.17100000 197.71402103
-0.81970376 447.58933333 197.88076042
-0.81827280 447.97566667 198.04147630
-0.81684036 448.32766667 198.19565046
-0.81540645 448.64366667 198.34123140
-0.81397106 448.92233333 198.47804655
-0.81253418 449.16333333 198.60443437
-0.81109584 449.36666667 198.71851937
-0.80965749 449.53200000 198.81886415
-0.80821618 449.66433333 198.90480644
-0.80677488 449.76900000 198.97515739
-0.80533209 449.85133333 199.02937308
-0.80388783 449.91566667 199.06716062
-0.80244209 449.96733333 199.08856881
-0.80099487 450.01000000 199.09449799
-0.79954765 450.04833333 199.08456566
-0.79809748 450.08600000 199.06048075
-0.79664730 450.12566667 199.02348464
-0.79519565 450.16866667 198.97407980
-0.79374252 450.21700000 198.91470572
-0.79228791 450.27166667 198.84663690
-0.79083182 450.33266667 198.77033126
-0.78937573 450.40000000 198.68787228
-0.78791669 450.47266667 198.60042126
-0.78645764 450.54766667 198.50563519
-0.78499712 450.64033333 198.40837845
-0.78353512 450.74966667 198.31107048
-0.78207164 450.86200000 198.21189279
-0.78060816 450.97666667 198.11386246
-0.77914320 451.09300000 198.01943479
-0.77767528 451.20600000 197.93021822
-0.77620885 451.30133333 197.84759877
-0.77473946 451.35900000 197.76720740
-0.77326859 451.38533333 197.69007552
-0.77179771 451.38500000 197.61743147
-0.77032537 451.35033333 197.54594566
-0.76885154 451.28100000 197.47476542
-0.76737623 451.17433333 197.40346178
-0.76590093 451.02800000 197.33109515
-0.76442266 450.84066667 197.25645549
-0.76294440 450.61033333 197.17900152
-0.76146466 450.33566667 197.09662500
-0.75998492 450.01866667 197.00887895
-0.75850222 449.65933333 196.91405352
-0.75701953 449.26066667 196.81044265
-0.75553535 448.82733333 196.69684802
-0.75405118 448.36533333 196.57238353
-0.75256405 447.88033333 196.43503854
-0.75107691 447.38000000 196.28406421
-0.74958830 446.87266667 196.11942044
-0.74809822 446.36566667 195.93996275
-0.74660813 445.86566667 195.74656859
-0.74511656 445.38066667 195.53932179
-0.74362352 444.91433333 195.31864840
-0.74212899 444.47266667 195.08588448
-0.74063447 444.05666667 194.84228851
-0.73913847 443.66966667 194.58913959
-0.73764099 443.31200000 194.32733885
-0.73614351 442.98300000 194.05934582
-0.73464307 442.68133333 193.78556909
-0.73314412 442.40666667 193.50855185
-0.73164220 442.15866667 193.22926186
-0.73014029 441.93600000 192.95072677
-0.72863542 441.73666667 192.67592398
-0.72713202 441.55766667 192.41115017
-0.72562567 441.38666667 192.17473674
-0.72411933 441.10900000 191.98599234
-0.72261150 440.48600000 191.77569701
-0.72110367 439.66666667 191.52182071
-0.71959436 438.99333333 191.29488603
-0.71808358 438.38233333 191.06648536
-0.71657132 437.75533333 190.80825244
-0.71505906 437.16033333 190.54139031
-0.71354532 436.57966667 190.26819839
-0.71203158 436.01100000 189.98865564
-0.71051488 435.45000000 189.70437465
-0.70899966 434.89466667 189.41655391
-0.70748148 434.34300000 189.12399188
-0.70596331 433.79366667 188.82911987
-0.70444366 433.24600000 188.53113550
-0.70292400 432.69766667 188.23002272
-0.70140287 432.14900000 187.92742677
-0.69988026 431.59933333 187.62211493
-0.69835765 431.04766667 187.31490208
-0.69683356 430.49366667 187.00620137
-0.69530800 429.93700000 186.69560905
-0.69378243 429.37766667 186.38312278
-0.69225538 428.81433333 186.06872874
-0.69072834 428.24800000 185.75366682
-0.68919982 427.67733333 185.43671520
-0.68766982 427.10266667 185.11908975
-0.68613981 426.52400000 184.79997143
-0.68460833 425.94033333 184.47935747
-0.68307685 425.35166667 184.15806148
-0.68154390 424.75866667 183.83528236
-0.68001094 424.16000000 183.51221830
-0.67847650 423.55600000 183.18766336
-0.67694059 422.94633333 182.86281754
-0.67540467 422.33100000 182.53646560
-0.67386728 421.70900000 182.20983945
-0.67232841 421.08000000 181.88248768
-0.67078954 420.44233333 181.55439755
-0.66925067 419.79466667 181.22596412
-0.66771032 419.13766667 180.89680500
-0.66616849 418.47300000 180.56694960
-0.66462666 417.80000000 180.23761635
-0.66308484 417.11766667 179.90757020
-0.66154005 416.42600000 179.57804112
-0.65999675 415.72333333 179.24778664
-0.65845049 415.01000000 178.91802999
-0.65690570 414.28433333 178.58795927
-0.65535796 413.54533333 178.25878478
-0.65381022 412.79233333 177.92928505
-0.65226248 412.02433333 177.60027440
-0.65071326 411.24066667 177.27011805
-0.64916404 410.44033333 176.93882575
-0.64761335 409.62533333 176.60354949
-0.64606265 408.79866667 176.25696891
-0.64451047 408.00400000 175.88566122
-0.64295830 407.36733333 175.50961431
-0.64140464 406.89800000 175.16059161
-0.63985099 406.39366667 174.80428628
-0.63829586 405.82833333 174.43703624
-0.63674073 405.25600000 174.08536741
-0.63518412 404.64066667 173.73500603
-0.63362751 404.00333333 173.38717081
-0.63207090 403.35166667 173.04185163
-0.63051133 402.68233333 172.69823745
-0.62895324 402.00033333 172.35550312
-0.62739368 401.30700000 172.01323868
-0.62583411 400.60333333 171.67185461
-0.62427306 399.89066667 171.33052941
-0.62271202 399.17033333 170.99007337
-0.62114950 398.44333333 170.64967950
-0.61958697 397.70966667 170.30974880
-0.61802445 396.97033333 169.97027948
-0.61646045 396.22633333 169.63086913
-0.61489497 395.47766667 169.29153335
-0.61333097 394.72366667 168.95268534
-0.61176401 393.96500000 168.61395234
-0.61019853 393.20300000 168.27571581
-0.60863157 392.44000000 167.93753404
-0.60706461 391.67633333 167.59983703
-0.60549618 390.91266667 167.26261125
-0.60392774 390.15000000 166.92503935
-0.60235783 389.38766667 166.58795243
-0.60078939 388.62800000 166.25134324
-0.59921800 387.87033333 165.91480780
-0.59764808 387.11500000 165.57875913
-0.59607669 386.36333333 165.24276720
-0.59450530 385.61600000 164.90686827
-0.59293243 384.87233333 164.57144850
-0.59135956 384.13400000 164.23651792
-0.58978669 383.40066667 163.90166412
-0.58821234 382.67366667 163.56730108
-0.58663799 381.95300000 163.23300505
-0.58506364 381.23833333 162.89921207
-0.58348781 380.53133333 162.56590068
-0.58191198 379.83166667 162.23265673
-0.58033616 379.14000000 161.89949209
-0.57875885 378.45633333 161.56640723
-0.57718302 377.78166667 161.23379122
-0.57560424 377.11566667 160.90122829
-0.57402693 376.45866667 160.56913185
-0.57244815 375.81166667 160.23750090
-0.57086937 375.17466667 159.90547532
-0.56929058 374.54733333 159.57349589
-0.56771032 373.93133333 159.24191684
-0.56613006 373.32500000 158.91033297
-0.56454980 372.73033333 158.57912475
-0.56296805 372.14700000 158.24743891
-0.56138779 371.57466667 157.91605218
-0.55980605 371.01400000 157.58453994
-0.55822283 370.46433333 157.25407617
-0.55664109 369.92466667 156.92340189
-0.55505787 369.39300000 156.59495507
-0.55347466 368.86566667 156.26870936
-0.55189144 368.34000000 155.94779791
-0.55030822 367.80966667 155.63778169
-0.54872352 367.24233333 155.35747524
-0.54713882 366.49633333 155.10486560
-0.54555413 365.43300000 154.80917516
-0.54396943 364.34133333 154.49642494
-0.54238325 363.42800000 154.21875187
-0.54079708 362.56300000 153.93035406
-0.53921090 361.74233333 153.63128205
-0.53762473 360.97066667 153.33084252
-0.53603855 360.23333333 153.02918785
-0.53445090 359.52533333 152.72750927
-0.53286472 358.84166667 152.42624261
-0.53127707 358.17766667 152.12498870
-0.52968942 357.53133333 151.82500158
-0.52810029 356.89900000 151.52581936
-0.52651263 356.27900000 151.22748344
-0.52492498 355.67000000 150.93038998
-0.52333585 355.06966667 150.63493455
-0.52174671 354.47666667 150.34032277
-0.52015758 353.89066667 150.04732375
-0.51856845 353.31033333 149.75558541
-0.51697932 352.73433333 149.46587614
-0.51538871 352.16266667 149.17737857
-0.51379958 351.59366667 148.89051061
-0.51220897 351.02733333 148.60482676
-0.51061836 350.46266667 148.32076892
-0.50902775 349.89900000 148.03875572
-0.50743714 349.33600000 147.75792078
-0.50584653 348.77333333 147.47910218
-0.50425592 348.20933333 147.20153378
-0.50266383 347.64333333 146.92645111
-0.50107322 347.07333333 146.65274814
-0.49948261 346.50033333 146.38153324
-0.49789052 345.92500000 146.11193828
-0.49629843 345.34633333 145.84396185
-0.49470782 344.76366667 145.57883874
-0.49311573 344.17666667 145.31533151
-0.49152364 343.58433333 145.05470261
-0.48993156 342.98633333 144.79571514
-0.48833947 342.38166667 144.53963293
-0.48674738 341.76933333 144.28609105
-0.48515529 341.14866667 144.03506253
-0.48356320 340.51966667 143.78744914
-0.48196964 339.88033333 143.54243888
-0.48037755 339.23066667 143.30057385
-0.47878546 338.56966667 143.06186099
-0.47719337 337.89700000 142.82597473
-0.47559980 337.21366667 142.59265345
-0.47400772 336.51966667 142.36073617
-0.47241563 335.81766667 142.12918931
-0.47082206 335.11466667 141.89406060
-0.46922997 334.42200000 141.64457192
-0.46763788 333.80900000 141.36939651
-0.46604432 333.41333333 141.10144024
-0.46445223 333.18533333 140.86005176
-0.46286014 332.92633333 140.61384514
-0.46126658 332.59566667 140.35856770
-0.45967449 332.23966667 140.11126075
-0.45808240 331.86733333 139.87192824
-0.45649031 331.47333333 139.63480549
-0.45489822 331.06533333 139.40064104
-0.45330613 330.64566667 139.16858708
-0.45171257 330.21733333 138.93910379
-0.45012048 329.78133333 138.71127262
-0.44852839 329.33900000 138.48516407
-0.44693778 328.89166667 138.26120416
-0.44534569 328.44000000 138.03850759
-0.44375360 327.98400000 137.81810772
-0.44216151 327.52400000 137.59915887
-0.44057090 327.06133333 137.38197934
-0.43897882 326.59766667 137.16568205
-0.43738821 326.13333333 136.95150695
-0.43579612 325.66900000 136.73821466
-0.43420551 325.20433333 136.52665773
-0.43261490 324.74033333 136.31683720
-0.43102429 324.27666667 136.10751401
-0.42943368 323.81433333 135.89996876
-0.42784307 323.35366667 135.69369684
-0.42625394 322.89433333 135.48920538
-0.42466333 322.43700000 135.28606944
-0.42307419 321.98133333 135.08386348
-0.42148358 321.52800000 134.88344348
-0.41989445 321.07766667 134.68438407
-0.41830532 320.62966667 134.48630142
-0.41671619 320.18433333 134.28962573
-0.41512853 319.74200000 134.09465929
-0.41353940 319.30333333 133.90076195
-0.41195175 318.86766667 133.70823590
-0.41036262 318.43466667 133.51712695
-0.40877496 318.00633333 133.32743807
-0.40718731 317.58133333 133.13874352
-0.40560114 317.16000000 132.95147479
-0.40401348 316.74233333 132.76610970
-0.40242731 316.32866667 132.58131923
-0.40084113 315.91966667 132.39844034
-0.39925496 315.51433333 132.21618910
-0.39766878 315.11366667 132.03585846
-0.39608261 314.71700000 131.85659356
-0.39449791 314.32433333 131.67839855
-0.39291321 313.93666667 131.50175654
-0.39132851 313.55333333 131.32662470
-0.38974382 313.17433333 131.15267616
-0.38816060 312.80033333 130.97981822
-0.38657738 312.43133333 130.80853693
-0.38499416 312.06666667 130.63845848
-0.38341094 311.70666667 130.46953904
-0.38182920 311.35200000 130.30150889
-0.38024598 311.00233333 130.13508490
-0.37866424 310.65733333 129.96918962
-0.37708398 310.31800000 129.80432065
-0.37550224 309.98500000 129.63957314
-0.37392198 309.66100000 129.47484952
-0.37234172 309.34833333 129.30750485
-0.37076145 309.06400000 129.13785078
-0.36918267 308.82133333 128.97571511
-0.36760388 308.58366667 128.81635621
-0.36602510 308.32733333 128.65520323
-0.36444780 308.06633333 128.49695926
-0.36286901 307.80000000 128.34125675
-0.36129171 307.52866667 128.18691962
-0.35971588 307.25500000 128.03464931
-0.35814005 306.97900000 127.88445300
-0.35656422 306.70133333 127.73558932
-0.35498840 306.42300000 127.58806795
-0.35341405 306.14433333 127.44233447
-0.35183970 305.86566667 127.29783771
-0.35026535 305.58700000 127.15477456
-0.34869248 305.30866667 127.01309297
-0.34711961 305.03100000 126.87324014
-0.34554674 304.75466667 126.73479030
-0.34397534 304.47933333 126.59701204
-0.34240395 304.20533333 126.46146823
-0.34083256 303.93233333 126.32712663
-0.33926264 303.66133333 126.19430536
-0.33769273 303.39133333 126.06301801
-0.33612429 303.12300000 125.93334836
-0.33455586 302.85633333 125.80501516
-0.33298742 302.59166667 125.67826359
-0.33142046 302.32800000 125.55332512
-0.32985350 302.06666667 125.42963568
-0.32828655 301.80766667 125.30794787
-0.32672107 301.54966667 125.18762474
-0.32515559 301.29433333 125.06927827
-0.32359159 301.04100000 124.95257032
-0.32202758 300.79033333 124.83789358
-0.32046358 300.54166667 124.72491224
-0.31890106 300.29600000 124.61337277
-0.31734002 300.05333333 124.50331051
-0.31577749 299.81433333 124.39512312
-0.31421793 299.58033333 124.28792766
-0.31265688 299.35266667 124.18196576
-0.31109731 299.13300000 124.07575615
-0.30953923 298.92566667 123.96818437
-0.30798114 298.73500000 123.85761039
-0.30642305 298.57066667 123.73776879
-0.30486644 298.46533333 123.59836314
-0.30330983 298.50500000 123.45002452
-0.30175470 298.70066667 123.32871024
-0.30019957 298.87333333 123.20959661
-0.29864591 298.96800000 123.07937844
-0.29709226 299.04366667 122.96211561
-0.29554008 299.08200000 122.85181484
-0.29398791 299.08800000 122.74420473
-0.29243721 299.07000000 122.64110568
-0.29088651 299.03233333 122.54135821
-0.28933730 298.97766667 122.44428439
-0.28778808 298.90833333 122.35035885
-0.28623886 298.82633333 122.25905701
-0.28469112 298.73300000 122.17005443
-0.28314485 298.63033333 122.08313437
-0.28159859 298.51933333 121.99880780
-0.28005381 298.40133333 121.91595443
-0.27850902 298.27733333 121.83595184
-0.27696572 298.14833333 121.75667760
-0.27542241 298.01566667 121.68042831
-0.27388059 297.88000000 121.60495297
-0.27234024 297.74166667 121.53175010
-0.27079989 297.60233333 121.46016067
-0.26925954 297.46233333 121.38974766
-0.26772067 297.32166667 121.32087049
-0.26618327 297.18233333 121.25319616
-0.26464588 297.04533333 121.18673406
-0.26310997 296.90900000 121.12137299
-0.26157405 296.77666667 121.05699654
-0.26003962 296.64700000 120.99315064
-0.25850518 296.52066667 120.93016730
-0.25697222 296.39766667 120.86746207
-0.25544074 296.27900000 120.80581395
-0.25390926 296.16366667 120.74462847
-0.25237926 296.05100000 120.68356400
-0.25084926 295.94033333 120.62404739
-0.24932074 295.83000000 120.56573425
-0.24779369 295.71766667 120.50952542
-0.24626665 295.59833333 120.45600032
-0.24474108 295.46800000 120.40846406
-0.24321552 295.31833333 120.36859254
-0.24169143 295.13566667 120.34191964
-0.24016882 294.89800000 120.33963557
-0.23864621 294.55800000 120.39547922
-0.23712508 293.90066667 120.52597698
-0.23560542 292.68233333 120.58811635
-0.23408577 291.40633333 120.57569684
-0.23256759 290.58600000 120.61010765
-0.23104942 290.03000000 120.63440261
-0.22953272 289.62833333 120.62398305
-0.22801750 289.37300000 120.60546167
-0.22650376 289.21766667 120.58183073
-0.22499002 289.13833333 120.55351059
-0.22347628 289.11666667 120.52432952
-0.22196550 289.13966667 120.49348807
-0.22045471 289.19766667 120.46204512
-0.21894541 289.28300000 120.43135687
-0.21743610 289.39100000 120.40094798
-0.21592827 289.51600000 120.37140390
-0.21442193 289.65600000 120.34207121
-0.21291705 289.80800000 120.31354986
-0.21141218 289.96966667 120.28534988
-0.20990879 290.14033333 120.25804192
-0.20840540 290.31800000 120.23083209
-0.20690496 290.50200000 120.20415753
-0.20540453 290.69100000 120.17828546
-0.20390557 290.88466667 120.15208092
-0.20240661 291.08200000 120.12678844
-0.20090913 291.28200000 120.10174069
-0.19941313 291.48433333 120.07719857
-0.19791861 291.68666667 120.05341946
-0.19642408 291.88766667 120.03119124
-0.19493104 292.08433333 120.01048644
-0.19343947 292.27266667 119.99494334
-0.19194791 292.44133333 119.98795451
-0.19045930 292.56300000 119.98753571
-0.18897069 292.62666667 119.98636067
-0.18748355 292.66333333 119.98117177
-0.18599642 292.71500000 119.97440089
-0.18451077 292.79933333 119.96835690
-0.18302659 292.90733333 119.96085610
-0.18154390 293.02966667 119.94999653
-0.18006268 293.17166667 119.93828170
-0.17858146 293.32933333 119.92502834
-0.17710172 293.50333333 119.91040132
-0.17562346 293.69333333 119.89465345
-0.17414667 293.90033333 119.87775907
-0.17266989 294.12266667 119.85941828
-0.17119606 294.36133333 119.83968707
-0.16972223 294.61700000 119.81873455
-0.16824841 294.88866667 119.79653668
-0.16677754 295.17700000 119.77260029
-0.16530667 295.48266667 119.74784103
-0.16383875 295.80533333 119.72109717
-0.16237084 296.14566667 119.69328298
-0.16090440 296.50366667 119.66430721
-0.15943796 296.87966667 119.63327631
-0.15797449 297.27333333 119.60036941
-0.15651101 297.68566667 119.56630174
-0.15504900 298.11633333 119.53125524
-0.15358848 298.56533333 119.49453464
-0.15212944 299.03300000 119.45585381
-0.15067039 299.52000000 119.41613384
-0.14921430 300.02633333 119.37467823
-0.14775822 300.55166667 119.33167448
-0.14630375 301.09666667 119.28731319
-0.14485062 301.66066667 119.24142077
-0.14339867 302.24466667 119.19387525
-0.14194791 302.84800000 119.14591339
-0.14049847 303.47133333 119.09563461
-0.13905022 304.11466667 119.04433889
-0.13760344 304.77766667 118.99168192
-0.13615770 305.46066667 118.93798008
-0.13471344 306.16433333 118.88283934
-0.13327021 306.88800000 118.82667153
-0.13182846 307.63166667 118.76946373
-0.13038804 308.39600000 118.71141858
-0.12894881 309.18066667 118.65281957
-0.12751090 309.98600000 118.59267162
-0.12607433 310.81200000 118.53233827
-0.12463893 311.65866667 118.47184732
-0.12320502 312.52566667 118.41071659
-0.12177229 313.41266667 118.34915329
-0.12034104 314.32033333 118.28809000
-0.11891096 315.24633333 118.22704662
-0.11748222 316.19066667 118.16742732
-0.11605496 317.15133333 118.10991455
-0.11462888 318.12333333 118.05594467
-0.11320413 319.10033333 118.01066105
-0.11178086 320.06466667 117.98439336
-0.11035892 320.94633333 117.98207181
-0.10893816 321.67800000 117.96001953
-0.10751888 322.43233333 117.91293931
-0.10610108 323.37333333 117.88117225
-0.10468446 324.41900000 117.84982883
-0.10326932 325.51800000 117.81061931
-0.10185551 326.67233333 117.77415274
-0.10044304 327.86733333 117.74017713
-0.09903203 329.09833333 117.70915974
-0.09762236 330.36366667 117.68226418
-0.09621417 331.66133333 117.65881171
-0.09480731 332.99233333 117.64017047
-0.09340178 334.35566667 117.62566082
-0.09199772 335.75266667 117.61642838
-0.09059500 337.18466667 117.61296081
-0.08919376 338.65233333 117.61476592
-0.08779384 340.15700000 117.62304551
-0.08639541 341.70000000 117.63753531
-0.08499845 343.28266667 117.66011904
-0.08360282 344.90666667 117.68962435
-0.08220867 346.57333333 117.72793410
-0.08081600 348.28366667 117.77574603
-0.07942466 350.03833333 117.83400134
-0.07803480 351.83766667 117.90316992
-0.07664641 353.68266667 117.98536536
-0.07525951 355.57133333 118.08271394
-0.07387393 357.50133333 118.19685857
-0.07248984 359.46900000 118.33181052
-0.07110722 361.46433333 118.49321512
-0.06972608 363.47466667 118.68932648
-0.06834642 365.47166667 118.94370454
-0.06696823 367.29366667 119.26104875
-0.06559138 368.80900000 119.48981045
-0.06421615 370.76433333 119.58500631
-0.06284240 373.91700000 119.73308823
-0.06146998 377.71433333 119.90905321
-0.06009919 381.71466667 120.04405177
-0.05872988 385.99900000 120.19395244
-0.05736204 390.52666667 120.35427400
-0.05599568 395.33866667 120.51440802
-0.05463080 400.50233333 120.65998217
-0.05326740 406.12233333 120.77213580
-0.05190548 412.35133333 120.81646050
-0.05054518 419.44166667 120.72907678
-0.04918636 427.77733333 120.41806058
-0.04782902 438.14033333 119.78512062
-0.04647316 451.89066667 119.24956298
-0.04511893 466.47833333 119.88476970
-0.04376617 473.39333333 120.62867272
-0.04241504 475.32400000 120.73221599
-0.04106524 480.02200000 121.21456846
-0.03971706 486.11066667 121.85133651
-0.03837051 492.90433333 122.40186003
-0.03702529 500.87233333 122.95711079
-0.03568185 510.00500000 123.49634019
-0.03433973 520.52700000 123.96178389
-0.03299939 532.79633333 124.24806027
-0.03166038 547.43933333 124.17673085
-0.03032315 565.91633333 123.54321015
-0.02898739 591.51500000 122.98557452
-0.02765326 621.40000000 124.50522019
-0.02632105 636.80000000 126.98798660
-0.02499002 634.61666667 128.38556726
-0.02366047 632.15233333 130.47111662
-0.02233255 631.55700000 134.05143801
-0.02100625 629.96333333 138.77037028
-0.01968143 629.51366667 145.01515633
-0.01835824 630.77566667 153.57235271
-0.01703653 635.09900000 165.37274784
-0.01571644 643.71833333 183.20691059
-0.01439801 661.90833333 215.85031374
-0.01308110 691.99733333 280.33498885
-0.01176578 696.81000000 312.28033899
-0.01045207 668.82833333 263.68898328
-0.00913993 642.13233333 208.40168776
-0.00782941 629.38166667 181.15335486
-0.00652048 621.88533333 166.25302667
-0.00521317 622.93766667 155.50430374
-0.00390746 623.87700000 148.63751352
-0.00260335 641.42333333 143.07093779
-0.00130087 682.67766667 139.92034801
-0.00000000 681.25133333 135.58722390
