# s/c    M_iso
1.28119503 0.81844683
1.27992372 0.81933799
1.27865242 0.82019755
1.27738111 0.82102619
1.27610981 0.82182460
1.27483850 0.82259347
1.27356719 0.82333347
1.27229589 0.82404528
1.27102458 0.82472956
1.26975328 0.82538696
1.26848197 0.82601813
1.26721067 0.82662373
1.26593936 0.82720438
1.26466806 0.82776072
1.26339675 0.82829338
1.26212545 0.82880296
1.26085414 0.82929009
1.25958283 0.82975536
1.25831153 0.83019938
1.25704022 0.83062274
1.25576892 0.83102602
1.25449761 0.83140981
1.25322631 0.83177467
1.25195500 0.83212117
1.25068370 0.83244988
1.24941239 0.83276133
1.24814109 0.83305609
1.24686978 0.83333469
1.24559847 0.83359766
1.24432717 0.83384553
1.24305586 0.83407882
1.24178456 0.83429805
1.24051325 0.83450372
1.23924195 0.83469633
1.23797064 0.83487637
1.23669934 0.83504434
1.23542803 0.83520071
1.23415673 0.83534596
1.23288542 0.83548055
1.23161411 0.83560495
1.23034281 0.83571961
1.22907150 0.83582498
1.22780020 0.83592149
1.22652889 0.83600959
1.22525759 0.83608970
1.22398628 0.83616223
1.22271498 0.83622761
1.22144367 0.83628625
1.22017237 0.83633854
1.21890106 0.83638487
1.21762975 0.83642564
1.21635845 0.83646123
1.21508714 0.83649201
1.21381584 0.83651834
1.21254453 0.83654059
1.21127323 0.83655912
1.21000192 0.83657427
1.20873062 0.83658637
1.20744453 0.83659577
1.20617322 0.83660280
1.20490192 0.83660776
1.20363061 0.83661099
1.20235931 0.83661277
1.20108800 0.83661343
1.19981670 0.83661324
1.19854539 0.83661249
1.19727408 0.83661147
1.19600278 0.83661045
1.19473147 0.83660970
1.19346017 0.83660948
1.19218886 0.83661003
1.19091756 0.83661162
1.18964625 0.83661447
1.18837495 0.83661882
1.18710364 0.83662490
1.18583234 0.83663294
1.18456103 0.83664313
1.18328972 0.83665569
1.18201842 0.83667082
1.18074711 0.83668871
1.17946103 0.83670955
1.17818972 0.83673352
1.17691841 0.83676080
1.17564711 0.83679154
1.17437580 0.83682591
1.17310450 0.83686406
1.17183319 0.83690614
1.17056189 0.83695229
1.16929058 0.83700264
1.16801928 0.83705732
1.16674797 0.83711644
1.16547667 0.83718013
1.16420536 0.83724849
1.16293405 0.83732161
1.16166275 0.83739959
1.16039144 0.83748251
1.15912014 0.83757046
1.15783405 0.83766351
1.15656274 0.83776173
1.15529144 0.83786517
1.15402013 0.83814714
1.15274883 0.83842199
1.15147752 0.83873656
1.15020622 0.83907500
1.14893491 0.83942872
1.14766361 0.83979125
1.14639230 0.84016890
1.14512100 0.84057646
1.14384969 0.84101535
1.14257838 0.84147723
1.14130708 0.84194541
1.14002099 0.84239173
1.13874969 0.84277532
1.13747838 0.84307183
1.13620707 0.84328611
1.13493577 0.84343428
1.13366446 0.84353107
1.13239316 0.84358954
1.13112185 0.84362708
1.12985055 0.84365702
1.12857924 0.84369069
1.12730794 0.84373901
1.12603663 0.84381088
1.12475054 0.84391431
1.12347924 0.84405304
1.12220793 0.84422417
1.12093663 0.84441874
1.11966532 0.84462568
1.11839402 0.84483624
1.11712271 0.84504519
1.11585141 0.84524932
1.11458010 0.84544741
1.11330879 0.84563871
1.11203749 0.84582273
1.11075140 0.84599937
1.10948010 0.84616862
1.10820879 0.84633070
1.10693748 0.84648586
1.10566618 0.84663437
1.10439487 0.84677652
1.10312357 0.84691287
1.10185226 0.84704415
1.10058096 0.84717153
1.09930965 0.84729673
1.09802356 0.84742136
1.09675226 0.84754720
1.09548095 0.84767600
1.09420965 0.84780948
1.09293834 0.84794934
1.09166704 0.84809683
1.09039573 0.84825292
1.08912443 0.84841826
1.08783834 0.84859266
1.08656703 0.84877568
1.08529573 0.84896616
1.08402442 0.84916309
1.08275312 0.84936445
1.08148181 0.84956510
1.08021050 0.84975978
1.07893920 0.84994637
1.07766789 0.85012917
1.07638181 0.85031635
1.07511050 0.85051433
1.07383919 0.85072560
1.07256789 0.85095003
1.07129658 0.85118669
1.07002528 0.85143377
1.06875397 0.85168891
1.06746788 0.85194954
1.06619658 0.85221383
1.06492527 0.85248126
1.06365397 0.85275264
1.06238266 0.85302835
1.06111136 0.85330788
1.05984005 0.85358891
1.05856875 0.85386795
1.05728266 0.85414487
1.05601135 0.85442180
1.05474005 0.85470094
1.05346874 0.85498450
1.05219744 0.85527303
1.05092613 0.85556604
1.04965483 0.85586377
1.04836874 0.85616582
1.04709743 0.85647151
1.04582613 0.85678010
1.04455482 0.85709076
1.04328352 0.85740372
1.04201221 0.85771963
1.04072612 0.85803901
1.03945482 0.85836188
1.03818351 0.85868774
1.03691221 0.85901592
1.03564090 0.85934526
1.03436960 0.85967473
1.03309829 0.86000460
1.03181220 0.86033622
1.03054090 0.86067116
1.02926959 0.86101056
1.02799829 0.86135550
1.02672698 0.86170703
1.02545567 0.86206657
1.02416959 0.86243481
1.02289828 0.86280988
1.02162698 0.86318742
1.02035567 0.86356245
1.01908436 0.86393205
1.01779828 0.86429580
1.01652697 0.86465456
1.01525567 0.86500937
1.01398436 0.86536110
1.01271305 0.86571043
1.01144175 0.86605780
1.01015566 0.86640326
1.00888436 0.86674693
1.00761305 0.86708852
1.00634174 0.86742727
1.00507044 0.86776250
1.00378435 0.86809332
1.00251305 0.86841915
1.00124174 0.86874072
0.99997043 0.86905981
0.99869913 0.86937873
0.99742782 0.86969954
0.99614174 0.87002246
0.99487043 0.87034753
0.99359912 0.87067598
0.99232782 0.87100943
0.99105651 0.87134916
0.98977043 0.87169567
0.98849912 0.87204872
0.98722781 0.87240683
0.98595651 0.87276805
0.98468520 0.87312991
0.98339912 0.87349012
0.98212781 0.87384617
0.98085651 0.87419473
0.97958520 0.87453425
0.97829911 0.87486450
0.97702781 0.87518750
0.97575650 0.87550685
0.97448520 0.87582634
0.97321389 0.87615026
0.97192780 0.87648081
0.97065650 0.87681951
0.96938519 0.87716727
0.96811389 0.87752347
0.96682780 0.87788553
0.96555649 0.87824897
0.96428519 0.87860963
0.96301388 0.87896433
0.96174258 0.87931028
0.96045649 0.87964278
0.95918518 0.87995507
0.95791388 0.88024326
0.95664257 0.88051364
0.95535648 0.88077987
0.95408518 0.88105396
0.95281387 0.88134229
0.95154257 0.88164473
0.95025648 0.88195977
0.94898517 0.88228653
0.94771387 0.88262411
0.94644256 0.88297112
0.94515647 0.88332519
0.94388517 0.88368372
0.94261386 0.88404319
0.94134256 0.88439699
0.94005647 0.88473476
0.93878516 0.88504786
0.93751386 0.88533615
0.93624255 0.88560616
0.93495647 0.88586716
0.93368516 0.88612910
0.93241385 0.88639820
0.93114255 0.88667762
0.92985646 0.88696902
0.92858516 0.88727369
0.92731385 0.88759353
0.92604254 0.88792997
0.92475646 0.88828388
0.92348515 0.88865229
0.92221385 0.88902888
0.92094254 0.88940530
0.91965645 0.88977276
0.91838515 0.89012854
0.91711384 0.89047223
0.91582775 0.89080458
0.91455645 0.89112813
0.91328514 0.89144628
0.91201384 0.89176274
0.91072775 0.89208178
0.90945644 0.89240925
0.90818514 0.89274813
0.90691383 0.89309977
0.90562774 0.89346421
0.90435644 0.89384002
0.90308513 0.89422532
0.90179905 0.89461763
0.90052774 0.89501432
0.89925643 0.89541259
0.89797035 0.89580938
0.89669904 0.89620065
0.89542774 0.89658178
0.89415643 0.89694857
0.89287034 0.89729790
0.89159904 0.89762821
0.89032773 0.89793891
0.88904164 0.89823155
0.88777034 0.89851164
0.88649903 0.89878688
0.88521294 0.89906411
0.88394164 0.89934745
0.88267033 0.89964060
0.88138424 0.89994836
0.88011294 0.90027491
0.87884163 0.90062313
0.87757033 0.90099390
0.87628424 0.90138543
0.87501293 0.90179354
0.87374163 0.90221137
0.87245554 0.90263050
0.87118424 0.90304084
0.86991293 0.90343046
0.86862684 0.90378942
0.86735554 0.90411262
0.86608423 0.90440090
0.86479814 0.90466106
0.86352684 0.90490161
0.86225553 0.90513263
0.86096944 0.90536539
0.85969814 0.90560488
0.85842683 0.90585332
0.85714075 0.90611142
0.85586944 0.90637806
0.85459813 0.90665050
0.85331205 0.90692564
0.85204074 0.90719856
0.85076944 0.90745946
0.84948335 0.90770351
0.84821204 0.90793131
0.84692595 0.90814792
0.84565465 0.90835959
0.84438334 0.90856957
0.84309725 0.90878024
0.84182595 0.90899138
0.84055464 0.90920172
0.83926856 0.90940994
0.83799725 0.90961443
0.83672594 0.90981367
0.83543986 0.91000605
0.83416855 0.91019012
0.83288246 0.91036516
0.83161116 0.91053072
0.83033985 0.91068728
0.82905376 0.91083548
0.82778246 0.91097737
0.82651115 0.91111923
0.82522507 0.91126915
0.82395376 0.91143339
0.82266767 0.91161175
0.82139637 0.91179847
0.82012506 0.91198691
0.81883897 0.91217279
0.81756767 0.91235330
0.81628158 0.91252562
0.81501027 0.91268643
0.81373897 0.91283140
0.81245288 0.91295810
0.81118157 0.91306681
0.80989549 0.91315949
0.80862418 0.91323791
0.80735288 0.91330433
0.80606679 0.91336237
0.80479548 0.91341751
0.80350939 0.91347695
0.80223809 0.91354479
0.80096678 0.91362230
0.79968070 0.91370973
0.79840939 0.91380524
0.79712330 0.91390684
0.79585200 0.91401124
0.79458069 0.91411295
0.79329460 0.91420856
0.79202330 0.91429570
0.79073721 0.91437266
0.78946590 0.91443914
0.78817982 0.91449521
0.78690851 0.91454174
0.78563720 0.91457971
0.78435112 0.91461098
0.78307981 0.91463890
0.78179372 0.91466943
0.78052242 0.91471012
0.77923633 0.91476594
0.77796502 0.91483913
0.77669372 0.91492990
0.77540763 0.91503682
0.77413633 0.91515791
0.77285024 0.91529005
0.77157893 0.91542862
0.77029284 0.91556633
0.76902154 0.91569556
0.76773545 0.91581392
0.76646414 0.91592421
0.76517806 0.91603061
0.76390675 0.91613637
0.76263545 0.91624332
0.76134936 0.91635262
0.76007805 0.91646486
0.75879196 0.91658026
0.75752066 0.91669897
0.75623457 0.91682114
0.75496327 0.91694710
0.75367718 0.91707723
0.75240587 0.91721214
0.75111978 0.91735308
0.74984848 0.91750148
0.74856239 0.91765913
0.74729108 0.91782775
0.74600500 0.91800759
0.74473369 0.91819748
0.74344760 0.91839468
0.74217630 0.91859551
0.74089021 0.91879687
0.73961890 0.91899592
0.73833282 0.91918990
0.73706151 0.91937624
0.73577542 0.91955227
0.73450412 0.91971493
0.73321803 0.91986387
0.73194672 0.92000335
0.73066064 0.92014303
0.72938933 0.92029716
0.72810324 0.92047387
0.72683194 0.92067367
0.72554585 0.92089219
0.72427454 0.92112286
0.72298845 0.92136281
0.72171715 0.92160995
0.72043106 0.92186193
0.71915976 0.92211440
0.71787367 0.92235868
0.71660236 0.92258301
0.71531627 0.92277464
0.71404497 0.92293430
0.71275888 0.92307501
0.71148758 0.92321140
0.71020149 0.92335579
0.70893018 0.92351086
0.70764409 0.92367782
0.70635801 0.92385836
0.70508670 0.92405456
0.70380061 0.92427118
0.70252931 0.92451166
0.70124322 0.92477019
0.69997191 0.92502972
0.69868582 0.92527424
0.69741452 0.92549495
0.69612843 0.92569463
0.69484234 0.92587956
0.69357104 0.92605404
0.69228495 0.92622256
0.69101364 0.92638511
0.68972756 0.92654098
0.68845625 0.92668867
0.68717016 0.92682108
0.68589886 0.92693054
0.68461277 0.92702214
0.68332668 0.92711251
0.68205538 0.92721384
0.68076929 0.92732791
0.67949798 0.92745284
0.67821189 0.92758830
0.67692581 0.92773675
0.67565450 0.92790141
0.67436841 0.92808104
0.67309711 0.92825928
0.67181102 0.92841020
0.67053971 0.92851996
0.66925363 0.92858405
0.66796754 0.92860507
0.66669623 0.92859395
0.66541014 0.92856661
0.66413884 0.92854451
0.66285275 0.92854187
0.66156666 0.92856127
0.66029536 0.92859708
0.65900927 0.92864049
0.65772318 0.92868910
0.65645188 0.92874445
0.65516579 0.92880667
0.65389448 0.92887249
0.65260839 0.92893786
0.65132231 0.92899899
0.65005100 0.92905237
0.64876491 0.92909552
0.64749361 0.92912604
0.64620752 0.92914230
0.64492143 0.92914239
0.64365012 0.92912505
0.64236404 0.92908749
0.64107795 0.92902312
0.63980664 0.92892710
0.63852056 0.92880062
0.63723447 0.92865074
0.63596316 0.92848804
0.63467707 0.92832132
0.63339099 0.92816120
0.63211968 0.92802129
0.63083359 0.92790925
0.62954750 0.92782881
0.62827620 0.92777994
0.62699011 0.92774623
0.62571880 0.92769895
0.62443272 0.92761837
0.62314663 0.92749864
0.62187532 0.92734444
0.62058924 0.92716632
0.61930315 0.92697364
0.61801706 0.92677126
0.61674575 0.92656205
0.61545967 0.92634853
0.61417358 0.92612760
0.61290227 0.92589032
0.61161618 0.92562907
0.61033010 0.92534755
0.60905879 0.92505877
0.60777270 0.92478425
0.60648661 0.92454183
0.60521531 0.92432654
0.60392922 0.92412649
0.60264313 0.92392336
0.60137183 0.92369445
0.60008574 0.92342899
0.59879965 0.92312530
0.59751356 0.92279002
0.59624226 0.92243722
0.59495617 0.92209028
0.59367008 0.92177005
0.59239878 0.92148060
0.59111269 0.92120809
0.58982660 0.92093029
0.58854051 0.92063826
0.58726921 0.92033611
0.58598312 0.92003544
0.58469703 0.91975425
0.58341094 0.91950808
0.58213964 0.91930065
0.58085355 0.91912578
0.57956746 0.91896256
0.57829616 0.91877860
0.57701007 0.91855764
0.57572398 0.91829382
0.57443789 0.91798777
0.57316659 0.91764842
0.57188050 0.91728775
0.57059441 0.91692257
0.56930832 0.91657148
0.56803702 0.91624717
0.56675093 0.91595207
0.56546484 0.91568284
0.56417875 0.91543402
0.56289266 0.91519283
0.56162136 0.91493945
0.56033527 0.91466118
0.55904918 0.91435535
0.55776309 0.91403715
0.55649179 0.91373147
0.55520570 0.91345053
0.55391961 0.91318978
0.55263352 0.91292700
0.55134744 0.91263286
0.55007613 0.91229629
0.54879004 0.91192379
0.54750395 0.91153343
0.54621787 0.91115630
0.54494656 0.91080596
0.54366047 0.91047212
0.54237438 0.91013506
0.54108830 0.90976837
0.53980221 0.90935089
0.53853090 0.90888852
0.53724481 0.90842033
0.53595873 0.90798487
0.53467264 0.90759463
0.53338655 0.90723392
0.53210046 0.90685833
0.53082916 0.90643340
0.52954307 0.90596048
0.52825698 0.90546878
0.52697089 0.90500060
0.52568480 0.90457923
0.52439872 0.90420433
0.52312741 0.90385163
0.52184132 0.90347847
0.52055524 0.90306000
0.51926915 0.90259198
0.51798306 0.90208069
0.51669697 0.90154525
0.51542567 0.90100776
0.51413958 0.90048591
0.51285349 0.89998521
0.51156740 0.89950163
0.51028131 0.89902282
0.50899523 0.89853130
0.50770914 0.89801863
0.50643783 0.89748646
0.50515174 0.89694408
0.50386566 0.89640408
0.50257957 0.89587155
0.50129348 0.89534408
0.50000739 0.89481656
0.49872130 0.89428184
0.49743522 0.89373142
0.49616391 0.89315930
0.49487782 0.89256229
0.49359173 0.89194038
0.49230565 0.89129817
0.49101956 0.89064163
0.48973347 0.88997905
0.48844738 0.88932215
0.48716129 0.88868389
0.48587521 0.88806994
0.48460390 0.88747535
0.48331781 0.88687990
0.48203172 0.88625525
0.48074564 0.88559658
0.47945955 0.88491721
0.47817346 0.88423472
0.47688737 0.88356367
0.47560128 0.88290889
0.47431520 0.88226122
0.47302911 0.88159572
0.47174302 0.88088993
0.47045693 0.88012843
0.46917084 0.87931414
0.46789954 0.87848696
0.46661345 0.87769030
0.46532736 0.87694206
0.46404127 0.87620564
0.46275519 0.87539705
0.46146910 0.87450567
0.46018301 0.87358543
0.45889692 0.87269054
0.45761083 0.87185890
0.45632474 0.87107908
0.45503866 0.87032181
0.45375257 0.86958363
0.45246648 0.86888432
0.45118039 0.86825620
0.44989430 0.86766876
0.44860822 0.86702382
0.44732213 0.86627924
0.44603604 0.86545882
0.44474995 0.86461904
0.44346386 0.86381133
0.44217778 0.86304597
0.44089169 0.86230903
0.43960560 0.86157887
0.43831951 0.86084422
0.43703342 0.86010124
0.43574734 0.85934526
0.43446125 0.85857702
0.43317516 0.85779612
0.43188907 0.85700268
0.43060298 0.85620388
0.42931690 0.85541423
0.42803081 0.85464291
0.42674472 0.85388994
0.42545863 0.85314976
0.42417254 0.85243518
0.42288645 0.85177944
0.42160037 0.85120791
0.42031428 0.85068696
0.41902819 0.85011425
0.41774210 0.84944175
0.41645601 0.84870501
0.41516993 0.84795820
0.41388384 0.84722404
0.41259775 0.84649053
0.41131166 0.84576482
0.41002557 0.84507170
0.40873949 0.84441665
0.40745340 0.84376949
0.40616731 0.84309800
0.40488122 0.84239917
0.40359513 0.84168852
0.40230905 0.84100961
0.40102296 0.84041442
0.39973687 0.83990394
0.39843600 0.83943870
0.39714991 0.83897860
0.39586382 0.83850584
0.39457773 0.83802068
0.39329165 0.83752728
0.39200556 0.83702907
0.39071947 0.83652282
0.38943338 0.83600394
0.38814729 0.83547630
0.38686121 0.83495098
0.38557512 0.83444278
0.38428903 0.83397093
0.38298816 0.83355335
0.38170207 0.83319296
0.38041598 0.83286574
0.37912989 0.83254065
0.37784381 0.83220804
0.37655772 0.83187352
0.37527163 0.83154046
0.37398554 0.83120965
0.37269945 0.83087825
0.37139858 0.83053566
0.37011250 0.83017823
0.36882641 0.82982549
0.36754032 0.82950415
0.36625423 0.82922909
0.36496814 0.82899663
0.36368206 0.82878851
0.36238118 0.82858571
0.36109510 0.82837907
0.35980901 0.82816977
0.35852292 0.82795867
0.35723683 0.82773963
0.35595074 0.82751108
0.35466466 0.82728568
0.35336379 0.82707792
0.35207770 0.82689471
0.35079161 0.82672837
0.34950552 0.82656621
0.34821943 0.82641015
0.34693335 0.82625491
0.34563247 0.82608662
0.34434639 0.82590166
0.34306030 0.82569595
0.34177421 0.82546778
0.34048812 0.82521629
0.33918725 0.82494026
0.33790116 0.82463838
0.33661508 0.82430652
0.33532899 0.82394489
0.33404290 0.82356019
0.33275681 0.82316528
0.33145594 0.82276475
0.33016985 0.82235115
0.32888376 0.82190971
0.32759768 0.82141639
0.32629681 0.82084494
0.32501072 0.82017784
0.32372463 0.81940682
0.32243854 0.81854145
0.32115245 0.81760967
0.31985158 0.81663196
0.31856549 0.81562647
0.31727941 0.81460974
0.31599332 0.81357978
0.31469245 0.81251805
0.31340636 0.81141057
0.31212027 0.81025603
0.31083418 0.80904992
0.30953331 0.80777024
0.30824722 0.80638733
0.30696114 0.80488410
0.30567505 0.80326842
0.30437418 0.80157295
0.30308809 0.79983299
0.30180200 0.79807215
0.30051591 0.79628653
0.29921504 0.79444929
0.29792895 0.79253457
0.29664287 0.79052956
0.29534200 0.78844590
0.29405591 0.78631788
0.29276982 0.78417132
0.29148373 0.78201753
0.29018286 0.77984604
0.28889677 0.77760449
0.28761068 0.77523562
0.28630981 0.77274986
0.28502373 0.77020089
0.28373764 0.76764488
0.28243677 0.76510042
0.28115068 0.76252085
0.27986459 0.75985829
0.27857850 0.75708654
0.27727763 0.75420105
0.27599154 0.75122029
0.27470546 0.74819046
0.27340459 0.74515604
0.27211850 0.74213045
0.27083241 0.73909403
0.26953154 0.73599752
0.26824545 0.73279535
0.26695936 0.72946885
0.26565849 0.72603802
0.26437240 0.72254921
0.26307153 0.71902967
0.26178545 0.71548351
0.26049936 0.71190856
0.25919849 0.70829584
0.25791240 0.70463447
0.25662631 0.70091637
0.25532544 0.69714333
0.25403935 0.69332287
0.25275326 0.68946737
0.25145239 0.68558999
0.25016630 0.68169307
0.24886543 0.67777533
0.24757935 0.67383428
0.24629326 0.66986453
0.24499239 0.66586489
0.24370630 0.66183404
0.24240543 0.65776462
0.24111934 0.65365308
0.23983325 0.64950742
0.23853238 0.64534367
0.23724629 0.64118065
0.23594542 0.63703125
0.23465933 0.63289493
0.23337325 0.62876149
0.23207238 0.62461825
0.23078629 0.62045311
0.22948542 0.61625476
0.22819933 0.61201656
0.22689846 0.60773628
0.22561237 0.60342803
0.22432628 0.59912315
0.22302541 0.59483704
0.22173932 0.59056800
0.22043845 0.58630798
0.21915236 0.58204669
0.21785149 0.57777681
0.21656541 0.57349793
0.21526454 0.56921929
0.21397845 0.56495278
0.21267758 0.56071669
0.21139149 0.55652542
0.21009062 0.55235516
0.20880453 0.54816209
0.20750366 0.54391428
0.20621757 0.53963681
0.20493148 0.53542749
0.20363061 0.53132724
0.20234452 0.52731260
0.20104365 0.52335467
0.19975757 0.51941908
0.19845669 0.51550654
0.19717061 0.51163564
0.19586974 0.50779546
0.19458365 0.50395035
0.19328278 0.50003820
0.19199669 0.49606250
0.19069582 0.49212487
0.18939495 0.48828701
0.18810886 0.48454222
0.18680799 0.48084129
0.18552190 0.47713638
0.18422103 0.47342040
0.18293494 0.46970921
0.18163407 0.46602280
0.18034798 0.46236705
0.17904711 0.45874020
0.17776102 0.45514055
0.17646015 0.45156511
0.17517407 0.44801510
0.17387319 0.44449347
0.17257232 0.44100443
0.17128624 0.43755176
0.16998537 0.43414022
0.16869928 0.43077185
0.16739841 0.42744761
0.16611232 0.42414219
0.16481145 0.42079457
0.16351058 0.41733518
0.16222449 0.41376335
0.16092362 0.41018560
0.15963753 0.40666860
0.15833666 0.40319651
0.15703579 0.39973659
0.15574970 0.39628064
0.15444883 0.39285930
0.15316274 0.38947720
0.15186187 0.38610277
0.15056100 0.38271911
0.14927491 0.37935230
0.14797404 0.37604016
0.14668795 0.37279766
0.14538708 0.36962543
0.14408621 0.36648108
0.14280012 0.36328335
0.14149925 0.36000187
0.14019838 0.35666664
0.13891229 0.35332181
0.13761142 0.34999240
0.13632534 0.34668166
0.13502447 0.34338590
0.13372359 0.34010156
0.13243751 0.33683465
0.13113664 0.33359679
0.12983577 0.33038008
0.12854968 0.32878511
0.12724881 0.32560323
0.12594794 0.32243214
0.12466185 0.31927183
0.12336098 0.31612229
0.12206011 0.31298349
0.12075924 0.30985544
0.11947315 0.30673812
0.11817228 0.30363152
0.11687141 0.30053562
0.11558532 0.29745042
0.11428445 0.29437589
0.11298358 0.29131202
0.11169749 0.28825881
0.11039662 0.28521623
0.10909575 0.28218428
0.10779488 0.27916293
0.10650879 0.27615217
0.10520792 0.27315197
0.10390705 0.27016234
0.10260618 0.26718323
0.10132009 0.26421464
0.10001922 0.26125653
0.09871835 0.25830890
0.09743226 0.25537170
0.09613139 0.25244492
0.09483052 0.24952853
0.09352965 0.24662250
0.09224356 0.24372678
0.09094269 0.24084136
0.08964182 0.23796619
0.08834095 0.23510123
0.08704008 0.23224644
0.08575399 0.22940178
0.08445312 0.22656719
0.08315225 0.22374262
0.08185138 0.22092801
0.08056529 0.21812331
0.07926442 0.21532845
0.07796355 0.21254336
0.07666268 0.20976796
0.07536180 0.20700218
0.07407572 0.20424592
0.07277485 0.20149910
0.07147398 0.19876162
0.07017310 0.19603337
0.06887223 0.19331423
0.06757136 0.19060409
0.06628528 0.18790281
0.06498440 0.18521026
0.06368353 0.18252627
0.06238266 0.17985070
0.06108179 0.17718336
0.05978092 0.17452407
0.05849483 0.17187263
0.05719396 0.16922883
0.05589309 0.16659243
0.05459222 0.16396319
0.05329135 0.16134084
0.05199048 0.15872509
0.05068961 0.15611564
0.04940352 0.15351216
0.04810265 0.15091429
0.04680178 0.14832165
0.04550091 0.14573383
0.04420004 0.14315037
0.04289917 0.14057080
0.04159830 0.13799460
0.04029743 0.13542121
0.03901134 0.13285001
0.03771047 0.13028036
0.03640960 0.12771153
0.03510873 0.12514275
0.03380786 0.12257318
0.03250698 0.12000189
0.03120611 0.11742789
0.02990524 0.11485007
0.02860437 0.11226724
0.02730350 0.10967807
0.02600263 0.10708111
0.02470176 0.10447476
0.02341567 0.10185725
0.02211480 0.09922661
0.02081393 0.09658064
0.01951306 0.09391691
0.01821219 0.09123264
0.01691132 0.08852474
0.01561045 0.08578969
0.01430958 0.08302348
0.01300871 0.08022149
0.01170784 0.07737840
0.01040697 0.07448799
0.00910609 0.07154297
0.00780522 0.06853462
0.00650435 0.06545249
0.00520348 0.06228379
0.00390261 0.05901263
0.00260174 0.05561885
0.00130087 0.05207627
0.00000000 0.04834977
-0.00000000 0.04234835
-0.00130087 0.03339974
-0.00260335 0.02875046
-0.00390746 0.02340237
-0.00521317 0.01919384
-0.00652048 0.01445956
-0.00782941 0.01046483
-0.00913993 0.00446213
-0.01045207 nan
-0.01176578 nan
-0.01308110 nan
-0.01439801 0.00000000
-0.01571644 0.00834797
-0.01703653 0.01338686
-0.01835824 0.01812651
-0.01968143 0.02275502
-0.02100625 0.02751096
-0.02233255 0.03249235
-0.02366047 0.03734438
-0.02499002 0.04234835
-0.02632105 0.04724622
-0.02765326 0.05168367
-0.02898739 0.05505006
-0.03032315 0.05770634
-0.03166038 0.05983039
-0.03299939 0.06180127
-0.03433973 0.06363316
-0.03568185 0.06541413
-0.03702529 0.06707376
-0.03837051 0.06869362
-0.03971706 0.07027646
-0.04106524 0.07189433
-0.04241504 0.07347690
-0.04376617 0.07515966
-0.04511893 0.07667551
-0.04647316 0.07790573
-0.04782902 0.07880004
-0.04918636 0.07949574
-0.05054518 0.08012301
-0.05190548 0.08074546
-0.05326740 0.08130164
-0.05463080 0.08185409
-0.05599568 0.08246363
-0.05736204 0.08300843
-0.05872988 0.08354973
-0.06009919 0.08402799
-0.06146998 0.08456285
-0.06284240 0.08509438
-0.06421615 0.08556412
-0.06559138 0.08614774
-0.06696823 0.08672748
-0.06834642 0.08730342
-0.06972608 0.08793267
-0.07110722 0.08855750
-0.07248984 0.08912178
-0.07387393 0.08973845
-0.07525951 0.09035097
-0.07664641 0.09095943
-0.07803480 0.09156390
-0.07942466 0.09216447
-0.08081600 0.09270712
-0.08220867 0.09330044
-0.08360282 0.09389007
-0.08499845 0.09442295
-0.08639541 0.09500572
-0.08779384 0.09558500
-0.08919376 0.09610864
-0.09059500 0.09668142
-0.09199772 0.09719925
-0.09340178 0.09776574
-0.09480731 0.09827795
-0.09621417 0.09878755
-0.09762236 0.09934515
-0.09903203 0.09984940
-0.10044304 0.10035116
-0.10185551 0.10085047
-0.10326932 0.10134737
-0.10468446 0.10184188
-0.10610108 0.10233405
-0.10751888 0.10287277
-0.10893816 0.10336012
-0.11035892 0.10384523
-0.11178086 0.10437630
-0.11320413 0.10485680
-0.11462888 0.10533515
-0.11605496 0.10581138
-0.11748222 0.10628552
-0.11891096 0.10675760
-0.12034104 0.10722764
-0.12177229 0.10769567
-0.12320502 0.10816172
-0.12463893 0.10857949
-0.12607433 0.10904184
-0.12751090 0.10945632
-0.12894881 0.10991506
-0.13038804 0.11032633
-0.13182846 0.11073610
-0.13327021 0.11118968
-0.13471344 0.11159636
-0.13615770 0.11200159
-0.13760344 0.11240539
-0.13905022 0.11280778
-0.14049847 0.11320878
-0.14194791 0.11360839
-0.14339867 0.11405080
-0.14485062 0.11444753
-0.14630375 0.11484294
-0.14775822 0.11519329
-0.14921430 0.11558620
-0.15067039 0.11597781
-0.15212944 0.11636813
-0.15358848 0.11675719
-0.15504900 0.11714498
-0.15651101 0.11753152
-0.15797449 0.11791682
-0.15943796 0.11830091
-0.16090440 0.11868378
-0.16237084 0.11906545
-0.16383875 0.11944593
-0.16530667 0.11982524
-0.16677754 0.12016142
-0.16824841 0.12053853
-0.16972223 0.12091449
-0.17119606 0.12128933
-0.17266989 0.12170449
-0.17414667 0.12207696
-0.17562346 0.12244832
-0.17710172 0.12281860
-0.17858146 0.12318779
-0.18006268 0.12355590
-0.18154390 0.12392296
-0.18302659 0.12432956
-0.18451077 0.12469440
-0.18599642 0.12505820
-0.18748355 0.12546123
-0.18897069 0.12582288
-0.19045930 0.12622353
-0.19194791 0.12662295
-0.19343947 0.12698139
-0.19493104 0.12737850
-0.19642408 0.12773488
-0.19791861 0.12809029
-0.19941313 0.12844475
-0.20090913 0.12879826
-0.20240661 0.12915083
-0.20390557 0.12950248
-0.20540453 0.12985319
-0.20690496 0.13020300
-0.20840540 0.13055189
-0.20990879 0.13086126
-0.21141218 0.13120846
-0.21291705 0.13151633
-0.21442193 0.13186186
-0.21592827 0.13216825
-0.21743610 0.13251213
-0.21894541 0.13281708
-0.22045471 0.13315933
-0.22196550 0.13346285
-0.22347628 0.13376569
-0.22499002 0.13410560
-0.22650376 0.13440705
-0.22801750 0.13474539
-0.22953272 0.13508292
-0.23104942 0.13541963
-0.23256759 0.13579281
-0.23408577 0.13620216
-0.23560542 0.13661033
-0.23712508 0.13705426
-0.23864621 0.13753363
-0.24016882 0.13801138
-0.24169143 0.13845097
-0.24321552 0.13888922
-0.24474108 0.13932614
-0.24626665 0.13976174
-0.24779369 0.14019603
-0.24932074 0.14062903
-0.25084926 0.14106075
-0.25237926 0.14145537
-0.25390926 0.14188466
-0.25544074 0.14231270
-0.25697222 0.14270399
-0.25850518 0.14312967
-0.26003962 0.14351881
-0.26157405 0.14394217
-0.26310997 0.14436434
-0.26464588 0.14475028
-0.26618327 0.14517018
-0.26772067 0.14555407
-0.26925954 0.14597175
-0.27079989 0.14635361
-0.27234024 0.14676910
-0.27388059 0.14714898
-0.27542241 0.14756231
-0.27696572 0.14794023
-0.27850902 0.14835145
-0.28005381 0.14872744
-0.28159859 0.14913657
-0.28314485 0.14951066
-0.28469112 0.14988386
-0.28623886 0.15028997
-0.28778808 0.15066131
-0.28933730 0.15103178
-0.29088651 0.15140138
-0.29243721 0.15180359
-0.29398791 0.15217140
-0.29554008 0.15250502
-0.29709226 0.15287121
-0.29864591 0.15323655
-0.30019957 0.15356796
-0.30175470 0.15389869
-0.30330983 0.15422873
-0.30486644 0.15455810
-0.30642305 0.15485397
-0.30798114 0.15518207
-0.30953923 0.15554221
-0.31109731 0.15586893
-0.31265688 0.15622756
-0.31421793 0.15655291
-0.31577749 0.15691004
-0.31734002 0.15726641
-0.31890106 0.15762200
-0.32046358 0.15797682
-0.32202758 0.15833089
-0.32359159 0.15871628
-0.32515559 0.15906878
-0.32672107 0.15945247
-0.32828655 0.15980341
-0.32985350 0.16018543
-0.33142046 0.16056657
-0.33298742 0.16094685
-0.33455586 0.16132628
-0.33612429 0.16173637
-0.33769273 0.16211404
-0.33926264 0.16252223
-0.34083256 0.16289816
-0.34240395 0.16330449
-0.34397534 0.16370986
-0.34554674 0.16411427
-0.34711961 0.16451774
-0.34869248 0.16492027
-0.35026535 0.16532186
-0.35183970 0.16575331
-0.35341405 0.16615300
-0.35498840 0.16658240
-0.35656422 0.16698019
-0.35814005 0.16740758
-0.35971588 0.16783394
-0.36129171 0.16825927
-0.36286901 0.16868358
-0.36444780 0.16910688
-0.36602510 0.16955930
-0.36760388 0.16998053
-0.36918267 0.17040078
-0.37076145 0.17084995
-0.37234172 0.17126817
-0.37392198 0.17171520
-0.37550224 0.17216112
-0.37708398 0.17260595
-0.37866424 0.17304970
-0.38024598 0.17349238
-0.38182920 0.17396339
-0.38341094 0.17440387
-0.38499416 0.17487256
-0.38657738 0.17534006
-0.38816060 0.17580639
-0.38974382 0.17630059
-0.39132851 0.17676453
-0.39291321 0.17725620
-0.39449791 0.17774660
-0.39608261 0.17823572
-0.39766878 0.17875223
-0.39925496 0.17923876
-0.40084113 0.17975256
-0.40242731 0.18026497
-0.40401348 0.18077602
-0.40560114 0.18128571
-0.40718731 0.18182226
-0.40877496 0.18235733
-0.41036262 0.18289092
-0.41195175 0.18342305
-0.41353940 0.18395373
-0.41512853 0.18451080
-0.41671619 0.18506629
-0.41830532 0.18562022
-0.41989445 0.18617260
-0.42148358 0.18675095
-0.42307419 0.18730021
-0.42466333 0.18787530
-0.42625394 0.18844875
-0.42784307 0.18904777
-0.42943368 0.18964501
-0.43102429 0.19021346
-0.43261490 0.19080729
-0.43420551 0.19142626
-0.43579612 0.19201658
-0.43738821 0.19263193
-0.43897882 0.19324544
-0.44057090 0.19385714
-0.44216151 0.19446705
-0.44375360 0.19510158
-0.44534569 0.19573419
-0.44693778 0.19636490
-0.44852839 0.19699373
-0.45012048 0.19762070
-0.45171257 0.19827183
-0.45330613 0.19889505
-0.45489822 0.19954232
-0.45649031 0.20018764
-0.45808240 0.20083103
-0.45967449 0.20147252
-0.46126658 0.20211212
-0.46286014 0.20272437
-0.46445223 0.20336032
-0.46604432 0.20399443
-0.46763788 0.20462672
-0.46922997 0.20525721
-0.47082206 0.20591102
-0.47241563 0.20658796
-0.47400772 0.20728781
-0.47559980 0.20798548
-0.47719337 0.20870581
-0.47878546 0.20942384
-0.48037755 0.21016426
-0.48196964 0.21090228
-0.48356320 0.21163793
-0.48515529 0.21239564
-0.48674738 0.21317520
-0.48833947 0.21392790
-0.48993156 0.21470234
-0.49152364 0.21549831
-0.49311573 0.21626758
-0.49470782 0.21705829
-0.49629843 0.21784636
-0.49789052 0.21865559
-0.49948261 0.21946209
-0.50107322 0.22026589
-0.50266383 0.22106702
-0.50425592 0.22188896
-0.50584653 0.22270812
-0.50743714 0.22352455
-0.50902775 0.22436148
-0.51061836 0.22517245
-0.51220897 0.22600382
-0.51379958 0.22685541
-0.51538871 0.22768119
-0.51697932 0.22852710
-0.51856845 0.22939292
-0.52015758 0.23023312
-0.52174671 0.23109314
-0.52333585 0.23195028
-0.52492498 0.23282701
-0.52651263 0.23370077
-0.52810029 0.23457158
-0.52968942 0.23546171
-0.53127707 0.23634881
-0.53286472 0.23725499
-0.53445090 0.23815807
-0.53603855 0.23907999
-0.53762473 0.24002057
-0.53921090 0.24095785
-0.54079708 0.24191355
-0.54238325 0.24290909
-0.54396943 0.24390100
-0.54555413 0.24493220
-0.54713882 0.24598089
-0.54872352 0.24704690
-0.55030822 0.24810881
-0.55189144 0.24914558
-0.55347466 0.25019956
-0.55505787 0.25122865
-0.55664109 0.25225401
-0.55822283 0.25327569
-0.55980605 0.25431447
-0.56138779 0.25532884
-0.56296805 0.25636025
-0.56454980 0.25738801
-0.56613006 0.25841217
-0.56771032 0.25945313
-0.56929058 0.26049043
-0.57086937 0.26154434
-0.57244815 0.26259453
-0.57402693 0.26364105
-0.57560424 0.26470396
-0.57718302 0.26576315
-0.57875885 0.26683854
-0.58033616 0.26791016
-0.58191198 0.26899778
-0.58348781 0.27010126
-0.58506364 0.27120083
-0.58663799 0.27231607
-0.58821234 0.27342735
-0.58978669 0.27457352
-0.59135956 0.27569623
-0.59293243 0.27685351
-0.59450530 0.27800663
-0.59607669 0.27917475
-0.59764808 0.28035771
-0.59921800 0.28153640
-0.60078939 0.28272976
-0.60235783 0.28393766
-0.60392774 0.28515994
-0.60549618 0.28639646
-0.60706461 0.28762842
-0.60863157 0.28887447
-0.61019853 0.29013444
-0.61176401 0.29140820
-0.61333097 0.29267725
-0.61489497 0.29395994
-0.61646045 0.29525613
-0.61802445 0.29656567
-0.61958697 0.29787036
-0.62114950 0.29918826
-0.62271202 0.30051924
-0.62427306 0.30186318
-0.62583411 0.30320212
-0.62739368 0.30455388
-0.62895324 0.30590063
-0.63051133 0.30726009
-0.63207090 0.30861454
-0.63362751 0.30998157
-0.63518412 0.31136104
-0.63674073 0.31271809
-0.63829586 0.31408760
-0.63985099 0.31543494
-0.64140464 0.31679475
-0.64295830 0.31813264
-0.64451047 0.31948299
-0.64606265 0.32084568
-0.64761335 0.32223755
-0.64916404 0.32365828
-0.65071326 0.32509077
-0.65226248 0.32653491
-0.65381022 0.32799058
-0.65535796 0.32945767
-0.65690570 0.33095266
-0.65845049 0.33244223
-0.65999675 0.33394289
-0.66154005 0.33545456
-0.66308484 0.33697713
-0.66462666 0.33851050
-0.66616849 0.34003834
-0.66771032 0.34157690
-0.66925067 0.34312608
-0.67078954 0.34468578
-0.67232841 0.34625592
-0.67386728 0.34782045
-0.67540467 0.34939534
-0.67694059 0.35096468
-0.67847650 0.35256007
-0.68001094 0.35414984
-0.68154390 0.35574973
-0.68307685 0.35734403
-0.68460833 0.35894839
-0.68613981 0.36056271
-0.68766982 0.36218691
-0.68919982 0.36380553
-0.69072834 0.36543397
-0.69225538 0.36705687
-0.69378243 0.36870477
-0.69530800 0.37034708
-0.69683356 0.37199901
-0.69835765 0.37366048
-0.69988026 0.37531638
-0.70140287 0.37699676
-0.70292400 0.37867153
-0.70444366 0.38035565
-0.70596331 0.38204904
-0.70748148 0.38375165
-0.70899966 0.38546339
-0.71051488 0.38719890
-0.71203158 0.38892868
-0.71354532 0.39068200
-0.71505906 0.39244411
-0.71657132 0.39422943
-0.71808358 0.39603776
-0.71959436 0.39788330
-0.72110367 0.39975136
-0.72261150 0.40165604
-0.72411933 0.40358274
-0.72562567 0.40550287
-0.72713202 0.40738824
-0.72863542 0.40923921
-0.73014029 0.41108427
-0.73164220 0.41289547
-0.73314412 0.41471508
-0.73464307 0.41651517
-0.73614351 0.41832374
-0.73764099 0.42012689
-0.73913847 0.42193849
-0.74063447 0.42377228
-0.74212899 0.42561435
-0.74362352 0.42746466
-0.74511656 0.42935045
-0.74660813 0.43125783
-0.74809822 0.43320021
-0.74958830 0.43517729
-0.75107691 0.43718880
-0.75256405 0.43923446
-0.75405118 0.44131398
-0.75553535 0.44342708
-0.75701953 0.44556019
-0.75850222 0.44773970
-0.75998492 0.44993875
-0.76146466 0.45217039
-0.76294440 0.45442122
-0.76442266 0.45667800
-0.76590093 0.45895379
-0.76737623 0.46123544
-0.76885154 0.46352294
-0.77032537 0.46581631
-0.77179771 0.46810263
-0.77326859 0.47038202
-0.77473946 0.47265460
-0.77620885 0.47492048
-0.77767528 0.47715428
-0.77914320 0.47939444
-0.78060816 0.48160295
-0.78207164 0.48379274
-0.78353512 0.48597663
-0.78499712 0.48814213
-0.78645764 0.49030197
-0.78791669 0.49245624
-0.78937573 0.49460502
-0.79083182 0.49674840
-0.79228791 0.49889888
-0.79374252 0.50105644
-0.79519565 0.50320871
-0.79664730 0.50538044
-0.79809748 0.50755923
-0.79954765 0.50975733
-0.80099487 0.51197465
-0.80244209 0.51421110
-0.80388783 0.51646658
-0.80533209 0.51875317
-0.80677488 0.52107067
-0.80821618 0.52340684
-0.80965749 0.52577366
-0.81109584 0.52815893
-0.81253418 0.53057457
-0.81397106 0.53300845
-0.81540645 0.53546051
-0.81684036 0.53793066
-0.81827280 0.54040697
-0.81970376 0.54290131
-0.82113324 0.54540177
-0.82256272 0.54790839
-0.82398924 0.55042119
-0.82541576 0.55292842
-0.82684081 0.55544193
-0.82826289 0.55795002
-0.82968498 0.56045280
-0.83110559 0.56296201
-0.83252472 0.56545442
-0.83394238 0.56795341
-0.83536003 0.57043581
-0.83677473 0.57291337
-0.83818795 0.57538616
-0.83960116 0.57786580
-0.84101143 0.58032929
-0.84242169 0.58278828
-0.84382899 0.58525430
-0.84523630 0.58771593
-0.84664213 0.59016184
-0.84804648 0.59262635
-0.84944787 0.59507530
-0.85084926 0.59753154
-0.85224918 0.59998374
-0.85364761 0.60243199
-0.85504457 0.60488766
-0.85644005 0.60733948
-0.85783405 0.60979881
-0.85922657 0.61224315
-0.86061762 0.61470633
-0.86200866 0.61716590
-0.86339675 0.61962191
-0.86478336 0.62208563
-0.86616849 0.62455708
-0.86755215 0.62702512
-0.86893580 0.62948983
-0.87031650 0.63196240
-0.87169571 0.63444286
-0.87307345 0.63693123
-0.87445120 0.63941644
-0.87582598 0.64190965
-0.87719928 0.64441087
-0.87857259 0.64690909
-0.87994294 0.64941540
-0.88131181 0.65194086
-0.88267920 0.65446344
-0.88404659 0.65699420
-0.88541103 0.65953318
-0.88677399 0.66208039
-0.88813547 0.66463588
-0.88949695 0.66719968
-0.89085547 0.66978275
-0.89221251 0.67237418
-0.89356808 0.67497399
-0.89492217 0.67759314
-0.89627478 0.68022072
-0.89762591 0.68286767
-0.89897556 0.68553400
-0.90032374 0.68821971
-0.90167044 0.69091396
-0.90301565 0.69363850
-0.90435940 0.69637164
-0.90570166 0.69914592
-0.90704096 0.70192884
-0.90838027 0.70475290
-0.90971810 0.70759647
-0.91105297 0.71047037
-0.91238784 0.71337462
-0.91371975 0.71632002
-0.91505167 0.71930656
-0.91638062 0.72236658
-0.91770810 0.72552153
-0.91903410 0.72874984
-0.92036010 0.73206221
-0.92168315 0.73545861
-0.92300472 0.73892722
-0.92432480 0.74248842
-0.92564341 0.74614758
-0.92695907 0.74991435
-0.92827472 0.75380160
-0.92958890 0.75782329
-0.93090011 0.76199765
-0.93221133 0.76634506
-0.93351959 0.77088808
-0.93482786 0.77565463
-0.93613316 0.78068233
-0.93743699 0.78600456
-0.93873934 0.79167728
-0.94004021 0.79772132
-0.94133960 0.80408709
-0.94263604 0.81061708
-0.94393247 0.81746535
-0.94522743 0.82505320
-0.94651943 0.83477325
-0.94781143 0.84870756
-0.94910048 0.87037250
-0.95038804 0.89355936
-0.95167118 0.89411818
-0.95295431 0.86636355
-0.95423744 0.83860445
-0.95551909 0.82574647
-0.95679779 0.81984916
-0.95807353 0.81702633
-0.95934927 0.81575968
-0.96062353 0.81490853
-0.96189631 0.81357248
-0.96316762 0.81125286
