# s/c    M_iso
1.28119503 0.87835459
1.27992372 0.88215249
1.27865242 0.88592192
1.27738111 0.88966267
1.27610981 0.89337451
1.27483850 0.89705724
1.27356719 0.90071063
1.27229589 0.90433446
1.27102458 0.90792853
1.26975328 0.91149261
1.26848197 0.91502650
1.26721067 0.91852997
1.26593936 0.92200283
1.26466806 0.92544486
1.26339675 0.92885586
1.26212545 0.93223561
1.26085414 0.93558393
1.25958283 0.93890060
1.25831153 0.94218544
1.25704022 0.94543824
1.25576892 0.94865881
1.25449761 0.95184698
1.25322631 0.95500254
1.25195500 0.95812532
1.25068370 0.96121514
1.24941239 0.96427183
1.24814109 0.96729521
1.24686978 0.97028511
1.24559847 0.97324139
1.24432717 0.97616387
1.24305586 0.97905240
1.24178456 0.98190683
1.24051325 0.98472703
1.23924195 0.98751285
1.23797064 0.99026416
1.23669934 0.99298083
1.23542803 0.99566274
1.23415673 0.99830977
1.23288542 1.00092182
1.23161411 1.00349877
1.23034281 1.00604054
1.22907150 1.00854703
1.22780020 1.01101815
1.22652889 1.01345383
1.22525759 1.01585399
1.22398628 1.01821859
1.22271498 1.02054755
1.22144367 1.02284083
1.22017237 1.02509838
1.21890106 1.02732019
1.21762975 1.02950621
1.21635845 1.03165644
1.21508714 1.03377086
1.21381584 1.03584947
1.21254453 1.03789229
1.21127323 1.03989933
1.21000192 1.04187060
1.20873062 1.04380616
1.20744453 1.04570604
1.20617322 1.04757029
1.20490192 1.04939897
1.20363061 1.05119217
1.20235931 1.05294994
1.20108800 1.05467240
1.19981670 1.05635963
1.19854539 1.05801174
1.19727408 1.05962887
1.19600278 1.06121112
1.19473147 1.06275864
1.19346017 1.06427159
1.19218886 1.06575012
1.19091756 1.06719440
1.18964625 1.06860461
1.18837495 1.06998093
1.18710364 1.07132358
1.18583234 1.07263276
1.18456103 1.07390869
1.18328972 1.07515161
1.18201842 1.07636175
1.18074711 1.07753937
1.17946103 1.07868473
1.17818972 1.07979811
1.17691841 1.08087978
1.17564711 1.08193005
1.17437580 1.08294923
1.17310450 1.08393762
1.17183319 1.08489555
1.17056189 1.08582337
1.16929058 1.08672141
1.16801928 1.08759004
1.16674797 1.08842963
1.16547667 1.08924056
1.16420536 1.09002322
1.16293405 1.09077800
1.16166275 1.09150532
1.16039144 1.09220561
1.15912014 1.09287928
1.15783405 1.09352679
1.15656274 1.09414859
1.15529144 1.09474514
1.15402013 1.09515352
1.15274883 1.09529539
1.15147752 1.09544293
1.15020622 1.09558900
1.14893491 1.09571169
1.14766361 1.09580131
1.14639230 1.09586608
1.14512100 1.09592135
1.14384969 1.09598274
1.14257838 1.09605006
1.14130708 1.09611870
1.14002099 1.09618472
1.13874969 1.09623998
1.13747838 1.09627403
1.13620707 1.09628502
1.13493577 1.09627770
1.13366446 1.09625947
1.13239316 1.09623813
1.13112185 1.09622142
1.12985055 1.09621606
1.12857924 1.09622796
1.12730794 1.09626162
1.12603663 1.09632064
1.12475054 1.09640726
1.12347924 1.09652241
1.12220793 1.09666475
1.12093663 1.09683128
1.11966532 1.09701739
1.11839402 1.09721755
1.11712271 1.09742916
1.11585141 1.09765144
1.11458010 1.09788455
1.11330879 1.09813003
1.11203749 1.09838976
1.11075140 1.09866606
1.10948010 1.09896134
1.10820879 1.09927804
1.10693748 1.09961847
1.10566618 1.09998471
1.10439487 1.10037858
1.10312357 1.10080159
1.10185226 1.10125502
1.10058096 1.10173970
1.09930965 1.10225595
1.09802356 1.10280382
1.09675226 1.10338255
1.09548095 1.10399079
1.09420965 1.10462671
1.09293834 1.10528794
1.09166704 1.10597177
1.09039573 1.10667507
1.08912443 1.10739423
1.08783834 1.10812516
1.08656703 1.10886316
1.08529573 1.10960296
1.08402442 1.11033922
1.08275312 1.11106639
1.08148181 1.11177882
1.08021050 1.11247219
1.07893920 1.11314611
1.07766789 1.11380412
1.07638181 1.11445109
1.07511050 1.11509172
1.07383919 1.11572931
1.07256789 1.11636653
1.07129658 1.11700624
1.07002528 1.11765062
1.06875397 1.11830056
1.06746788 1.11895519
1.06619658 1.11961295
1.06492527 1.12027181
1.06365397 1.12092977
1.06238266 1.12158414
1.06111136 1.12223047
1.05984005 1.12286528
1.05856875 1.12348600
1.05728266 1.12409172
1.05601135 1.12468373
1.05474005 1.12526391
1.05346874 1.12583426
1.05219744 1.12639666
1.05092613 1.12695292
1.04965483 1.12750460
1.04836874 1.12805290
1.04709743 1.12859824
1.04582613 1.12914031
1.04455482 1.12967841
1.04328352 1.13021136
1.04201221 1.13073776
1.04072612 1.13125599
1.03945482 1.13176401
1.03818351 1.13226003
1.03691221 1.13274229
1.03564090 1.13320917
1.03436960 1.13365990
1.03309829 1.13409472
1.03181220 1.13451471
1.03054090 1.13492120
1.02926959 1.13531549
1.02799829 1.13569872
1.02672698 1.13607199
1.02545567 1.13643624
1.02416959 1.13679155
1.02289828 1.13713677
1.02162698 1.13746979
1.02035567 1.13778823
1.01908436 1.13809042
1.01779828 1.13837542
1.01652697 1.13864272
1.01525567 1.13889222
1.01398436 1.13912396
1.01271305 1.13933800
1.01144175 1.13953441
1.01015566 1.13971319
1.00888436 1.13987439
1.00761305 1.14001807
1.00634174 1.14014444
1.00507044 1.14025390
1.00378435 1.14034730
1.00251305 1.14042623
1.00124174 1.14049309
0.99997043 1.14055087
0.99869913 1.14060239
0.99742782 1.14064982
0.99614174 1.14069464
0.99487043 1.14073717
0.99359912 1.14077717
0.99232782 1.14081397
0.99105651 1.14084659
0.98977043 1.14087355
0.98849912 1.14089310
0.98722781 1.14090293
0.98595651 1.14089960
0.98468520 1.14088036
0.98339912 1.14084255
0.98212781 1.14078363
0.98085651 1.14070226
0.97958520 1.14059855
0.97829911 1.14047465
0.97702781 1.14033457
0.97575650 1.14018299
0.97448520 1.14002444
0.97321389 1.13986225
0.97192780 1.13969851
0.97065650 1.13953492
0.96938519 1.13937147
0.96811389 1.13920744
0.96682780 1.13904136
0.96555649 1.13887053
0.96428519 1.13869227
0.96301388 1.13850356
0.96174258 1.13830095
0.96045649 1.13808064
0.95918518 1.13783930
0.95791388 1.13757716
0.95664257 1.13729998
0.95535648 1.13701615
0.95408518 1.13673295
0.95281387 1.13645470
0.95154257 1.13618321
0.95025648 1.13591928
0.94898517 1.13566219
0.94771387 1.13541077
0.94644256 1.13516317
0.94515647 1.13491614
0.94388517 1.13466651
0.94261386 1.13441046
0.94134256 1.13414318
0.94005647 1.13386016
0.93878516 1.13356067
0.93751386 1.13324975
0.93624255 1.13293470
0.93495647 1.13262175
0.93368516 1.13231520
0.93241385 1.13201745
0.93114255 1.13172945
0.92985646 1.13145154
0.92858516 1.13118367
0.92731385 1.13092548
0.92604254 1.13067610
0.92475646 1.13043372
0.92348515 1.13019468
0.92221385 1.12995274
0.92094254 1.12970083
0.91965645 1.12943385
0.91838515 1.12914971
0.91711384 1.12884923
0.91582775 1.12853538
0.91455645 1.12821212
0.91328514 1.12788400
0.91201384 1.12755501
0.91072775 1.12722854
0.90945644 1.12690779
0.90818514 1.12659388
0.90691383 1.12628656
0.90562774 1.12598487
0.90435644 1.12568662
0.90308513 1.12538936
0.90179905 1.12509013
0.90052774 1.12478503
0.89925643 1.12447066
0.89797035 1.12414343
0.89669904 1.12379958
0.89542774 1.12343610
0.89415643 1.12305127
0.89287034 1.12264541
0.89159904 1.12222086
0.89032773 1.12178117
0.88904164 1.12133087
0.88777034 1.12087526
0.88649903 1.12041949
0.88521294 1.11996834
0.88394164 1.11952523
0.88267033 1.11909188
0.88138424 1.11866940
0.88011294 1.11825808
0.87884163 1.11785691
0.87757033 1.11746336
0.87628424 1.11707372
0.87501293 1.11668279
0.87374163 1.11628386
0.87245554 1.11586913
0.87118424 1.11543031
0.86991293 1.11496060
0.86862684 1.11445539
0.86735554 1.11391388
0.86608423 1.11333911
0.86479814 1.11273780
0.86352684 1.11212001
0.86225553 1.11149457
0.86096944 1.11086866
0.85969814 1.11024691
0.85842683 1.10963128
0.85714075 1.10902227
0.85586944 1.10841866
0.85459813 1.10781815
0.85331205 1.10721691
0.85204074 1.10661004
0.85076944 1.10599285
0.84948335 1.10536304
0.84821204 1.10472244
0.84692595 1.10407553
0.84565465 1.10342686
0.84438334 1.10277937
0.84309725 1.10213403
0.84182595 1.10149118
0.84055464 1.10085016
0.83926856 1.10020989
0.83799725 1.09956942
0.83672594 1.09892774
0.83543986 1.09828405
0.83416855 1.09763796
0.83288246 1.09698952
0.83161116 1.09633946
0.83033985 1.09568943
0.82905376 1.09504162
0.82778246 1.09439919
0.82651115 1.09376639
0.82522507 1.09314729
0.82395376 1.09254282
0.82266767 1.09195003
0.82139637 1.09136422
0.82012506 1.09078039
0.81883897 1.09019486
0.81756767 1.08960490
0.81628158 1.08900790
0.81501027 1.08840151
0.81373897 1.08778374
0.81245288 1.08715449
0.81118157 1.08651565
0.80989549 1.08587068
0.80862418 1.08522309
0.80735288 1.08457650
0.80606679 1.08393642
0.80479548 1.08330792
0.80350939 1.08269552
0.80223809 1.08210210
0.80096678 1.08152786
0.79968070 1.08097130
0.79840939 1.08042956
0.79712330 1.07989887
0.79585200 1.07937496
0.79458069 1.07885392
0.79329460 1.07833279
0.79202330 1.07781023
0.79073721 1.07728647
0.78946590 1.07676279
0.78817982 1.07624137
0.78690851 1.07572488
0.78563720 1.07521651
0.78435112 1.07472005
0.78307981 1.07424000
0.78179372 1.07378095
0.78052242 1.07334684
0.77923633 1.07294032
0.77796502 1.07256132
0.77669372 1.07220793
0.77540763 1.07187726
0.77413633 1.07156542
0.77285024 1.07126777
0.77157893 1.07097878
0.77029284 1.07069261
0.76902154 1.07040474
0.76773545 1.07011384
0.76646414 1.06982155
0.76517806 1.06953087
0.76390675 1.06924426
0.76263545 1.06896336
0.76134936 1.06868926
0.76007805 1.06842253
0.75879196 1.06816342
0.75752066 1.06791205
0.75623457 1.06766851
0.75496327 1.06743289
0.75367718 1.06720533
0.75240587 1.06698604
0.75111978 1.06677520
0.74984848 1.06657293
0.74856239 1.06637899
0.74729108 1.06619237
0.74600500 1.06601099
0.74473369 1.06583171
0.74344760 1.06565093
0.74217630 1.06546511
0.74089021 1.06527089
0.73961890 1.06506582
0.73833282 1.06484801
0.73706151 1.06461628
0.73577542 1.06437008
0.73450412 1.06411041
0.73321803 1.06383974
0.73194672 1.06356286
0.73066064 1.06328759
0.72938933 1.06301964
0.72810324 1.06276267
0.72683194 1.06251777
0.72554585 1.06228268
0.72427454 1.06205350
0.72298845 1.06182547
0.72171715 1.06159417
0.72043106 1.06135448
0.71915976 1.06109997
0.71787367 1.06082407
0.71660236 1.06052045
0.71531627 1.06018627
0.71404497 1.05982716
0.71275888 1.05945279
0.71148758 1.05907187
0.71020149 1.05869019
0.70893018 1.05831025
0.70764409 1.05793427
0.70635801 1.05756460
0.70508670 1.05720408
0.70380061 1.05685523
0.70252931 1.05651711
0.70124322 1.05618170
0.69997191 1.05583567
0.69868582 1.05546792
0.69741452 1.05507413
0.69612843 1.05465601
0.69484234 1.05421760
0.69357104 1.05376265
0.69228495 1.05329315
0.69101364 1.05280982
0.68972756 1.05231279
0.68845625 1.05180101
0.68717016 1.05127196
0.68589886 1.05072466
0.68461277 1.05016505
0.68332668 1.04960263
0.68205538 1.04904368
0.68076929 1.04848944
0.67949798 1.04793853
0.67821189 1.04739062
0.67692581 1.04684394
0.67565450 1.04629767
0.67436841 1.04574663
0.67309711 1.04517614
0.67181102 1.04457361
0.67053971 1.04393188
0.66925363 1.04325131
0.66796754 1.04254001
0.66669623 1.04181041
0.66541014 1.04107721
0.66413884 1.04035351
0.66285275 1.03964740
0.66156666 1.03896055
0.66029536 1.03828988
0.65900927 1.03763028
0.65772318 1.03697856
0.65645188 1.03633339
0.65516579 1.03569289
0.65389448 1.03505380
0.65260839 1.03441311
0.65132231 1.03376821
0.65005100 1.03311641
0.64876491 1.03245601
0.64749361 1.03178514
0.64620752 1.03110273
0.64492143 1.03040854
0.64365012 1.02970089
0.64236404 1.02897832
0.64107795 1.02823855
0.63980664 1.02748045
0.63852056 1.02670843
0.63723447 1.02593095
0.63596316 1.02515844
0.63467707 1.02439952
0.63339099 1.02366154
0.63211968 1.02295059
0.63083359 1.02226850
0.62954750 1.02161350
0.62827620 1.02097981
0.62699011 1.02035397
0.62571880 1.01971680
0.62443272 1.01905624
0.62314663 1.01837139
0.62187532 1.01766907
0.62058924 1.01695823
0.61930315 1.01624544
0.61801706 1.01553489
0.61674575 1.01482824
0.61545967 1.01412596
0.61417358 1.01342430
0.61290227 1.01271704
0.61161618 1.01200204
0.61033010 1.01128586
0.60905879 1.01058076
0.60777270 1.00989924
0.60648661 1.00924824
0.60521531 1.00862539
0.60392922 1.00802058
0.60264313 1.00741766
0.60137183 1.00680366
0.60008574 1.00617185
0.59879965 1.00552334
0.59751356 1.00486849
0.59624226 1.00422197
0.59495617 1.00359903
0.59367008 1.00300948
0.59239878 1.00245315
0.59111269 1.00191965
0.58982660 1.00139625
0.58854051 1.00088016
0.58726921 1.00037576
0.58598312 0.99989093
0.58469703 0.99943658
0.58341094 0.99901574
0.58213964 0.99862673
0.58085355 0.99826118
0.57956746 0.99789841
0.57829616 0.99751597
0.57701007 0.99709822
0.57572398 0.99664121
0.57443789 0.99615166
0.57316659 0.99564283
0.57188050 0.99512926
0.57059441 0.99462424
0.56930832 0.99413882
0.56803702 0.99367675
0.56675093 0.99323738
0.56546484 0.99281702
0.56417875 0.99240938
0.56289266 0.99200466
0.56162136 0.99159055
0.56033527 0.99115994
0.55904918 0.99071471
0.55776309 0.99026562
0.55649179 0.98982339
0.55520570 0.98939268
0.55391961 0.98896616
0.55263352 0.98852580
0.55134744 0.98805461
0.55007613 0.98754972
0.54879004 0.98701902
0.54750395 0.98647635
0.54621787 0.98593803
0.54494656 0.98540670
0.54366047 0.98487497
0.54237438 0.98433058
0.54108830 0.98376006
0.53980221 0.98315648
0.53853090 0.98253232
0.53724481 0.98191269
0.53595873 0.98131275
0.53467264 0.98073760
0.53338655 0.98017507
0.53210046 0.97959428
0.53082916 0.97898047
0.52954307 0.97833962
0.52825698 0.97769120
0.52697089 0.97705918
0.52568480 0.97644716
0.52439872 0.97585081
0.52312741 0.97525407
0.52184132 0.97462796
0.52055524 0.97395893
0.51926915 0.97324675
0.51798306 0.97250056
0.51669697 0.97173624
0.51542567 0.97096677
0.51413958 0.97020092
0.51285349 0.96944094
0.51156740 0.96868271
0.51028131 0.96791691
0.50899523 0.96713469
0.50770914 0.96633245
0.50643783 0.96551199
0.50515174 0.96467909
0.50386566 0.96383980
0.50257957 0.96299509
0.50129348 0.96214290
0.50000739 0.96127942
0.49872130 0.96039850
0.49743522 0.95949569
0.49616391 0.95856812
0.49487782 0.95761526
0.49359173 0.95664025
0.49230565 0.95564827
0.49101956 0.95464591
0.48973347 0.95364021
0.48844738 0.95263745
0.48716129 0.95164266
0.48587521 0.95065742
0.48460390 0.94967657
0.48331781 0.94868640
0.48203172 0.94767159
0.48074564 0.94662910
0.47945955 0.94556793
0.47817346 0.94449840
0.47688737 0.94342694
0.47560128 0.94235285
0.47431520 0.94126689
0.47302911 0.94015655
0.47174302 0.93901130
0.47045693 0.93782569
0.46917084 0.93661139
0.46789954 0.93539463
0.46661345 0.93419639
0.46532736 0.93302215
0.46404127 0.93184270
0.46275519 0.93060797
0.46146910 0.92932199
0.46018301 0.92802990
0.45889692 0.92676559
0.45761083 0.92554617
0.45632474 0.92436502
0.45503866 0.92321099
0.45375257 0.92208571
0.45246648 0.92099204
0.45118039 0.91993766
0.44989430 0.91889681
0.44860822 0.91780522
0.44732213 0.91664119
0.44603604 0.91543332
0.44474995 0.91422244
0.44346386 0.91303826
0.44217778 0.91188697
0.44089169 0.91075743
0.43960560 0.90963481
0.43831951 0.90850971
0.43703342 0.90737899
0.43574734 0.90624265
0.43446125 0.90510220
0.43317516 0.90396005
0.43188907 0.90281985
0.43060298 0.90168900
0.42931690 0.90057710
0.42803081 0.89949096
0.42674472 0.89843300
0.42545863 0.89740676
0.42417254 0.89642562
0.42288645 0.89550230
0.42160037 0.89464331
0.42031428 0.89381751
0.41902819 0.89294505
0.41774210 0.89199571
0.41645601 0.89100299
0.41516993 0.89000641
0.41388384 0.88902384
0.41259775 0.88804900
0.41131166 0.88708920
0.41002557 0.88616063
0.40873949 0.88526320
0.40745340 0.88437417
0.40616731 0.88347316
0.40488122 0.88256359
0.40359513 0.88166876
0.40230905 0.88082499
0.40102296 0.88006368
0.39973687 0.87938100
0.39843600 0.87874186
0.39714991 0.87811074
0.39586382 0.87746911
0.39457773 0.87681595
0.39329165 0.87615619
0.39200556 0.87549268
0.39071947 0.87482396
0.38943338 0.87414965
0.38814729 0.87347741
0.38686121 0.87282290
0.38557512 0.87220366
0.38428903 0.87163634
0.38298816 0.87113271
0.38170207 0.87068651
0.38041598 0.87026756
0.37912989 0.86984195
0.37784381 0.86939688
0.37655772 0.86893962
0.37527163 0.86848070
0.37398554 0.86802661
0.37269945 0.86757897
0.37139858 0.86713209
0.37011250 0.86668396
0.36882641 0.86624966
0.36754032 0.86584901
0.36625423 0.86549237
0.36496814 0.86517454
0.36368206 0.86487977
0.36238118 0.86459384
0.36109510 0.86430946
0.35980901 0.86402875
0.35852292 0.86375220
0.35723683 0.86347289
0.35595074 0.86318834
0.35466466 0.86290597
0.35336379 0.86263553
0.35207770 0.86238259
0.35079161 0.86214550
0.34950552 0.86192137
0.34821943 0.86171059
0.34693335 0.86150683
0.34563247 0.86129848
0.34434639 0.86107445
0.34306030 0.86082691
0.34177421 0.86055162
0.34048812 0.86024634
0.33918725 0.85991166
0.33790116 0.85954993
0.33661508 0.85916468
0.33532899 0.85875818
0.33404290 0.85833409
0.33275681 0.85789584
0.33145594 0.85743865
0.33016985 0.85695152
0.32888376 0.85641868
0.32759768 0.85581941
0.32629681 0.85513872
0.32501072 0.85436545
0.32372463 0.85349601
0.32243854 0.85254255
0.32115245 0.85152548
0.31985158 0.85046594
0.31856549 0.84938096
0.31727941 0.84827876
0.31599332 0.84714930
0.31469245 0.84597065
0.31340636 0.84473170
0.31212027 0.84343397
0.31083418 0.84207748
0.30953331 0.84064324
0.30824722 0.83910322
0.30696114 0.83744309
0.30567505 0.83567278
0.30437418 0.83382260
0.30308809 0.83192313
0.30180200 0.82999000
0.30051591 0.82801873
0.29921504 0.82599321
0.29792895 0.82389517
0.29664287 0.82171716
0.29534200 0.81947019
0.29405591 0.81717691
0.29276982 0.81485280
0.29148373 0.81250196
0.29018286 0.81011034
0.28889677 0.80764070
0.28761068 0.80505797
0.28630981 0.80238026
0.28502373 0.79965427
0.28373764 0.79691287
0.28243677 0.79415867
0.28115068 0.79134299
0.27986459 0.78842741
0.27857850 0.78540931
0.27727763 0.78229701
0.27599154 0.77911059
0.27470546 0.77588463
0.27340459 0.77264083
0.27211850 0.76937974
0.27083241 0.76608218
0.26953154 0.76271117
0.26824545 0.75924269
0.26695936 0.75567039
0.26565849 0.75201159
0.26437240 0.74830138
0.26307153 0.74455603
0.26178545 0.74077424
0.26049936 0.73694898
0.25919849 0.73307255
0.25791240 0.72914335
0.25662631 0.72516299
0.25532544 0.72113694
0.25403935 0.71707391
0.25275326 0.71298416
0.25145239 0.70887220
0.25016630 0.70473493
0.24886543 0.70056919
0.24757935 0.69637440
0.24629326 0.69215146
0.24499239 0.68790339
0.24370630 0.68362898
0.24240543 0.67932134
0.24111934 0.67497766
0.23983325 0.67060347
0.23853238 0.66621319
0.23724629 0.66182280
0.23594542 0.65744004
0.23465933 0.65306186
0.23337325 0.64867618
0.23207238 0.64427030
0.23078629 0.63983764
0.22948542 0.63537679
0.22819933 0.63088827
0.22689846 0.62637456
0.22561237 0.62184695
0.22432628 0.61732345
0.22302541 0.61281444
0.22173932 0.60831895
0.22043845 0.60383122
0.21915236 0.59934551
0.21785149 0.59485909
0.21656541 0.59037468
0.21526454 0.58589887
0.21397845 0.58143887
0.21267758 0.57700443
0.21139149 0.57259537
0.21009062 0.56819561
0.20880453 0.56378697
0.20750366 0.55935917
0.20621757 0.55494030
0.20493148 0.55059596
0.20363061 0.54634689
0.20234452 0.54216909
0.20104365 0.53803964
0.19975757 0.53393886
0.19845669 0.52986327
0.19717061 0.52581284
0.19586974 0.52177386
0.19458365 0.51772997
0.19328278 0.51365518
0.19199669 0.50956125
0.19069582 0.50551671
0.18939495 0.50155820
0.18810886 0.49766900
0.18680799 0.49381512
0.18552190 0.48997099
0.18422103 0.48613242
0.18293494 0.48231054
0.18163407 0.47851768
0.18034798 0.47475891
0.17904711 0.47103327
0.17776102 0.46733833
0.17646015 0.46367261
0.17517407 0.46003743
0.17387319 0.45643568
0.17257232 0.45287033
0.17128624 0.44934339
0.16998537 0.44585376
0.16869928 0.44239657
0.16739841 0.43895755
0.16611232 0.43550423
0.16481145 0.43199797
0.16351058 0.42839840
0.16222449 0.42471416
0.16092362 0.42103259
0.15963753 0.41740500
0.15833666 0.41382029
0.15703579 0.41025404
0.15574970 0.40670137
0.15444883 0.40318393
0.15316274 0.39969968
0.15186187 0.39622701
0.15056100 0.39275877
0.14927491 0.38931961
0.14797404 0.38594102
0.14668795 0.38263104
0.14538708 0.37937077
0.14408621 0.37611432
0.14280012 0.37280426
0.14149925 0.36941923
0.14019838 0.36598493
0.13891229 0.36253990
0.13761142 0.35910985
0.13632534 0.35570014
0.13502447 0.35230753
0.13372359 0.34893109
0.13243751 0.34557680
0.13113664 0.34225173
0.12983577 0.33894467
0.12854968 0.33730630
0.12724881 0.33403789
0.12594794 0.33078060
0.12466185 0.32753437
0.12336098 0.32429919
0.12206011 0.32107502
0.12075924 0.31786182
0.11947315 0.31465957
0.11817228 0.31146822
0.11687141 0.30828774
0.11558532 0.30511811
0.11428445 0.30195929
0.11298358 0.29881125
0.11169749 0.29567395
0.11039662 0.29254736
0.10909575 0.28943145
0.10779488 0.28632619
0.10650879 0.28323154
0.10520792 0.28014747
0.10390705 0.27707395
0.10260618 0.27401094
0.10132009 0.27095841
0.10001922 0.26791632
0.09871835 0.26488464
0.09743226 0.26186332
0.09613139 0.25885234
0.09483052 0.25585165
0.09352965 0.25286122
0.09224356 0.24988099
0.09094269 0.24691093
0.08964182 0.24395100
0.08834095 0.24100115
0.08704008 0.23806133
0.08575399 0.23513150
0.08445312 0.23221159
0.08315225 0.22930157
0.08185138 0.22640137
0.08056529 0.22351093
0.07926442 0.22063019
0.07796355 0.21775909
0.07666268 0.21489755
0.07536180 0.21204552
0.07407572 0.20920290
0.07277485 0.20636963
0.07147398 0.20354561
0.07017310 0.20073077
0.06887223 0.19792499
0.06757136 0.19512818
0.06628528 0.19234025
0.06498440 0.18956106
0.06368353 0.18679051
0.06238266 0.18402846
0.06108179 0.18127477
0.05978092 0.17852932
0.05849483 0.17579193
0.05719396 0.17306244
0.05589309 0.17034068
0.05459222 0.16762646
0.05329135 0.16491958
0.05199048 0.16221982
0.05068961 0.15952695
0.04940352 0.15684073
0.04810265 0.15416088
0.04680178 0.15148712
0.04550091 0.14881915
0.04420004 0.14615664
0.04289917 0.14349923
0.04159830 0.14084653
0.04029743 0.13819814
0.03901134 0.13555361
0.03771047 0.13291246
0.03640960 0.13027415
0.03510873 0.12763813
0.03380786 0.12500378
0.03250698 0.12237043
0.03120611 0.11973735
0.02990524 0.11710373
0.02860437 0.11446872
0.02730350 0.11183134
0.02600263 0.10919056
0.02470176 0.10654522
0.02341567 0.10389403
0.02211480 0.10123559
0.02081393 0.09856834
0.01951306 0.09589051
0.01821219 0.09320017
0.01691132 0.09049510
0.01561045 0.08777285
0.01430958 0.08503061
0.01300871 0.08226518
0.01170784 0.07947291
0.01040697 0.07664956
0.00910609 0.07379025
0.00780522 0.07088920
0.00650435 0.06793960
0.00520348 0.06493331
0.00390261 0.06186043
0.00260174 0.05870880
0.00130087 0.05546317
0.00000000 0.05210404
-0.00000000 0.04358008
-0.00130087 0.03553591
-0.00260335 0.03036989
-0.00390746 0.02485532
-0.00521317 0.02029335
-0.00652048 0.01583208
-0.00782941 0.01158759
-0.00913993 0.00668997
-0.01045207 0.00000000
-0.01176578 nan
-0.01308110 nan
-0.01439801 0.00598368
-0.01571644 0.01078742
-0.01703653 0.01554677
-0.01835824 0.02029335
-0.01968143 0.02485532
-0.02100625 0.02977411
-0.02233255 0.03464210
-0.02366047 0.03970497
-0.02499002 0.04469739
-0.02632105 0.04955068
-0.02765326 0.05388783
-0.02898739 0.05720059
-0.03032315 0.05973441
-0.03166038 0.06194856
-0.03299939 0.06387615
-0.03433973 0.06574764
-0.03568185 0.06750118
-0.03702529 0.06921065
-0.03837051 0.07087925
-0.03971706 0.07250980
-0.04106524 0.07410482
-0.04241504 0.07578536
-0.04376617 0.07742980
-0.04511893 0.07892643
-0.04647316 0.08017123
-0.04782902 0.08106467
-0.04918636 0.08178349
-0.05054518 0.08238688
-0.05190548 0.08298594
-0.05326740 0.08358075
-0.05463080 0.08417142
-0.05599568 0.08470486
-0.05736204 0.08523500
-0.05872988 0.08581443
-0.06009919 0.08633785
-0.06146998 0.08685815
-0.06284240 0.08737541
-0.06421615 0.08788965
-0.06559138 0.08840095
-0.06696823 0.08901069
-0.06834642 0.08961633
-0.06972608 0.09021797
-0.07110722 0.09086532
-0.07248984 0.09145886
-0.07387393 0.09209761
-0.07525951 0.09273203
-0.07664641 0.09331388
-0.07803480 0.09394021
-0.07942466 0.09451474
-0.08081600 0.09513329
-0.08220867 0.09574791
-0.08360282 0.09631182
-0.08499845 0.09691909
-0.08639541 0.09747635
-0.08779384 0.09803049
-0.08919376 0.09862735
-0.09059500 0.09917517
-0.09199772 0.09972004
-0.09340178 0.10026199
-0.09480731 0.10080109
-0.09621417 0.10133736
-0.09762236 0.10187087
-0.09903203 0.10240165
-0.10044304 0.10292974
-0.10185551 0.10345519
-0.10326932 0.10397804
-0.10468446 0.10445505
-0.10610108 0.10497301
-0.10751888 0.10548848
-0.10893816 0.10600149
-0.11035892 0.10651208
-0.11178086 0.10702029
-0.11320413 0.10752614
-0.11462888 0.10802967
-0.11605496 0.10853091
-0.11748222 0.10898840
-0.11891096 0.10948535
-0.12034104 0.10993895
-0.12177229 0.11043171
-0.12320502 0.11088153
-0.12463893 0.11132956
-0.12607433 0.11177585
-0.12751090 0.11222039
-0.12894881 0.11266323
-0.13038804 0.11310436
-0.13182846 0.11354383
-0.13327021 0.11398163
-0.13471344 0.11441781
-0.13615770 0.11481292
-0.13760344 0.11524602
-0.13905022 0.11567754
-0.14049847 0.11606847
-0.14194791 0.11649701
-0.14339867 0.11688526
-0.14485062 0.11731090
-0.14630375 0.11769653
-0.14775822 0.11808094
-0.14921430 0.11850238
-0.15067039 0.11888425
-0.15212944 0.11926492
-0.15358848 0.11968230
-0.15504900 0.12006051
-0.15651101 0.12043756
-0.15797449 0.12085100
-0.15943796 0.12122565
-0.16090440 0.12159919
-0.16237084 0.12200879
-0.16383875 0.12238000
-0.16530667 0.12275011
-0.16677754 0.12315598
-0.16824841 0.12352384
-0.16972223 0.12392725
-0.17119606 0.12429288
-0.17266989 0.12469387
-0.17414667 0.12505732
-0.17562346 0.12545593
-0.17710172 0.12581725
-0.17858146 0.12621353
-0.18006268 0.12660861
-0.18154390 0.12696673
-0.18302659 0.12735954
-0.18451077 0.12775118
-0.18599642 0.12814165
-0.18748355 0.12853097
-0.18897069 0.12891915
-0.19045930 0.12930621
-0.19194791 0.12969214
-0.19343947 0.13007695
-0.19493104 0.13046067
-0.19642408 0.13084330
-0.19791861 0.13122485
-0.19941313 0.13157078
-0.20090913 0.13195028
-0.20240661 0.13229438
-0.20390557 0.13267188
-0.20540453 0.13301416
-0.20690496 0.13335559
-0.20840540 0.13369618
-0.20990879 0.13403593
-0.21141218 0.13437485
-0.21291705 0.13471295
-0.21442193 0.13505022
-0.21592827 0.13538669
-0.21743610 0.13572234
-0.21894541 0.13602375
-0.22045471 0.13635789
-0.22196550 0.13669124
-0.22347628 0.13699058
-0.22499002 0.13732245
-0.22650376 0.13765354
-0.22801750 0.13798386
-0.22953272 0.13831342
-0.23104942 0.13867507
-0.23256759 0.13903581
-0.23408577 0.13942831
-0.23560542 0.13985232
-0.23712508 0.14030757
-0.23864621 0.14079376
-0.24016882 0.14124607
-0.24169143 0.14172916
-0.24321552 0.14217860
-0.24474108 0.14265864
-0.24626665 0.14310528
-0.24779369 0.14355057
-0.24932074 0.14399454
-0.25084926 0.14443720
-0.25237926 0.14484707
-0.25390926 0.14528723
-0.25544074 0.14572610
-0.25697222 0.14613250
-0.25850518 0.14656894
-0.26003962 0.14697309
-0.26157405 0.14740714
-0.26310997 0.14780909
-0.26464588 0.14824078
-0.26618327 0.14864056
-0.26772067 0.14906995
-0.26925954 0.14946760
-0.27079989 0.14989471
-0.27234024 0.15029026
-0.27388059 0.15068482
-0.27542241 0.15110863
-0.27696572 0.15150115
-0.27850902 0.15192277
-0.28005381 0.15231327
-0.28159859 0.15270282
-0.28314485 0.15312127
-0.28469112 0.15350885
-0.28623886 0.15389550
-0.28778808 0.15428122
-0.28933730 0.15466602
-0.29088651 0.15504990
-0.29243721 0.15543288
-0.29398791 0.15581495
-0.29554008 0.15616684
-0.29709226 0.15654721
-0.29864591 0.15689753
-0.30019957 0.15724710
-0.30175470 0.15759593
-0.30330983 0.15791505
-0.30486644 0.15823355
-0.30642305 0.15858032
-0.30798114 0.15889754
-0.30953923 0.15924292
-0.31109731 0.15958759
-0.31265688 0.15993155
-0.31421793 0.16027480
-0.31577749 0.16061735
-0.31734002 0.16098767
-0.31890106 0.16132878
-0.32046358 0.16169754
-0.32202758 0.16206550
-0.32359159 0.16243266
-0.32515559 0.16279904
-0.32672107 0.16319272
-0.32828655 0.16355748
-0.32985350 0.16394943
-0.33142046 0.16434049
-0.33298742 0.16470282
-0.33455586 0.16511996
-0.33612429 0.16550839
-0.33769273 0.16589595
-0.33926264 0.16631024
-0.34083256 0.16669603
-0.34240395 0.16710844
-0.34397534 0.16751988
-0.34554674 0.16793037
-0.34711961 0.16833990
-0.34869248 0.16874849
-0.35026535 0.16918329
-0.35183970 0.16958995
-0.35341405 0.17002271
-0.35498840 0.17042747
-0.35656422 0.17085821
-0.35814005 0.17128793
-0.35971588 0.17171663
-0.36129171 0.17217102
-0.36286901 0.17259764
-0.36444780 0.17302326
-0.36602510 0.17347440
-0.36760388 0.17389800
-0.36918267 0.17434700
-0.37076145 0.17479491
-0.37234172 0.17524174
-0.37392198 0.17568749
-0.37550224 0.17613218
-0.37708398 0.17657581
-0.37866424 0.17704439
-0.38024598 0.17751181
-0.38182920 0.17797806
-0.38341094 0.17844317
-0.38499416 0.17890714
-0.38657738 0.17939565
-0.38816060 0.17988291
-0.38974382 0.18036894
-0.39132851 0.18085373
-0.39291321 0.18133730
-0.39449791 0.18184502
-0.39608261 0.18235141
-0.39766878 0.18285647
-0.39925496 0.18338538
-0.40084113 0.18388778
-0.40242731 0.18441391
-0.40401348 0.18493864
-0.40560114 0.18548686
-0.40718731 0.18600874
-0.40877496 0.18655401
-0.41036262 0.18709778
-0.41195175 0.18766470
-0.41353940 0.18820546
-0.41512853 0.18876926
-0.41671619 0.18935589
-0.41830532 0.18991649
-0.41989445 0.19049982
-0.42148358 0.19108148
-0.42307419 0.19166149
-0.42466333 0.19223986
-0.42625394 0.19284061
-0.42784307 0.19343962
-0.42943368 0.19403691
-0.43102429 0.19465627
-0.43261490 0.19527379
-0.43420551 0.19588951
-0.43579612 0.19650342
-0.43738821 0.19713907
-0.43897882 0.19777281
-0.44057090 0.19840467
-0.44216151 0.19903466
-0.44375360 0.19968604
-0.44534569 0.20031229
-0.44693778 0.20095982
-0.44852839 0.20162844
-0.45012048 0.20227206
-0.45171257 0.20293667
-0.45330613 0.20357645
-0.45489822 0.20423713
-0.45649031 0.20489584
-0.45808240 0.20555259
-0.45967449 0.20622995
-0.46126658 0.20688279
-0.46286014 0.20753373
-0.46445223 0.20818279
-0.46604432 0.20882999
-0.46763788 0.20947534
-0.46922997 0.21011887
-0.47082206 0.21078268
-0.47241563 0.21148863
-0.47400772 0.21219242
-0.47559980 0.21289407
-0.47719337 0.21363725
-0.47878546 0.21437806
-0.48037755 0.21513821
-0.48196964 0.21589591
-0.48356320 0.21667272
-0.48515529 0.21744699
-0.48674738 0.21824015
-0.48833947 0.21903067
-0.48993156 0.21981860
-0.49152364 0.22062514
-0.49311573 0.22145011
-0.49470782 0.22225125
-0.49629843 0.22309171
-0.49789052 0.22390840
-0.49948261 0.22474321
-0.50107322 0.22557522
-0.50266383 0.22640444
-0.50425592 0.22725154
-0.50584653 0.22809578
-0.50743714 0.22893719
-0.50902775 0.22979623
-0.51061836 0.23065237
-0.51220897 0.23150565
-0.51379958 0.23237630
-0.51538871 0.23324402
-0.51697932 0.23410882
-0.51856845 0.23497076
-0.52015758 0.23584980
-0.52174671 0.23674577
-0.52333585 0.23761890
-0.52492498 0.23852863
-0.52651263 0.23941558
-0.52810029 0.24031920
-0.52968942 0.24123933
-0.53127707 0.24215632
-0.53286472 0.24308962
-0.53445090 0.24401973
-0.53603855 0.24496596
-0.53762473 0.24592814
-0.53921090 0.24690612
-0.54079708 0.24789973
-0.54238325 0.24890881
-0.54396943 0.24995214
-0.54555413 0.25101047
-0.54713882 0.25210244
-0.54872352 0.25320895
-0.55030822 0.25429255
-0.55189144 0.25539065
-0.55347466 0.25646608
-0.55505787 0.25753755
-0.55664109 0.25862347
-0.55822283 0.25968708
-0.55980605 0.26074687
-0.56138779 0.26180289
-0.56296805 0.26287329
-0.56454980 0.26393988
-0.56613006 0.26500271
-0.56771032 0.26606181
-0.56929058 0.26713511
-0.57086937 0.26822244
-0.57244815 0.26928821
-0.57402693 0.27038566
-0.57560424 0.27147924
-0.57718302 0.27256901
-0.57875885 0.27367250
-0.58033616 0.27478956
-0.58191198 0.27590270
-0.58348781 0.27704658
-0.58506364 0.27816915
-0.58663799 0.27932218
-0.58821234 0.28047113
-0.58978669 0.28165016
-0.59135956 0.28282495
-0.59293243 0.28401252
-0.59450530 0.28519584
-0.59607669 0.28640860
-0.59764808 0.28761698
-0.59921800 0.28885444
-0.60078939 0.29008739
-0.60235783 0.29134904
-0.60392774 0.29260607
-0.60549618 0.29387498
-0.60706461 0.29515565
-0.60863157 0.29644797
-0.61019853 0.29775182
-0.61176401 0.29906708
-0.61333097 0.30039363
-0.61489497 0.30171528
-0.61646045 0.30306415
-0.61802445 0.30442397
-0.61958697 0.30577874
-0.62114950 0.30714436
-0.62271202 0.30852073
-0.62427306 0.30990775
-0.62583411 0.31130530
-0.62739368 0.31269768
-0.62895324 0.31411606
-0.63051133 0.31551366
-0.63207090 0.31693708
-0.63362751 0.31835525
-0.63518412 0.31976825
-0.63674073 0.32117615
-0.63829586 0.32259425
-0.63985099 0.32400727
-0.64140464 0.32540017
-0.64295830 0.32680331
-0.64451047 0.32820157
-0.64606265 0.32960997
-0.64761335 0.33104334
-0.64916404 0.33250142
-0.65071326 0.33398397
-0.65226248 0.33547600
-0.65381022 0.33699211
-0.65535796 0.33851743
-0.65690570 0.34005186
-0.65845049 0.34160987
-0.65999675 0.34316225
-0.66154005 0.34473794
-0.66308484 0.34632234
-0.66462666 0.34791536
-0.66616849 0.34950266
-0.66771032 0.35111276
-0.66925067 0.35273128
-0.67078954 0.35434401
-0.67232841 0.35596511
-0.67386728 0.35759451
-0.67540467 0.35923214
-0.67694059 0.36087795
-0.67847650 0.36253186
-0.68001094 0.36417998
-0.68154390 0.36584995
-0.68307685 0.36751411
-0.68460833 0.36918622
-0.68613981 0.37085259
-0.68766982 0.37254046
-0.68919982 0.37422257
-0.69072834 0.37592599
-0.69225538 0.37762361
-0.69378243 0.37932894
-0.69530800 0.38102854
-0.69683356 0.38274914
-0.69835765 0.38447728
-0.69988026 0.38619968
-0.70140287 0.38794278
-0.70292400 0.38969327
-0.70444366 0.39143800
-0.70596331 0.39320316
-0.70748148 0.39497557
-0.70899966 0.39676815
-0.71051488 0.39855487
-0.71203158 0.40036159
-0.71354532 0.40218814
-0.71505906 0.40403435
-0.71657132 0.40590006
-0.71808358 0.40778511
-0.71959436 0.40970202
-0.72110367 0.41165049
-0.72261150 0.41364284
-0.72411933 0.41565357
-0.72562567 0.41767001
-0.72713202 0.41965478
-0.72863542 0.42160821
-0.73014029 0.42353064
-0.73164220 0.42544708
-0.73314412 0.42733301
-0.73464307 0.42922554
-0.73614351 0.43110018
-0.73764099 0.43298151
-0.73913847 0.43486950
-0.74063447 0.43676413
-0.74212899 0.43867746
-0.74362352 0.44060935
-0.74511656 0.44257171
-0.74660813 0.44456429
-0.74809822 0.44658687
-0.74958830 0.44865113
-0.75107691 0.45074485
-0.75256405 0.45287965
-0.75405118 0.45506700
-0.75553535 0.45728293
-0.75701953 0.45953895
-0.75850222 0.46183474
-0.75998492 0.46415831
-0.76146466 0.46650947
-0.76294440 0.46887641
-0.76442266 0.47127060
-0.76590093 0.47368034
-0.76737623 0.47610552
-0.76885154 0.47853464
-0.77032537 0.48095632
-0.77179771 0.48338204
-0.77326859 0.48581184
-0.77473946 0.48821183
-0.77620885 0.49061615
-0.77767528 0.49299110
-0.77914320 0.49534818
-0.78060816 0.49768762
-0.78207164 0.50000959
-0.78353512 0.50231430
-0.78499712 0.50460194
-0.78645764 0.50687268
-0.78791669 0.50913773
-0.78937573 0.51139719
-0.79083182 0.51366213
-0.79228791 0.51592160
-0.79374252 0.51818662
-0.79519565 0.52045719
-0.79664730 0.52273333
-0.79809748 0.52503676
-0.79954765 0.52734567
-0.80099487 0.52968168
-0.80244209 0.53204466
-0.80388783 0.53443448
-0.80533209 0.53685101
-0.80677488 0.53929412
-0.80821618 0.54177436
-0.80965749 0.54428089
-0.81109584 0.54682421
-0.81253418 0.54939355
-0.81397106 0.55198878
-0.81540645 0.55460980
-0.81684036 0.55724597
-0.81827280 0.55989727
-0.81970376 0.56257415
-0.82113324 0.56525559
-0.82256272 0.56794164
-0.82398924 0.57063235
-0.82541576 0.57332776
-0.82684081 0.57602792
-0.82826289 0.57872252
-0.82968498 0.58141167
-0.83110559 0.58410580
-0.83252472 0.58678437
-0.83394238 0.58946808
-0.83536003 0.59213647
-0.83677473 0.59479994
-0.83818795 0.59746880
-0.83960116 0.60012270
-0.84101143 0.60278214
-0.84242169 0.60542686
-0.84382899 0.60807727
-0.84523630 0.61072330
-0.84664213 0.61336504
-0.84804648 0.61601266
-0.84944787 0.61865614
-0.85084926 0.62130563
-0.85224918 0.62395111
-0.85364761 0.62659267
-0.85504457 0.62925044
-0.85644005 0.63189440
-0.85783405 0.63455465
-0.85922657 0.63721123
-0.86061762 0.63987420
-0.86200866 0.64253364
-0.86339675 0.64520951
-0.86478336 0.64788197
-0.86616849 0.65055109
-0.86755215 0.65323676
-0.86893580 0.65592911
-0.87031650 0.65861828
-0.87169571 0.66131424
-0.87307345 0.66402689
-0.87445120 0.66673653
-0.87582598 0.66946294
-0.87719928 0.67218647
-0.87857259 0.67492683
-0.87994294 0.67766442
-0.88131181 0.68042873
-0.88267920 0.68319037
-0.88404659 0.68595921
-0.88541103 0.68875484
-0.88677399 0.69154798
-0.88813547 0.69435821
-0.88949695 0.69718555
-0.89085547 0.70002032
-0.89221251 0.70287229
-0.89356808 0.70574149
-0.89492217 0.70862798
-0.89627478 0.71153178
-0.89762591 0.71445295
-0.89897556 0.71740121
-0.90032374 0.72036692
-0.90167044 0.72335011
-0.90301565 0.72636052
-0.90435940 0.72939819
-0.90570166 0.73246315
-0.90704096 0.73555546
-0.90838027 0.73868482
-0.90971810 0.74184162
-0.91105297 0.74503556
-0.91238784 0.74826669
-0.91371975 0.75152544
-0.91505167 0.75485041
-0.91638062 0.75825129
-0.91770810 0.76174736
-0.91903410 0.76534831
-0.92036010 0.76903492
-0.92168315 0.77281691
-0.92300472 0.77669436
-0.92432480 0.78067704
-0.92564341 0.78477468
-0.92695907 0.78898746
-0.92827472 0.79334443
-0.92958890 0.79784583
-0.93090011 0.80252081
-0.93221133 0.80738896
-0.93351959 0.81247959
-0.93482786 0.81782213
-0.93613316 0.82345579
-0.93743699 0.82941040
-0.93873934 0.83575459
-0.94004021 0.84248990
-0.94133960 0.84954665
-0.94263604 0.85679227
-0.94393247 0.86440671
-0.94522743 0.87272264
-0.94651943 0.88355852
-0.94781143 0.89880212
-0.94910048 0.92249303
-0.95038804 0.94569056
-0.95167118 0.94564888
-0.95295431 0.92875766
-0.95423744 0.91843630
-0.95551909 0.91568080
-0.95679779 0.91421219
-0.95807353 0.91341436
-0.95934927 0.91279331
-0.96062353 0.91194386
-0.96189631 0.91070539
-0.96316762 0.90714851
