# s/c    P_stat
1.28119503 0.58964316
1.27992372 0.58786084
1.27865242 0.58616513
1.27738111 0.58455305
1.27610981 0.58302171
1.27483850 0.58156822
1.27356719 0.58018980
1.27229589 0.57888368
1.27102458 0.57764714
1.26975328 0.57647753
1.26848197 0.57537224
1.26721067 0.57432870
1.26593936 0.57334440
1.26466806 0.57241687
1.26339675 0.57154370
1.26212545 0.57072250
1.26085414 0.56995096
1.25958283 0.56922680
1.25831153 0.56854777
1.25704022 0.56791170
1.25576892 0.56731643
1.25449761 0.56675987
1.25322631 0.56623997
1.25195500 0.56575471
1.25068370 0.56530212
1.24941239 0.56488029
1.24814109 0.56448732
1.24686978 0.56412138
1.24559847 0.56378067
1.24432717 0.56346344
1.24305586 0.56316796
1.24178456 0.56289257
1.24051325 0.56263563
1.23924195 0.56239555
1.23797064 0.56217076
1.23669934 0.56195976
1.23542803 0.56176108
1.23415673 0.56157326
1.23288542 0.56139491
1.23161411 0.56122468
1.23034281 0.56106122
1.22907150 0.56090326
1.22780020 0.56074955
1.22652889 0.56059887
1.22525759 0.56045003
1.22398628 0.56030190
1.22271498 0.56015337
1.22144367 0.56000337
1.22017237 0.55985084
1.21890106 0.55969480
1.21762975 0.55953426
1.21635845 0.55936830
1.21508714 0.55919600
1.21381584 0.55901648
1.21254453 0.55882892
1.21127323 0.55863250
1.21000192 0.55842645
1.20873062 0.55821002
1.20744453 0.55798249
1.20617322 0.55774319
1.20490192 0.55749145
1.20363061 0.55722665
1.20235931 0.55694820
1.20108800 0.55665553
1.19981670 0.55634811
1.19854539 0.55602543
1.19727408 0.55568700
1.19600278 0.55533238
1.19473147 0.55496114
1.19346017 0.55457288
1.19218886 0.55416723
1.19091756 0.55374384
1.18964625 0.55330241
1.18837495 0.55284262
1.18710364 0.55236423
1.18583234 0.55186698
1.18456103 0.55135065
1.18328972 0.55081506
1.18201842 0.55026004
1.18074711 0.54968544
1.17946103 0.54909113
1.17818972 0.54847702
1.17691841 0.54784304
1.17564711 0.54718913
1.17437580 0.54651526
1.17310450 0.54582142
1.17183319 0.54510762
1.17056189 0.54437390
1.16929058 0.54362031
1.16801928 0.54284693
1.16674797 0.54205384
1.16547667 0.54124118
1.16420536 0.54040907
1.16293405 0.53955766
1.16166275 0.53868713
1.16039144 0.53779768
1.15912014 0.53688951
1.15783405 0.53596285
1.15656274 0.53501795
1.15529144 0.53405507
1.15402013 0.53259382
1.15274883 0.53160855
1.15147752 0.53062778
1.15020622 0.52964243
1.14893491 0.52864879
1.14766361 0.52764444
1.14639230 0.52663602
1.14512100 0.52563926
1.14384969 0.52465711
1.14257838 0.52368252
1.14130708 0.52270358
1.14002099 0.52169810
1.13874969 0.52063904
1.13747838 0.51951383
1.13620707 0.51832633
1.13493577 0.51708786
1.13366446 0.51580616
1.13239316 0.51448946
1.13112185 0.51314643
1.12985055 0.51178558
1.12857924 0.51041499
1.12730794 0.50904207
1.12603663 0.50767419
1.12475054 0.50631876
1.12347924 0.50498012
1.12220793 0.50365616
1.12093663 0.50233748
1.11966532 0.50101264
1.11839402 0.49967295
1.11712271 0.49831478
1.11585141 0.49693928
1.11458010 0.49554944
1.11330879 0.49414904
1.11203749 0.49274227
1.11075140 0.49133329
1.10948010 0.48992618
1.10820879 0.48852477
1.10693748 0.48713246
1.10566618 0.48575211
1.10439487 0.48438613
1.10312357 0.48303667
1.10185226 0.48170566
1.10058096 0.48039507
1.09930965 0.47910648
1.09802356 0.47784111
1.09675226 0.47660008
1.09548095 0.47538335
1.09420965 0.47419064
1.09293834 0.47302150
1.09166704 0.47187505
1.09039573 0.47075040
1.08912443 0.46964626
1.08783834 0.46856088
1.08656703 0.46749232
1.08529573 0.46643880
1.08402442 0.46539830
1.08275312 0.46436835
1.08148181 0.46334521
1.08021050 0.46232468
1.07893920 0.46130756
1.07766789 0.46030392
1.07638181 0.45932615
1.07511050 0.45838288
1.07383919 0.45747872
1.07256789 0.45661282
1.07129658 0.45578292
1.07002528 0.45498637
1.06875397 0.45421923
1.06746788 0.45347760
1.06619658 0.45275761
1.06492527 0.45205666
1.06365397 0.45137241
1.06238266 0.45070334
1.06111136 0.45004620
1.05984005 0.44939512
1.05856875 0.44874779
1.05728266 0.44810521
1.05601135 0.44747090
1.05474005 0.44684979
1.05346874 0.44624583
1.05219744 0.44566194
1.05092613 0.44510047
1.04965483 0.44456334
1.04836874 0.44405168
1.04709743 0.44356564
1.04582613 0.44310381
1.04455482 0.44266436
1.04328352 0.44224557
1.04201221 0.44184584
1.04072612 0.44146323
1.03945482 0.44109595
1.03818351 0.44074209
1.03691221 0.44039916
1.03564090 0.44006564
1.03436960 0.43974063
1.03309829 0.43942497
1.03181220 0.43912114
1.03054090 0.43883158
1.02926959 0.43855852
1.02799829 0.43830367
1.02672698 0.43806888
1.02545567 0.43785630
1.02416959 0.43766649
1.02289828 0.43749718
1.02162698 0.43734384
1.02035567 0.43720149
1.01908436 0.43706701
1.01779828 0.43693970
1.01652697 0.43681991
1.01525567 0.43670828
1.01398436 0.43660553
1.01271305 0.43651223
1.01144175 0.43642876
1.01015566 0.43635528
1.00888436 0.43629185
1.00761305 0.43623836
1.00634174 0.43619456
1.00507044 0.43616011
1.00378435 0.43613474
1.00251305 0.43611897
1.00124174 0.43611444
0.99997043 0.43612427
0.99869913 0.43615123
0.99742782 0.43619687
0.99614174 0.43626173
0.99487043 0.43634407
0.99359912 0.43644229
0.99232782 0.43655526
0.99105651 0.43668131
0.98977043 0.43681855
0.98849912 0.43696452
0.98722781 0.43711572
0.98595651 0.43726884
0.98468520 0.43742067
0.98339912 0.43756776
0.98212781 0.43770808
0.98085651 0.43784004
0.97958520 0.43796325
0.97829911 0.43807987
0.97702781 0.43819442
0.97575650 0.43831297
0.97448520 0.43844118
0.97321389 0.43858334
0.97192780 0.43874214
0.97065650 0.43891855
0.96938519 0.43911200
0.96811389 0.43932036
0.96682780 0.43953937
0.96555649 0.43976262
0.96428519 0.43998419
0.96301388 0.44019902
0.96174258 0.44040158
0.96045649 0.44058650
0.95918518 0.44074704
0.95791388 0.44088072
0.95664257 0.44099604
0.95535648 0.44110988
0.95408518 0.44123721
0.95281387 0.44138448
0.95154257 0.44155283
0.95025648 0.44174007
0.94898517 0.44194356
0.94771387 0.44216083
0.94644256 0.44238821
0.94515647 0.44262171
0.94388517 0.44285696
0.94261386 0.44308884
0.94134256 0.44331011
0.94005647 0.44351076
0.93878516 0.44368346
0.93751386 0.44382934
0.93624255 0.44395574
0.93495647 0.44407124
0.93368516 0.44418379
0.93241385 0.44429915
0.93114255 0.44441929
0.92985646 0.44454486
0.92858516 0.44467631
0.92731385 0.44481412
0.92604254 0.44495875
0.92475646 0.44510916
0.92348515 0.44526136
0.92221385 0.44540755
0.92094254 0.44553845
0.91965645 0.44564825
0.91838515 0.44573635
0.91711384 0.44580525
0.91582775 0.44585952
0.91455645 0.44590485
0.91328514 0.44594741
0.91201384 0.44599309
0.91072775 0.44604771
0.90945644 0.44611700
0.90818514 0.44620397
0.90691383 0.44630901
0.90562774 0.44643087
0.90435644 0.44656705
0.90308513 0.44671465
0.90179905 0.44687052
0.90052774 0.44703179
0.89925643 0.44719593
0.89797035 0.44736022
0.89669904 0.44752200
0.89542774 0.44767868
0.89415643 0.44782807
0.89287034 0.44796934
0.89159904 0.44810283
0.89032773 0.44822885
0.88904164 0.44834928
0.88777034 0.44847014
0.88649903 0.44860078
0.88521294 0.44874999
0.88394164 0.44892291
0.88267033 0.44912395
0.88138424 0.44935801
0.88011294 0.44962854
0.87884163 0.44993730
0.87757033 0.45028316
0.87628424 0.45066264
0.87501293 0.45106943
0.87374163 0.45149470
0.87245554 0.45192836
0.87118424 0.45235790
0.86991293 0.45277038
0.86862684 0.45315358
0.86735554 0.45350001
0.86608423 0.45381033
0.86479814 0.45409220
0.86352684 0.45435700
0.86225553 0.45461728
0.86096944 0.45488448
0.85969814 0.45516339
0.85842683 0.45545518
0.85714075 0.45575932
0.85586944 0.45607326
0.85459813 0.45639368
0.85331205 0.45671652
0.85204074 0.45703622
0.85076944 0.45734598
0.84948335 0.45764306
0.84821204 0.45793136
0.84692595 0.45821943
0.84565465 0.45851543
0.84438334 0.45882422
0.84309725 0.45914725
0.84182595 0.45948329
0.84055464 0.45982986
0.83926856 0.46018352
0.83799725 0.46054051
0.83672594 0.46089695
0.83543986 0.46124873
0.83416855 0.46159200
0.83288246 0.46192365
0.83161116 0.46224145
0.83033985 0.46254397
0.82905376 0.46283131
0.82778246 0.46310601
0.82651115 0.46337485
0.82522507 0.46364933
0.82395376 0.46393986
0.82266767 0.46424782
0.82139637 0.46456844
0.82012506 0.46489585
0.81883897 0.46522406
0.81756767 0.46554995
0.81628158 0.46587056
0.81501027 0.46618183
0.81373897 0.46647966
0.81245288 0.46676137
0.81118157 0.46702750
0.80989549 0.46727944
0.80862418 0.46751861
0.80735288 0.46774541
0.80606679 0.46796209
0.80479548 0.46817577
0.80350939 0.46839297
0.80223809 0.46861782
0.80096678 0.46885208
0.79968070 0.46909515
0.79840939 0.46934545
0.79712330 0.46960037
0.79585200 0.46985634
0.79458069 0.47010946
0.79329460 0.47035624
0.79202330 0.47059418
0.79073721 0.47082233
0.78946590 0.47104047
0.78817982 0.47124884
0.78690851 0.47144802
0.78563720 0.47163895
0.78435112 0.47182280
0.78307981 0.47200236
0.78179372 0.47218333
0.78052242 0.47237147
0.77923633 0.47257065
0.77796502 0.47278186
0.77669372 0.47300349
0.77540763 0.47323279
0.77413633 0.47346593
0.77285024 0.47369878
0.77157893 0.47392546
0.77029284 0.47413701
0.76902154 0.47432574
0.76773545 0.47448915
0.76646414 0.47462982
0.76517806 0.47475248
0.76390675 0.47486089
0.76263545 0.47495713
0.76134936 0.47504238
0.76007805 0.47511727
0.75879196 0.47518199
0.75752066 0.47523661
0.75623457 0.47528136
0.75496327 0.47531672
0.75367718 0.47534353
0.75240587 0.47536325
0.75111978 0.47537805
0.74984848 0.47539101
0.74856239 0.47540605
0.74729108 0.47542709
0.74600500 0.47545711
0.74473369 0.47549680
0.74344760 0.47554556
0.74217630 0.47560194
0.74089021 0.47566336
0.73961890 0.47572829
0.73833282 0.47579527
0.73706151 0.47586238
0.73577542 0.47592775
0.73450412 0.47598885
0.73321803 0.47604550
0.73194672 0.47610147
0.73066064 0.47616451
0.72938933 0.47624501
0.72810324 0.47634833
0.72683194 0.47647228
0.72554585 0.47661090
0.72427454 0.47675898
0.72298845 0.47691476
0.72171715 0.47707836
0.72043106 0.47724899
0.71915976 0.47742350
0.71787367 0.47759611
0.71660236 0.47775756
0.71531627 0.47789926
0.71404497 0.47802509
0.71275888 0.47814793
0.71148758 0.47828029
0.71020149 0.47843057
0.70893018 0.47859720
0.70764409 0.47877728
0.70635801 0.47896970
0.70508670 0.47917360
0.70380061 0.47939241
0.70252931 0.47963053
0.70124322 0.47988421
0.69997191 0.48013841
0.69868582 0.48038024
0.69741452 0.48060566
0.69612843 0.48081832
0.69484234 0.48102545
0.69357104 0.48123169
0.69228495 0.48143926
0.69101364 0.48164681
0.68972756 0.48185207
0.68845625 0.48205180
0.68717016 0.48223875
0.68589886 0.48240859
0.68461277 0.48257074
0.68332668 0.48274644
0.68205538 0.48295223
0.68076929 0.48319181
0.67949798 0.48346400
0.67821189 0.48376828
0.67692581 0.48410446
0.67565450 0.48447305
0.67436841 0.48486919
0.67309711 0.48527416
0.67181102 0.48566394
0.67053971 0.48602541
0.66925363 0.48635527
0.66796754 0.48665621
0.66669623 0.48693921
0.66541014 0.48722052
0.66413884 0.48751838
0.66285275 0.48784600
0.66156666 0.48820462
0.66029536 0.48858777
0.65900927 0.48898814
0.65772318 0.48940399
0.65645188 0.48983680
0.65516579 0.49028598
0.65389448 0.49074738
0.65260839 0.49121453
0.65132231 0.49168109
0.65005100 0.49214094
0.64876491 0.49258856
0.64749361 0.49301897
0.64620752 0.49342781
0.64492143 0.49381142
0.64365012 0.49416651
0.64236404 0.49448948
0.64107795 0.49477599
0.63980664 0.49502383
0.63852056 0.49523866
0.63723447 0.49543314
0.63596316 0.49562187
0.63467707 0.49581763
0.63339099 0.49603294
0.63211968 0.49627996
0.63083359 0.49656553
0.62954750 0.49689004
0.62827620 0.49725104
0.62699011 0.49763126
0.62571880 0.49800108
0.62443272 0.49834521
0.62314663 0.49865995
0.62187532 0.49895061
0.62058924 0.49922655
0.61930315 0.49949295
0.61801706 0.49975233
0.61674575 0.50000493
0.61545967 0.50025216
0.61417358 0.50049135
0.61290227 0.50071688
0.61161618 0.50092645
0.61033010 0.50112900
0.60905879 0.50134093
0.60777270 0.50158374
0.60648661 0.50187344
0.60521531 0.50220117
0.60392922 0.50254995
0.60264313 0.50289877
0.60137183 0.50322557
0.60008574 0.50351957
0.59879965 0.50377936
0.59751356 0.50401219
0.59624226 0.50423310
0.59495617 0.50446321
0.59367008 0.50472144
0.59239878 0.50501231
0.59111269 0.50532251
0.58982660 0.50563432
0.58854051 0.50594106
0.58726921 0.50624895
0.58598312 0.50656916
0.58469703 0.50691518
0.58341094 0.50729844
0.58213964 0.50771803
0.58085355 0.50816335
0.57956746 0.50861235
0.57829616 0.50903752
0.57701007 0.50942700
0.57572398 0.50977967
0.57443789 0.51010151
0.57316659 0.51040422
0.57188050 0.51070159
0.57059441 0.51100875
0.56930832 0.51134007
0.56803702 0.51170393
0.56675093 0.51209784
0.56546484 0.51251393
0.56417875 0.51294426
0.56289266 0.51337497
0.56162136 0.51378722
0.56033527 0.51417208
0.55904918 0.51453080
0.55776309 0.51487939
0.55649179 0.51524092
0.55520570 0.51562686
0.55391961 0.51603180
0.55263352 0.51643539
0.55134744 0.51681590
0.55007613 0.51716777
0.54879004 0.51750077
0.54750395 0.51783278
0.54621787 0.51818835
0.54494656 0.51857601
0.54366047 0.51898218
0.54237438 0.51938602
0.54108830 0.51976595
0.53980221 0.52010717
0.53853090 0.52041858
0.53724481 0.52073708
0.53595873 0.52109552
0.53467264 0.52150139
0.53338655 0.52193827
0.53210046 0.52236866
0.53082916 0.52276919
0.52954307 0.52314853
0.52825698 0.52353750
0.52697089 0.52397376
0.52568480 0.52447452
0.52439872 0.52503542
0.52312741 0.52563099
0.52184132 0.52622301
0.52055524 0.52679278
0.51926915 0.52733962
0.51798306 0.52787202
0.51669697 0.52840731
0.51542567 0.52896334
0.51413958 0.52955412
0.51285349 0.53018190
0.51156740 0.53084139
0.51028131 0.53152141
0.50899523 0.53220803
0.50770914 0.53289535
0.50643783 0.53358630
0.50515174 0.53428973
0.50386566 0.53501502
0.50257957 0.53576488
0.50129348 0.53653530
0.50000739 0.53731979
0.49872130 0.53811083
0.49743522 0.53890109
0.49616391 0.53968549
0.49487782 0.54046183
0.49359173 0.54123099
0.49230565 0.54199741
0.49101956 0.54276602
0.48973347 0.54354288
0.48844738 0.54433668
0.48716129 0.54515531
0.48587521 0.54600026
0.48460390 0.54686450
0.48331781 0.54772949
0.48203172 0.54857395
0.48074564 0.54939765
0.47945955 0.55021617
0.47817346 0.55104791
0.47688737 0.55190678
0.47560128 0.55279797
0.47431520 0.55371293
0.47302911 0.55462912
0.47174302 0.55552572
0.47045693 0.55638889
0.46917084 0.55722110
0.46789954 0.55805454
0.46661345 0.55892265
0.46532736 0.55983353
0.46404127 0.56075086
0.46275519 0.56160724
0.46146910 0.56240151
0.46018301 0.56318691
0.45889692 0.56401461
0.45761083 0.56491702
0.45632474 0.56588372
0.45503866 0.56688834
0.45375257 0.56792442
0.45246648 0.56900292
0.45118039 0.57014108
0.44989430 0.57130260
0.44860822 0.57240099
0.44732213 0.57340408
0.44603604 0.57433510
0.44474995 0.57524138
0.44346386 0.57616395
0.44217778 0.57710809
0.44089169 0.57806066
0.43960560 0.57900433
0.43831951 0.57993010
0.43703342 0.58083446
0.43574734 0.58171302
0.43446125 0.58256452
0.43317516 0.58338612
0.43188907 0.58417586
0.43060298 0.58493981
0.42931690 0.58569062
0.42803081 0.58643841
0.42674472 0.58718537
0.42545863 0.58792751
0.42417254 0.58867443
0.42288645 0.58944933
0.42160037 0.59026518
0.42031428 0.59108459
0.41902819 0.59181865
0.41774210 0.59243103
0.41645601 0.59295763
0.41516993 0.59344893
0.41388384 0.59392940
0.41259775 0.59439506
0.41131166 0.59485765
0.41002557 0.59534138
0.40873949 0.59585161
0.40745340 0.59636349
0.40616731 0.59685021
0.40488122 0.59731116
0.40359513 0.59776142
0.40230905 0.59823752
0.40102296 0.59877925
0.39973687 0.59938096
0.39843600 0.60000504
0.39714991 0.60061666
0.39586382 0.60120190
0.39457773 0.60176240
0.39329165 0.60230206
0.39200556 0.60282346
0.39071947 0.60332298
0.38943338 0.60379642
0.38814729 0.60424552
0.38686121 0.60467797
0.38557512 0.60510466
0.38428903 0.60553905
0.38298816 0.60599597
0.38170207 0.60647913
0.38041598 0.60697121
0.37912989 0.60745208
0.37784381 0.60791966
0.37655772 0.60838273
0.37527163 0.60884554
0.37398554 0.60930519
0.37269945 0.60975523
0.37139858 0.61018047
0.37011250 0.61057404
0.36882641 0.61095570
0.36754032 0.61134883
0.36625423 0.61176751
0.36496814 0.61220861
0.36368206 0.61265485
0.36238118 0.61309002
0.36109510 0.61350360
0.35980901 0.61389465
0.35852292 0.61426283
0.35723683 0.61460339
0.35595074 0.61491951
0.35466466 0.61522906
0.35336379 0.61555053
0.35207770 0.61589454
0.35079161 0.61625609
0.34950552 0.61661993
0.34821943 0.61698216
0.34693335 0.61733431
0.34563247 0.61766375
0.34434639 0.61796966
0.34306030 0.61825536
0.34177421 0.61852737
0.34048812 0.61879302
0.33918725 0.61905718
0.33790116 0.61932222
0.33661508 0.61958673
0.33532899 0.61985030
0.33404290 0.62012093
0.33275681 0.62041301
0.33145594 0.62073684
0.33016985 0.62109261
0.32888376 0.62147268
0.32759768 0.62186140
0.32629681 0.62223720
0.32501072 0.62258451
0.32372463 0.62289630
0.32243854 0.62318204
0.32115245 0.62346858
0.31985158 0.62377982
0.31856549 0.62413889
0.31727941 0.62456659
0.31599332 0.62506892
0.31469245 0.62563753
0.31340636 0.62626783
0.31212027 0.62696304
0.31083418 0.62771887
0.30953331 0.62851621
0.30824722 0.62933163
0.30696114 0.63015172
0.30567505 0.63098505
0.30437418 0.63186237
0.30308809 0.63281497
0.30180200 0.63386323
0.30051591 0.63500407
0.29921504 0.63621329
0.29792895 0.63746465
0.29664287 0.63874448
0.29534200 0.64006283
0.29405591 0.64144907
0.29276982 0.64292861
0.29148373 0.64451341
0.29018286 0.64619478
0.28889677 0.64792848
0.28761068 0.64966423
0.28630981 0.65140853
0.28502373 0.65320254
0.28373764 0.65508781
0.28243677 0.65707824
0.28115068 0.65913845
0.27986459 0.66123243
0.27857850 0.66333702
0.27727763 0.66544279
0.27599154 0.66755864
0.27470546 0.66971963
0.27340459 0.67196302
0.27211850 0.67430278
0.27083241 0.67672497
0.26953154 0.67918804
0.26824545 0.68165080
0.26695936 0.68409227
0.26565849 0.68652333
0.26437240 0.68897942
0.26307153 0.69148198
0.26178545 0.69403580
0.26049936 0.69664132
0.25919849 0.69929264
0.25791240 0.70198019
0.25662631 0.70469322
0.25532544 0.70742766
0.25403935 0.71018391
0.25275326 0.71296655
0.25145239 0.71578185
0.25016630 0.71863016
0.24886543 0.72150957
0.24757935 0.72441643
0.24629326 0.72734383
0.24499239 0.73028574
0.24370630 0.73323553
0.24240543 0.73618286
0.24111934 0.73912160
0.23983325 0.74205540
0.23853238 0.74499529
0.23724629 0.74795412
0.23594542 0.75093950
0.23465933 0.75394810
0.23337325 0.75696948
0.23207238 0.75999172
0.23078629 0.76300182
0.22948542 0.76598618
0.22819933 0.76893242
0.22689846 0.77183068
0.22561237 0.77468562
0.22432628 0.77751754
0.22302541 0.78033711
0.22173932 0.78314156
0.22043845 0.78592245
0.21915236 0.78866926
0.21785149 0.79137210
0.21656541 0.79402693
0.21526454 0.79663775
0.21397845 0.79921244
0.21267758 0.80176556
0.21139149 0.80430983
0.21009062 0.80682775
0.20880453 0.80928161
0.20750366 0.81163946
0.20621757 0.81391384
0.20493148 0.81617705
0.20363061 0.81846583
0.20234452 0.82076938
0.20104365 0.82306991
0.19975757 0.82534429
0.19845669 0.82759335
0.19717061 0.82983181
0.19586974 0.83205383
0.19458365 0.83423288
0.19328278 0.83631922
0.19199669 0.83830862
0.19069582 0.84027227
0.18939495 0.84225940
0.18810886 0.84427285
0.18680799 0.84628353
0.18552190 0.84825845
0.18422103 0.85019122
0.18293494 0.85209228
0.18163407 0.85397615
0.18034798 0.85584935
0.17904711 0.85771372
0.17776102 0.85957129
0.17646015 0.86142335
0.17517407 0.86327341
0.17387319 0.86512628
0.17257232 0.86698689
0.17128624 0.86886005
0.16998537 0.87075119
0.16869928 0.87266415
0.16739841 0.87460208
0.16611232 0.87655057
0.16481145 0.87846872
0.16351058 0.88030581
0.16222449 0.88205304
0.16092362 0.88377404
0.15963753 0.88551303
0.15833666 0.88726361
0.15703579 0.88900680
0.15574970 0.89073738
0.15444883 0.89247484
0.15316274 0.89422379
0.15186187 0.89596566
0.15056100 0.89768892
0.14927491 0.89940832
0.14797404 0.90114766
0.14668795 0.90291884
0.14538708 0.90472595
0.14408621 0.90654658
0.14280012 0.90833142
0.14149925 0.91005764
0.14019838 0.91173658
0.13891229 0.91339024
0.13761142 0.91503180
0.13632534 0.91666262
0.13502447 0.91828041
0.13372359 0.91988261
0.13243751 0.92147205
0.13113664 0.92305489
0.12983577 0.92462764
0.12854968 0.92533053
0.12724881 0.92679407
0.12594794 0.92823814
0.12466185 0.92966263
0.12336098 0.93106738
0.12206011 0.93245229
0.12075924 0.93381726
0.11947315 0.93516221
0.11817228 0.93648706
0.11687141 0.93779177
0.11558532 0.93907631
0.11428445 0.94034064
0.11298358 0.94158478
0.11169749 0.94280872
0.11039662 0.94401251
0.10909575 0.94519619
0.10779488 0.94635982
0.10650879 0.94750348
0.10520792 0.94862727
0.10390705 0.94973130
0.10260618 0.95081570
0.10132009 0.95188061
0.10001922 0.95292619
0.09871835 0.95395262
0.09743226 0.95496010
0.09613139 0.95594883
0.09483052 0.95691904
0.09352965 0.95787096
0.09224356 0.95880484
0.09094269 0.95972095
0.08964182 0.96061958
0.08834095 0.96150101
0.08704008 0.96236555
0.08575399 0.96321352
0.08445312 0.96404526
0.08315225 0.96486110
0.08185138 0.96566140
0.08056529 0.96644652
0.07926442 0.96721684
0.07796355 0.96797274
0.07666268 0.96871461
0.07536180 0.96944284
0.07407572 0.97015785
0.07277485 0.97086005
0.07147398 0.97154986
0.07017310 0.97222770
0.06887223 0.97289399
0.06757136 0.97354916
0.06628528 0.97419366
0.06498440 0.97482790
0.06368353 0.97545233
0.06238266 0.97606738
0.06108179 0.97667348
0.05978092 0.97727105
0.05849483 0.97786053
0.05719396 0.97844234
0.05589309 0.97901688
0.05459222 0.97958458
0.05329135 0.98014582
0.05199048 0.98070100
0.05068961 0.98125049
0.04940352 0.98179468
0.04810265 0.98233390
0.04680178 0.98286851
0.04550091 0.98339883
0.04420004 0.98392516
0.04289917 0.98444780
0.04159830 0.98496702
0.04029743 0.98548306
0.03901134 0.98599615
0.03771047 0.98650650
0.03640960 0.98701428
0.03510873 0.98751964
0.03380786 0.98802270
0.03250698 0.98852355
0.03120611 0.98902224
0.02990524 0.98951881
0.02860437 0.99001325
0.02730350 0.99050549
0.02600263 0.99099547
0.02470176 0.99148304
0.02341567 0.99196804
0.02211480 0.99245025
0.02081393 0.99292942
0.01951306 0.99340524
0.01821219 0.99387734
0.01691132 0.99434532
0.01561045 0.99480872
0.01430958 0.99526700
0.01300871 0.99571961
0.01170784 0.99616590
0.01040697 0.99660516
0.00910609 0.99703665
0.00780522 0.99745952
0.00650435 0.99787288
0.00520348 0.99827576
0.00390261 0.99866713
0.00260174 0.99904586
0.00130087 0.99941077
0.00000000 0.99976057
-0.00000000 0.99869674
-0.00130087 0.99918546
-0.00260335 0.99939850
-0.00390746 0.99959900
-0.00521317 0.99973058
-0.00652048 0.99984336
-0.00782941 0.99991855
-0.00913993 0.99998120
-0.01045207 1.00001253
-0.01176578 1.00003133
-0.01308110 1.00002506
-0.01439801 0.99999373
-0.01571644 0.99993734
-0.01703653 0.99985589
-0.01835824 0.99974311
-0.01968143 0.99959900
-0.02100625 0.99942356
-0.02233255 0.99920426
-0.02366047 0.99894737
-0.02499002 0.99865288
-0.02632105 0.99832707
-0.02765326 0.99801378
-0.02898739 0.99774436
-0.03032315 0.99753133
-0.03166038 0.99734336
-0.03299939 0.99716792
-0.03433973 0.99700501
-0.03568185 0.99683584
-0.03702529 0.99667920
-0.03837051 0.99651629
-0.03971706 0.99635338
-0.04106524 0.99618421
-0.04241504 0.99601504
-0.04376617 0.99583333
-0.04511893 0.99566416
-0.04647316 0.99552632
-0.04782902 0.99542607
-0.04918636 0.99535088
-0.05054518 0.99527569
-0.05190548 0.99520677
-0.05326740 0.99513784
-0.05463080 0.99506892
-0.05599568 0.99500000
-0.05736204 0.99493734
-0.05872988 0.99487469
-0.06009919 0.99480576
-0.06146998 0.99474311
-0.06284240 0.99468045
-0.06421615 0.99461779
-0.06559138 0.99454887
-0.06696823 0.99447995
-0.06834642 0.99439850
-0.06972608 0.99432331
-0.07110722 0.99424185
-0.07248984 0.99416667
-0.07387393 0.99408521
-0.07525951 0.99400376
-0.07664641 0.99392857
-0.07803480 0.99384712
-0.07942466 0.99376566
-0.08081600 0.99369048
-0.08220867 0.99360902
-0.08360282 0.99353383
-0.08499845 0.99345238
-0.08639541 0.99337719
-0.08779384 0.99330201
-0.08919376 0.99322055
-0.09059500 0.99314536
-0.09199772 0.99307018
-0.09340178 0.99299499
-0.09480731 0.99291353
-0.09621417 0.99283835
-0.09762236 0.99276316
-0.09903203 0.99268797
-0.10044304 0.99261905
-0.10185551 0.99254386
-0.10326932 0.99246867
-0.10468446 0.99239348
-0.10610108 0.99231830
-0.10751888 0.99224937
-0.10893816 0.99217419
-0.11035892 0.99209273
-0.11178086 0.99201754
-0.11320413 0.99194236
-0.11462888 0.99186717
-0.11605496 0.99179198
-0.11748222 0.99172306
-0.11891096 0.99164787
-0.12034104 0.99157895
-0.12177229 0.99150376
-0.12320502 0.99143484
-0.12463893 0.99136591
-0.12607433 0.99129073
-0.12751090 0.99122180
-0.12894881 0.99115288
-0.13038804 0.99108396
-0.13182846 0.99101504
-0.13327021 0.99095238
-0.13471344 0.99088346
-0.13615770 0.99081454
-0.13760344 0.99074561
-0.13905022 0.99068296
-0.14049847 0.99061404
-0.14194791 0.99055138
-0.14339867 0.99048246
-0.14485062 0.99041353
-0.14630375 0.99035088
-0.14775822 0.99028822
-0.14921430 0.99021930
-0.15067039 0.99015664
-0.15212944 0.99008772
-0.15358848 0.99002506
-0.15504900 0.98995614
-0.15651101 0.98989348
-0.15797449 0.98983083
-0.15943796 0.98976190
-0.16090440 0.98969925
-0.16237084 0.98963033
-0.16383875 0.98956767
-0.16530667 0.98949875
-0.16677754 0.98943609
-0.16824841 0.98936717
-0.16972223 0.98930451
-0.17119606 0.98923559
-0.17266989 0.98917293
-0.17414667 0.98910401
-0.17562346 0.98904135
-0.17710172 0.98897243
-0.17858146 0.98890351
-0.18006268 0.98883459
-0.18154390 0.98877193
-0.18302659 0.98870301
-0.18451077 0.98863409
-0.18599642 0.98856516
-0.18748355 0.98849624
-0.18897069 0.98842105
-0.19045930 0.98835213
-0.19194791 0.98828321
-0.19343947 0.98821429
-0.19493104 0.98814536
-0.19642408 0.98807644
-0.19791861 0.98800752
-0.19941313 0.98794486
-0.20090913 0.98787594
-0.20240661 0.98780702
-0.20390557 0.98774436
-0.20540453 0.98768170
-0.20690496 0.98761278
-0.20840540 0.98755013
-0.20990879 0.98748747
-0.21141218 0.98742481
-0.21291705 0.98736216
-0.21442193 0.98729950
-0.21592827 0.98723684
-0.21743610 0.98717419
-0.21894541 0.98711153
-0.22045471 0.98705514
-0.22196550 0.98699248
-0.22347628 0.98692982
-0.22499002 0.98686717
-0.22650376 0.98680451
-0.22801750 0.98674185
-0.22953272 0.98667920
-0.23104942 0.98661028
-0.23256759 0.98653509
-0.23408577 0.98645990
-0.23560542 0.98637218
-0.23712508 0.98628446
-0.23864621 0.98619048
-0.24016882 0.98609649
-0.24169143 0.98600877
-0.24321552 0.98591479
-0.24474108 0.98582707
-0.24626665 0.98573935
-0.24779369 0.98565163
-0.24932074 0.98556391
-0.25084926 0.98548246
-0.25237926 0.98539474
-0.25390926 0.98530702
-0.25544074 0.98522556
-0.25697222 0.98513784
-0.25850518 0.98505013
-0.26003962 0.98496867
-0.26157405 0.98488095
-0.26310997 0.98479950
-0.26464588 0.98471178
-0.26618327 0.98463033
-0.26772067 0.98454261
-0.26925954 0.98446115
-0.27079989 0.98437343
-0.27234024 0.98429198
-0.27388059 0.98420426
-0.27542241 0.98412281
-0.27696572 0.98403509
-0.27850902 0.98395363
-0.28005381 0.98386591
-0.28159859 0.98378446
-0.28314485 0.98370301
-0.28469112 0.98361529
-0.28623886 0.98353383
-0.28778808 0.98345238
-0.28933730 0.98337093
-0.29088651 0.98328947
-0.29243721 0.98320802
-0.29398791 0.98312657
-0.29554008 0.98304511
-0.29709226 0.98296366
-0.29864591 0.98288847
-0.30019957 0.98281328
-0.30175470 0.98273810
-0.30330983 0.98266917
-0.30486644 0.98259398
-0.30642305 0.98252506
-0.30798114 0.98244987
-0.30953923 0.98237469
-0.31109731 0.98229950
-0.31265688 0.98222431
-0.31421793 0.98214286
-0.31577749 0.98206767
-0.31734002 0.98198622
-0.31890106 0.98190476
-0.32046358 0.98182331
-0.32202758 0.98174185
-0.32359159 0.98165414
-0.32515559 0.98157268
-0.32672107 0.98148496
-0.32828655 0.98139724
-0.32985350 0.98130952
-0.33142046 0.98122180
-0.33298742 0.98113409
-0.33455586 0.98104637
-0.33612429 0.98095865
-0.33769273 0.98086466
-0.33926264 0.98077068
-0.34083256 0.98068296
-0.34240395 0.98058897
-0.34397534 0.98048872
-0.34554674 0.98039474
-0.34711961 0.98030075
-0.34869248 0.98020677
-0.35026535 0.98010652
-0.35183970 0.98000627
-0.35341405 0.97990602
-0.35498840 0.97980576
-0.35656422 0.97970551
-0.35814005 0.97960526
-0.35971588 0.97950501
-0.36129171 0.97939850
-0.36286901 0.97929825
-0.36444780 0.97919173
-0.36602510 0.97909148
-0.36760388 0.97898496
-0.36918267 0.97887845
-0.37076145 0.97877193
-0.37234172 0.97866541
-0.37392198 0.97855890
-0.37550224 0.97844612
-0.37708398 0.97833960
-0.37866424 0.97822682
-0.38024598 0.97811404
-0.38182920 0.97800125
-0.38341094 0.97788221
-0.38499416 0.97776942
-0.38657738 0.97765038
-0.38816060 0.97753133
-0.38974382 0.97740602
-0.39132851 0.97728697
-0.39291321 0.97716165
-0.39449791 0.97703634
-0.39608261 0.97691103
-0.39766878 0.97678571
-0.39925496 0.97665414
-0.40084113 0.97652256
-0.40242731 0.97639098
-0.40401348 0.97625940
-0.40560114 0.97612155
-0.40718731 0.97598371
-0.40877496 0.97584586
-0.41036262 0.97570802
-0.41195175 0.97556391
-0.41353940 0.97542607
-0.41512853 0.97527569
-0.41671619 0.97513158
-0.41830532 0.97498120
-0.41989445 0.97483709
-0.42148358 0.97468045
-0.42307419 0.97453008
-0.42466333 0.97437343
-0.42625394 0.97421679
-0.42784307 0.97406015
-0.42943368 0.97390351
-0.43102429 0.97374060
-0.43261490 0.97357769
-0.43420551 0.97341479
-0.43579612 0.97324561
-0.43738821 0.97308271
-0.43897882 0.97291353
-0.44057090 0.97273810
-0.44216151 0.97256892
-0.44375360 0.97239348
-0.44534569 0.97221805
-0.44693778 0.97204261
-0.44852839 0.97186717
-0.45012048 0.97168546
-0.45171257 0.97150376
-0.45330613 0.97132206
-0.45489822 0.97114035
-0.45649031 0.97095865
-0.45808240 0.97077068
-0.45967449 0.97058897
-0.46126658 0.97040727
-0.46286014 0.97021930
-0.46445223 0.97003759
-0.46604432 0.96985589
-0.46763788 0.96967419
-0.46922997 0.96948622
-0.47082206 0.96929198
-0.47241563 0.96909774
-0.47400772 0.96889098
-0.47559980 0.96868421
-0.47719337 0.96847118
-0.47878546 0.96825188
-0.48037755 0.96803258
-0.48196964 0.96781328
-0.48356320 0.96758772
-0.48515529 0.96735589
-0.48674738 0.96712406
-0.48833947 0.96689223
-0.48993156 0.96665414
-0.49152364 0.96641604
-0.49311573 0.96617794
-0.49470782 0.96593358
-0.49629843 0.96568922
-0.49789052 0.96543860
-0.49948261 0.96518797
-0.50107322 0.96493734
-0.50266383 0.96468045
-0.50425592 0.96442356
-0.50584653 0.96416667
-0.50743714 0.96390977
-0.50902775 0.96364662
-0.51061836 0.96338346
-0.51220897 0.96311404
-0.51379958 0.96284461
-0.51538871 0.96257519
-0.51697932 0.96229950
-0.51856845 0.96203008
-0.52015758 0.96174812
-0.52174671 0.96147243
-0.52333585 0.96118421
-0.52492498 0.96090226
-0.52651263 0.96061404
-0.52810029 0.96031955
-0.52968942 0.96003133
-0.53127707 0.95973058
-0.53286472 0.95942982
-0.53445090 0.95912281
-0.53603855 0.95881579
-0.53762473 0.95849624
-0.53921090 0.95817669
-0.54079708 0.95785088
-0.54238325 0.95751253
-0.54396943 0.95716792
-0.54555413 0.95681078
-0.54713882 0.95644737
-0.54872352 0.95607769
-0.55030822 0.95570802
-0.55189144 0.95534461
-0.55347466 0.95498120
-0.55505787 0.95461153
-0.55664109 0.95424812
-0.55822283 0.95388471
-0.55980605 0.95352130
-0.56138779 0.95315163
-0.56296805 0.95278195
-0.56454980 0.95241228
-0.56613006 0.95203634
-0.56771032 0.95166040
-0.56929058 0.95128446
-0.57086937 0.95090226
-0.57244815 0.95052005
-0.57402693 0.95013158
-0.57560424 0.94973684
-0.57718302 0.94934211
-0.57875885 0.94894110
-0.58033616 0.94854010
-0.58191198 0.94813283
-0.58348781 0.94771930
-0.58506364 0.94729950
-0.58663799 0.94687970
-0.58821234 0.94645363
-0.58978669 0.94602130
-0.59135956 0.94558271
-0.59293243 0.94514411
-0.59450530 0.94469298
-0.59607669 0.94424185
-0.59764808 0.94378446
-0.59921800 0.94332080
-0.60078939 0.94285088
-0.60235783 0.94237469
-0.60392774 0.94189223
-0.60549618 0.94140977
-0.60706461 0.94091479
-0.60863157 0.94041353
-0.61019853 0.93991228
-0.61176401 0.93939850
-0.61333097 0.93888471
-0.61489497 0.93836466
-0.61646045 0.93783208
-0.61802445 0.93729950
-0.61958697 0.93676065
-0.62114950 0.93621554
-0.62271202 0.93567043
-0.62427306 0.93511278
-0.62583411 0.93455514
-0.62739368 0.93399123
-0.62895324 0.93342105
-0.63051133 0.93285088
-0.63207090 0.93227444
-0.63362751 0.93169173
-0.63518412 0.93110902
-0.63674073 0.93052632
-0.63829586 0.92993734
-0.63985099 0.92935464
-0.64140464 0.92877193
-0.64295830 0.92818296
-0.64451047 0.92759398
-0.64606265 0.92699875
-0.64761335 0.92638471
-0.64916404 0.92576441
-0.65071326 0.92513158
-0.65226248 0.92448622
-0.65381022 0.92383459
-0.65535796 0.92317669
-0.65690570 0.92251253
-0.65845049 0.92183584
-0.65999675 0.92115288
-0.66154005 0.92046992
-0.66308484 0.91977444
-0.66462666 0.91907268
-0.66616849 0.91837093
-0.66771032 0.91765664
-0.66925067 0.91693609
-0.67078954 0.91621554
-0.67232841 0.91548872
-0.67386728 0.91474937
-0.67540467 0.91401003
-0.67694059 0.91326441
-0.67847650 0.91251253
-0.68001094 0.91176065
-0.68154390 0.91099624
-0.68307685 0.91023183
-0.68460833 0.90945489
-0.68613981 0.90867794
-0.68766982 0.90789474
-0.68919982 0.90710526
-0.69072834 0.90631579
-0.69225538 0.90551378
-0.69378243 0.90471178
-0.69530800 0.90389724
-0.69683356 0.90308271
-0.69835765 0.90225564
-0.69988026 0.90142857
-0.70140287 0.90059524
-0.70292400 0.89974937
-0.70444366 0.89889724
-0.70596331 0.89804511
-0.70748148 0.89718045
-0.70899966 0.89630326
-0.71051488 0.89542607
-0.71203158 0.89453008
-0.71354532 0.89363409
-0.71505906 0.89271930
-0.71657132 0.89179198
-0.71808358 0.89085213
-0.71959436 0.88989348
-0.72110367 0.88890977
-0.72261150 0.88790727
-0.72411933 0.88689223
-0.72562567 0.88587719
-0.72713202 0.88487469
-0.72863542 0.88388471
-0.73014029 0.88290100
-0.73164220 0.88192356
-0.73314412 0.88094612
-0.73464307 0.87996867
-0.73614351 0.87899123
-0.73764099 0.87800752
-0.73913847 0.87701754
-0.74063447 0.87601504
-0.74212899 0.87500627
-0.74362352 0.87397870
-0.74511656 0.87293860
-0.74660813 0.87187343
-0.74809822 0.87079574
-0.74958830 0.86969298
-0.75107691 0.86856516
-0.75256405 0.86741228
-0.75405118 0.86624060
-0.75553535 0.86504386
-0.75701953 0.86382206
-0.75850222 0.86258145
-0.75998492 0.86131579
-0.76146466 0.86003759
-0.76294440 0.85874060
-0.76442266 0.85743108
-0.76590093 0.85610902
-0.76737623 0.85478070
-0.76885154 0.85343985
-0.77032537 0.85209273
-0.77179771 0.85074561
-0.77326859 0.84939850
-0.77473946 0.84805138
-0.77620885 0.84670426
-0.77767528 0.84536341
-0.77914320 0.84402882
-0.78060816 0.84269424
-0.78207164 0.84137218
-0.78353512 0.84005639
-0.78499712 0.83874060
-0.78645764 0.83742481
-0.78791669 0.83610902
-0.78937573 0.83479323
-0.79083182 0.83347118
-0.79228791 0.83214912
-0.79374252 0.83081454
-0.79519565 0.82947995
-0.79664730 0.82812657
-0.79809748 0.82676692
-0.79954765 0.82539474
-0.80099487 0.82400376
-0.80244209 0.82259398
-0.80388783 0.82116541
-0.80533209 0.81971805
-0.80677488 0.81824561
-0.80821618 0.81676065
-0.80965749 0.81524436
-0.81109584 0.81371554
-0.81253418 0.81216165
-0.81397106 0.81059524
-0.81540645 0.80901003
-0.81684036 0.80740602
-0.81827280 0.80578947
-0.81970376 0.80416667
-0.82113324 0.80252506
-0.82256272 0.80088346
-0.82398924 0.79922932
-0.82541576 0.79756892
-0.82684081 0.79590852
-0.82826289 0.79424185
-0.82968498 0.79256892
-0.83110559 0.79089599
-0.83252472 0.78922306
-0.83394238 0.78755013
-0.83536003 0.78587093
-0.83677473 0.78419173
-0.83818795 0.78251253
-0.83960116 0.78083333
-0.84101143 0.77914787
-0.84242169 0.77746241
-0.84382899 0.77577694
-0.84523630 0.77408521
-0.84664213 0.77238722
-0.84804648 0.77068922
-0.84944787 0.76898496
-0.85084926 0.76728070
-0.85224918 0.76557018
-0.85364761 0.76385338
-0.85504457 0.76213033
-0.85644005 0.76040100
-0.85783405 0.75867168
-0.85922657 0.75692982
-0.86061762 0.75518797
-0.86200866 0.75343985
-0.86339675 0.75168546
-0.86478336 0.74991855
-0.86616849 0.74815163
-0.86755215 0.74637218
-0.86893580 0.74459273
-0.87031650 0.74280075
-0.87169571 0.74100251
-0.87307345 0.73919799
-0.87445120 0.73738095
-0.87582598 0.73555764
-0.87719928 0.73372180
-0.87857259 0.73188596
-0.87994294 0.73003133
-0.88131181 0.72817043
-0.88267920 0.72629699
-0.88404659 0.72441103
-0.88541103 0.72251880
-0.88677399 0.72061404
-0.88813547 0.71869048
-0.88949695 0.71676065
-0.89085547 0.71481203
-0.89221251 0.71285088
-0.89356808 0.71087719
-0.89492217 0.70888471
-0.89627478 0.70687970
-0.89762591 0.70484962
-0.89897556 0.70280702
-0.90032374 0.70073935
-0.90167044 0.69865288
-0.90301565 0.69654762
-0.90435940 0.69441103
-0.90570166 0.69225564
-0.90704096 0.69007519
-0.90838027 0.68786341
-0.90971810 0.68562030
-0.91105297 0.68335213
-0.91238784 0.68104637
-0.91371975 0.67871554
-0.91505167 0.67632832
-0.91638062 0.67387845
-0.91770810 0.67135338
-0.91903410 0.66874687
-0.92036010 0.66607143
-0.92168315 0.66332080
-0.92300472 0.66049499
-0.92432480 0.65758772
-0.92564341 0.65458020
-0.92695907 0.65147870
-0.92827472 0.64826441
-0.92958890 0.64491855
-0.93090011 0.64142857
-0.93221133 0.63778195
-0.93351959 0.63394110
-0.93482786 0.62989348
-0.93613316 0.62559962
-0.93743699 0.62102005
-0.93873934 0.61610464
-0.94004021 0.61082206
-0.94133960 0.60520363
-0.94263604 0.59934900
-0.94393247 0.59311967
-0.94522743 0.58610965
-0.94651943 0.57717168
-0.94781143 0.56446679
-0.94910048 0.54522682
-0.95038804 0.52501504
-0.95167118 0.52361028
-0.95295431 0.54548935
-0.95423744 0.56652569
-0.95551909 0.57554825
-0.95679779 0.57962594
-0.95807353 0.58148496
-0.95934927 0.58244862
-0.96062353 0.58321429
-0.96189631 0.58419424
-0.96316762 0.58591729
