# s/c    P_stat
1.28119503 0.64419426
1.27992372 0.64339877
1.27865242 0.64264807
1.27738111 0.64193990
1.27610981 0.64127212
1.27483850 0.64064265
1.27356719 0.64004948
1.27229589 0.63949067
1.27102458 0.63896436
1.26975328 0.63846876
1.26848197 0.63800213
1.26721067 0.63756282
1.26593936 0.63714923
1.26466806 0.63675982
1.26339675 0.63639313
1.26212545 0.63604774
1.26085414 0.63572229
1.25958283 0.63541550
1.25831153 0.63512612
1.25704022 0.63485296
1.25576892 0.63459489
1.25449761 0.63435082
1.25322631 0.63411974
1.25195500 0.63390064
1.25068370 0.63369260
1.24941239 0.63349473
1.24814109 0.63330617
1.24686978 0.63312614
1.24559847 0.63295387
1.24432717 0.63278864
1.24305586 0.63262977
1.24178456 0.63247663
1.24051325 0.63232861
1.23924195 0.63218515
1.23797064 0.63204571
1.23669934 0.63190980
1.23542803 0.63177695
1.23415673 0.63164673
1.23288542 0.63151874
1.23161411 0.63139261
1.23034281 0.63126798
1.22907150 0.63114454
1.22780020 0.63102200
1.22652889 0.63090010
1.22525759 0.63077859
1.22398628 0.63065725
1.22271498 0.63053589
1.22144367 0.63041434
1.22017237 0.63029242
1.21890106 0.63017002
1.21762975 0.63004702
1.21635845 0.62992330
1.21508714 0.62979880
1.21381584 0.62967345
1.21254453 0.62954719
1.21127323 0.62941998
1.21000192 0.62929181
1.20873062 0.62916265
1.20744453 0.62903252
1.20617322 0.62890141
1.20490192 0.62876936
1.20363061 0.62863639
1.20235931 0.62850254
1.20108800 0.62836787
1.19981670 0.62823242
1.19854539 0.62809626
1.19727408 0.62795946
1.19600278 0.62782208
1.19473147 0.62768422
1.19346017 0.62754595
1.19218886 0.62740736
1.19091756 0.62726854
1.18964625 0.62712958
1.18837495 0.62699057
1.18710364 0.62685162
1.18583234 0.62671282
1.18456103 0.62657426
1.18328972 0.62643605
1.18201842 0.62629828
1.18074711 0.62616105
1.17946103 0.62602445
1.17818972 0.62588858
1.17691841 0.62575353
1.17564711 0.62561939
1.17437580 0.62548624
1.17310450 0.62535417
1.17183319 0.62522326
1.17056189 0.62509358
1.16929058 0.62496520
1.16801928 0.62483820
1.16674797 0.62471264
1.16547667 0.62458857
1.16420536 0.62446605
1.16293405 0.62434513
1.16166275 0.62422585
1.16039144 0.62410824
1.15912014 0.62399235
1.15783405 0.62387818
1.15656274 0.62376577
1.15529144 0.62365512
1.15402013 0.62350216
1.15274883 0.62341683
1.15147752 0.62335739
1.15020622 0.62331951
1.14893491 0.62328718
1.14766361 0.62324994
1.14639230 0.62321058
1.14512100 0.62317914
1.14384969 0.62316295
1.14257838 0.62316250
1.14130708 0.62317489
1.14002099 0.62319909
1.13874969 0.62322422
1.13747838 0.62323407
1.13620707 0.62321467
1.13493577 0.62315524
1.13366446 0.62305592
1.13239316 0.62291984
1.13112185 0.62275517
1.12985055 0.62257146
1.12857924 0.62237712
1.12730794 0.62217964
1.12603663 0.62198523
1.12475054 0.62179792
1.12347924 0.62161929
1.12220793 0.62144881
1.12093663 0.62128553
1.11966532 0.62112842
1.11839402 0.62097702
1.11712271 0.62083122
1.11585141 0.62069043
1.11458010 0.62055470
1.11330879 0.62042413
1.11203749 0.62029853
1.11075140 0.62017784
1.10948010 0.62006178
1.10820879 0.61995003
1.10693748 0.61984204
1.10566618 0.61973702
1.10439487 0.61963394
1.10312357 0.61953149
1.10185226 0.61942824
1.10058096 0.61932290
1.09930965 0.61921458
1.09802356 0.61910292
1.09675226 0.61898793
1.09548095 0.61886994
1.09420965 0.61874943
1.09293834 0.61862693
1.09166704 0.61850290
1.09039573 0.61837764
1.08912443 0.61825136
1.08783834 0.61812419
1.08656703 0.61799617
1.08529573 0.61786729
1.08402442 0.61773750
1.08275312 0.61760675
1.08148181 0.61747497
1.08021050 0.61734217
1.07893920 0.61720855
1.07766789 0.61707441
1.07638181 0.61694000
1.07511050 0.61680547
1.07383919 0.61667079
1.07256789 0.61653587
1.07129658 0.61640057
1.07002528 0.61626471
1.06875397 0.61612812
1.06746788 0.61599064
1.06619658 0.61585213
1.06492527 0.61571249
1.06365397 0.61557164
1.06238266 0.61542953
1.06111136 0.61528605
1.05984005 0.61514112
1.05856875 0.61499472
1.05728266 0.61484694
1.05601135 0.61469800
1.05474005 0.61454810
1.05346874 0.61439745
1.05219744 0.61424617
1.05092613 0.61409440
1.04965483 0.61394220
1.04836874 0.61378962
1.04709743 0.61363664
1.04582613 0.61348320
1.04455482 0.61332924
1.04328352 0.61317471
1.04201221 0.61301952
1.04072612 0.61286363
1.03945482 0.61270695
1.03818351 0.61254943
1.03691221 0.61239102
1.03564090 0.61223169
1.03436960 0.61207146
1.03309829 0.61191046
1.03181220 0.61174884
1.03054090 0.61158679
1.02926959 0.61142444
1.02799829 0.61126190
1.02672698 0.61109926
1.02545567 0.61093658
1.02416959 0.61077383
1.02289828 0.61061084
1.02162698 0.61044740
1.02035567 0.61028330
1.01908436 0.61011838
1.01779828 0.60995261
1.01652697 0.60978599
1.01525567 0.60961861
1.01398436 0.60945052
1.01271305 0.60928178
1.01144175 0.60911245
1.01015566 0.60894258
1.00888436 0.60877221
1.00761305 0.60860139
1.00634174 0.60843018
1.00507044 0.60825868
1.00378435 0.60808703
1.00251305 0.60791546
1.00124174 0.60774426
0.99997043 0.60757378
0.99869913 0.60740427
0.99742782 0.60723589
0.99614174 0.60706863
0.99487043 0.60690239
0.99359912 0.60673699
0.99232782 0.60657220
0.99105651 0.60640777
0.98977043 0.60624339
0.98849912 0.60607871
0.98722781 0.60591332
0.98595651 0.60574676
0.98468520 0.60557859
0.98339912 0.60540843
0.98212781 0.60523599
0.98085651 0.60506113
0.97958520 0.60488398
0.97829911 0.60470496
0.97702781 0.60452480
0.97575650 0.60434424
0.97448520 0.60416394
0.97321389 0.60398437
0.97192780 0.60380573
0.97065650 0.60362805
0.96938519 0.60345117
0.96811389 0.60327483
0.96682780 0.60309851
0.96555649 0.60292172
0.96428519 0.60274379
0.96301388 0.60256418
0.96174258 0.60238235
0.96045649 0.60219735
0.95918518 0.60200878
0.95791388 0.60181706
0.95664257 0.60162335
0.95535648 0.60142939
0.95408518 0.60123680
0.95281387 0.60104619
0.95154257 0.60085766
0.95025648 0.60067111
0.94898517 0.60048616
0.94771387 0.60030231
0.94644256 0.60011889
0.94515647 0.59993513
0.94388517 0.59975021
0.94261386 0.59956324
0.94134256 0.59937323
0.94005647 0.59917937
0.93878516 0.59898205
0.93751386 0.59878269
0.93624255 0.59858308
0.93495647 0.59838499
0.93368516 0.59818883
0.93241385 0.59799456
0.93114255 0.59780208
0.92985646 0.59761098
0.92858516 0.59742093
0.92731385 0.59723150
0.92604254 0.59704222
0.92475646 0.59685245
0.92348515 0.59666112
0.92221385 0.59646682
0.92094254 0.59626808
0.91965645 0.59606380
0.91838515 0.59585400
0.91711384 0.59563946
0.91582775 0.59542130
0.91455645 0.59520098
0.91328514 0.59497987
0.91201384 0.59475928
0.91072775 0.59454027
0.90945644 0.59432348
0.90818514 0.59410915
0.90691383 0.59389717
0.90562774 0.59368712
0.90435644 0.59347837
0.90308513 0.59327023
0.90179905 0.59306193
0.90052774 0.59285275
0.89925643 0.59264204
0.89797035 0.59242895
0.89669904 0.59221303
0.89542774 0.59199403
0.89415643 0.59177211
0.89287034 0.59154810
0.89159904 0.59132342
0.89032773 0.59109972
0.88904164 0.59087867
0.88777034 0.59066156
0.88649903 0.59044929
0.88521294 0.59024273
0.88394164 0.59004212
0.88267033 0.58984764
0.88138424 0.58965941
0.88011294 0.58947718
0.87884163 0.58930054
0.87757033 0.58912871
0.87628424 0.58896065
0.87501293 0.58879500
0.87374163 0.58863022
0.87245554 0.58846476
0.87118424 0.58829713
0.86991293 0.58812650
0.86862684 0.58795288
0.86735554 0.58777690
0.86608423 0.58759977
0.86479814 0.58742289
0.86352684 0.58724790
0.86225553 0.58707659
0.86096944 0.58690995
0.85969814 0.58674831
0.85842683 0.58659157
0.85714075 0.58643908
0.85586944 0.58629000
0.85459813 0.58614324
0.85331205 0.58599762
0.85204074 0.58585174
0.85076944 0.58570440
0.84948335 0.58555542
0.84821204 0.58540604
0.84692595 0.58525814
0.84565465 0.58511347
0.84438334 0.58497341
0.84309725 0.58483846
0.84182595 0.58470870
0.84055464 0.58458400
0.83926856 0.58446399
0.83799725 0.58434831
0.83672594 0.58423650
0.83543986 0.58412817
0.83416855 0.58402291
0.83288246 0.58392037
0.83161116 0.58382029
0.83033985 0.58372244
0.82905376 0.58362671
0.82778246 0.58353308
0.82651115 0.58344163
0.82522507 0.58335245
0.82395376 0.58326549
0.82266767 0.58318050
0.82139637 0.58309710
0.82012506 0.58301493
0.81883897 0.58293365
0.81756767 0.58285295
0.81628158 0.58277243
0.81501027 0.58269170
0.81373897 0.58261055
0.81245288 0.58252919
0.81118157 0.58244848
0.80989549 0.58236945
0.80862418 0.58229301
0.80735288 0.58222005
0.80606679 0.58215106
0.80479548 0.58208643
0.80350939 0.58202644
0.80223809 0.58197101
0.80096678 0.58191977
0.79968070 0.58187196
0.79840939 0.58182662
0.79712330 0.58178256
0.79585200 0.58173853
0.79458069 0.58169367
0.79329460 0.58164750
0.79202330 0.58159999
0.79073721 0.58155153
0.78946590 0.58150277
0.78817982 0.58145451
0.78690851 0.58140762
0.78563720 0.58136294
0.78435112 0.58132139
0.78307981 0.58128391
0.78179372 0.58125139
0.78052242 0.58122466
0.77923633 0.58120348
0.77796502 0.58118701
0.77669372 0.58117420
0.77540763 0.58116359
0.77413633 0.58115360
0.77285024 0.58114257
0.77157893 0.58112871
0.77029284 0.58111010
0.76902154 0.58108560
0.76773545 0.58105507
0.76646414 0.58101917
0.76517806 0.58097887
0.76390675 0.58093491
0.76263545 0.58088769
0.76134936 0.58083747
0.76007805 0.58078430
0.75879196 0.58072815
0.75752066 0.58066894
0.75623457 0.58060660
0.75496327 0.58054104
0.75367718 0.58047223
0.75240587 0.58040023
0.75111978 0.58032513
0.74984848 0.58024708
0.74856239 0.58016626
0.74729108 0.58008281
0.74600500 0.57999675
0.74473369 0.57990798
0.74344760 0.57981636
0.74217630 0.57972176
0.74089021 0.57962410
0.73961890 0.57952344
0.73833282 0.57941990
0.73706151 0.57931381
0.73577542 0.57920562
0.73450412 0.57909626
0.73321803 0.57898708
0.73194672 0.57888015
0.73066064 0.57877831
0.72938933 0.57868297
0.72810324 0.57859423
0.72683194 0.57851056
0.72554585 0.57842928
0.72427454 0.57834779
0.72298845 0.57826384
0.72171715 0.57817658
0.72043106 0.57808537
0.71915976 0.57798907
0.71787367 0.57788639
0.71660236 0.57777592
0.71531627 0.57765814
0.71404497 0.57753729
0.71275888 0.57741896
0.71148758 0.57730747
0.71020149 0.57720455
0.70893018 0.57710993
0.70764409 0.57702266
0.70635801 0.57694155
0.70508670 0.57686592
0.70380061 0.57679478
0.70252931 0.57672644
0.70124322 0.57665798
0.69997191 0.57658520
0.69868582 0.57650530
0.69741452 0.57641887
0.69612843 0.57632888
0.69484234 0.57623888
0.69357104 0.57615140
0.69228495 0.57606765
0.69101364 0.57598792
0.68972756 0.57591154
0.68845625 0.57583738
0.68717016 0.57576362
0.68589886 0.57568917
0.68461277 0.57561674
0.68332668 0.57555139
0.68205538 0.57549790
0.68076929 0.57545879
0.67949798 0.57543420
0.67821189 0.57542471
0.67692581 0.57542964
0.67565450 0.57544823
0.67436841 0.57547754
0.67309711 0.57550998
0.67181102 0.57553981
0.67053971 0.57556432
0.66925363 0.57558443
0.66796754 0.57560421
0.66669623 0.57562857
0.66541014 0.57566265
0.66413884 0.57571093
0.66285275 0.57577557
0.66156666 0.57585577
0.66029536 0.57594909
0.65900927 0.57605296
0.65772318 0.57616611
0.65645188 0.57628808
0.65516579 0.57641826
0.65389448 0.57655531
0.65260839 0.57669735
0.65132231 0.57684252
0.65005100 0.57698881
0.64876491 0.57713438
0.64749361 0.57727741
0.64620752 0.57741636
0.64492143 0.57754977
0.64365012 0.57767609
0.64236404 0.57779406
0.64107795 0.57790221
0.63980664 0.57800038
0.63852056 0.57809148
0.63723447 0.57818080
0.63596316 0.57827441
0.63467707 0.57837745
0.63339099 0.57849403
0.63211968 0.57862690
0.63083359 0.57877667
0.62954750 0.57894142
0.62827620 0.57911795
0.62699011 0.57929960
0.62571880 0.57947699
0.62443272 0.57964584
0.62314663 0.57980704
0.62187532 0.57996438
0.62058924 0.58012207
0.61930315 0.58028237
0.61801706 0.58044595
0.61674575 0.58061202
0.61545967 0.58077928
0.61417358 0.58094541
0.61290227 0.58110766
0.61161618 0.58126617
0.61033010 0.58142527
0.60905879 0.58159212
0.60777270 0.58177341
0.60648661 0.58197152
0.60521531 0.58218449
0.60392922 0.58240623
0.60264313 0.58262802
0.60137183 0.58284318
0.60008574 0.58304844
0.59879965 0.58324480
0.59751356 0.58343697
0.59624226 0.58363137
0.59495617 0.58383432
0.59367008 0.58404943
0.59239878 0.58427598
0.59111269 0.58450900
0.58982660 0.58474337
0.58854051 0.58497870
0.58726921 0.58521827
0.58598312 0.58546679
0.58469703 0.58572878
0.58341094 0.58600504
0.58213964 0.58629347
0.58085355 0.58658856
0.57956746 0.58687974
0.57829616 0.58715628
0.57701007 0.58741253
0.57572398 0.58764950
0.57443789 0.58787306
0.57316659 0.58809205
0.57188050 0.58831461
0.57059441 0.58854724
0.56930832 0.58879520
0.56803702 0.58905826
0.56675093 0.58933402
0.56546484 0.58961865
0.56417875 0.58990723
0.56289266 0.59019375
0.56162136 0.59047075
0.56033527 0.59073534
0.55904918 0.59098942
0.55776309 0.59123915
0.55649179 0.59149103
0.55520570 0.59174749
0.55391961 0.59200494
0.55263352 0.59225444
0.55134744 0.59248850
0.55007613 0.59270829
0.54879004 0.59291981
0.54750395 0.59313123
0.54621787 0.59335144
0.54494656 0.59357988
0.54366047 0.59381037
0.54237438 0.59403501
0.54108830 0.59424554
0.53980221 0.59443862
0.53853090 0.59462207
0.53724481 0.59481023
0.53595873 0.59501047
0.53467264 0.59522463
0.53338655 0.59544561
0.53210046 0.59565641
0.53082916 0.59585228
0.52954307 0.59604036
0.52825698 0.59623382
0.52697089 0.59644825
0.52568480 0.59668493
0.52439872 0.59694002
0.52312741 0.59720419
0.52184132 0.59746059
0.52055524 0.59770333
0.51926915 0.59793457
0.51798306 0.59816079
0.51669697 0.59839167
0.51542567 0.59863414
0.51413958 0.59889202
0.51285349 0.59916502
0.51156740 0.59944988
0.51028131 0.59974131
0.50899523 0.60003446
0.50770914 0.60032833
0.50643783 0.60062489
0.50515174 0.60092780
0.50386566 0.60124088
0.50257957 0.60156395
0.50129348 0.60189476
0.50000739 0.60223048
0.49872130 0.60256722
0.49743522 0.60290209
0.49616391 0.60323339
0.49487782 0.60356117
0.49359173 0.60388721
0.49230565 0.60421442
0.49101956 0.60454635
0.48973347 0.60488603
0.48844738 0.60523589
0.48716129 0.60559760
0.48587521 0.60597032
0.48460390 0.60634971
0.48331781 0.60672732
0.48203172 0.60709494
0.48074564 0.60745324
0.47945955 0.60781050
0.47817346 0.60817492
0.47688737 0.60855176
0.47560128 0.60894148
0.47431520 0.60933866
0.47302911 0.60973565
0.47174302 0.61012611
0.47045693 0.61050650
0.46917084 0.61088359
0.46789954 0.61127225
0.46661345 0.61168248
0.46532736 0.61211380
0.46404127 0.61254550
0.46275519 0.61294695
0.46146910 0.61332463
0.46018301 0.61371005
0.45889692 0.61412584
0.45761083 0.61458325
0.45632474 0.61507676
0.45503866 0.61559768
0.45375257 0.61614487
0.45246648 0.61671671
0.45118039 0.61731416
0.44989430 0.61791651
0.44860822 0.61848059
0.44732213 0.61899479
0.44603604 0.61947955
0.44474995 0.61996041
0.44346386 0.62045321
0.44217778 0.62095837
0.44089169 0.62146663
0.43960560 0.62196790
0.43831951 0.62245675
0.43703342 0.62293173
0.43574734 0.62339275
0.43446125 0.62384009
0.43317516 0.62427408
0.43188907 0.62469563
0.43060298 0.62510786
0.42931690 0.62551568
0.42803081 0.62592302
0.42674472 0.62633152
0.42545863 0.62674327
0.42417254 0.62716607
0.42288645 0.62760528
0.42160037 0.62806112
0.42031428 0.62850927
0.41902819 0.62889630
0.41774210 0.62920652
0.41645601 0.62946592
0.41516993 0.62970268
0.41388384 0.62993013
0.41259775 0.63014669
0.41131166 0.63036097
0.41002557 0.63058630
0.40873949 0.63082381
0.40745340 0.63105967
0.40616731 0.63128216
0.40488122 0.63149580
0.40359513 0.63171686
0.40230905 0.63196795
0.40102296 0.63226701
0.39973687 0.63260666
0.39843600 0.63295935
0.39714991 0.63330090
0.39586382 0.63362054
0.39457773 0.63391953
0.39329165 0.63420277
0.39200556 0.63447299
0.39071947 0.63472951
0.38943338 0.63497236
0.38814729 0.63520634
0.38686121 0.63544030
0.38557512 0.63568350
0.38428903 0.63594332
0.38298816 0.63622412
0.38170207 0.63651971
0.38041598 0.63681055
0.37912989 0.63707836
0.37784381 0.63732073
0.37655772 0.63754791
0.37527163 0.63777065
0.37398554 0.63799403
0.37269945 0.63821816
0.37139858 0.63843730
0.37011250 0.63864709
0.36882641 0.63885505
0.36754032 0.63907250
0.36625423 0.63930539
0.36496814 0.63955036
0.36368206 0.63979716
0.36238118 0.64003652
0.36109510 0.64026364
0.35980901 0.64047931
0.35852292 0.64068300
0.35723683 0.64086920
0.35595074 0.64103683
0.35466466 0.64119353
0.35336379 0.64135037
0.35207770 0.64151526
0.35079161 0.64168997
0.34950552 0.64187400
0.34821943 0.64206607
0.34693335 0.64225892
0.34563247 0.64244194
0.34434639 0.64260743
0.34306030 0.64275299
0.34177421 0.64288073
0.34048812 0.64299593
0.33918725 0.64310540
0.33790116 0.64321618
0.33661508 0.64333409
0.33532899 0.64346239
0.33404290 0.64360434
0.33275681 0.64376338
0.33145594 0.64393971
0.33016985 0.64413036
0.32888376 0.64432971
0.32759768 0.64452963
0.32629681 0.64472378
0.32501072 0.64490784
0.32372463 0.64508172
0.32243854 0.64525408
0.32115245 0.64543976
0.31985158 0.64565548
0.31856549 0.64591662
0.31727941 0.64623414
0.31599332 0.64660691
0.31469245 0.64702665
0.31340636 0.64749260
0.31212027 0.64801018
0.31083418 0.64858190
0.30953331 0.64919575
0.30824722 0.64983449
0.30696114 0.65049161
0.30567505 0.65117639
0.30437418 0.65191181
0.30308809 0.65271885
0.30180200 0.65360770
0.30051591 0.65457518
0.29921504 0.65560914
0.29792895 0.65669618
0.29664287 0.65782965
0.29534200 0.65901565
0.29405591 0.66026872
0.29276982 0.66159963
0.29148373 0.66301202
0.29018286 0.66449689
0.28889677 0.66602883
0.28761068 0.66758465
0.28630981 0.66917669
0.28502373 0.67083348
0.28373764 0.67257261
0.28243677 0.67439121
0.28115068 0.67625546
0.27986459 0.67814211
0.27857850 0.68005179
0.27727763 0.68198927
0.27599154 0.68396380
0.27470546 0.68599429
0.27340459 0.68809199
0.27211850 0.69025655
0.27083241 0.69247594
0.26953154 0.69472453
0.26824545 0.69698518
0.26695936 0.69925213
0.26565849 0.70153398
0.26437240 0.70385100
0.26307153 0.70621143
0.26178545 0.70861344
0.26049936 0.71105324
0.25919849 0.71352674
0.25791240 0.71603219
0.25662631 0.71856870
0.25532544 0.72113658
0.25403935 0.72373692
0.25275326 0.72637155
0.25145239 0.72903922
0.25016630 0.73173481
0.24886543 0.73445421
0.24757935 0.73719559
0.24629326 0.73995673
0.24499239 0.74273592
0.24370630 0.74552821
0.24240543 0.74832488
0.24111934 0.75112075
0.23983325 0.75391754
0.23853238 0.75672293
0.23724629 0.75954485
0.23594542 0.76238539
0.23465933 0.76523903
0.23337325 0.76809432
0.23207238 0.77094038
0.23078629 0.77376981
0.22948542 0.77657769
0.22819933 0.77935953
0.22689846 0.78211111
0.22561237 0.78483389
0.22432628 0.78753543
0.22302541 0.79021972
0.22173932 0.79288389
0.22043845 0.79552219
0.21915236 0.79812859
0.21785149 0.80069839
0.21656541 0.80323028
0.21526454 0.80572612
0.21397845 0.80818884
0.21267758 0.81062456
0.21139149 0.81303358
0.21009062 0.81540507
0.20880453 0.81772519
0.20750366 0.81998349
0.20621757 0.82219291
0.20493148 0.82439283
0.20363061 0.82659929
0.20234452 0.82880240
0.20104365 0.83099145
0.19975757 0.83315568
0.19845669 0.83529387
0.19717061 0.83740689
0.19586974 0.83948662
0.19458365 0.84152257
0.19328278 0.84349686
0.19199669 0.84541307
0.19069582 0.84731140
0.18939495 0.84921669
0.18810886 0.85112426
0.18680799 0.85301789
0.18552190 0.85488446
0.18422103 0.85672185
0.18293494 0.85853648
0.18163407 0.86033661
0.18034798 0.86212727
0.17904711 0.86391069
0.17776102 0.86568856
0.17646015 0.86746331
0.17517407 0.86923863
0.17387319 0.87101903
0.17257232 0.87280861
0.17128624 0.87461082
0.16998537 0.87642708
0.16869928 0.87825651
0.16739841 0.88009285
0.16611232 0.88191812
0.16481145 0.88370926
0.16351058 0.88543999
0.16222449 0.88710874
0.16092362 0.88875933
0.15963753 0.89041997
0.15833666 0.89208726
0.15703579 0.89375013
0.15574970 0.89540663
0.15444883 0.89706882
0.15316274 0.89873688
0.15186187 0.90040035
0.15056100 0.90205516
0.14927491 0.90371368
0.14797404 0.90539307
0.14668795 0.90709986
0.14538708 0.90882729
0.14408621 0.91055355
0.14280012 0.91224774
0.14149925 0.91389494
0.14019838 0.91550352
0.13891229 0.91708911
0.13761142 0.91866254
0.13632534 0.92022615
0.13502447 0.92177801
0.13372359 0.92331719
0.13243751 0.92484629
0.13113664 0.92636842
0.12983577 0.92787854
0.12854968 0.92855023
0.12724881 0.92995216
0.12594794 0.93133536
0.12466185 0.93269969
0.12336098 0.93404501
0.12206011 0.93537121
0.12075924 0.93667818
0.11947315 0.93796584
0.11817228 0.93923412
0.11687141 0.94048297
0.11558532 0.94171234
0.11428445 0.94292221
0.11298358 0.94411259
0.11169749 0.94528348
0.11039662 0.94643490
0.10909575 0.94756691
0.10779488 0.94867956
0.10650879 0.94977294
0.10520792 0.95084712
0.10390705 0.95190224
0.10260618 0.95293841
0.10132009 0.95395577
0.10001922 0.95495449
0.09871835 0.95593473
0.09743226 0.95689670
0.09613139 0.95784059
0.09483052 0.95876663
0.09352965 0.95967505
0.09224356 0.96056610
0.09094269 0.96144005
0.08964182 0.96229717
0.08834095 0.96313776
0.08704008 0.96396211
0.08575399 0.96477055
0.08445312 0.96556341
0.08315225 0.96634101
0.08185138 0.96710372
0.08056529 0.96785189
0.07926442 0.96858590
0.07796355 0.96930611
0.07666268 0.97001293
0.07536180 0.97070673
0.07407572 0.97138794
0.07277485 0.97205694
0.07147398 0.97271416
0.07017310 0.97336001
0.06887223 0.97399491
0.06757136 0.97461928
0.06628528 0.97523356
0.06498440 0.97583816
0.06368353 0.97643352
0.06238266 0.97702005
0.06108179 0.97759819
0.05978092 0.97816835
0.05849483 0.97873094
0.05719396 0.97928638
0.05589309 0.97983507
0.05459222 0.98037741
0.05329135 0.98091378
0.05199048 0.98144457
0.05068961 0.98197014
0.04940352 0.98249085
0.04810265 0.98300703
0.04680178 0.98351902
0.04550091 0.98402712
0.04420004 0.98453162
0.04289917 0.98503280
0.04159830 0.98553090
0.04029743 0.98602617
0.03901134 0.98651880
0.03771047 0.98700898
0.03640960 0.98749685
0.03510873 0.98798256
0.03380786 0.98846619
0.03250698 0.98894782
0.03120611 0.98942746
0.02990524 0.98990513
0.02860437 0.99038078
0.02730350 0.99085433
0.02600263 0.99132568
0.02470176 0.99179465
0.02341567 0.99226105
0.02211480 0.99272463
0.02081393 0.99318510
0.01951306 0.99364211
0.01821219 0.99409526
0.01691132 0.99454411
0.01561045 0.99498815
0.01430958 0.99542683
0.01300871 0.99585952
0.01170784 0.99628554
0.01040697 0.99670414
0.00910609 0.99711452
0.00780522 0.99751580
0.00650435 0.99790703
0.00520348 0.99828719
0.00390261 0.99865518
0.00260174 0.99900984
0.00130087 0.99934991
0.00000000 0.99967406
-0.00000000 0.99868990
-0.00130087 0.99911498
-0.00260335 0.99934495
-0.00390746 0.99954704
-0.00521317 0.99967944
-0.00652048 0.99979094
-0.00782941 0.99987456
-0.00913993 0.99993031
-0.01045207 0.99996516
-0.01176578 0.99997909
-0.01308110 0.99997213
-0.01439801 0.99994425
-0.01571644 0.99989547
-0.01703653 0.99981185
-0.01835824 0.99970035
-0.01968143 0.99956098
-0.02100625 0.99938676
-0.02233255 0.99917770
-0.02366047 0.99893380
-0.02499002 0.99865505
-0.02632105 0.99835540
-0.02765326 0.99805575
-0.02898739 0.99781185
-0.03032315 0.99760976
-0.03166038 0.99743554
-0.03299939 0.99726829
-0.03433973 0.99711498
-0.03568185 0.99695470
-0.03702529 0.99680139
-0.03837051 0.99664808
-0.03971706 0.99649477
-0.04106524 0.99633449
-0.04241504 0.99617422
-0.04376617 0.99600697
-0.04511893 0.99584669
-0.04647316 0.99571429
-0.04782902 0.99562369
-0.04918636 0.99554007
-0.05054518 0.99547038
-0.05190548 0.99540767
-0.05326740 0.99533798
-0.05463080 0.99527526
-0.05599568 0.99521254
-0.05736204 0.99514983
-0.05872988 0.99508711
-0.06009919 0.99503136
-0.06146998 0.99496864
-0.06284240 0.99491289
-0.06421615 0.99485017
-0.06559138 0.99478746
-0.06696823 0.99471777
-0.06834642 0.99464808
-0.06972608 0.99457143
-0.07110722 0.99449477
-0.07248984 0.99442509
-0.07387393 0.99434843
-0.07525951 0.99427178
-0.07664641 0.99419512
-0.07803480 0.99411847
-0.07942466 0.99404878
-0.08081600 0.99397213
-0.08220867 0.99389547
-0.08360282 0.99381882
-0.08499845 0.99374913
-0.08639541 0.99367247
-0.08779384 0.99360279
-0.08919376 0.99352613
-0.09059500 0.99344948
-0.09199772 0.99337979
-0.09340178 0.99331010
-0.09480731 0.99323345
-0.09621417 0.99316376
-0.09762236 0.99309408
-0.09903203 0.99302439
-0.10044304 0.99294774
-0.10185551 0.99287805
-0.10326932 0.99280836
-0.10468446 0.99273868
-0.10610108 0.99266899
-0.10751888 0.99259930
-0.10893816 0.99252962
-0.11035892 0.99245296
-0.11178086 0.99238328
-0.11320413 0.99231359
-0.11462888 0.99224390
-0.11605496 0.99217422
-0.11748222 0.99210453
-0.11891096 0.99203484
-0.12034104 0.99196516
-0.12177229 0.99189547
-0.12320502 0.99182578
-0.12463893 0.99176307
-0.12607433 0.99169338
-0.12751090 0.99163066
-0.12894881 0.99156794
-0.13038804 0.99149826
-0.13182846 0.99143554
-0.13327021 0.99137282
-0.13471344 0.99130314
-0.13615770 0.99124042
-0.13760344 0.99117770
-0.13905022 0.99111498
-0.14049847 0.99105226
-0.14194791 0.99098955
-0.14339867 0.99092683
-0.14485062 0.99086411
-0.14630375 0.99080139
-0.14775822 0.99073868
-0.14921430 0.99068293
-0.15067039 0.99062021
-0.15212944 0.99055749
-0.15358848 0.99049477
-0.15504900 0.99043206
-0.15651101 0.99036934
-0.15797449 0.99030662
-0.15943796 0.99025087
-0.16090440 0.99018815
-0.16237084 0.99012544
-0.16383875 0.99006272
-0.16530667 0.99000000
-0.16677754 0.98993728
-0.16824841 0.98987456
-0.16972223 0.98981882
-0.17119606 0.98975610
-0.17266989 0.98969338
-0.17414667 0.98963066
-0.17562346 0.98956794
-0.17710172 0.98950523
-0.17858146 0.98943554
-0.18006268 0.98937282
-0.18154390 0.98931010
-0.18302659 0.98924739
-0.18451077 0.98918467
-0.18599642 0.98911498
-0.18748355 0.98905226
-0.18897069 0.98898955
-0.19045930 0.98891986
-0.19194791 0.98885714
-0.19343947 0.98878746
-0.19493104 0.98872474
-0.19642408 0.98866202
-0.19791861 0.98859233
-0.19941313 0.98852962
-0.20090913 0.98846690
-0.20240661 0.98840418
-0.20390557 0.98834146
-0.20540453 0.98828571
-0.20690496 0.98822300
-0.20840540 0.98816028
-0.20990879 0.98810453
-0.21141218 0.98804181
-0.21291705 0.98798606
-0.21442193 0.98792334
-0.21592827 0.98786760
-0.21743610 0.98780488
-0.21894541 0.98774913
-0.22045471 0.98769338
-0.22196550 0.98763763
-0.22347628 0.98757491
-0.22499002 0.98751916
-0.22650376 0.98745645
-0.22801750 0.98740070
-0.22953272 0.98733798
-0.23104942 0.98727526
-0.23256759 0.98720557
-0.23408577 0.98713589
-0.23560542 0.98705923
-0.23712508 0.98697561
-0.23864621 0.98689199
-0.24016882 0.98680139
-0.24169143 0.98671777
-0.24321552 0.98663415
-0.24474108 0.98655052
-0.24626665 0.98646690
-0.24779369 0.98638328
-0.24932074 0.98629965
-0.25084926 0.98621603
-0.25237926 0.98613240
-0.25390926 0.98605575
-0.25544074 0.98597213
-0.25697222 0.98588850
-0.25850518 0.98581185
-0.26003962 0.98572822
-0.26157405 0.98565157
-0.26310997 0.98556794
-0.26464588 0.98549129
-0.26618327 0.98540767
-0.26772067 0.98533101
-0.26925954 0.98524739
-0.27079989 0.98517073
-0.27234024 0.98508711
-0.27388059 0.98501045
-0.27542241 0.98492683
-0.27696572 0.98485017
-0.27850902 0.98477352
-0.28005381 0.98468990
-0.28159859 0.98461324
-0.28314485 0.98453659
-0.28469112 0.98445296
-0.28623886 0.98437631
-0.28778808 0.98429965
-0.28933730 0.98422300
-0.29088651 0.98414634
-0.29243721 0.98406969
-0.29398791 0.98399303
-0.29554008 0.98391638
-0.29709226 0.98383972
-0.29864591 0.98377003
-0.30019957 0.98370035
-0.30175470 0.98363066
-0.30330983 0.98356098
-0.30486644 0.98349129
-0.30642305 0.98342857
-0.30798114 0.98335889
-0.30953923 0.98328920
-0.31109731 0.98321951
-0.31265688 0.98314983
-0.31421793 0.98307317
-0.31577749 0.98300348
-0.31734002 0.98292683
-0.31890106 0.98285017
-0.32046358 0.98277352
-0.32202758 0.98269686
-0.32359159 0.98262021
-0.32515559 0.98254355
-0.32672107 0.98246690
-0.32828655 0.98238328
-0.32985350 0.98229965
-0.33142046 0.98222300
-0.33298742 0.98213937
-0.33455586 0.98205575
-0.33612429 0.98197213
-0.33769273 0.98188850
-0.33926264 0.98179791
-0.34083256 0.98171429
-0.34240395 0.98162369
-0.34397534 0.98154007
-0.34554674 0.98144948
-0.34711961 0.98135889
-0.34869248 0.98126829
-0.35026535 0.98117770
-0.35183970 0.98108711
-0.35341405 0.98098955
-0.35498840 0.98089895
-0.35656422 0.98080139
-0.35814005 0.98071080
-0.35971588 0.98061324
-0.36129171 0.98051568
-0.36286901 0.98041812
-0.36444780 0.98032056
-0.36602510 0.98022300
-0.36760388 0.98012544
-0.36918267 0.98002787
-0.37076145 0.97993031
-0.37234172 0.97982578
-0.37392198 0.97972822
-0.37550224 0.97962369
-0.37708398 0.97952613
-0.37866424 0.97942160
-0.38024598 0.97931010
-0.38182920 0.97920557
-0.38341094 0.97910105
-0.38499416 0.97898955
-0.38657738 0.97887805
-0.38816060 0.97876655
-0.38974382 0.97865505
-0.39132851 0.97854355
-0.39291321 0.97842509
-0.39449791 0.97830662
-0.39608261 0.97818815
-0.39766878 0.97806969
-0.39925496 0.97795122
-0.40084113 0.97782578
-0.40242731 0.97770732
-0.40401348 0.97758188
-0.40560114 0.97744948
-0.40718731 0.97732404
-0.40877496 0.97719164
-0.41036262 0.97706620
-0.41195175 0.97693380
-0.41353940 0.97679443
-0.41512853 0.97666202
-0.41671619 0.97652265
-0.41830532 0.97638328
-0.41989445 0.97624390
-0.42148358 0.97610453
-0.42307419 0.97595819
-0.42466333 0.97581185
-0.42625394 0.97566551
-0.42784307 0.97551916
-0.42943368 0.97537282
-0.43102429 0.97521951
-0.43261490 0.97506620
-0.43420551 0.97491289
-0.43579612 0.97475261
-0.43738821 0.97459930
-0.43897882 0.97443902
-0.44057090 0.97427875
-0.44216151 0.97411847
-0.44375360 0.97395122
-0.44534569 0.97379094
-0.44693778 0.97362369
-0.44852839 0.97345645
-0.45012048 0.97328920
-0.45171257 0.97312195
-0.45330613 0.97294774
-0.45489822 0.97278049
-0.45649031 0.97260627
-0.45808240 0.97243206
-0.45967449 0.97226481
-0.46126658 0.97209059
-0.46286014 0.97191638
-0.46445223 0.97174913
-0.46604432 0.97157491
-0.46763788 0.97140070
-0.46922997 0.97122648
-0.47082206 0.97104530
-0.47241563 0.97086411
-0.47400772 0.97067596
-0.47559980 0.97048084
-0.47719337 0.97028571
-0.47878546 0.97008362
-0.48037755 0.96987456
-0.48196964 0.96966551
-0.48356320 0.96945645
-0.48515529 0.96924042
-0.48674738 0.96902439
-0.48833947 0.96880836
-0.48993156 0.96858537
-0.49152364 0.96836237
-0.49311573 0.96813240
-0.49470782 0.96790244
-0.49629843 0.96767247
-0.49789052 0.96744251
-0.49948261 0.96720557
-0.50107322 0.96696864
-0.50266383 0.96673171
-0.50425592 0.96649477
-0.50584653 0.96625087
-0.50743714 0.96600697
-0.50902775 0.96576307
-0.51061836 0.96551220
-0.51220897 0.96526132
-0.51379958 0.96501045
-0.51538871 0.96475958
-0.51697932 0.96450174
-0.51856845 0.96424390
-0.52015758 0.96398606
-0.52174671 0.96372125
-0.52333585 0.96345645
-0.52492498 0.96319164
-0.52651263 0.96291986
-0.52810029 0.96264808
-0.52968942 0.96237631
-0.53127707 0.96209756
-0.53286472 0.96181882
-0.53445090 0.96153310
-0.53603855 0.96124042
-0.53762473 0.96094774
-0.53921090 0.96064808
-0.54079708 0.96034146
-0.54238325 0.96002787
-0.54396943 0.95970732
-0.54555413 0.95937282
-0.54713882 0.95903136
-0.54872352 0.95868990
-0.55030822 0.95834146
-0.55189144 0.95799303
-0.55347466 0.95765157
-0.55505787 0.95731010
-0.55664109 0.95696864
-0.55822283 0.95662718
-0.55980605 0.95627875
-0.56138779 0.95593728
-0.56296805 0.95558885
-0.56454980 0.95524739
-0.56613006 0.95489895
-0.56771032 0.95454355
-0.56929058 0.95419512
-0.57086937 0.95383972
-0.57244815 0.95347735
-0.57402693 0.95311498
-0.57560424 0.95275261
-0.57718302 0.95238328
-0.57875885 0.95201394
-0.58033616 0.95163763
-0.58191198 0.95126132
-0.58348781 0.95087805
-0.58506364 0.95048780
-0.58663799 0.95009756
-0.58821234 0.94970035
-0.58978669 0.94929617
-0.59135956 0.94889199
-0.59293243 0.94848084
-0.59450530 0.94806272
-0.59607669 0.94764460
-0.59764808 0.94721951
-0.59921800 0.94678746
-0.60078939 0.94634843
-0.60235783 0.94590941
-0.60392774 0.94545645
-0.60549618 0.94500348
-0.60706461 0.94455052
-0.60863157 0.94408362
-0.61019853 0.94361672
-0.61176401 0.94314286
-0.61333097 0.94266202
-0.61489497 0.94217422
-0.61646045 0.94167944
-0.61802445 0.94118467
-0.61958697 0.94068293
-0.62114950 0.94018118
-0.62271202 0.93966551
-0.62427306 0.93914983
-0.62583411 0.93863415
-0.62739368 0.93810453
-0.62895324 0.93757491
-0.63051133 0.93704530
-0.63207090 0.93650871
-0.63362751 0.93597213
-0.63518412 0.93542857
-0.63674073 0.93488502
-0.63829586 0.93434146
-0.63985099 0.93379791
-0.64140464 0.93326132
-0.64295830 0.93271777
-0.64451047 0.93217422
-0.64606265 0.93161672
-0.64761335 0.93105226
-0.64916404 0.93048084
-0.65071326 0.92989547
-0.65226248 0.92930314
-0.65381022 0.92870383
-0.65535796 0.92809756
-0.65690570 0.92747735
-0.65845049 0.92685714
-0.65999675 0.92622997
-0.66154005 0.92559582
-0.66308484 0.92495470
-0.66462666 0.92430662
-0.66616849 0.92365157
-0.66771032 0.92299652
-0.66925067 0.92232753
-0.67078954 0.92165854
-0.67232841 0.92098955
-0.67386728 0.92030662
-0.67540467 0.91962369
-0.67694059 0.91894077
-0.67847650 0.91824390
-0.68001094 0.91754704
-0.68154390 0.91685017
-0.68307685 0.91613937
-0.68460833 0.91542857
-0.68613981 0.91471777
-0.68766982 0.91399303
-0.68919982 0.91326829
-0.69072834 0.91253659
-0.69225538 0.91180488
-0.69378243 0.91106620
-0.69530800 0.91032056
-0.69683356 0.90956794
-0.69835765 0.90881533
-0.69988026 0.90805575
-0.70140287 0.90728920
-0.70292400 0.90651568
-0.70444366 0.90574216
-0.70596331 0.90495470
-0.70748148 0.90416725
-0.70899966 0.90336585
-0.71051488 0.90256446
-0.71203158 0.90174913
-0.71354532 0.90091986
-0.71505906 0.90009059
-0.71657132 0.89924042
-0.71808358 0.89838328
-0.71959436 0.89750523
-0.72110367 0.89661324
-0.72261150 0.89570035
-0.72411933 0.89476655
-0.72562567 0.89383972
-0.72713202 0.89291986
-0.72863542 0.89201394
-0.73014029 0.89110801
-0.73164220 0.89021603
-0.73314412 0.88932404
-0.73464307 0.88843206
-0.73614351 0.88754704
-0.73764099 0.88665505
-0.73913847 0.88575610
-0.74063447 0.88485017
-0.74212899 0.88393728
-0.74362352 0.88301742
-0.74511656 0.88207666
-0.74660813 0.88111498
-0.74809822 0.88013937
-0.74958830 0.87914286
-0.75107691 0.87812544
-0.75256405 0.87708711
-0.75405118 0.87602787
-0.75553535 0.87494077
-0.75701953 0.87383275
-0.75850222 0.87271080
-0.75998492 0.87156098
-0.76146466 0.87040418
-0.76294440 0.86922648
-0.76442266 0.86803484
-0.76590093 0.86682927
-0.76737623 0.86562369
-0.76885154 0.86440418
-0.77032537 0.86318467
-0.77179771 0.86196516
-0.77326859 0.86073868
-0.77473946 0.85951916
-0.77620885 0.85829965
-0.77767528 0.85708711
-0.77914320 0.85588153
-0.78060816 0.85468990
-0.78207164 0.85349826
-0.78353512 0.85231359
-0.78499712 0.85113589
-0.78645764 0.84995819
-0.78791669 0.84878746
-0.78937573 0.84761672
-0.79083182 0.84644599
-0.79228791 0.84526829
-0.79374252 0.84409059
-0.79519565 0.84290592
-0.79664730 0.84170732
-0.79809748 0.84050871
-0.79954765 0.83928920
-0.80099487 0.83806272
-0.80244209 0.83682230
-0.80388783 0.83556098
-0.80533209 0.83428571
-0.80677488 0.83298955
-0.80821618 0.83167247
-0.80965749 0.83034146
-0.81109584 0.82898955
-0.81253418 0.82761672
-0.81397106 0.82623693
-0.81540645 0.82483624
-0.81684036 0.82342160
-0.81827280 0.82200000
-0.81970376 0.82056446
-0.82113324 0.81912195
-0.82256272 0.81767247
-0.82398924 0.81621603
-0.82541576 0.81475958
-0.82684081 0.81330314
-0.82826289 0.81183972
-0.82968498 0.81037631
-0.83110559 0.80891986
-0.83252472 0.80745645
-0.83394238 0.80600000
-0.83536003 0.80454355
-0.83677473 0.80308711
-0.83818795 0.80163066
-0.83960116 0.80018118
-0.84101143 0.79872474
-0.84242169 0.79727526
-0.84382899 0.79582578
-0.84523630 0.79437631
-0.84664213 0.79292683
-0.84804648 0.79147038
-0.84944787 0.79002091
-0.85084926 0.78856446
-0.85224918 0.78711498
-0.85364761 0.78565854
-0.85504457 0.78420209
-0.85644005 0.78273868
-0.85783405 0.78128223
-0.85922657 0.77981882
-0.86061762 0.77834843
-0.86200866 0.77688502
-0.86339675 0.77541463
-0.86478336 0.77394425
-0.86616849 0.77246690
-0.86755215 0.77098955
-0.86893580 0.76951220
-0.87031650 0.76802787
-0.87169571 0.76654355
-0.87307345 0.76505226
-0.87445120 0.76356098
-0.87582598 0.76206272
-0.87719928 0.76056446
-0.87857259 0.75905923
-0.87994294 0.75755401
-0.88131181 0.75604181
-0.88267920 0.75452265
-0.88404659 0.75300348
-0.88541103 0.75147038
-0.88677399 0.74994425
-0.88813547 0.74840418
-0.88949695 0.74685714
-0.89085547 0.74531010
-0.89221251 0.74374913
-0.89356808 0.74218118
-0.89492217 0.74061324
-0.89627478 0.73903136
-0.89762591 0.73744251
-0.89897556 0.73583972
-0.90032374 0.73423693
-0.90167044 0.73261324
-0.90301565 0.73098258
-0.90435940 0.72934495
-0.90570166 0.72768641
-0.90704096 0.72602091
-0.90838027 0.72434146
-0.90971810 0.72264111
-0.91105297 0.72092683
-0.91238784 0.71919861
-0.91371975 0.71744948
-0.91505167 0.71567944
-0.91638062 0.71386760
-0.91770810 0.71200697
-0.91903410 0.71009756
-0.92036010 0.70814634
-0.92168315 0.70614634
-0.92300472 0.70410453
-0.92432480 0.70200697
-0.92564341 0.69986063
-0.92695907 0.69765157
-0.92827472 0.69538537
-0.92958890 0.69304530
-0.93090011 0.69062509
-0.93221133 0.68811429
-0.93351959 0.68550174
-0.93482786 0.68277352
-0.93613316 0.67991150
-0.93743699 0.67690174
-0.93873934 0.67372056
-0.94004021 0.67036585
-0.94133960 0.66688084
-0.94263604 0.66334286
-0.94393247 0.65966620
-0.94522743 0.65570941
-0.94651943 0.65059512
-0.94781143 0.64348502
-0.94910048 0.63247735
-0.95038804 0.62189129
-0.95167118 0.62228432
-0.95295431 0.63074983
-0.95423744 0.63603136
-0.95551909 0.63747317
-0.95679779 0.63825157
-0.95807353 0.63863833
-0.95934927 0.63888084
-0.96062353 0.63922857
-0.96189631 0.63973171
-0.96316762 0.64203345
