# s/c   cf_mean    cf_std
0.00000000 0.00215938 0.00031806
0.00130087 0.00350843 0.00030400
0.00260174 0.00476207 0.00030169
0.00390261 0.00592570 0.00031010
0.00520348 0.00700457 0.00032791
0.00650435 0.00800373 0.00035376
0.00780522 0.00892803 0.00038647
0.00910609 0.00978217 0.00042509
0.01040697 0.01057066 0.00046890
0.01170784 0.01129784 0.00051732
0.01300871 0.01196789 0.00056991
0.01430958 0.01258482 0.00062628
0.01561045 0.01315249 0.00068609
0.01691132 0.01367459 0.00074905
0.01821219 0.01415468 0.00081486
0.01951306 0.01459614 0.00088325
0.02081393 0.01500224 0.00095396
0.02211480 0.01537609 0.00102676
0.02341567 0.01572065 0.00110142
0.02470176 0.01603878 0.00117771
0.02600263 0.01633316 0.00125543
0.02730350 0.01660640 0.00133440
0.02860437 0.01686094 0.00141443
0.02990524 0.01709912 0.00149537
0.03120611 0.01732315 0.00157706
0.03250698 0.01753514 0.00165937
0.03380786 0.01773707 0.00174217
0.03510873 0.01793083 0.00182536
0.03640960 0.01811819 0.00190884
0.03771047 0.01830083 0.00199252
0.03901134 0.01848031 0.00207633
0.04029743 0.01865812 0.00216021
0.04159830 0.01883565 0.00224411
0.04289917 0.01901417 0.00232799
0.04420004 0.01919490 0.00241181
0.04550091 0.01937896 0.00249556
0.04680178 0.01956738 0.00257923
0.04810265 0.01976113 0.00266281
0.04940352 0.01996108 0.00274631
0.05068961 0.02016803 0.00282973
0.05199048 0.02038274 0.00291311
0.05329135 0.02060585 0.00299647
0.05459222 0.02083798 0.00307984
0.05589309 0.02107965 0.00316326
0.05719396 0.02133134 0.00324677
0.05849483 0.02159347 0.00333043
0.05978092 0.02186640 0.00341428
0.06108179 0.02215042 0.00349840
0.06238266 0.02244580 0.00358283
0.06368353 0.02275272 0.00366765
0.06498440 0.02307136 0.00375292
0.06628528 0.02340182 0.00383871
0.06757136 0.02374416 0.00392510
0.06887223 0.02409841 0.00401217
0.07017310 0.02446456 0.00409998
0.07147398 0.02484257 0.00418863
0.07277485 0.02523233 0.00427818
0.07407572 0.02563375 0.00436872
0.07536180 0.02604666 0.00446032
0.07666268 0.02647090 0.00455308
0.07796355 0.02690625 0.00464706
0.07926442 0.02735250 0.00474235
0.08056529 0.02780939 0.00483903
0.08185138 0.02827663 0.00493718
0.08315225 0.02875395 0.00503686
0.08445312 0.02924103 0.00513817
0.08575399 0.02973753 0.00524116
0.08704008 0.03024312 0.00534592
0.08834095 0.03075743 0.00545251
0.08964182 0.03128011 0.00556101
0.09094269 0.03181076 0.00567147
0.09224356 0.03234901 0.00578396
0.09352965 0.03289445 0.00589855
0.09483052 0.03344668 0.00601528
0.09613139 0.03400530 0.00613421
0.09743226 0.03456989 0.00625540
0.09871835 0.03514005 0.00637889
0.10001922 0.03571535 0.00650472
0.10132009 0.03629540 0.00663294
0.10260618 0.03687977 0.00676358
0.10390705 0.03746805 0.00689668
0.10520792 0.03805985 0.00703227
0.10650879 0.03865476 0.00717037
0.10779488 0.03925238 0.00731101
0.10909575 0.03985232 0.00745419
0.11039662 0.04045422 0.00759994
0.11169749 0.04105768 0.00774827
0.11298358 0.04166235 0.00789917
0.11428445 0.04226788 0.00805264
0.11558532 0.04287392 0.00820869
0.11687141 0.04348014 0.00836731
0.11817228 0.04408623 0.00852847
0.11947315 0.04469188 0.00869217
0.12075924 0.04529680 0.00885838
0.12206011 0.04590070 0.00902708
0.12336098 0.04650334 0.00919822
0.12466185 0.04710446 0.00937178
0.12594794 0.04770382 0.00954772
0.12724881 0.04830123 0.00972599
0.12854968 0.04889647 0.00990654
0.12983577 0.04948770 0.01008897
0.13113664 0.05014061 0.01028135
0.13243751 0.05075722 0.01048236
0.13372359 0.05137541 0.01068603
0.13502447 0.05199596 0.01088921
0.13632534 0.05259967 0.01109359
0.13761142 0.05318646 0.01129914
0.13891229 0.05378435 0.01150125
0.14019838 0.05445921 0.01169734
0.14149925 0.05527927 0.01189272
0.14280012 0.05616053 0.01208442
0.14408621 0.05692041 0.01227228
0.14538708 0.05745600 0.01247000
0.14668795 0.05782071 0.01268957
0.14797404 0.05812195 0.01292276
0.14927491 0.05845294 0.01315575
0.15056100 0.05889163 0.01338475
0.15186187 0.05940078 0.01360642
0.15316274 0.05984644 0.01381570
0.15444883 0.06020233 0.01402295
0.15574970 0.06060159 0.01423814
0.15703579 0.06107113 0.01445119
0.15833666 0.06151925 0.01466012
0.15963753 0.06184017 0.01486185
0.16092362 0.06217565 0.01505748
0.16222449 0.06280097 0.01525301
0.16351058 0.06372753 0.01543389
0.16481145 0.06467669 0.01558687
0.16611232 0.06540906 0.01573805
0.16739841 0.06594024 0.01590742
0.16869928 0.06634842 0.01609887
0.16998537 0.06669379 0.01630754
0.17128624 0.06701315 0.01652103
0.17257232 0.06732612 0.01673532
0.17387319 0.06764714 0.01694632
0.17517407 0.06798966 0.01715310
0.17646015 0.06836429 0.01735480
0.17776102 0.06877191 0.01755077
0.17904711 0.06921044 0.01774157
0.18034798 0.06967558 0.01792733
0.18163407 0.07017922 0.01810763
0.18293494 0.07073917 0.01828180
0.18422103 0.07138487 0.01845191
0.18552190 0.07210954 0.01862366
0.18680799 0.07280959 0.01879290
0.18810886 0.07335594 0.01895271
0.18939495 0.07372513 0.01911538
0.19069582 0.07413319 0.01928537
0.19199669 0.07483111 0.01946444
0.19328278 0.07584379 0.01963695
0.19458365 0.07690720 0.01978282
0.19586974 0.07780852 0.01991795
0.19717061 0.07857951 0.02005738
0.19845669 0.07932411 0.02021653
0.19975757 0.08009492 0.02039268
0.20104365 0.08084720 0.02057161
0.20234452 0.08150232 0.02075175
0.20363061 0.08198419 0.02092665
0.20493148 0.08243631 0.02111207
0.20621757 0.08313367 0.02130595
0.20750366 0.08414803 0.02149162
0.20880453 0.08528767 0.02166830
0.21009062 0.08631986 0.02182981
0.21139149 0.08717363 0.02198254
0.21267758 0.08794695 0.02214950
0.21397845 0.08876599 0.02233385
0.21526454 0.08967200 0.02252114
0.21656541 0.09064362 0.02270754
0.21785149 0.09164282 0.02289094
0.21915236 0.09263581 0.02307370
0.22043845 0.09359525 0.02325778
0.22173932 0.09449808 0.02344320
0.22302541 0.09533350 0.02362766
0.22432628 0.09615879 0.02381493
0.22561237 0.09704406 0.02400568
0.22689846 0.09802521 0.02420002
0.22819933 0.09905633 0.02439442
0.22948542 0.10003963 0.02458359
0.23078629 0.10093586 0.02476845
0.23207238 0.10175301 0.02495347
0.23337325 0.10250848 0.02514271
0.23465933 0.10318929 0.02533636
0.23594542 0.10377003 0.02553514
0.23724629 0.10425787 0.02573899
0.23853238 0.10470422 0.02594810
0.23983325 0.10517798 0.02616046
0.24111934 0.10571419 0.02637059
0.24240543 0.10630694 0.02657704
0.24370630 0.10690665 0.02678123
0.24499239 0.10744837 0.02698408
0.24629326 0.10790050 0.02718809
0.24757935 0.10826861 0.02739028
0.24886543 0.10856837 0.02758850
0.25016630 0.10882944 0.02778493
0.25145239 0.10908968 0.02798382
0.25275326 0.10934229 0.02818495
0.25403935 0.10957453 0.02838815
0.25532544 0.10978773 0.02859358
0.25662631 0.10997146 0.02879630
0.25791240 0.11010615 0.02899512
0.25919849 0.11016465 0.02918158
0.26049936 0.11014232 0.02935666
0.26178545 0.11009057 0.02953340
0.26307153 0.11003223 0.02970927
0.26437240 0.10999051 0.02988287
0.26565849 0.11003315 0.03006506
0.26695936 0.11019787 0.03025389
0.26824545 0.11045554 0.03043775
0.26953154 0.11068213 0.03060684
0.27083241 0.11073548 0.03075183
0.27211850 0.11055192 0.03088642
0.27340459 0.11019071 0.03102621
0.27470546 0.10983950 0.03118296
0.27599154 0.10962610 0.03136308
0.27727763 0.10952778 0.03154727
0.27857850 0.10945767 0.03172139
0.27986459 0.10934183 0.03187615
0.28115068 0.10916025 0.03199933
0.28243677 0.10889500 0.03211540
0.28373764 0.10853242 0.03224962
0.28502373 0.10805040 0.03239186
0.28630981 0.10753619 0.03254397
0.28761068 0.10716329 0.03271752
0.28889677 0.10692903 0.03288296
0.29018286 0.10661292 0.03300655
0.29148373 0.10605141 0.03311200
0.29276982 0.10530310 0.03321896
0.29405591 0.10451217 0.03333401
0.29534200 0.10381511 0.03346236
0.29664287 0.10326148 0.03359581
0.29792895 0.10278964 0.03372412
0.29921504 0.10228800 0.03384023
0.30051591 0.10165625 0.03393939
0.30180200 0.10086672 0.03402670
0.30308809 0.09997536 0.03411393
0.30437418 0.09909213 0.03420435
0.30567505 0.09832202 0.03429920
0.30696114 0.09771536 0.03438943
0.30824722 0.09724128 0.03446650
0.30953331 0.09681961 0.03453432
0.31083418 0.09633900 0.03459590
0.31212027 0.09570525 0.03465062
0.31340636 0.09493481 0.03469508
0.31469245 0.09412761 0.03473629
0.31599332 0.09333688 0.03477851
0.31727941 0.09251753 0.03481699
0.31856549 0.09167088 0.03486000
0.31985158 0.09087564 0.03490726
0.32115245 0.09021528 0.03495701
0.32243854 0.08972344 0.03500453
0.32372463 0.08939876 0.03505031
0.32501072 0.08919452 0.03509515
0.32629681 0.08902539 0.03512932
0.32759768 0.08881518 0.03514639
0.32888376 0.08853013 0.03514786
0.33016985 0.08817831 0.03514526
0.33145594 0.08776802 0.03513982
0.33275681 0.08734414 0.03513934
0.33404290 0.08697111 0.03515593
0.33532899 0.08666318 0.03518577
0.33661508 0.08637377 0.03521638
0.33790116 0.08606874 0.03524025
0.33918725 0.08575286 0.03525474
0.34048812 0.08545823 0.03526032
0.34177421 0.08522164 0.03526096
0.34306030 0.08506686 0.03525802
0.34434639 0.08500763 0.03525618
0.34563247 0.08503625 0.03525893
0.34693335 0.08510690 0.03527192
0.34821943 0.08513661 0.03528972
0.34950552 0.08506667 0.03530711
0.35079161 0.08489124 0.03532266
0.35207770 0.08462561 0.03532549
0.35336379 0.08431601 0.03532169
0.35466466 0.08403406 0.03531821
0.35595074 0.08385476 0.03531877
0.35723683 0.08382897 0.03533030
0.35852292 0.08389613 0.03534278
0.35980901 0.08395344 0.03535018
0.36109510 0.08398870 0.03535875
0.36238118 0.08402191 0.03536749
0.36368206 0.08404115 0.03537463
0.36496814 0.08399462 0.03537497
0.36625423 0.08385167 0.03536900
0.36754032 0.08364368 0.03536503
0.36882641 0.08345115 0.03536683
0.37011250 0.08337229 0.03538511
0.37139858 0.08342050 0.03541594
0.37269945 0.08348616 0.03543958
0.37398554 0.08348648 0.03545396
0.37527163 0.08342036 0.03546082
0.37655772 0.08331045 0.03545783
0.37784381 0.08319598 0.03544441
0.37912989 0.08313369 0.03542593
0.38041598 0.08315487 0.03541090
0.38170207 0.08317439 0.03539699
0.38298816 0.08309875 0.03538864
0.38428903 0.08296232 0.03539892
0.38557512 0.08282831 0.03542474
0.38686121 0.08271841 0.03545579
0.38814729 0.08264499 0.03548555
0.38943338 0.08262386 0.03551093
0.39071947 0.08265984 0.03553116
0.39200556 0.08272217 0.03554364
0.39329165 0.08278214 0.03554944
0.39457773 0.08284657 0.03555229
0.39586382 0.08293723 0.03555231
0.39714991 0.08306672 0.03555018
0.39843600 0.08321022 0.03554936
0.39973687 0.08327676 0.03555223
0.40102296 0.08312365 0.03555007
0.40230905 0.08276096 0.03554902
0.40359513 0.08236330 0.03556893
0.40488122 0.08210682 0.03561307
0.40616731 0.08201907 0.03565914
0.40745340 0.08201867 0.03568935
0.40873949 0.08200715 0.03570182
0.41002557 0.08188262 0.03569815
0.41131166 0.08165611 0.03568688
0.41259775 0.08147897 0.03568846
0.41388384 0.08144254 0.03569869
0.41516993 0.08146958 0.03569964
0.41645601 0.08156201 0.03569842
0.41774210 0.08182823 0.03570425
0.41902819 0.08238337 0.03571745
0.42031428 0.08308505 0.03572351
0.42160037 0.08358187 0.03569901
0.42288645 0.08369969 0.03565246
0.42417254 0.08358933 0.03562453
0.42545863 0.08348248 0.03562411
0.42674472 0.08342312 0.03563824
0.42803081 0.08338633 0.03564890
0.42931690 0.08338189 0.03565706
0.43060298 0.08344675 0.03567463
0.43188907 0.08358018 0.03569686
0.43317516 0.08375135 0.03571696
0.43446125 0.08393765 0.03573286
0.43574734 0.08412445 0.03574326
0.43703342 0.08430886 0.03574930
0.43831951 0.08448867 0.03575073
0.43960560 0.08466514 0.03574839
0.44089169 0.08482675 0.03574276
0.44217778 0.08495934 0.03573780
0.44346386 0.08503883 0.03573635
0.44474995 0.08504520 0.03572909
0.44603604 0.08505520 0.03572431
0.44732213 0.08523604 0.03574464
0.44860822 0.08570706 0.03578550
0.44989430 0.08631141 0.03582407
0.45118039 0.08672887 0.03582543
0.45246648 0.08677767 0.03578892
0.45375257 0.08659707 0.03575773
0.45503866 0.08639047 0.03575522
0.45632474 0.08616498 0.03577133
0.45761083 0.08583765 0.03577408
0.45889692 0.08539241 0.03576414
0.46018301 0.08494276 0.03576879
0.46146910 0.08464437 0.03579971
0.46275519 0.08466201 0.03586563
0.46404127 0.08493421 0.03593344
0.46532736 0.08516324 0.03597274
0.46661345 0.08514189 0.03598089
0.46789954 0.08492869 0.03597039
0.46917084 0.08472790 0.03597927
0.47045693 0.08468156 0.03602562
0.47174302 0.08476909 0.03608428
0.47302911 0.08487337 0.03612401
0.47431520 0.08490663 0.03614204
0.47560128 0.08483669 0.03614155
0.47688737 0.08468151 0.03613384
0.47817346 0.08449209 0.03613011
0.47945955 0.08432166 0.03613376
0.48074564 0.08422133 0.03614630
0.48203172 0.08423784 0.03617186
0.48331781 0.08434196 0.03620108
0.48460390 0.08445488 0.03622504
0.48587521 0.08449048 0.03623530
0.48716129 0.08441716 0.03623089
0.48844738 0.08427847 0.03622368
0.48973347 0.08412435 0.03622329
0.49101956 0.08398867 0.03623204
0.49230565 0.08388137 0.03624573
0.49359173 0.08380880 0.03626285
0.49487782 0.08377465 0.03628171
0.49616391 0.08377430 0.03630017
0.49743522 0.08379486 0.03631681
0.49872130 0.08381418 0.03632874
0.50000739 0.08381357 0.03633624
0.50129348 0.08377757 0.03633976
0.50257957 0.08369565 0.03633842
0.50386566 0.08356428 0.03633292
0.50515174 0.08340165 0.03632557
0.50643783 0.08324238 0.03632345
0.50770914 0.08312205 0.03633051
0.50899523 0.08305570 0.03634603
0.51028131 0.08301001 0.03636091
0.51156740 0.08293866 0.03636788
0.51285349 0.08281130 0.03636615
0.51413958 0.08262842 0.03635864
0.51542567 0.08240896 0.03635087
0.51669697 0.08217920 0.03634268
0.51798306 0.08199329 0.03634530
0.51926915 0.08190745 0.03636420
0.52055524 0.08191829 0.03638622
0.52184132 0.08201234 0.03641019
0.52312741 0.08212925 0.03643402
0.52439872 0.08214384 0.03643673
0.52568480 0.08197419 0.03640865
0.52697089 0.08163248 0.03636048
0.52825698 0.08123476 0.03631364
0.52954307 0.08090973 0.03629465
0.53082916 0.08075497 0.03630793
0.53210046 0.08079884 0.03634357
0.53338655 0.08090278 0.03637554
0.53467264 0.08090523 0.03637567
0.53595873 0.08075767 0.03634993
0.53724481 0.08050864 0.03631161
0.53853090 0.08026916 0.03627841
0.53980221 0.08018442 0.03628485
0.54108830 0.08028874 0.03631941
0.54237438 0.08043814 0.03633644
0.54366047 0.08055599 0.03634244
0.54494656 0.08059524 0.03633526
0.54621787 0.08048574 0.03629646
0.54750395 0.08029966 0.03625097
0.54879004 0.08013961 0.03622388
0.55007613 0.08006397 0.03621290
0.55134744 0.08010202 0.03621504
0.55263352 0.08021622 0.03622060
0.55391961 0.08031513 0.03621254
0.55520570 0.08032317 0.03618472
0.55649179 0.08024220 0.03614262
0.55776309 0.08012907 0.03610022
0.55904918 0.08006946 0.03607457
0.56033527 0.08011336 0.03606963
0.56162136 0.08024063 0.03607203
0.56289266 0.08038747 0.03607217
0.56417875 0.08049585 0.03606186
0.56546484 0.08052635 0.03603890
0.56675093 0.08047195 0.03600855
0.56803702 0.08034431 0.03597333
0.56930832 0.08014728 0.03593380
0.57059441 0.07991303 0.03589486
0.57188050 0.07969324 0.03586893
0.57316659 0.07953326 0.03585844
0.57443789 0.07945551 0.03585564
0.57572398 0.07946718 0.03585647
0.57701007 0.07956550 0.03585551
0.57829616 0.07973528 0.03585435
0.57956746 0.07992340 0.03584770
0.58085355 0.08006292 0.03583344
0.58213964 0.08009177 0.03580678
0.58341094 0.07998972 0.03576418
0.58469703 0.07979502 0.03571651
0.58598312 0.07957142 0.03567741
0.58726921 0.07936840 0.03565363
0.58854051 0.07920552 0.03563969
0.58982660 0.07910440 0.03563775
0.59111269 0.07904055 0.03563941
0.59239878 0.07894399 0.03562757
0.59367008 0.07877634 0.03560004
0.59495617 0.07857838 0.03557359
0.59624226 0.07840493 0.03555932
0.59751356 0.07829842 0.03556100
0.59879965 0.07827590 0.03557596
0.60008574 0.07832613 0.03559508
0.60137183 0.07843037 0.03561611
0.60264313 0.07854456 0.03563141
0.60392922 0.07861448 0.03563755
0.60521531 0.07858228 0.03562540
0.60648661 0.07842150 0.03559273
0.60777270 0.07815118 0.03554428
0.60905879 0.07783396 0.03549417
0.61033010 0.07756749 0.03546631
0.61161618 0.07739784 0.03545785
0.61290227 0.07731888 0.03545977
0.61417358 0.07730002 0.03546505
0.61545967 0.07729285 0.03546563
0.61674575 0.07727755 0.03546444
0.61801706 0.07725608 0.03546513
0.61930315 0.07722514 0.03546627
0.62058924 0.07718545 0.03546792
0.62187532 0.07713993 0.03546670
0.62314663 0.07711571 0.03546656
0.62443272 0.07713696 0.03547068
0.62571880 0.07719505 0.03547340
0.62699011 0.07724543 0.03547053
0.62827620 0.07722251 0.03545127
0.62954750 0.07708316 0.03541232
0.63083359 0.07684637 0.03536633
0.63211968 0.07655212 0.03532105
0.63339099 0.07622994 0.03528112
0.63467707 0.07591446 0.03525138
0.63596316 0.07563851 0.03523457
0.63723447 0.07542620 0.03522939
0.63852056 0.07529176 0.03523369
0.63980664 0.07525077 0.03524843
0.64107795 0.07529511 0.03527123
0.64236404 0.07538356 0.03529173
0.64365012 0.07547945 0.03530593
0.64492143 0.07557004 0.03531596
0.64620752 0.07564943 0.03532195
0.64749361 0.07571513 0.03532585
0.64876491 0.07576092 0.03532700
0.65005100 0.07578164 0.03532534
0.65132231 0.07577130 0.03532022
0.65260839 0.07572478 0.03531137
0.65389448 0.07563485 0.03529653
0.65516579 0.07549886 0.03527572
0.65645188 0.07532235 0.03525043
0.65772318 0.07511963 0.03522529
0.65900927 0.07491217 0.03520731
0.66029536 0.07470185 0.03519535
0.66156666 0.07447730 0.03518688
0.66285275 0.07421477 0.03517414
0.66413884 0.07391332 0.03515646
0.66541014 0.07361385 0.03514642
0.66669623 0.07336710 0.03515606
0.66796754 0.07319791 0.03518577
0.66925363 0.07309523 0.03522557
0.67053971 0.07304032 0.03526485
0.67181102 0.07301811 0.03530133
0.67309711 0.07300415 0.03533216
0.67436841 0.07294213 0.03535063
0.67565450 0.07277914 0.03534756
0.67692581 0.07252543 0.03533133
0.67821189 0.07222303 0.03531645
0.67949798 0.07189321 0.03530414
0.68076929 0.07153781 0.03529157
0.68205538 0.07115298 0.03527185
0.68332668 0.07076147 0.03524935
0.68461277 0.07042565 0.03524166
0.68589886 0.07020772 0.03526549
0.68717016 0.07008927 0.03530826
0.68845625 0.06999731 0.03534800
0.68972756 0.06989154 0.03537915
0.69101364 0.06976858 0.03540541
0.69228495 0.06962961 0.03542713
0.69357104 0.06947708 0.03544481
0.69484234 0.06931865 0.03545861
0.69612843 0.06917170 0.03547132
0.69741452 0.06905519 0.03548500
0.69868582 0.06898303 0.03550189
0.69997191 0.06894512 0.03551811
0.70124322 0.06889436 0.03552074
0.70252931 0.06880725 0.03551056
0.70380061 0.06869950 0.03550089
0.70508670 0.06859015 0.03550005
0.70635801 0.06847652 0.03550526
0.70764409 0.06834430 0.03551067
0.70893018 0.06818889 0.03551450
0.71020149 0.06800666 0.03551564
0.71148758 0.06780304 0.03551518
0.71275888 0.06758943 0.03551386
0.71404497 0.06739984 0.03551841
0.71531627 0.06728248 0.03553939
0.71660236 0.06724336 0.03557035
0.71787367 0.06723508 0.03559341
0.71915976 0.06721462 0.03560078
0.72043106 0.06717327 0.03559599
0.72171715 0.06711581 0.03558399
0.72298845 0.06705416 0.03557011
0.72427454 0.06699877 0.03555994
0.72554585 0.06695183 0.03555627
0.72683194 0.06689486 0.03555484
0.72810324 0.06679984 0.03554895
0.72938933 0.06665596 0.03553437
0.73066064 0.06648703 0.03552069
0.73194672 0.06632878 0.03551597
0.73321803 0.06620388 0.03552336
0.73450412 0.06611706 0.03553996
0.73577542 0.06605446 0.03555661
0.73706151 0.06600165 0.03556927
0.73833282 0.06595194 0.03557649
0.73961890 0.06590234 0.03557864
0.74089021 0.06585089 0.03557581
0.74217630 0.06579475 0.03556768
0.74344760 0.06573243 0.03555430
0.74473369 0.06566301 0.03553582
0.74600500 0.06558863 0.03551366
0.74729108 0.06551646 0.03549134
0.74856239 0.06545383 0.03547207
0.74984848 0.06540591 0.03545767
0.75111978 0.06537359 0.03544813
0.75240587 0.06535556 0.03544249
0.75367718 0.06534909 0.03543954
0.75496327 0.06535151 0.03543837
0.75623457 0.06536032 0.03543806
0.75752066 0.06537310 0.03543792
0.75879196 0.06538791 0.03543732
0.76007805 0.06540328 0.03543583
0.76134936 0.06541881 0.03543328
0.76263545 0.06543530 0.03542990
0.76390675 0.06545492 0.03542619
0.76517806 0.06548147 0.03542312
0.76646414 0.06552097 0.03542251
0.76773545 0.06557986 0.03542607
0.76902154 0.06566018 0.03543402
0.77029284 0.06574983 0.03544089
0.77157893 0.06582594 0.03543992
0.77285024 0.06587387 0.03542951
0.77413633 0.06589060 0.03541194
0.77540763 0.06587662 0.03538978
0.77669372 0.06583312 0.03536448
0.77796502 0.06576024 0.03533670
0.77923633 0.06566284 0.03530827
0.78052242 0.06554864 0.03528258
0.78179372 0.06542872 0.03526233
0.78307981 0.06531321 0.03524932
0.78435112 0.06521277 0.03524497
0.78563720 0.06513138 0.03524763
0.78690851 0.06506223 0.03525300
0.78817982 0.06500244 0.03525903
0.78946590 0.06495060 0.03526469
0.79073721 0.06490627 0.03526921
0.79202330 0.06486806 0.03527192
0.79329460 0.06483364 0.03527206
0.79458069 0.06479875 0.03526883
0.79585200 0.06475698 0.03526087
0.79712330 0.06470415 0.03524916
0.79840939 0.06463717 0.03523501
0.79968070 0.06455267 0.03521876
0.80096678 0.06445014 0.03520135
0.80223809 0.06433135 0.03518319
0.80350939 0.06420567 0.03516815
0.80479548 0.06408540 0.03516094
0.80606679 0.06398143 0.03516513
0.80735288 0.06389461 0.03517941
0.80862418 0.06381715 0.03519777
0.80989549 0.06374575 0.03521728
0.81118157 0.06368112 0.03523668
0.81245288 0.06362813 0.03525652
0.81373897 0.06359022 0.03527793
0.81501027 0.06355976 0.03529742
0.81628158 0.06352312 0.03531102
0.81756767 0.06347358 0.03531793
0.81883897 0.06340989 0.03531882
0.82012506 0.06332882 0.03531265
0.82139637 0.06322556 0.03529741
0.82266767 0.06309189 0.03526864
0.82395376 0.06293121 0.03522830
0.82522507 0.06277059 0.03519156
0.82651115 0.06263830 0.03517279
0.82778246 0.06253845 0.03517212
0.82905376 0.06246145 0.03518356
0.83033985 0.06239831 0.03520275
0.83161116 0.06234049 0.03522553
0.83288246 0.06228289 0.03525003
0.83416855 0.06222064 0.03527435
0.83543986 0.06214883 0.03529655
0.83672594 0.06206302 0.03531494
0.83799725 0.06196074 0.03532882
0.83926856 0.06184057 0.03533796
0.84055464 0.06170148 0.03534203
0.84182595 0.06154270 0.03534078
0.84309725 0.06136454 0.03533374
0.84438334 0.06117058 0.03532206
0.84565465 0.06096904 0.03530759
0.84692595 0.06077248 0.03529370
0.84821204 0.06059897 0.03528556
0.84948335 0.06046664 0.03528797
0.85076944 0.06038156 0.03530286
0.85204074 0.06032025 0.03532063
0.85331205 0.06025596 0.03533439
0.85459813 0.06017456 0.03534266
0.85586944 0.06007043 0.03534554
0.85714075 0.05994469 0.03534513
0.85842683 0.05979568 0.03534077
0.85969814 0.05962643 0.03533392
0.86096944 0.05944198 0.03532554
0.86225553 0.05925523 0.03531983
0.86352684 0.05908735 0.03532335
0.86479814 0.05896479 0.03534551
0.86608423 0.05890189 0.03539032
0.86735554 0.05888943 0.03545084
0.86862684 0.05890365 0.03551394
0.86991293 0.05892091 0.03556727
0.87118424 0.05892525 0.03560508
0.87245554 0.05890530 0.03562644
0.87374163 0.05885204 0.03563207
0.87501293 0.05875729 0.03562249
0.87628424 0.05861675 0.03559909
0.87757033 0.05842996 0.03556335
0.87884163 0.05820146 0.03551820
0.88011294 0.05794101 0.03546801
0.88138424 0.05766100 0.03541783
0.88267033 0.05737451 0.03537258
0.88394164 0.05709208 0.03533524
0.88521294 0.05682116 0.03530758
0.88649903 0.05656713 0.03529025
0.88777034 0.05634062 0.03528799
0.88904164 0.05614883 0.03530238
0.89032773 0.05598376 0.03532470
0.89159904 0.05583811 0.03534786
0.89287034 0.05571372 0.03537019
0.89415643 0.05561349 0.03539243
0.89542774 0.05553392 0.03541336
0.89669904 0.05546678 0.03543137
0.89797035 0.05540332 0.03544512
0.89925643 0.05533792 0.03545514
0.90052774 0.05526680 0.03546169
0.90179905 0.05518660 0.03546486
0.90308513 0.05509473 0.03546496
0.90435644 0.05498784 0.03546113
0.90562774 0.05486372 0.03545325
0.90691383 0.05472134 0.03544108
0.90818514 0.05456194 0.03542517
0.90945644 0.05438902 0.03540627
0.91072775 0.05421323 0.03538822
0.91201384 0.05404655 0.03537435
0.91328514 0.05389991 0.03536709
0.91455645 0.05378113 0.03536748
0.91582775 0.05369334 0.03537445
0.91711384 0.05364093 0.03538846
0.91838515 0.05362327 0.03540830
0.91965645 0.05363838 0.03543347
0.92094254 0.05367671 0.03546158
0.92221385 0.05372346 0.03548923
0.92348515 0.05375417 0.03550911
0.92475646 0.05374853 0.03551537
0.92604254 0.05370731 0.03551038
0.92731385 0.05364071 0.03549929
0.92858516 0.05356044 0.03548712
0.92985646 0.05347222 0.03547610
0.93114255 0.05337787 0.03546638
0.93241385 0.05327906 0.03545880
0.93368516 0.05318049 0.03545518
0.93495647 0.05309403 0.03546232
0.93624255 0.05302520 0.03547994
0.93751386 0.05297257 0.03550207
0.93878516 0.05295136 0.03553167
0.94005647 0.05297325 0.03557078
0.94134256 0.05301544 0.03560862
0.94261386 0.05304219 0.03563242
0.94388517 0.05304223 0.03564227
0.94515647 0.05301751 0.03564180
0.94644256 0.05296841 0.03563310
0.94771387 0.05289465 0.03561658
0.94898517 0.05279460 0.03559213
0.95025648 0.05266983 0.03556032
0.95154257 0.05252163 0.03552136
0.95281387 0.05234856 0.03547284
0.95408518 0.05215841 0.03541773
0.95535648 0.05197305 0.03536566
0.95664257 0.05182683 0.03533203
0.95791388 0.05174833 0.03532732
0.95918518 0.05173735 0.03534750
0.96045649 0.05176475 0.03537750
0.96174258 0.05179581 0.03540423
0.96301388 0.05181670 0.03542454
0.96428519 0.05182374 0.03543861
0.96555649 0.05181090 0.03544481
0.96682780 0.05177116 0.03543924
0.96811389 0.05170100 0.03542127
0.96938519 0.05160248 0.03539242
0.97065650 0.05148082 0.03535569
0.97192780 0.05134341 0.03531436
0.97321389 0.05119631 0.03527064
0.97448520 0.05104725 0.03522727
0.97575650 0.05090374 0.03518653
0.97702781 0.05077513 0.03515145
0.97829911 0.05067058 0.03512490
0.97958520 0.05059243 0.03510675
0.98085651 0.05053829 0.03509561
0.98212781 0.05049947 0.03508761
0.98339912 0.05046824 0.03508047
0.98468520 0.05043811 0.03507257
0.98595651 0.05040377 0.03506261
0.98722781 0.05036194 0.03505025
0.98849912 0.05030885 0.03503444
0.98977043 0.05024210 0.03501465
0.99105651 0.05016195 0.03499146
0.99232782 0.05007111 0.03496649
0.99359912 0.04997331 0.03494186
0.99487043 0.04986943 0.03491804
0.99614174 0.04975523 0.03489203
0.99742782 0.04962632 0.03486082
0.99869913 0.04948550 0.03482535
0.99997043 0.04933921 0.03478828
1.00124174 0.04919597 0.03475307
1.00251305 0.04906283 0.03472232
1.00378435 0.04894093 0.03469578
1.00507044 0.04882838 0.03467205
1.00634174 0.04872192 0.03464958
1.00761305 0.04861998 0.03462777
1.00888436 0.04852201 0.03460675
1.01015566 0.04842855 0.03458691
1.01144175 0.04833995 0.03456851
1.01271305 0.04825675 0.03455199
1.01398436 0.04817984 0.03453772
1.01525567 0.04811017 0.03452626
1.01652697 0.04804912 0.03451827
1.01779828 0.04799783 0.03451444
1.01908436 0.04795640 0.03451508
1.02035567 0.04791943 0.03451731
1.02162698 0.04787672 0.03451570
1.02289828 0.04781922 0.03450614
1.02416959 0.04774059 0.03448586
1.02545567 0.04764129 0.03445562
1.02672698 0.04753058 0.03442048
1.02799829 0.04741866 0.03438541
1.02926959 0.04731105 0.03435260
1.03054090 0.04721051 0.03432289
1.03181220 0.04711985 0.03429741
1.03309829 0.04704189 0.03427718
1.03436960 0.04698071 0.03426407
1.03564090 0.04693694 0.03425833
1.03691221 0.04690652 0.03425767
1.03818351 0.04688426 0.03425972
1.03945482 0.04686676 0.03426323
1.04072612 0.04685298 0.03426800
1.04201221 0.04684183 0.03427373
1.04328352 0.04683321 0.03428075
1.04455482 0.04682552 0.03428838
1.04582613 0.04681397 0.03429387
1.04709743 0.04679383 0.03429457
1.04836874 0.04676350 0.03428965
1.04965483 0.04672321 0.03427901
1.05092613 0.04667506 0.03426344
1.05219744 0.04662410 0.03424527
1.05346874 0.04657719 0.03422782
1.05474005 0.04654062 0.03421416
1.05601135 0.04652066 0.03420719
1.05728266 0.04652275 0.03420935
1.05856875 0.04655140 0.03422280
1.05984005 0.04660495 0.03424649
1.06111136 0.04667628 0.03427692
1.06238266 0.04675320 0.03430819
1.06365397 0.04682893 0.03433742
1.06492527 0.04690516 0.03436637
1.06619658 0.04697984 0.03439420
1.06746788 0.04704754 0.03441810
1.06875397 0.04710043 0.03443402
1.07002528 0.04713262 0.03443909
1.07129658 0.04714184 0.03443250
1.07256789 0.04712843 0.03441477
1.07383919 0.04709406 0.03438690
1.07511050 0.04704060 0.03434967
1.07638181 0.04697596 0.03430721
1.07766789 0.04691405 0.03426637
1.07893920 0.04687841 0.03423959
1.08021050 0.04688712 0.03423592
1.08148181 0.04692980 0.03424790
1.08275312 0.04698139 0.03426127
1.08402442 0.04702978 0.03427071
1.08529573 0.04707426 0.03427679
1.08656703 0.04711465 0.03427948
1.08783834 0.04715202 0.03427948
1.08912443 0.04718521 0.03427572
1.09039573 0.04721347 0.03426761
1.09166704 0.04723710 0.03425504
1.09293834 0.04725751 0.03423856
1.09420965 0.04727495 0.03421864
1.09548095 0.04728869 0.03419636
1.09675226 0.04729688 0.03417298
1.09802356 0.04729736 0.03414998
1.09930965 0.04728856 0.03412930
1.10058096 0.04727042 0.03411321
1.10185226 0.04724328 0.03410271
1.10312357 0.04720837 0.03409730
1.10439487 0.04716760 0.03409536
1.10566618 0.04712241 0.03409452
1.10693748 0.04707460 0.03409296
1.10820879 0.04702596 0.03408952
1.10948010 0.04697873 0.03408378
1.11075140 0.04693517 0.03407602
1.11203749 0.04689744 0.03406663
1.11330879 0.04686677 0.03405611
1.11458010 0.04684459 0.03404470
1.11585141 0.04683170 0.03403393
1.11712271 0.04682723 0.03402330
1.11839402 0.04682923 0.03401276
1.11966532 0.04683031 0.03400048
1.12093663 0.04681561 0.03397955
1.12220793 0.04676241 0.03393962
1.12347924 0.04665341 0.03387246
1.12475054 0.04650329 0.03378383
1.12603663 0.04635144 0.03368663
1.12730794 0.04623191 0.03358796
1.12857924 0.04616505 0.03348917
1.12985055 0.04616670 0.03338809
1.13112185 0.04625117 0.03328554
1.13239316 0.04642972 0.03318038
1.13366446 0.04671072 0.03307455
1.13493577 0.04709624 0.03297362
1.13620707 0.04756845 0.03289206
1.13747838 0.04803990 0.03288119
1.13874969 0.04845562 0.03295645
1.14002099 0.04876798 0.03302827
1.14130708 0.04895445 0.03305072
1.14257838 0.04906323 0.03305249
1.14384969 0.04907821 0.03303667
1.14512100 0.04895902 0.03300275
1.14639230 0.04867880 0.03295570
1.14766361 0.04829792 0.03289048
1.14893491 0.04795841 0.03279938
1.15020622 0.04772182 0.03270597
1.15147752 0.04746229 0.03262795
1.15274883 0.04704430 0.03256846
1.15402013 0.04654133 0.03250783
1.15529144 0.04641200 0.03250712
1.15656274 0.04627869 0.03250772
1.15783405 0.04614358 0.03251066
1.15912014 0.04600727 0.03251584
1.16039144 0.04587041 0.03252318
1.16166275 0.04573366 0.03253256
1.16293405 0.04559769 0.03254385
1.16420536 0.04546321 0.03255692
1.16547667 0.04533094 0.03257162
1.16674797 0.04520161 0.03258778
1.16801928 0.04507595 0.03260523
1.16929058 0.04495474 0.03262378
1.17056189 0.04483872 0.03264323
1.17183319 0.04472867 0.03266336
1.17310450 0.04462537 0.03268394
1.17437580 0.04452959 0.03270473
1.17564711 0.04444210 0.03272549
1.17691841 0.04436367 0.03274593
1.17818972 0.04429507 0.03276579
1.17946103 0.04423705 0.03278477
1.18074711 0.04419036 0.03280256
1.18201842 0.04415571 0.03281886
1.18328972 0.04413383 0.03283334
1.18456103 0.04412539 0.03284565
1.18583234 0.04413106 0.03285545
1.18710364 0.04415147 0.03286239
1.18837495 0.04418723 0.03286609
1.18964625 0.04423890 0.03286617
1.19091756 0.04430702 0.03286225
1.19218886 0.04439206 0.03285394
1.19346017 0.04449447 0.03284083
1.19473147 0.04461463 0.03282252
1.19600278 0.04475289 0.03279857
1.19727408 0.04490952 0.03276858
1.19854539 0.04508474 0.03273212
1.19981670 0.04527868 0.03268874
1.20108800 0.04549144 0.03263802
1.20235931 0.04572300 0.03257951
1.20363061 0.04597330 0.03251277
1.20490192 0.04624216 0.03243734
1.20617322 0.04652934 0.03235278
1.20744453 0.04683448 0.03225864
1.20873062 0.04715713 0.03215446
1.21000192 0.04749676 0.03203979
1.21127323 0.04785269 0.03191417
1.21254453 0.04822416 0.03177715
1.21381584 0.04861026 0.03162828
1.21508714 0.04900997 0.03146711
1.21635845 0.04942216 0.03129317
1.21762975 0.04984552 0.03110603
1.21890106 0.05027863 0.03090522
1.22017237 0.05071992 0.03069031
1.22144367 0.05116766 0.03046084
1.22271498 0.05161995 0.03021637
1.22398628 0.05207475 0.02995646
1.22525759 0.05252982 0.02968066
1.22652889 0.05298277 0.02938852
1.22780020 0.05343102 0.02907962
1.22907150 0.05387177 0.02875349
1.23034281 0.05430207 0.02840971
1.23161411 0.05471873 0.02804781
1.23288542 0.05511837 0.02766737
1.23415673 0.05549739 0.02726791
1.23542803 0.05585197 0.02684898
1.23669934 0.05617803 0.02641012
1.23797064 0.05647131 0.02595086
1.23924195 0.05672725 0.02547071
1.24051325 0.05694107 0.02496919
1.24178456 0.05710772 0.02444577
1.24305586 0.05722189 0.02389995
1.24432717 0.05727799 0.02333118
1.24559847 0.05727015 0.02273889
1.24686978 0.05719223 0.02212251
1.24814109 0.05703775 0.02148142
1.24941239 0.05679998 0.02081498
1.25068370 0.05647184 0.02012252
1.25195500 0.05604593 0.01940331
1.25322631 0.05551455 0.01865662
1.25449761 0.05486964 0.01788165
1.25576892 0.05410279 0.01707755
1.25704022 0.05320527 0.01624342
1.25831153 0.05216795 0.01537832
1.25958283 0.05098136 0.01448122
1.26085414 0.04963563 0.01355106
1.26212545 0.04812051 0.01258669
1.26339675 0.04642536 0.01158690
1.26466806 0.04453913 0.01055041
1.26593936 0.04245035 0.00947590
1.26721067 0.04014714 0.00836198
1.26848197 0.03761718 0.00720729
1.26975328 0.03484771 0.00601059
1.27102458 0.03182551 0.00477109
1.27229589 0.02853692 0.00348954
1.27356719 0.02496778 0.00217359
1.27483850 0.02110349 0.00089387
1.27610981 0.01692893 0.00091325
1.27738111 0.01242848 0.00230394
1.27865242 0.00758603 0.00384056
1.27992372 0.00238495 0.00545374
1.28119503 -0.00319194 0.00713680
-0.96316762 0.02926980 0.00362817
-0.96189631 0.02625833 0.00208331
-0.96062353 0.01977077 0.00126818
-0.95934927 0.01693220 0.00122840
-0.95807353 0.01725243 0.00249183
-0.95679779 0.02036403 0.00451973
-0.95551909 0.02396333 0.00530903
-0.95423744 0.03231793 0.00529991
-0.95295431 0.03182357 0.01696449
-0.95167118 0.09178647 0.04073581
-0.95038804 0.17928800 0.04683569
-0.94910048 0.18748933 0.04062155
-0.94781143 0.16005100 0.03726393
-0.94651943 0.14028367 0.03653080
-0.94522743 0.13256427 0.03625113
-0.94393247 0.12792537 0.03562807
-0.94263604 0.12587347 0.03497661
-0.94133960 0.12416787 0.03451924
-0.94004021 0.12196193 0.03403775
-0.93873934 0.11942927 0.03359935
-0.93743699 0.11711620 0.03325876
-0.93613316 0.11500200 0.03294735
-0.93482786 0.11310753 0.03266088
-0.93351959 0.11138693 0.03239494
-0.93221133 0.10982487 0.03214433
-0.93090011 0.10839637 0.03190737
-0.92958890 0.10708450 0.03168215
-0.92827472 0.10587113 0.03146643
-0.92695907 0.10474310 0.03125974
-0.92564341 0.10368800 0.03106159
-0.92432480 0.10269437 0.03087101
-0.92300472 0.10175173 0.03068751
-0.92168315 0.10085090 0.03051168
-0.92036010 0.09998147 0.03034278
-0.91903410 0.09913380 0.03018056
-0.91770810 0.09829797 0.03002249
-0.91638062 0.09748213 0.02986249
-0.91505167 0.09673823 0.02969855
-0.91371975 0.09611470 0.02953929
-0.91238784 0.09557467 0.02938549
-0.91105297 0.09505230 0.02922938
-0.90971810 0.09453583 0.02907372
-0.90838027 0.09403143 0.02892103
-0.90704096 0.09353903 0.02876998
-0.90570166 0.09305930 0.02862093
-0.90435940 0.09259097 0.02847343
-0.90301565 0.09213347 0.02832717
-0.90167044 0.09168603 0.02818203
-0.90032374 0.09124830 0.02803829
-0.89897556 0.09081917 0.02789535
-0.89762591 0.09039830 0.02775342
-0.89627478 0.08998500 0.02761236
-0.89492217 0.08957867 0.02747188
-0.89356808 0.08917890 0.02733228
-0.89221251 0.08878510 0.02719328
-0.89085547 0.08839670 0.02705459
-0.88949695 0.08801373 0.02691690
-0.88813547 0.08763537 0.02677940
-0.88677399 0.08726133 0.02664231
-0.88541103 0.08689107 0.02650532
-0.88404659 0.08652480 0.02636897
-0.88267920 0.08616197 0.02623296
-0.88131181 0.08580213 0.02609690
-0.87994294 0.08544543 0.02596144
-0.87857259 0.08509143 0.02582611
-0.87719928 0.08473963 0.02569068
-0.87582598 0.08439030 0.02555558
-0.87445120 0.08404297 0.02542047
-0.87307345 0.08369790 0.02528587
-0.87169571 0.08335430 0.02515095
-0.87031650 0.08301247 0.02501619
-0.86893580 0.08267193 0.02488127
-0.86755215 0.08233273 0.02474613
-0.86616849 0.08199500 0.02461135
-0.86478336 0.08165843 0.02447651
-0.86339675 0.08132300 0.02434160
-0.86200866 0.08098830 0.02420624
-0.86061762 0.08065460 0.02407089
-0.85922657 0.08032190 0.02393560
-0.85783405 0.07998983 0.02379993
-0.85644005 0.07965840 0.02366389
-0.85504457 0.07932760 0.02352746
-0.85364761 0.07899770 0.02339117
-0.85224918 0.07866840 0.02325450
-0.85084926 0.07833937 0.02311708
-0.84944787 0.07801130 0.02297972
-0.84804648 0.07768357 0.02284156
-0.84664213 0.07735657 0.02270300
-0.84523630 0.07703027 0.02256343
-0.84382899 0.07670553 0.02242367
-0.84242169 0.07638120 0.02228317
-0.84101143 0.07605570 0.02214229
-0.83960116 0.07572793 0.02200043
-0.83818795 0.07539830 0.02185805
-0.83677473 0.07506670 0.02171525
-0.83536003 0.07473253 0.02157183
-0.83394238 0.07439533 0.02142814
-0.83252472 0.07405370 0.02128454
-0.83110559 0.07370407 0.02114070
-0.82968498 0.07334300 0.02099748
-0.82826289 0.07296937 0.02085499
-0.82684081 0.07258380 0.02071289
-0.82541576 0.07218677 0.02057172
-0.82398924 0.07177770 0.02043179
-0.82256272 0.07135580 0.02029321
-0.82113324 0.07092080 0.02015624
-0.81970376 0.07047237 0.02002113
-0.81827280 0.07001083 0.01988801
-0.81684036 0.06953710 0.01975705
-0.81540645 0.06905257 0.01962828
-0.81397106 0.06855930 0.01950161
-0.81253418 0.06805970 0.01937701
-0.81109584 0.06755693 0.01925435
-0.80965749 0.06705447 0.01913332
-0.80821618 0.06655613 0.01901365
-0.80677488 0.06606573 0.01889502
-0.80533209 0.06558697 0.01877713
-0.80388783 0.06512307 0.01865959
-0.80244209 0.06467657 0.01854209
-0.80099487 0.06424940 0.01842443
-0.79954765 0.06384267 0.01830618
-0.79809748 0.06345670 0.01818717
-0.79664730 0.06309097 0.01806730
-0.79519565 0.06274453 0.01794638
-0.79374252 0.06241603 0.01782425
-0.79228791 0.06210357 0.01770092
-0.79083182 0.06180543 0.01757633
-0.78937573 0.06151927 0.01745037
-0.78791669 0.06124257 0.01732286
-0.78645764 0.06097443 0.01719344
-0.78499712 0.06071623 0.01706245
-0.78353512 0.06046563 0.01693022
-0.78207164 0.06021653 0.01679662
-0.78060816 0.05996433 0.01666191
-0.77914320 0.05970540 0.01652674
-0.77767528 0.05943513 0.01639187
-0.77620885 0.05914603 0.01625788
-0.77473946 0.05883217 0.01612456
-0.77326859 0.05849403 0.01599245
-0.77179771 0.05813400 0.01586206
-0.77032537 0.05775293 0.01573345
-0.76885154 0.05735157 0.01560689
-0.76737623 0.05693053 0.01548260
-0.76590093 0.05649057 0.01536083
-0.76442266 0.05603287 0.01524170
-0.76294440 0.05555900 0.01512548
-0.76146466 0.05507090 0.01501224
-0.75998492 0.05457127 0.01490185
-0.75850222 0.05406320 0.01479442
-0.75701953 0.05355027 0.01468973
-0.75553535 0.05303667 0.01458755
-0.75405118 0.05252687 0.01448755
-0.75256405 0.05202570 0.01438939
-0.75107691 0.05153760 0.01429244
-0.74958830 0.05106670 0.01419643
-0.74809822 0.05061650 0.01410084
-0.74660813 0.05018977 0.01400526
-0.74511656 0.04978850 0.01390939
-0.74362352 0.04941357 0.01381276
-0.74212899 0.04906527 0.01371517
-0.74063447 0.04874283 0.01361630
-0.73913847 0.04844503 0.01351600
-0.73764099 0.04816990 0.01341406
-0.73614351 0.04791513 0.01331045
-0.73464307 0.04767810 0.01320501
-0.73314412 0.04745587 0.01309787
-0.73164220 0.04724500 0.01298908
-0.73014029 0.04704177 0.01287908
-0.72863542 0.04684087 0.01276879
-0.72713202 0.04663577 0.01266016
-0.72562567 0.04641070 0.01255764
-0.72411933 0.04611947 0.01246434
-0.72261150 0.04572230 0.01237285
-0.72110367 0.04526600 0.01227985
-0.71959436 0.04483043 0.01219136
-0.71808358 0.04443290 0.01210520
-0.71657132 0.04406200 0.01201764
-0.71505906 0.04371127 0.01192982
-0.71354532 0.04337567 0.01184193
-0.71203158 0.04305260 0.01175400
-0.71051488 0.04273970 0.01166619
-0.70899966 0.04243523 0.01157861
-0.70748148 0.04213797 0.01149133
-0.70596331 0.04184670 0.01140438
-0.70444366 0.04156063 0.01131769
-0.70292400 0.04127907 0.01123140
-0.70140287 0.04100137 0.01114552
-0.69988026 0.04072693 0.01106000
-0.69835765 0.04045533 0.01097497
-0.69683356 0.04018613 0.01089038
-0.69530800 0.03991910 0.01080619
-0.69378243 0.03965397 0.01072245
-0.69225538 0.03939053 0.01063913
-0.69072834 0.03912860 0.01055624
-0.68919982 0.03886793 0.01047375
-0.68766982 0.03860840 0.01039172
-0.68613981 0.03834973 0.01031013
-0.68460833 0.03809190 0.01022900
-0.68307685 0.03783470 0.01014831
-0.68154390 0.03757793 0.01006810
-0.68001094 0.03732157 0.00998843
-0.67847650 0.03706547 0.00990921
-0.67694059 0.03680950 0.00983055
-0.67540467 0.03655350 0.00975246
-0.67386728 0.03629740 0.00967495
-0.67232841 0.03604103 0.00959798
-0.67078954 0.03578437 0.00952175
-0.66925067 0.03552717 0.00944614
-0.66771032 0.03526937 0.00937131
-0.66616849 0.03501090 0.00929725
-0.66462666 0.03475150 0.00922402
-0.66308484 0.03449117 0.00915165
-0.66154005 0.03422970 0.00908027
-0.65999675 0.03396703 0.00900988
-0.65845049 0.03370300 0.00894064
-0.65690570 0.03343757 0.00887247
-0.65535796 0.03317073 0.00880560
-0.65381022 0.03290260 0.00873995
-0.65226248 0.03263333 0.00867562
-0.65071326 0.03236343 0.00861238
-0.64916404 0.03209390 0.00855003
-0.64761335 0.03182657 0.00848796
-0.64606265 0.03156543 0.00842459
-0.64451047 0.03132537 0.00835818
-0.64295830 0.03112733 0.00829070
-0.64140464 0.03096573 0.00822473
-0.63985099 0.03080887 0.00815808
-0.63829586 0.03064087 0.00809075
-0.63674073 0.03046133 0.00802455
-0.63518412 0.03027080 0.00795903
-0.63362751 0.03007280 0.00789443
-0.63207090 0.02986963 0.00783082
-0.63051133 0.02966233 0.00776792
-0.62895324 0.02945190 0.00770583
-0.62739368 0.02923890 0.00764447
-0.62583411 0.02902403 0.00758387
-0.62427306 0.02880767 0.00752397
-0.62271202 0.02859030 0.00746475
-0.62114950 0.02837227 0.00740627
-0.61958697 0.02815397 0.00734844
-0.61802445 0.02793573 0.00729134
-0.61646045 0.02771777 0.00723491
-0.61489497 0.02750037 0.00717913
-0.61333097 0.02728380 0.00712407
-0.61176401 0.02706827 0.00706964
-0.61019853 0.02685397 0.00701586
-0.60863157 0.02664120 0.00696273
-0.60706461 0.02642997 0.00691022
-0.60549618 0.02622060 0.00685832
-0.60392774 0.02601323 0.00680708
-0.60235783 0.02580797 0.00675641
-0.60078939 0.02560497 0.00670635
-0.59921800 0.02540447 0.00665679
-0.59764808 0.02520640 0.00660785
-0.59607669 0.02501100 0.00655941
-0.59450530 0.02481833 0.00651150
-0.59293243 0.02462847 0.00646409
-0.59135956 0.02444157 0.00641717
-0.58978669 0.02425773 0.00637072
-0.58821234 0.02407703 0.00632461
-0.58663799 0.02389957 0.00627885
-0.58506364 0.02372533 0.00623348
-0.58348781 0.02355447 0.00618844
-0.58191198 0.02338693 0.00614368
-0.58033616 0.02322270 0.00609914
-0.57875885 0.02306193 0.00605485
-0.57718302 0.02290453 0.00601075
-0.57560424 0.02275053 0.00596673
-0.57402693 0.02259993 0.00592290
-0.57244815 0.02245267 0.00587913
-0.57086937 0.02230873 0.00583534
-0.56929058 0.02216810 0.00579163
-0.56771032 0.02203063 0.00574780
-0.56613006 0.02189630 0.00570396
-0.56454980 0.02176500 0.00565992
-0.56296805 0.02163657 0.00561582
-0.56138779 0.02151080 0.00557149
-0.55980605 0.02138743 0.00552702
-0.55822283 0.02126617 0.00548238
-0.55664109 0.02114643 0.00543774
-0.55505787 0.02102750 0.00539318
-0.55347466 0.02090820 0.00534903
-0.55189144 0.02078650 0.00530584
-0.55030822 0.02065950 0.00526495
-0.54872352 0.02051750 0.00522815
-0.54713882 0.02033830 0.00519458
-0.54555413 0.02011593 0.00515970
-0.54396943 0.01988500 0.00512458
-0.54238325 0.01967447 0.00509194
-0.54079708 0.01948390 0.00505956
-0.53921090 0.01930827 0.00502678
-0.53762473 0.01914393 0.00499390
-0.53603855 0.01898880 0.00496083
-0.53445090 0.01884117 0.00492780
-0.53286472 0.01869987 0.00489474
-0.53127707 0.01856380 0.00486177
-0.52968942 0.01843227 0.00482884
-0.52810029 0.01830453 0.00479607
-0.52651263 0.01818003 0.00476344
-0.52492498 0.01805837 0.00473094
-0.52333585 0.01793910 0.00469867
-0.52174671 0.01782190 0.00466658
-0.52015758 0.01770643 0.00463463
-0.51856845 0.01759253 0.00460295
-0.51697932 0.01747987 0.00457147
-0.51538871 0.01736823 0.00454019
-0.51379958 0.01725750 0.00450915
-0.51220897 0.01714747 0.00447837
-0.51061836 0.01703797 0.00444785
-0.50902775 0.01692893 0.00441760
-0.50743714 0.01682017 0.00438759
-0.50584653 0.01671150 0.00435790
-0.50425592 0.01660293 0.00432853
-0.50266383 0.01649423 0.00429948
-0.50107322 0.01638540 0.00427076
-0.49948261 0.01627627 0.00424241
-0.49789052 0.01616673 0.00421444
-0.49629843 0.01605673 0.00418690
-0.49470782 0.01594607 0.00415976
-0.49311573 0.01583473 0.00413310
-0.49152364 0.01572260 0.00410695
-0.48993156 0.01560953 0.00408132
-0.48833947 0.01549553 0.00405630
-0.48674738 0.01538057 0.00403181
-0.48515529 0.01526450 0.00400796
-0.48356320 0.01514727 0.00398473
-0.48196964 0.01502893 0.00396217
-0.48037755 0.01490947 0.00394032
-0.47878546 0.01478897 0.00391915
-0.47719337 0.01466763 0.00389858
-0.47559980 0.01454570 0.00387856
-0.47400772 0.01442383 0.00385894
-0.47241563 0.01430297 0.00383935
-0.47082206 0.01418463 0.00381930
-0.46922997 0.01407240 0.00379776
-0.46763788 0.01397667 0.00377433
-0.46604432 0.01390833 0.00375124
-0.46445223 0.01386063 0.00372951
-0.46286014 0.01381470 0.00370754
-0.46126658 0.01376107 0.00368482
-0.45967449 0.01370090 0.00366219
-0.45808240 0.01363667 0.00364007
-0.45649031 0.01356930 0.00361824
-0.45489822 0.01349956 0.00359683
-0.45330613 0.01342788 0.00357573
-0.45171257 0.01335467 0.00355493
-0.45012048 0.01328025 0.00353449
-0.44852839 0.01320486 0.00351427
-0.44693778 0.01312876 0.00349440
-0.44534569 0.01305202 0.00347478
-0.44375360 0.01297489 0.00345537
-0.44216151 0.01289749 0.00343630
-0.44057090 0.01281988 0.00341744
-0.43897882 0.01274223 0.00339884
-0.43738821 0.01266456 0.00338053
-0.43579612 0.01258694 0.00336239
-0.43420551 0.01250948 0.00334455
-0.43261490 0.01243226 0.00332696
-0.43102429 0.01235534 0.00330959
-0.42943368 0.01227870 0.00329244
-0.42784307 0.01220250 0.00327555
-0.42625394 0.01212674 0.00325885
-0.42466333 0.01205142 0.00324239
-0.42307419 0.01197665 0.00322618
-0.42148358 0.01190240 0.00321016
-0.41989445 0.01182871 0.00319431
-0.41830532 0.01175561 0.00317874
-0.41671619 0.01168320 0.00316339
-0.41512853 0.01161143 0.00314823
-0.41353940 0.01154026 0.00313326
-0.41195175 0.01146984 0.00311854
-0.41036262 0.01140012 0.00310396
-0.40877496 0.01133112 0.00308963
-0.40718731 0.01126285 0.00307548
-0.40560114 0.01119537 0.00306156
-0.40401348 0.01112863 0.00304780
-0.40242731 0.01106268 0.00303426
-0.40084113 0.01099749 0.00302087
-0.39925496 0.01093312 0.00300769
-0.39766878 0.01086955 0.00299469
-0.39608261 0.01080676 0.00298185
-0.39449791 0.01074483 0.00296923
-0.39291321 0.01068369 0.00295676
-0.39132851 0.01062339 0.00294445
-0.38974382 0.01056396 0.00293237
-0.38816060 0.01050536 0.00292040
-0.38657738 0.01044762 0.00290860
-0.38499416 0.01039075 0.00289694
-0.38341094 0.01033477 0.00288541
-0.38182920 0.01027975 0.00287405
-0.38024598 0.01022564 0.00286275
-0.37866424 0.01017260 0.00285159
-0.37708398 0.01012062 0.00284046
-0.37550224 0.01006985 0.00282931
-0.37392198 0.01002052 0.00281813
-0.37234172 0.00997316 0.00280677
-0.37076145 0.00992918 0.00279546
-0.36918267 0.00988869 0.00278455
-0.36760388 0.00984916 0.00277387
-0.36602510 0.00980857 0.00276310
-0.36444780 0.00976699 0.00275244
-0.36286901 0.00972472 0.00274192
-0.36129171 0.00968194 0.00273147
-0.35971588 0.00963884 0.00272119
-0.35814005 0.00959556 0.00271104
-0.35656422 0.00955213 0.00270093
-0.35498840 0.00950866 0.00269093
-0.35341405 0.00946523 0.00268105
-0.35183970 0.00942193 0.00267131
-0.35026535 0.00937877 0.00266167
-0.34869248 0.00933583 0.00265219
-0.34711961 0.00929316 0.00264287
-0.34554674 0.00925075 0.00263367
-0.34397534 0.00920861 0.00262456
-0.34240395 0.00916685 0.00261562
-0.34083256 0.00912542 0.00260681
-0.33926264 0.00908436 0.00259811
-0.33769273 0.00904368 0.00258950
-0.33612429 0.00900344 0.00258109
-0.33455586 0.00896361 0.00257276
-0.33298742 0.00892423 0.00256454
-0.33142046 0.00888534 0.00255648
-0.32985350 0.00884693 0.00254851
-0.32828655 0.00880905 0.00254068
-0.32672107 0.00877171 0.00253298
-0.32515559 0.00873493 0.00252537
-0.32359159 0.00869875 0.00251786
-0.32202758 0.00866321 0.00251046
-0.32046358 0.00862838 0.00250314
-0.31890106 0.00859429 0.00249587
-0.31734002 0.00856106 0.00248864
-0.31577749 0.00852880 0.00248143
-0.31421793 0.00849770 0.00247420
-0.31265688 0.00846794 0.00246686
-0.31109731 0.00843984 0.00245929
-0.30953923 0.00841388 0.00245134
-0.30798114 0.00839082 0.00244284
-0.30642305 0.00837173 0.00243325
-0.30486644 0.00836022 0.00242252
-0.30330983 0.00836173 0.00241186
-0.30175470 0.00837429 0.00240236
-0.30019957 0.00838725 0.00239273
-0.29864591 0.00839514 0.00238236
-0.29709226 0.00839859 0.00237202
-0.29554008 0.00839812 0.00236170
-0.29398791 0.00839433 0.00235146
-0.29243721 0.00838770 0.00234126
-0.29088651 0.00837885 0.00233116
-0.28933730 0.00836808 0.00232114
-0.28778808 0.00835565 0.00231119
-0.28623886 0.00834178 0.00230126
-0.28469112 0.00832668 0.00229138
-0.28314485 0.00831049 0.00228149
-0.28159859 0.00829342 0.00227168
-0.28005381 0.00827553 0.00226182
-0.27850902 0.00825701 0.00225198
-0.27696572 0.00823797 0.00224218
-0.27542241 0.00821845 0.00223230
-0.27388059 0.00819861 0.00222244
-0.27234024 0.00817847 0.00221252
-0.27079989 0.00815815 0.00220259
-0.26925954 0.00813766 0.00219258
-0.26772067 0.00811709 0.00218257
-0.26618327 0.00809647 0.00217247
-0.26464588 0.00807588 0.00216234
-0.26310997 0.00805528 0.00215210
-0.26157405 0.00803475 0.00214181
-0.26003962 0.00801430 0.00213148
-0.25850518 0.00799388 0.00212106
-0.25697222 0.00797349 0.00211056
-0.25544074 0.00795307 0.00210002
-0.25390926 0.00793254 0.00208942
-0.25237926 0.00791181 0.00207884
-0.25084926 0.00789068 0.00206826
-0.24932074 0.00786893 0.00205778
-0.24779369 0.00784625 0.00204753
-0.24626665 0.00782216 0.00203759
-0.24474108 0.00779596 0.00202824
-0.24321552 0.00776671 0.00201977
-0.24169143 0.00773276 0.00201273
-0.24016882 0.00769196 0.00200798
-0.23864621 0.00763869 0.00200659
-0.23712508 0.00755690 0.00200622
-0.23560542 0.00744156 0.00200130
-0.23408577 0.00732347 0.00199367
-0.23256759 0.00723187 0.00198800
-0.23104942 0.00716653 0.00198314
-0.22953272 0.00711914 0.00197772
-0.22801750 0.00708418 0.00197179
-0.22650376 0.00705832 0.00196536
-0.22499002 0.00703918 0.00195849
-0.22347628 0.00702504 0.00195129
-0.22196550 0.00701467 0.00194379
-0.22045471 0.00700711 0.00193605
-0.21894541 0.00700166 0.00192810
-0.21743610 0.00699777 0.00191998
-0.21592827 0.00699502 0.00191170
-0.21442193 0.00699306 0.00190329
-0.21291705 0.00699164 0.00189475
-0.21141218 0.00699054 0.00188611
-0.20990879 0.00698958 0.00187737
-0.20840540 0.00698863 0.00186854
-0.20690496 0.00698757 0.00185964
-0.20540453 0.00698629 0.00185068
-0.20390557 0.00698468 0.00184167
-0.20240661 0.00698265 0.00183262
-0.20090913 0.00698008 0.00182356
-0.19941313 0.00697686 0.00181451
-0.19791861 0.00697284 0.00180550
-0.19642408 0.00696781 0.00179660
-0.19493104 0.00696151 0.00178789
-0.19343947 0.00695351 0.00177950
-0.19194791 0.00694278 0.00177148
-0.19045930 0.00692775 0.00176364
-0.18897069 0.00690803 0.00175563
-0.18748355 0.00688557 0.00174747
-0.18599642 0.00686320 0.00173936
-0.18451077 0.00684239 0.00173142
-0.18302659 0.00682292 0.00172356
-0.18154390 0.00680429 0.00171567
-0.18006268 0.00678638 0.00170777
-0.17858146 0.00676913 0.00169985
-0.17710172 0.00675251 0.00169190
-0.17562346 0.00673648 0.00168394
-0.17414667 0.00672102 0.00167596
-0.17266989 0.00670612 0.00166795
-0.17119606 0.00669176 0.00165992
-0.16972223 0.00667795 0.00165187
-0.16824841 0.00666467 0.00164378
-0.16677754 0.00665192 0.00163565
-0.16530667 0.00663970 0.00162749
-0.16383875 0.00662800 0.00161929
-0.16237084 0.00661682 0.00161105
-0.16090440 0.00660616 0.00160277
-0.15943796 0.00659602 0.00159444
-0.15797449 0.00658638 0.00158606
-0.15651101 0.00657723 0.00157764
-0.15504900 0.00656858 0.00156915
-0.15358848 0.00656042 0.00156061
-0.15212944 0.00655272 0.00155201
-0.15067039 0.00654549 0.00154336
-0.14921430 0.00653871 0.00153463
-0.14775822 0.00653236 0.00152585
-0.14630375 0.00652643 0.00151698
-0.14485062 0.00652091 0.00150805
-0.14339867 0.00651577 0.00149905
-0.14194791 0.00651100 0.00148996
-0.14049847 0.00650658 0.00148080
-0.13905022 0.00650250 0.00147155
-0.13760344 0.00649872 0.00146222
-0.13615770 0.00649522 0.00145280
-0.13471344 0.00649199 0.00144329
-0.13327021 0.00648900 0.00143369
-0.13182846 0.00648622 0.00142400
-0.13038804 0.00648363 0.00141422
-0.12894881 0.00648119 0.00140434
-0.12751090 0.00647888 0.00139436
-0.12607433 0.00647666 0.00138429
-0.12463893 0.00647448 0.00137411
-0.12320502 0.00647229 0.00136385
-0.12177229 0.00647003 0.00135351
-0.12034104 0.00646760 0.00134310
-0.11891096 0.00646492 0.00133266
-0.11748222 0.00646180 0.00132222
-0.11605496 0.00645804 0.00131185
-0.11462888 0.00645322 0.00130169
-0.11320413 0.00644681 0.00129193
-0.11178086 0.00643724 0.00128281
-0.11035892 0.00642034 0.00127381
-0.10893816 0.00639500 0.00126388
-0.10751888 0.00636930 0.00125340
-0.10610108 0.00635047 0.00124335
-0.10468446 0.00633739 0.00123346
-0.10326932 0.00632714 0.00122339
-0.10185551 0.00631828 0.00121320
-0.10044304 0.00631008 0.00120290
-0.09903203 0.00630212 0.00119253
-0.09762236 0.00629415 0.00118210
-0.09621417 0.00628598 0.00117163
-0.09480731 0.00627753 0.00116111
-0.09340178 0.00626871 0.00115056
-0.09199772 0.00625947 0.00113999
-0.09059500 0.00624976 0.00112941
-0.08919376 0.00623952 0.00111884
-0.08779384 0.00622871 0.00110828
-0.08639541 0.00621729 0.00109776
-0.08499845 0.00620518 0.00108727
-0.08360282 0.00619233 0.00107683
-0.08220867 0.00617865 0.00106647
-0.08081600 0.00616407 0.00105624
-0.07942466 0.00614847 0.00104621
-0.07803480 0.00613172 0.00103640
-0.07664641 0.00611357 0.00102688
-0.07525951 0.00609376 0.00101774
-0.07387393 0.00607188 0.00100911
-0.07248984 0.00604745 0.00100113
-0.07110722 0.00601968 0.00099401
-0.06972608 0.00598761 0.00098806
-0.06834642 0.00594909 0.00098343
-0.06696823 0.00589661 0.00097859
-0.06559138 0.00583225 0.00097062
-0.06421615 0.00578618 0.00096073
-0.06284240 0.00578186 0.00095243
-0.06146998 0.00580672 0.00094471
-0.06009919 0.00584269 0.00093587
-0.05872988 0.00588402 0.00092617
-0.05736204 0.00592974 0.00091550
-0.05599568 0.00598145 0.00090371
-0.05463080 0.00604174 0.00089024
-0.05326740 0.00611595 0.00087426
-0.05190548 0.00621076 0.00085439
-0.05054518 0.00633959 0.00082867
-0.04918636 0.00652016 0.00079514
-0.04782902 0.00679187 0.00075495
-0.04647316 0.00719235 0.00071892
-0.04511893 0.00756880 0.00069406
-0.04376617 0.00765649 0.00066520
-0.04241504 0.00751056 0.00063067
-0.04106524 0.00735476 0.00060355
-0.03971706 0.00724545 0.00058069
-0.03837051 0.00716858 0.00055736
-0.03702529 0.00711387 0.00053297
-0.03568185 0.00708025 0.00050665
-0.03433973 0.00706973 0.00047767
-0.03299939 0.00709175 0.00044460
-0.03166038 0.00716320 0.00040634
-0.03032315 0.00732971 0.00036216
-0.02898739 0.00765865 0.00031666
-0.02765326 0.00797712 0.00027265
-0.02632105 0.00784034 0.00022480
-0.02499002 0.00718370 0.00017856
-0.02366047 0.00635006 0.00015054
-0.02233255 0.00551545 0.00013470
-0.02100625 0.00469650 0.00012425
-0.01968143 0.00390899 0.00011231
-0.01835824 0.00315542 0.00010285
-0.01703653 0.00244314 0.00008930
-0.01571644 0.00176105 0.00007902
-0.01439801 0.00111140 0.00006752
-0.01308110 0.00046351 0.00004114
-0.01176578 0.00026473 0.00005753
-0.01045207 0.00070740 0.00009561
-0.00913993 0.00130957 0.00012082
-0.00782941 0.00190104 0.00012437
-0.00652048 0.00255904 0.00013003
-0.00521317 0.00321812 0.00013594
-0.00390746 0.00410952 0.00013262
-0.00260335 0.00499440 0.00015374
-0.00130087 0.00715346 0.00011784
-0.00000000 0.00825567 0.00024768
