# s/c   cf_mean    cf_std
0.00000000 0.00219741 0.00032110
0.00130087 0.00358678 0.00030905
0.00260174 0.00487783 0.00030899
0.00390261 0.00607615 0.00031979
0.00520348 0.00718715 0.00034007
0.00650435 0.00821602 0.00036846
0.00780522 0.00916779 0.00040379
0.00910609 0.01004728 0.00044513
0.01040697 0.01085916 0.00049175
0.01170784 0.01160789 0.00054310
0.01300871 0.01229778 0.00059871
0.01430958 0.01293298 0.00065820
0.01561045 0.01351745 0.00072122
0.01691132 0.01405500 0.00078746
0.01821219 0.01454930 0.00085660
0.01951306 0.01500384 0.00092838
0.02081393 0.01542197 0.00100252
0.02211480 0.01580691 0.00107878
0.02341567 0.01616172 0.00115692
0.02470176 0.01648932 0.00123670
0.02600263 0.01679250 0.00131793
0.02730350 0.01707392 0.00140040
0.02860437 0.01733611 0.00148393
0.02990524 0.01758148 0.00156836
0.03120611 0.01781231 0.00165354
0.03250698 0.01803076 0.00173933
0.03380786 0.01823889 0.00182560
0.03510873 0.01843862 0.00191224
0.03640960 0.01863179 0.00199916
0.03771047 0.01882012 0.00208627
0.03901134 0.01900523 0.00217349
0.04029743 0.01918864 0.00226077
0.04159830 0.01937178 0.00234806
0.04289917 0.01955597 0.00243532
0.04420004 0.01974245 0.00252251
0.04550091 0.01993238 0.00260963
0.04680178 0.02012683 0.00269666
0.04810265 0.02032677 0.00278360
0.04940352 0.02053312 0.00287046
0.05068961 0.02074670 0.00295725
0.05199048 0.02096827 0.00304401
0.05329135 0.02119851 0.00313075
0.05459222 0.02143804 0.00321752
0.05589309 0.02168742 0.00330436
0.05719396 0.02194712 0.00339132
0.05849483 0.02221758 0.00347845
0.05978092 0.02249915 0.00356580
0.06108179 0.02279216 0.00365345
0.06238266 0.02309687 0.00374145
0.06368353 0.02341347 0.00382987
0.06498440 0.02374213 0.00391880
0.06628528 0.02408296 0.00400829
0.06757136 0.02443602 0.00409844
0.06887223 0.02480135 0.00418931
0.07017310 0.02517893 0.00428100
0.07147398 0.02556871 0.00437357
0.07277485 0.02597059 0.00446712
0.07407572 0.02638447 0.00456172
0.07536180 0.02681017 0.00465747
0.07666268 0.02724754 0.00475444
0.07796355 0.02769634 0.00485272
0.07926442 0.02815635 0.00495238
0.08056529 0.02862730 0.00505352
0.08185138 0.02910892 0.00515621
0.08315225 0.02960090 0.00526053
0.08445312 0.03010292 0.00536656
0.08575399 0.03061464 0.00547437
0.08704008 0.03113570 0.00558405
0.08834095 0.03166575 0.00569565
0.08964182 0.03220440 0.00580926
0.09094269 0.03275125 0.00592493
0.09224356 0.03330592 0.00604274
0.09352965 0.03386800 0.00616274
0.09483052 0.03443706 0.00628499
0.09613139 0.03501270 0.00640955
0.09743226 0.03559449 0.00653646
0.09871835 0.03618202 0.00666578
0.10001922 0.03677485 0.00679755
0.10132009 0.03737256 0.00693181
0.10260618 0.03797474 0.00706860
0.10390705 0.03858095 0.00720794
0.10520792 0.03919080 0.00734988
0.10650879 0.03980385 0.00749443
0.10779488 0.04041972 0.00764161
0.10909575 0.04103801 0.00779144
0.11039662 0.04165831 0.00794393
0.11169749 0.04228026 0.00809908
0.11298358 0.04290349 0.00825690
0.11428445 0.04352762 0.00841739
0.11558532 0.04415232 0.00858054
0.11687141 0.04477724 0.00874633
0.11817228 0.04540206 0.00891475
0.11947315 0.04602648 0.00908578
0.12075924 0.04665019 0.00925938
0.12206011 0.04727291 0.00943554
0.12336098 0.04789437 0.00961422
0.12466185 0.04851433 0.00979536
0.12594794 0.04913256 0.00997894
0.12724881 0.04974882 0.01016489
0.12854968 0.05036294 0.01035317
0.12983577 0.05097299 0.01054336
0.13113664 0.05164486 0.01074483
0.13243751 0.05227946 0.01095507
0.13372359 0.05291627 0.01116785
0.13502447 0.05355586 0.01137996
0.13632534 0.05417820 0.01159323
0.13761142 0.05478317 0.01180763
0.13891229 0.05540018 0.01201828
0.14019838 0.05609784 0.01222239
0.14149925 0.05694759 0.01242535
0.14280012 0.05786180 0.01262421
0.14408621 0.05864920 0.01281938
0.14538708 0.05920243 0.01302513
0.14668795 0.05957778 0.01325356
0.14797404 0.05988745 0.01349588
0.14927491 0.06022884 0.01373748
0.15056100 0.06068339 0.01397444
0.15186187 0.06121210 0.01420347
0.15316274 0.06167453 0.01441973
0.15444883 0.06204318 0.01463397
0.15574970 0.06245757 0.01485620
0.15703579 0.06294569 0.01507589
0.15833666 0.06341161 0.01529133
0.15963753 0.06374427 0.01549953
0.16092362 0.06409231 0.01570124
0.16222449 0.06474427 0.01590217
0.16351058 0.06571266 0.01608698
0.16481145 0.06670498 0.01624263
0.16611232 0.06746965 0.01639704
0.16739841 0.06802359 0.01657075
0.16869928 0.06844886 0.01676752
0.16998537 0.06880869 0.01698214
0.17128624 0.06914171 0.01720164
0.17257232 0.06946834 0.01742182
0.17387319 0.06980354 0.01763848
0.17517407 0.07016122 0.01785066
0.17646015 0.07055231 0.01805750
0.17776102 0.07097764 0.01825833
0.17904711 0.07143497 0.01845378
0.18034798 0.07192001 0.01864403
0.18163407 0.07244517 0.01882853
0.18293494 0.07302933 0.01900657
0.18422103 0.07370362 0.01918032
0.18552190 0.07446053 0.01935583
0.18680799 0.07519139 0.01952885
0.18810886 0.07576042 0.01969223
0.18939495 0.07614303 0.01985877
0.19069582 0.07656635 0.02003302
0.19199669 0.07729381 0.02021659
0.19328278 0.07835230 0.02039302
0.19458365 0.07946396 0.02054171
0.19586974 0.08040434 0.02067952
0.19717061 0.08120747 0.02082196
0.19845669 0.08198254 0.02098508
0.19975757 0.08278469 0.02116622
0.20104365 0.08356686 0.02135037
0.20234452 0.08424666 0.02153595
0.20363061 0.08474414 0.02171634
0.20493148 0.08520973 0.02190813
0.20621757 0.08593350 0.02210874
0.20750366 0.08699135 0.02230056
0.20880453 0.08818094 0.02248319
0.21009062 0.08925735 0.02265011
0.21139149 0.09014575 0.02280790
0.21267758 0.09094905 0.02298070
0.21397845 0.09179975 0.02317185
0.21526454 0.09274162 0.02336641
0.21656541 0.09375240 0.02356017
0.21785149 0.09479211 0.02375070
0.21915236 0.09582586 0.02394087
0.22043845 0.09682432 0.02413244
0.22173932 0.09776312 0.02432548
0.22302541 0.09863140 0.02451777
0.22432628 0.09948911 0.02471301
0.22561237 0.10041068 0.02491184
0.22689846 0.10143411 0.02511444
0.22819933 0.10251081 0.02531715
0.22948542 0.10353789 0.02551450
0.23078629 0.10447333 0.02570724
0.23207238 0.10532532 0.02590018
0.23337325 0.10611211 0.02609764
0.23465933 0.10682033 0.02629983
0.23594542 0.10742414 0.02650773
0.23724629 0.10793127 0.02672109
0.23853238 0.10839588 0.02694013
0.23983325 0.10888944 0.02716259
0.24111934 0.10944877 0.02738265
0.24240543 0.11006764 0.02759896
0.24370630 0.11069422 0.02781298
0.24499239 0.11126091 0.02802563
0.24629326 0.11173460 0.02823957
0.24757935 0.11212044 0.02845159
0.24886543 0.11243417 0.02865950
0.25016630 0.11270754 0.02886561
0.25145239 0.11298009 0.02907438
0.25275326 0.11324628 0.02928546
0.25403935 0.11349295 0.02949872
0.25532544 0.11372109 0.02971416
0.25662631 0.11391911 0.02992663
0.25791240 0.11406591 0.03013503
0.25919849 0.11413196 0.03033051
0.26049936 0.11411180 0.03051426
0.26178545 0.11406042 0.03070021
0.26307153 0.11400188 0.03088537
0.26437240 0.11396236 0.03106815
0.26565849 0.11401402 0.03125955
0.26695936 0.11419643 0.03145729
0.26824545 0.11447691 0.03164964
0.26953154 0.11472344 0.03182661
0.27083241 0.11478629 0.03197860
0.27211850 0.11459899 0.03212032
0.27340459 0.11422491 0.03226796
0.27470546 0.11386341 0.03243339
0.27599154 0.11365030 0.03262262
0.27727763 0.11356136 0.03281534
0.27857850 0.11350317 0.03299737
0.27986459 0.11339560 0.03315914
0.28115068 0.11321537 0.03328809
0.28243677 0.11294460 0.03341024
0.28373764 0.11257418 0.03355193
0.28502373 0.11208258 0.03370176
0.28630981 0.11156070 0.03386135
0.28761068 0.11118849 0.03404279
0.28889677 0.11096042 0.03421552
0.29018286 0.11064429 0.03434451
0.29148373 0.11006935 0.03445535
0.29276982 0.10929790 0.03456864
0.29405591 0.10848219 0.03469016
0.29534200 0.10776713 0.03482542
0.29664287 0.10720540 0.03496524
0.29792895 0.10673114 0.03509905
0.29921504 0.10622673 0.03522025
0.30051591 0.10558498 0.03532374
0.30180200 0.10477682 0.03541539
0.30308809 0.10386230 0.03550703
0.30437418 0.10295748 0.03560213
0.30567505 0.10217279 0.03570132
0.30696114 0.10156047 0.03579518
0.30824722 0.10108705 0.03587525
0.30953331 0.10066757 0.03594549
0.31083418 0.10018532 0.03600959
0.31212027 0.09954173 0.03606681
0.31340636 0.09875269 0.03611354
0.31469245 0.09792194 0.03615724
0.31599332 0.09710597 0.03620262
0.31727941 0.09625828 0.03624470
0.31856549 0.09538192 0.03629190
0.31985158 0.09456058 0.03634364
0.32115245 0.09388310 0.03639705
0.32243854 0.09338569 0.03644701
0.32372463 0.09306771 0.03649453
0.32501072 0.09287868 0.03654066
0.32629681 0.09272611 0.03657521
0.32759768 0.09252747 0.03659235
0.32888376 0.09224692 0.03659345
0.33016985 0.09189286 0.03659081
0.33145594 0.09147456 0.03658628
0.33275681 0.09104090 0.03658681
0.33404290 0.09066196 0.03660554
0.33532899 0.09035393 0.03663810
0.33661508 0.09006583 0.03667015
0.33790116 0.08976154 0.03669550
0.33918725 0.08944424 0.03671175
0.34048812 0.08914636 0.03671846
0.34177421 0.08890744 0.03672032
0.34306030 0.08875362 0.03671857
0.34434639 0.08870053 0.03671784
0.34563247 0.08874224 0.03672129
0.34693335 0.08883165 0.03673518
0.34821943 0.08888072 0.03675370
0.34950552 0.08882634 0.03677146
0.35079161 0.08866019 0.03678752
0.35207770 0.08839583 0.03679052
0.35336379 0.08808145 0.03678720
0.35466466 0.08779466 0.03678486
0.35595074 0.08761531 0.03678671
0.35723683 0.08760005 0.03679991
0.35852292 0.08768493 0.03681375
0.35980901 0.08776144 0.03682161
0.36109510 0.08781655 0.03683067
0.36238118 0.08786937 0.03683993
0.36368206 0.08790663 0.03684755
0.36496814 0.08787303 0.03684836
0.36625423 0.08773668 0.03684321
0.36754032 0.08753124 0.03684032
0.36882641 0.08734403 0.03684359
0.37011250 0.08727953 0.03686359
0.37139858 0.08735237 0.03689620
0.37269945 0.08744543 0.03692130
0.37398554 0.08746887 0.03693633
0.37527163 0.08742036 0.03694391
0.37655772 0.08732260 0.03694124
0.37784381 0.08721614 0.03692799
0.37912989 0.08716061 0.03691003
0.38041598 0.08719025 0.03689607
0.38170207 0.08721715 0.03688377
0.38298816 0.08714561 0.03687772
0.38428903 0.08701354 0.03689105
0.38557512 0.08688829 0.03692056
0.38686121 0.08679204 0.03695523
0.38814729 0.08673608 0.03698812
0.38943338 0.08673613 0.03701638
0.39071947 0.08679644 0.03703900
0.39200556 0.08688424 0.03705361
0.39329165 0.08696914 0.03706127
0.39457773 0.08705803 0.03706594
0.39586382 0.08717345 0.03706771
0.39714991 0.08732854 0.03706718
0.39843600 0.08749714 0.03706817
0.39973687 0.08758432 0.03707325
0.40102296 0.08744105 0.03707339
0.40230905 0.08707812 0.03707522
0.40359513 0.08667958 0.03709900
0.40488122 0.08643036 0.03714810
0.40616731 0.08635830 0.03719907
0.40745340 0.08637722 0.03723318
0.40873949 0.08638264 0.03724875
0.41002557 0.08626776 0.03724775
0.41131166 0.08604508 0.03723937
0.41259775 0.08587377 0.03724473
0.41388384 0.08585097 0.03725923
0.41516993 0.08589676 0.03726405
0.41645601 0.08601605 0.03726630
0.41774210 0.08632289 0.03727545
0.41902819 0.08693573 0.03729156
0.42031428 0.08770300 0.03729959
0.42160037 0.08825474 0.03727588
0.42288645 0.08840748 0.03722987
0.42417254 0.08831928 0.03720411
0.42545863 0.08823391 0.03720752
0.42674472 0.08819687 0.03722639
0.42803081 0.08818243 0.03724201
0.42931690 0.08820196 0.03725505
0.43060298 0.08829698 0.03727804
0.43188907 0.08846698 0.03730562
0.43317516 0.08867843 0.03733060
0.43446125 0.08890701 0.03735112
0.43574734 0.08913575 0.03736568
0.43703342 0.08936131 0.03737585
0.43831951 0.08958064 0.03738146
0.43960560 0.08979420 0.03738315
0.44089169 0.08999070 0.03738177
0.44217778 0.09015622 0.03738140
0.44346386 0.09026741 0.03738514
0.44474995 0.09030462 0.03738268
0.44603604 0.09034822 0.03738259
0.44732213 0.09057287 0.03740833
0.44860822 0.09110216 0.03745444
0.44989430 0.09177036 0.03749763
0.45118039 0.09224018 0.03750226
0.45246648 0.09231942 0.03746843
0.45375257 0.09215365 0.03744075
0.45503866 0.09195755 0.03744339
0.45632474 0.09173733 0.03746601
0.45761083 0.09140495 0.03747519
0.45889692 0.09094565 0.03747199
0.46018301 0.09048153 0.03748475
0.46146910 0.09017839 0.03752482
0.46275519 0.09021009 0.03760031
0.46404127 0.09051215 0.03767662
0.46532736 0.09077050 0.03772296
0.46661345 0.09076597 0.03773777
0.46789954 0.09056075 0.03773362
0.46917084 0.09037006 0.03774949
0.47045693 0.09034277 0.03780412
0.47174302 0.09045659 0.03787080
0.47302911 0.09058573 0.03791750
0.47431520 0.09063655 0.03794142
0.47560128 0.09057459 0.03794656
0.47688737 0.09041935 0.03794508
0.47817346 0.09022541 0.03794802
0.47945955 0.09005020 0.03795894
0.48074564 0.08994879 0.03797904
0.48203172 0.08997041 0.03801213
0.48331781 0.09008503 0.03804861
0.48460390 0.09020929 0.03807947
0.48587521 0.09025222 0.03809614
0.48716129 0.09018077 0.03809775
0.48844738 0.09004077 0.03809645
0.48973347 0.08988491 0.03810233
0.49101956 0.08974880 0.03811746
0.49230565 0.08964261 0.03813749
0.49359173 0.08957292 0.03816088
0.49487782 0.08954350 0.03818557
0.49616391 0.08954938 0.03820963
0.49743522 0.08957649 0.03823140
0.49872130 0.08960168 0.03824812
0.50000739 0.08960472 0.03826023
0.50129348 0.08956910 0.03826813
0.50257957 0.08948382 0.03827108
0.50386566 0.08934497 0.03826982
0.50515174 0.08917176 0.03826668
0.50643783 0.08900093 0.03826898
0.50770914 0.08887043 0.03828059
0.50899523 0.08879564 0.03830076
0.51028131 0.08874204 0.03832000
0.51156740 0.08866011 0.03833117
0.51285349 0.08851828 0.03833308
0.51413958 0.08831829 0.03832946
0.51542567 0.08808072 0.03832535
0.51669697 0.08783296 0.03832028
0.51798306 0.08763245 0.03832633
0.51926915 0.08753873 0.03834848
0.52055524 0.08754700 0.03837296
0.52184132 0.08764345 0.03839873
0.52312741 0.08776287 0.03842403
0.52439872 0.08777256 0.03842781
0.52568480 0.08758436 0.03840048
0.52697089 0.08721151 0.03835302
0.52825698 0.08677805 0.03830760
0.52954307 0.08642108 0.03829125
0.53082916 0.08624556 0.03830775
0.53210046 0.08628193 0.03834641
0.53338655 0.08638343 0.03838046
0.53467264 0.08637849 0.03838163
0.53595873 0.08621536 0.03835650
0.53724481 0.08594634 0.03831852
0.53853090 0.08568959 0.03828530
0.53980221 0.08560032 0.03829270
0.54108830 0.08571562 0.03832783
0.54237438 0.08588105 0.03834329
0.54366047 0.08601455 0.03834732
0.54494656 0.08606463 0.03833755
0.54621787 0.08595653 0.03829538
0.54750395 0.08576603 0.03824653
0.54879004 0.08560293 0.03821713
0.55007613 0.08552921 0.03820433
0.55134744 0.08557670 0.03820412
0.55263352 0.08570519 0.03820722
0.55391961 0.08581664 0.03819599
0.55520570 0.08583086 0.03816467
0.55649179 0.08574994 0.03811940
0.55776309 0.08563477 0.03807364
0.55904918 0.08557874 0.03804552
0.56033527 0.08563537 0.03803797
0.56162136 0.08578244 0.03803727
0.56289266 0.08595222 0.03803358
0.56417875 0.08608159 0.03801890
0.56546484 0.08612795 0.03799141
0.56675093 0.08608328 0.03795633
0.56803702 0.08596010 0.03791686
0.56930832 0.08576264 0.03787315
0.57059441 0.08552495 0.03783042
0.57188050 0.08530281 0.03780149
0.57316659 0.08514518 0.03778858
0.57443789 0.08507604 0.03778305
0.57572398 0.08510389 0.03778044
0.57701007 0.08522579 0.03777497
0.57829616 0.08542519 0.03776828
0.57956746 0.08564474 0.03775572
0.58085355 0.08581227 0.03773585
0.58213964 0.08585996 0.03770373
0.58341094 0.08576574 0.03765551
0.58469703 0.08557112 0.03760310
0.58598312 0.08534523 0.03755981
0.58726921 0.08514114 0.03753307
0.58854051 0.08498030 0.03751653
0.58982660 0.08488605 0.03751180
0.59111269 0.08483224 0.03751128
0.59239878 0.08474322 0.03749634
0.59367008 0.08457797 0.03746518
0.59495617 0.08438226 0.03743660
0.59624226 0.08421514 0.03742014
0.59751356 0.08412296 0.03741920
0.59879965 0.08412447 0.03743185
0.60008574 0.08420684 0.03744759
0.60137183 0.08434863 0.03746464
0.60264313 0.08450200 0.03747508
0.60392922 0.08460647 0.03747629
0.60521531 0.08459896 0.03745854
0.60648661 0.08445044 0.03742036
0.60777270 0.08418145 0.03736647
0.60905879 0.08385999 0.03731140
0.61033010 0.08359280 0.03728034
0.61161618 0.08343153 0.03726928
0.61290227 0.08336929 0.03726839
0.61417358 0.08337434 0.03727065
0.61545967 0.08339344 0.03726740
0.61674575 0.08340547 0.03726205
0.61801706 0.08341224 0.03725900
0.61930315 0.08340935 0.03725612
0.62058924 0.08339719 0.03725377
0.62187532 0.08337860 0.03724837
0.62314663 0.08338248 0.03724393
0.62443272 0.08343457 0.03724333
0.62571880 0.08352576 0.03724103
0.62699011 0.08360682 0.03723256
0.62827620 0.08360641 0.03720753
0.62954750 0.08347705 0.03716256
0.63083359 0.08323916 0.03711082
0.63211968 0.08293703 0.03706107
0.63339099 0.08260312 0.03701738
0.63467707 0.08227538 0.03698528
0.63596316 0.08199040 0.03696726
0.63723447 0.08177528 0.03696144
0.63852056 0.08164632 0.03696552
0.63980664 0.08162113 0.03697991
0.64107795 0.08169124 0.03700225
0.64236404 0.08181171 0.03702167
0.64365012 0.08194150 0.03703396
0.64492143 0.08206610 0.03704184
0.64620752 0.08217865 0.03704531
0.64749361 0.08227566 0.03704658
0.64876491 0.08234978 0.03704504
0.65005100 0.08239494 0.03704067
0.65132231 0.08240419 0.03703278
0.65260839 0.08237165 0.03702132
0.65389448 0.08228926 0.03700374
0.65516579 0.08215402 0.03698046
0.65645188 0.08197203 0.03695285
0.65772318 0.08175893 0.03692588
0.65900927 0.08153818 0.03690721
0.66029536 0.08131241 0.03689509
0.66156666 0.08106958 0.03688733
0.66285275 0.08078464 0.03687549
0.66413884 0.08045723 0.03685883
0.66541014 0.08013186 0.03685038
0.66669623 0.07986442 0.03686288
0.66796754 0.07968198 0.03689657
0.66925363 0.07957197 0.03694049
0.67053971 0.07951387 0.03698356
0.67181102 0.07949053 0.03702331
0.67309711 0.07947530 0.03705696
0.67436841 0.07940583 0.03707794
0.67565450 0.07922426 0.03707665
0.67692581 0.07894185 0.03706198
0.67821189 0.07860394 0.03704950
0.67949798 0.07823405 0.03704029
0.68076929 0.07783446 0.03703137
0.68205538 0.07740158 0.03701541
0.68332668 0.07696085 0.03699704
0.68461277 0.07658114 0.03699472
0.68589886 0.07633105 0.03702563
0.68717016 0.07619115 0.03707633
0.68845625 0.07608133 0.03712340
0.68972756 0.07595780 0.03716161
0.69101364 0.07581625 0.03719483
0.69228495 0.07565725 0.03722340
0.69357104 0.07548387 0.03724802
0.69484234 0.07530403 0.03726857
0.69612843 0.07513673 0.03728785
0.69741452 0.07500319 0.03730809
0.69868582 0.07491831 0.03733134
0.69997191 0.07487109 0.03735360
0.70124322 0.07480982 0.03736109
0.70252931 0.07470887 0.03735528
0.70380061 0.07458500 0.03735042
0.70508670 0.07445915 0.03735500
0.70635801 0.07432868 0.03736626
0.70764409 0.07417779 0.03737770
0.70893018 0.07400173 0.03738767
0.71020149 0.07379605 0.03739484
0.71148758 0.07356723 0.03740073
0.71275888 0.07332731 0.03740599
0.71404497 0.07311345 0.03741736
0.71531627 0.07297888 0.03744586
0.71660236 0.07293015 0.03748422
0.71787367 0.07291643 0.03751362
0.71915976 0.07289073 0.03752608
0.72043106 0.07284279 0.03752551
0.72171715 0.07277774 0.03751706
0.72298845 0.07270807 0.03750671
0.72427454 0.07264515 0.03750015
0.72554585 0.07259109 0.03750051
0.72683194 0.07252533 0.03750356
0.72810324 0.07241767 0.03750215
0.72938933 0.07225590 0.03749221
0.73066064 0.07206654 0.03748359
0.73194672 0.07188826 0.03748482
0.73321803 0.07174616 0.03749883
0.73450412 0.07164604 0.03752242
0.73577542 0.07157274 0.03754574
0.73706151 0.07151104 0.03756444
0.73833282 0.07145348 0.03757705
0.73961890 0.07139690 0.03758398
0.74089021 0.07133903 0.03758528
0.74217630 0.07127688 0.03758070
0.74344760 0.07120869 0.03757023
0.74473369 0.07113350 0.03755410
0.74600500 0.07105358 0.03753388
0.74729108 0.07097668 0.03751340
0.74856239 0.07091066 0.03749622
0.74984848 0.07086108 0.03748424
0.75111978 0.07082908 0.03747765
0.75240587 0.07081297 0.03747533
0.75367718 0.07080979 0.03747598
0.75496327 0.07081664 0.03747868
0.75623457 0.07083067 0.03748237
0.75752066 0.07084925 0.03748637
0.75879196 0.07087020 0.03748997
0.76007805 0.07089185 0.03749266
0.76134936 0.07091389 0.03749432
0.76263545 0.07093709 0.03749511
0.76390675 0.07096387 0.03749554
0.76517806 0.07099843 0.03749667
0.76646414 0.07104724 0.03750027
0.76773545 0.07111744 0.03750821
0.76902154 0.07121119 0.03752030
0.77029284 0.07131538 0.03753105
0.77157893 0.07140454 0.03753266
0.77285024 0.07146206 0.03752415
0.77413633 0.07148444 0.03750816
0.77540763 0.07147177 0.03748718
0.77669372 0.07142497 0.03746328
0.77796502 0.07134447 0.03743694
0.77923633 0.07123504 0.03741039
0.78052242 0.07110567 0.03738729
0.78179372 0.07096816 0.03737058
0.78307981 0.07083422 0.03736205
0.78435112 0.07071609 0.03736312
0.78563720 0.07061802 0.03737165
0.78690851 0.07053352 0.03738315
0.78817982 0.07045930 0.03739525
0.78946590 0.07039424 0.03740676
0.79073721 0.07033792 0.03741679
0.79202330 0.07028892 0.03742446
0.79329460 0.07024481 0.03742908
0.79458069 0.07020056 0.03742947
0.79585200 0.07014926 0.03742482
0.79712330 0.07008589 0.03741585
0.79840939 0.07000604 0.03740449
0.79968070 0.06990617 0.03739126
0.80096678 0.06978525 0.03737691
0.80223809 0.06964528 0.03736259
0.80350939 0.06949644 0.03735202
0.80479548 0.06935227 0.03735053
0.80606679 0.06922433 0.03736200
0.80735288 0.06911432 0.03738471
0.80862418 0.06901372 0.03741219
0.80989549 0.06891971 0.03744113
0.81118157 0.06883384 0.03746975
0.81245288 0.06876114 0.03749866
0.81373897 0.06870604 0.03752863
0.81501027 0.06866006 0.03755626
0.81628158 0.06860774 0.03757697
0.81756767 0.06854174 0.03759025
0.81883897 0.06846089 0.03759700
0.82012506 0.06836099 0.03759563
0.82139637 0.06823733 0.03758433
0.82266767 0.06808106 0.03755815
0.82395376 0.06789574 0.03751925
0.82522507 0.06771020 0.03748415
0.82651115 0.06755446 0.03746865
0.82778246 0.06743267 0.03747302
0.82905376 0.06733448 0.03749087
0.83033985 0.06725041 0.03751756
0.83161116 0.06717118 0.03754846
0.83288246 0.06709137 0.03758154
0.83416855 0.06700572 0.03761462
0.83543986 0.06690897 0.03764558
0.83672594 0.06679636 0.03767249
0.83799725 0.06666526 0.03769460
0.83926856 0.06651414 0.03771155
0.84055464 0.06634195 0.03772308
0.84182595 0.06614798 0.03772878
0.84309725 0.06593279 0.03772836
0.84438334 0.06570041 0.03772269
0.84565465 0.06546028 0.03771406
0.84692595 0.06522658 0.03770580
0.84821204 0.06501919 0.03770309
0.84948335 0.06485854 0.03771114
0.85076944 0.06475093 0.03773163
0.85204074 0.06467061 0.03775457
0.85331205 0.06458731 0.03777323
0.85459813 0.06448472 0.03778613
0.85586944 0.06435644 0.03779331
0.85714075 0.06420325 0.03779756
0.85842683 0.06402356 0.03779790
0.85969814 0.06382054 0.03779629
0.86096944 0.06360022 0.03779343
0.86225553 0.06337679 0.03779425
0.86352684 0.06317379 0.03780519
0.86479814 0.06302043 0.03783637
0.86608423 0.06293273 0.03789204
0.86735554 0.06290089 0.03796399
0.86862684 0.06289957 0.03803818
0.86991293 0.06290356 0.03810086
0.87118424 0.06289565 0.03814577
0.87245554 0.06286252 0.03817212
0.87374163 0.06279348 0.03818075
0.87501293 0.06267906 0.03817244
0.87628424 0.06251346 0.03814899
0.87757033 0.06229631 0.03811202
0.87884163 0.06203242 0.03806499
0.88011294 0.06173239 0.03801247
0.88138424 0.06140995 0.03796017
0.88267033 0.06107952 0.03791333
0.88394164 0.06075281 0.03787534
0.88521294 0.06043804 0.03784787
0.88649903 0.06014138 0.03783207
0.88777034 0.05987448 0.03783290
0.88904164 0.05964532 0.03785180
0.89032773 0.05944604 0.03787952
0.89159904 0.05926972 0.03790795
0.89287034 0.05911878 0.03793517
0.89415643 0.05899666 0.03796181
0.89542774 0.05889925 0.03798641
0.89669904 0.05881733 0.03800762
0.89797035 0.05874045 0.03802371
0.89925643 0.05866211 0.03803576
0.90052774 0.05857796 0.03804418
0.90179905 0.05848352 0.03804893
0.90308513 0.05837593 0.03805092
0.90435644 0.05825127 0.03804879
0.90562774 0.05810714 0.03804263
0.90691383 0.05794246 0.03803200
0.90818514 0.05775872 0.03801762
0.90945644 0.05756001 0.03800011
0.91072775 0.05735833 0.03798379
0.91201384 0.05716714 0.03797190
0.91328514 0.05699870 0.03796705
0.91455645 0.05686203 0.03797033
0.91582775 0.05676082 0.03798018
0.91711384 0.05670000 0.03799727
0.91838515 0.05667899 0.03801999
0.91965645 0.05669524 0.03804788
0.92094254 0.05673821 0.03807840
0.92221385 0.05679087 0.03810812
0.92348515 0.05682572 0.03812930
0.92475646 0.05682009 0.03813588
0.92604254 0.05677437 0.03813087
0.92731385 0.05669975 0.03811982
0.92858516 0.05660902 0.03810816
0.92985646 0.05650854 0.03809820
0.93114255 0.05640039 0.03809019
0.93241385 0.05628634 0.03808496
0.93368516 0.05617158 0.03808459
0.93495647 0.05606894 0.03809633
0.93624255 0.05598472 0.03811982
0.93751386 0.05591824 0.03814877
0.93878516 0.05588690 0.03818626
0.94005647 0.05590399 0.03823386
0.94134256 0.05594478 0.03827966
0.94261386 0.05596955 0.03830966
0.94388517 0.05596570 0.03832414
0.94515647 0.05593519 0.03832708
0.94644256 0.05587788 0.03832044
0.94771387 0.05579359 0.03830485
0.94898517 0.05568050 0.03828006
0.95025648 0.05554051 0.03824673
0.95154257 0.05537532 0.03820497
0.95281387 0.05518379 0.03815229
0.95408518 0.05497407 0.03809233
0.95535648 0.05476962 0.03803603
0.95664257 0.05460755 0.03799978
0.95791388 0.05451932 0.03799484
0.95918518 0.05450506 0.03801677
0.96045649 0.05453306 0.03804923
0.96174258 0.05456520 0.03807811
0.96301388 0.05458622 0.03810006
0.96428519 0.05459198 0.03811524
0.96555649 0.05457580 0.03812177
0.96682780 0.05453031 0.03811551
0.96811389 0.05445167 0.03809566
0.96938519 0.05434219 0.03806378
0.97065650 0.05420753 0.03802312
0.97192780 0.05405580 0.03797725
0.97321389 0.05389375 0.03792862
0.97448520 0.05372977 0.03788013
0.97575650 0.05357224 0.03783432
0.97702781 0.05343153 0.03779443
0.97829911 0.05331765 0.03776356
0.97958520 0.05323315 0.03774152
0.98085651 0.05317541 0.03772678
0.98212781 0.05313474 0.03771509
0.98339912 0.05310260 0.03770405
0.98468520 0.05307180 0.03769191
0.98595651 0.05303628 0.03767717
0.98722781 0.05299241 0.03765950
0.98849912 0.05293602 0.03763778
0.98977043 0.05286441 0.03761136
0.99105651 0.05277787 0.03758089
0.99232782 0.05267941 0.03754820
0.99359912 0.05257297 0.03751552
0.99487043 0.05245957 0.03748340
0.99614174 0.05233478 0.03744862
0.99742782 0.05219418 0.03740803
0.99869913 0.05204087 0.03736261
0.99997043 0.05188199 0.03731534
1.00124174 0.05172680 0.03726999
1.00251305 0.05158287 0.03722935
1.00378435 0.05145155 0.03719324
1.00507044 0.05133072 0.03716011
1.00634174 0.05121685 0.03712838
1.00761305 0.05110810 0.03709732
1.00888436 0.05100393 0.03706710
1.01015566 0.05090483 0.03703824
1.01144175 0.05081115 0.03701097
1.01271305 0.05072345 0.03698582
1.01398436 0.05064258 0.03696318
1.01525567 0.05056959 0.03694368
1.01652697 0.05050586 0.03692801
1.01779828 0.05045258 0.03691694
1.01908436 0.05040983 0.03691077
1.02035567 0.05037186 0.03690639
1.02162698 0.05032774 0.03689796
1.02289828 0.05026787 0.03688101
1.02416959 0.05018541 0.03685253
1.02545567 0.05008091 0.03681338
1.02672698 0.04996426 0.03676901
1.02799829 0.04984645 0.03672488
1.02926959 0.04973344 0.03668340
1.03054090 0.04962805 0.03664551
1.03181220 0.04953342 0.03661246
1.03309829 0.04945256 0.03658545
1.03436960 0.04938967 0.03656647
1.03564090 0.04934552 0.03655580
1.03691221 0.04931565 0.03655102
1.03818351 0.04929421 0.03654933
1.03945482 0.04927771 0.03654942
1.04072612 0.04926500 0.03655107
1.04201221 0.04925488 0.03655389
1.04328352 0.04924730 0.03655817
1.04455482 0.04924059 0.03656314
1.04582613 0.04922978 0.03656574
1.04709743 0.04921008 0.03656306
1.04836874 0.04917967 0.03655444
1.04965483 0.04913726 0.03654211
1.05092613 0.04908388 0.03652858
1.05219744 0.04902500 0.03651644
1.05346874 0.04896790 0.03650945
1.05474005 0.04892001 0.03650972
1.05601135 0.04889047 0.03651701
1.05728266 0.04888836 0.03652942
1.05856875 0.04892129 0.03654544
1.05984005 0.04898861 0.03656229
1.06111136 0.04907652 0.03658408
1.06238266 0.04916333 0.03661596
1.06365397 0.04924088 0.03665607
1.06492527 0.04931379 0.03670221
1.06619658 0.04938216 0.03675056
1.06746788 0.04944171 0.03679605
1.06875397 0.04948498 0.03683326
1.07002528 0.04950620 0.03685851
1.07129658 0.04950338 0.03687048
1.07256789 0.04947737 0.03686920
1.07383919 0.04943034 0.03685522
1.07511050 0.04936470 0.03682897
1.07638181 0.04928926 0.03679463
1.07766789 0.04921899 0.03675921
1.07893920 0.04917924 0.03673586
1.08021050 0.04918956 0.03673405
1.08148181 0.04923911 0.03674543
1.08275312 0.04930123 0.03675414
1.08402442 0.04936332 0.03675406
1.08529573 0.04942471 0.03674561
1.08656703 0.04948490 0.03672871
1.08783834 0.04954500 0.03670433
1.08912443 0.04960329 0.03667170
1.09039573 0.04965876 0.03663065
1.09166704 0.04971117 0.03658154
1.09293834 0.04976173 0.03652564
1.09420965 0.04981050 0.03646349
1.09548095 0.04985713 0.03639573
1.09675226 0.04990017 0.03632335
1.09802356 0.04993743 0.03624759
1.09930965 0.04996755 0.03617037
1.10058096 0.04999048 0.03609407
1.10185226 0.05000596 0.03602076
1.10312357 0.05001370 0.03595211
1.10439487 0.05001355 0.03588952
1.10566618 0.05000455 0.03583373
1.10693748 0.04998663 0.03578561
1.10820879 0.04996008 0.03574603
1.10948010 0.04992622 0.03571618
1.11075140 0.04988678 0.03569715
1.11203749 0.04984375 0.03569009
1.11330879 0.04979819 0.03569539
1.11458010 0.04975150 0.03571374
1.11585141 0.04970536 0.03574591
1.11712271 0.04965860 0.03579112
1.11839402 0.04960971 0.03584871
1.11966532 0.04955180 0.03591528
1.12093663 0.04946918 0.03598313
1.12220793 0.04933842 0.03604032
1.12347924 0.04914122 0.03607793
1.12475054 0.04889560 0.03609909
1.12603663 0.04864688 0.03611250
1.12730794 0.04843459 0.03612162
1.12857924 0.04828142 0.03612552
1.12985055 0.04820689 0.03611975
1.13112185 0.04822587 0.03610374
1.13239316 0.04835249 0.03607432
1.13366446 0.04859772 0.03603107
1.13493577 0.04896188 0.03598003
1.13620707 0.04942095 0.03594224
1.13747838 0.04985910 0.03599624
1.13874969 0.05022059 0.03615960
1.14002099 0.05046966 0.03632482
1.14130708 0.05058341 0.03644457
1.14257838 0.05061616 0.03654421
1.14384969 0.05055167 0.03662393
1.14512100 0.05034815 0.03668202
1.14639230 0.04997714 0.03672459
1.14766361 0.04950576 0.03674388
1.14893491 0.04909085 0.03672192
1.15020622 0.04880633 0.03666878
1.15147752 0.04851360 0.03661107
1.15274883 0.04805961 0.03656599
1.15402013 0.04752009 0.03651542
1.15529144 0.04746354 0.03640824
1.15656274 0.04741255 0.03628953
1.15783405 0.04736939 0.03616040
1.15912014 0.04733471 0.03602069
1.16039144 0.04730918 0.03587032
1.16166275 0.04729346 0.03570917
1.16293405 0.04728820 0.03553718
1.16420536 0.04729407 0.03535430
1.16547667 0.04731171 0.03516047
1.16674797 0.04734177 0.03495569
1.16801928 0.04738489 0.03473995
1.16929058 0.04744168 0.03451327
1.17056189 0.04751276 0.03427570
1.17183319 0.04759871 0.03402729
1.17310450 0.04770012 0.03376812
1.17437580 0.04781753 0.03349829
1.17564711 0.04795148 0.03321793
1.17691841 0.04810247 0.03292717
1.17818972 0.04827097 0.03262619
1.17946103 0.04845743 0.03231515
1.18074711 0.04866227 0.03199428
1.18201842 0.04888584 0.03166380
1.18328972 0.04912849 0.03132397
1.18456103 0.04939051 0.03097505
1.18583234 0.04967214 0.03061734
1.18710364 0.04997359 0.03025116
1.18837495 0.05029499 0.02987686
1.18964625 0.05063643 0.02949479
1.19091756 0.05099796 0.02910536
1.19218886 0.05137953 0.02870896
1.19346017 0.05178106 0.02830604
1.19473147 0.05220238 0.02789705
1.19600278 0.05264326 0.02748248
1.19727408 0.05310339 0.02706283
1.19854539 0.05358237 0.02663863
1.19981670 0.05407975 0.02621043
1.20108800 0.05459496 0.02577880
1.20235931 0.05512736 0.02534433
1.20363061 0.05567620 0.02490764
1.20490192 0.05624063 0.02446937
1.20617322 0.05681973 0.02403017
1.20744453 0.05741244 0.02359069
1.20873062 0.05801760 0.02315164
1.21000192 0.05863394 0.02271370
1.21127323 0.05926007 0.02227758
1.21254453 0.05989447 0.02184399
1.21381584 0.06053550 0.02141364
1.21508714 0.06118138 0.02098725
1.21635845 0.06183021 0.02056552
1.21762975 0.06247992 0.02014914
1.21890106 0.06312833 0.01973879
1.22017237 0.06377309 0.01933511
1.22144367 0.06441168 0.01893872
1.22271498 0.06504145 0.01855018
1.22398628 0.06565957 0.01817001
1.22525759 0.06626303 0.01779867
1.22652889 0.06684867 0.01743652
1.22780020 0.06741313 0.01708387
1.22907150 0.06795287 0.01674090
1.23034281 0.06846416 0.01640771
1.23161411 0.06894307 0.01608427
1.23288542 0.06938548 0.01577040
1.23415673 0.06978706 0.01546580
1.23542803 0.07014326 0.01517003
1.23669934 0.07044931 0.01488246
1.23797064 0.07070024 0.01460232
1.23924195 0.07089082 0.01432868
1.24051325 0.07101560 0.01406040
1.24178456 0.07106890 0.01379622
1.24305586 0.07104478 0.01353468
1.24432717 0.07093705 0.01327416
1.24559847 0.07073926 0.01301289
1.24686978 0.07044470 0.01274894
1.24814109 0.07004639 0.01248024
1.24941239 0.06953708 0.01220457
1.25068370 0.06890921 0.01191961
1.25195500 0.06815497 0.01162289
1.25322631 0.06726622 0.01131188
1.25449761 0.06623454 0.01098389
1.25576892 0.06505119 0.01063620
1.25704022 0.06370712 0.01026597
1.25831153 0.06219296 0.00987030
1.25958283 0.06049900 0.00944621
1.26085414 0.05861522 0.00899066
1.26212545 0.05653123 0.00850056
1.26339675 0.05423630 0.00797274
1.26466806 0.05171935 0.00740399
1.26593936 0.04896894 0.00679103
1.26721067 0.04597325 0.00613054
1.26848197 0.04272009 0.00541912
1.26975328 0.03919688 0.00465334
1.27102458 0.03539066 0.00382971
1.27229589 0.03128805 0.00294466
1.27356719 0.02687528 0.00199463
1.27483850 0.02213817 0.00097625
1.27610981 0.01706211 0.00012646
1.27738111 0.01163206 0.00128548
1.27865242 0.00583255 0.00253336
1.27992372 -0.00035235 0.00386589
1.28119503 -0.00693900 0.00528695
-0.96316762 0.03119777 0.00401859
-0.96189631 0.02844650 0.00251533
-0.96062353 0.02146953 0.00135148
-0.95934927 0.01829313 0.00106200
-0.95807353 0.01842783 0.00251394
-0.95679779 0.02174003 0.00462580
-0.95551909 0.02571617 0.00566233
-0.95423744 0.03544333 0.00567506
-0.95295431 0.03453927 0.01771364
-0.95167118 0.09816207 0.04283211
-0.95038804 0.19294100 0.04947721
-0.94910048 0.20205267 0.04283343
-0.94781143 0.17216467 0.03945930
-0.94651943 0.15053833 0.03875834
-0.94522743 0.14198567 0.03847625
-0.94393247 0.13680697 0.03780500
-0.94263604 0.13445433 0.03709055
-0.94133960 0.13250767 0.03658661
-0.94004021 0.13003190 0.03606052
-0.93873934 0.12722080 0.03558479
-0.93743699 0.12465753 0.03521444
-0.93613316 0.12231807 0.03487568
-0.93482786 0.12022310 0.03456347
-0.93351959 0.11832260 0.03427407
-0.93221133 0.11659797 0.03400095
-0.93090011 0.11502223 0.03374273
-0.92958890 0.11357470 0.03349696
-0.92827472 0.11223730 0.03326236
-0.92695907 0.11099377 0.03303761
-0.92564341 0.10983153 0.03282203
-0.92432480 0.10873733 0.03261477
-0.92300472 0.10770020 0.03241531
-0.92168315 0.10671007 0.03222419
-0.92036010 0.10575533 0.03204064
-0.91903410 0.10482583 0.03186431
-0.91770810 0.10391033 0.03169303
-0.91638062 0.10301720 0.03151991
-0.91505167 0.10220203 0.03134269
-0.91371975 0.10151613 0.03117038
-0.91238784 0.10091997 0.03100345
-0.91105297 0.10034363 0.03083461
-0.90971810 0.09977410 0.03066620
-0.90838027 0.09921840 0.03050160
-0.90704096 0.09867583 0.03033846
-0.90570166 0.09814737 0.03017769
-0.90435940 0.09763137 0.03001839
-0.90301565 0.09712760 0.02986070
-0.90167044 0.09663523 0.02970454
-0.90032374 0.09615353 0.02954979
-0.89897556 0.09568137 0.02939584
-0.89762591 0.09521873 0.02924338
-0.89627478 0.09476410 0.02909143
-0.89492217 0.09431740 0.02894068
-0.89356808 0.09387790 0.02879089
-0.89221251 0.09344500 0.02864184
-0.89085547 0.09301820 0.02849331
-0.88949695 0.09259693 0.02834501
-0.88813547 0.09218163 0.02819801
-0.88677399 0.09177103 0.02805110
-0.88541103 0.09136490 0.02790453
-0.88404659 0.09096343 0.02775878
-0.88267920 0.09056570 0.02761317
-0.88131181 0.09017157 0.02746777
-0.87994294 0.08978087 0.02732271
-0.87857259 0.08939343 0.02717812
-0.87719928 0.08900883 0.02703362
-0.87582598 0.08862697 0.02688927
-0.87445120 0.08824763 0.02674523
-0.87307345 0.08787050 0.02660107
-0.87169571 0.08749573 0.02645730
-0.87031650 0.08712293 0.02631360
-0.86893580 0.08675167 0.02616953
-0.86755215 0.08638257 0.02602602
-0.86616849 0.08601487 0.02588230
-0.86478336 0.08564883 0.02573879
-0.86339675 0.08528377 0.02559468
-0.86200866 0.08492030 0.02545086
-0.86061762 0.08455803 0.02530694
-0.85922657 0.08419690 0.02516298
-0.85783405 0.08383660 0.02501851
-0.85644005 0.08347743 0.02487398
-0.85504457 0.08311937 0.02472945
-0.85364761 0.08276210 0.02458444
-0.85224918 0.08240557 0.02443901
-0.85084926 0.08205013 0.02429355
-0.84944787 0.08169520 0.02414720
-0.84804648 0.08134140 0.02400081
-0.84664213 0.08098817 0.02385349
-0.84523630 0.08063643 0.02370596
-0.84382899 0.08028620 0.02355762
-0.84242169 0.07993647 0.02340849
-0.84101143 0.07958600 0.02325933
-0.83960116 0.07923337 0.02310915
-0.83818795 0.07887893 0.02295841
-0.83677473 0.07852257 0.02280723
-0.83536003 0.07816377 0.02265535
-0.83394238 0.07780193 0.02250323
-0.83252472 0.07743540 0.02235073
-0.83110559 0.07706147 0.02219896
-0.82968498 0.07667550 0.02204757
-0.82826289 0.07627603 0.02189621
-0.82684081 0.07586480 0.02174583
-0.82541576 0.07544177 0.02159646
-0.82398924 0.07500647 0.02144839
-0.82256272 0.07455797 0.02130157
-0.82113324 0.07409620 0.02115668
-0.81970376 0.07362070 0.02101334
-0.81827280 0.07313220 0.02087232
-0.81684036 0.07263147 0.02073370
-0.81540645 0.07211930 0.02059690
-0.81397106 0.07159830 0.02046257
-0.81253418 0.07107087 0.02033041
-0.81109584 0.07054023 0.02020033
-0.80965749 0.07001010 0.02007200
-0.80821618 0.06948433 0.01994517
-0.80677488 0.06896700 0.01981956
-0.80533209 0.06846180 0.01969472
-0.80388783 0.06797210 0.01957033
-0.80244209 0.06750053 0.01944609
-0.80099487 0.06704897 0.01932174
-0.79954765 0.06661870 0.01919686
-0.79809748 0.06621017 0.01907125
-0.79664730 0.06582287 0.01894479
-0.79519565 0.06545573 0.01881721
-0.79374252 0.06510733 0.01868853
-0.79228791 0.06477580 0.01855854
-0.79083182 0.06445920 0.01842726
-0.78937573 0.06415520 0.01829459
-0.78791669 0.06386107 0.01816040
-0.78645764 0.06357593 0.01802425
-0.78499712 0.06330130 0.01788638
-0.78353512 0.06303473 0.01774729
-0.78207164 0.06276987 0.01760671
-0.78060816 0.06250183 0.01746503
-0.77914320 0.06222693 0.01732282
-0.77767528 0.06194040 0.01718088
-0.77620885 0.06163453 0.01703980
-0.77473946 0.06130287 0.01689945
-0.77326859 0.06094597 0.01676037
-0.77179771 0.06056647 0.01662303
-0.77032537 0.06016523 0.01648760
-0.76885154 0.05974300 0.01635426
-0.76737623 0.05930053 0.01622325
-0.76590093 0.05883853 0.01609486
-0.76442266 0.05835827 0.01596926
-0.76294440 0.05786123 0.01584665
-0.76146466 0.05734967 0.01572714
-0.75998492 0.05682613 0.01561068
-0.75850222 0.05629403 0.01549724
-0.75701953 0.05575713 0.01538675
-0.75553535 0.05521983 0.01527873
-0.75405118 0.05468680 0.01517307
-0.75256405 0.05416263 0.01506924
-0.75107691 0.05365213 0.01496683
-0.74958830 0.05315950 0.01486547
-0.74809822 0.05268837 0.01476464
-0.74660813 0.05224167 0.01466385
-0.74511656 0.05182140 0.01456280
-0.74362352 0.05142863 0.01446105
-0.74212899 0.05106337 0.01435830
-0.74063447 0.05072503 0.01425435
-0.73913847 0.05041210 0.01414901
-0.73764099 0.05012277 0.01404198
-0.73614351 0.04985467 0.01393318
-0.73464307 0.04960507 0.01382258
-0.73314412 0.04937093 0.01371009
-0.73164220 0.04914873 0.01359590
-0.73014029 0.04893467 0.01348044
-0.72863542 0.04872323 0.01336456
-0.72713202 0.04850773 0.01325029
-0.72562567 0.04827173 0.01314239
-0.72411933 0.04796707 0.01304409
-0.72261150 0.04755140 0.01294785
-0.72110367 0.04707393 0.01285009
-0.71959436 0.04661817 0.01275717
-0.71808358 0.04620230 0.01266661
-0.71657132 0.04581430 0.01257461
-0.71505906 0.04544730 0.01248232
-0.71354532 0.04509610 0.01238994
-0.71203158 0.04475803 0.01229756
-0.71051488 0.04443057 0.01220534
-0.70899966 0.04411190 0.01211336
-0.70748148 0.04380073 0.01202166
-0.70596331 0.04349593 0.01193031
-0.70444366 0.04319657 0.01183933
-0.70292400 0.04290190 0.01174875
-0.70140287 0.04261127 0.01165856
-0.69988026 0.04232420 0.01156876
-0.69835765 0.04204020 0.01147947
-0.69683356 0.04175890 0.01139053
-0.69530800 0.04147993 0.01130201
-0.69378243 0.04120307 0.01121399
-0.69225538 0.04092793 0.01112638
-0.69072834 0.04065440 0.01103926
-0.68919982 0.04038220 0.01095258
-0.68766982 0.04011113 0.01086638
-0.68613981 0.03984103 0.01078063
-0.68460833 0.03957173 0.01069538
-0.68307685 0.03930300 0.01061070
-0.68154390 0.03903467 0.01052655
-0.68001094 0.03876660 0.01044298
-0.67847650 0.03849887 0.01035997
-0.67694059 0.03823127 0.01027748
-0.67540467 0.03796373 0.01019559
-0.67386728 0.03769610 0.01011430
-0.67232841 0.03742823 0.01003363
-0.67078954 0.03716010 0.00995369
-0.66925067 0.03689150 0.00987439
-0.66771032 0.03662237 0.00979593
-0.66616849 0.03635247 0.00971822
-0.66462666 0.03608177 0.00964140
-0.66308484 0.03581010 0.00956549
-0.66154005 0.03553733 0.00949057
-0.65999675 0.03526333 0.00941672
-0.65845049 0.03498800 0.00934403
-0.65690570 0.03471123 0.00927259
-0.65535796 0.03443310 0.00920241
-0.65381022 0.03415350 0.00913360
-0.65226248 0.03387277 0.00906599
-0.65071326 0.03359140 0.00899972
-0.64916404 0.03331040 0.00893436
-0.64761335 0.03303153 0.00886932
-0.64606265 0.03275907 0.00880296
-0.64451047 0.03250847 0.00873347
-0.64295830 0.03230197 0.00866277
-0.64140464 0.03213360 0.00859350
-0.63985099 0.03197017 0.00852363
-0.63829586 0.03179510 0.00845294
-0.63674073 0.03160807 0.00838347
-0.63518412 0.03140960 0.00831477
-0.63362751 0.03120340 0.00824699
-0.63207090 0.03099170 0.00818025
-0.63051133 0.03077580 0.00811434
-0.62895324 0.03055647 0.00804927
-0.62739368 0.03033443 0.00798502
-0.62583411 0.03011047 0.00792156
-0.62427306 0.02988500 0.00785881
-0.62271202 0.02965853 0.00779675
-0.62114950 0.02943147 0.00773546
-0.61958697 0.02920413 0.00767491
-0.61802445 0.02897680 0.00761504
-0.61646045 0.02874983 0.00755596
-0.61489497 0.02852353 0.00749750
-0.61333097 0.02829803 0.00743979
-0.61176401 0.02807363 0.00738275
-0.61019853 0.02785060 0.00732641
-0.60863157 0.02762903 0.00727075
-0.60706461 0.02740920 0.00721580
-0.60549618 0.02719127 0.00716145
-0.60392774 0.02697550 0.00710777
-0.60235783 0.02676187 0.00705473
-0.60078939 0.02655067 0.00700224
-0.59921800 0.02634203 0.00695036
-0.59764808 0.02613603 0.00689905
-0.59607669 0.02593283 0.00684829
-0.59450530 0.02573253 0.00679806
-0.59293243 0.02553523 0.00674832
-0.59135956 0.02534103 0.00669909
-0.58978669 0.02515007 0.00665033
-0.58821234 0.02496230 0.00660193
-0.58663799 0.02477787 0.00655401
-0.58506364 0.02459683 0.00650646
-0.58348781 0.02441917 0.00645922
-0.58191198 0.02424497 0.00641234
-0.58033616 0.02407420 0.00636573
-0.57875885 0.02390687 0.00631935
-0.57718302 0.02374297 0.00627324
-0.57560424 0.02358263 0.00622724
-0.57402693 0.02342580 0.00618140
-0.57244815 0.02327247 0.00613567
-0.57086937 0.02312257 0.00608994
-0.56929058 0.02297603 0.00604427
-0.56771032 0.02283290 0.00599850
-0.56613006 0.02269293 0.00595266
-0.56454980 0.02255620 0.00590671
-0.56296805 0.02242243 0.00586058
-0.56138779 0.02229147 0.00581433
-0.55980605 0.02216307 0.00576784
-0.55822283 0.02203680 0.00572125
-0.55664109 0.02191220 0.00567454
-0.55505787 0.02178850 0.00562789
-0.55347466 0.02166457 0.00558165
-0.55189144 0.02153820 0.00553641
-0.55030822 0.02140657 0.00549344
-0.54872352 0.02125943 0.00545474
-0.54713882 0.02107357 0.00541951
-0.54555413 0.02084263 0.00538293
-0.54396943 0.02060280 0.00534619
-0.54238325 0.02038427 0.00531198
-0.54079708 0.02018653 0.00527802
-0.53921090 0.02000433 0.00524367
-0.53762473 0.01983390 0.00520916
-0.53603855 0.01967303 0.00517456
-0.53445090 0.01951990 0.00513987
-0.53286472 0.01937327 0.00510526
-0.53127707 0.01923203 0.00507073
-0.52968942 0.01909547 0.00503629
-0.52810029 0.01896277 0.00500201
-0.52651263 0.01883343 0.00496791
-0.52492498 0.01870703 0.00493393
-0.52333585 0.01858310 0.00490015
-0.52174671 0.01846133 0.00486662
-0.52015758 0.01834140 0.00483323
-0.51856845 0.01822300 0.00480013
-0.51697932 0.01810597 0.00476721
-0.51538871 0.01799003 0.00473454
-0.51379958 0.01787500 0.00470209
-0.51220897 0.01776073 0.00466992
-0.51061836 0.01764703 0.00463802
-0.50902775 0.01753380 0.00460637
-0.50743714 0.01742087 0.00457497
-0.50584653 0.01730810 0.00454390
-0.50425592 0.01719537 0.00451320
-0.50266383 0.01708263 0.00448281
-0.50107322 0.01696967 0.00445274
-0.49948261 0.01685647 0.00442308
-0.49789052 0.01674283 0.00439383
-0.49629843 0.01662873 0.00436494
-0.49470782 0.01651407 0.00433654
-0.49311573 0.01639867 0.00430861
-0.49152364 0.01628253 0.00428115
-0.48993156 0.01616550 0.00425427
-0.48833947 0.01604743 0.00422800
-0.48674738 0.01592837 0.00420229
-0.48515529 0.01580820 0.00417720
-0.48356320 0.01568687 0.00415281
-0.48196964 0.01556423 0.00412917
-0.48037755 0.01544047 0.00410621
-0.47878546 0.01531560 0.00408396
-0.47719337 0.01518973 0.00406241
-0.47559980 0.01506327 0.00404149
-0.47400772 0.01493683 0.00402097
-0.47241563 0.01481137 0.00400054
-0.47082206 0.01468847 0.00397963
-0.46922997 0.01457183 0.00395715
-0.46763788 0.01447227 0.00393275
-0.46604432 0.01440137 0.00390861
-0.46445223 0.01435197 0.00388590
-0.46286014 0.01430440 0.00386288
-0.46126658 0.01424883 0.00383914
-0.45967449 0.01418643 0.00381546
-0.45808240 0.01411983 0.00379233
-0.45649031 0.01404997 0.00376950
-0.45489822 0.01397763 0.00374709
-0.45330613 0.01390330 0.00372503
-0.45171257 0.01382737 0.00370327
-0.45012048 0.01375023 0.00368186
-0.44852839 0.01367207 0.00366069
-0.44693778 0.01359313 0.00363987
-0.44534569 0.01351364 0.00361931
-0.44375360 0.01343374 0.00359904
-0.44216151 0.01335352 0.00357901
-0.44057090 0.01327309 0.00355927
-0.43897882 0.01319266 0.00353981
-0.43738821 0.01311220 0.00352054
-0.43579612 0.01303189 0.00350157
-0.43420551 0.01295177 0.00348284
-0.43261490 0.01287186 0.00346431
-0.43102429 0.01279228 0.00344611
-0.42943368 0.01271305 0.00342809
-0.42784307 0.01263419 0.00341030
-0.42625394 0.01255585 0.00339278
-0.42466333 0.01247794 0.00337545
-0.42307419 0.01240062 0.00335841
-0.42148358 0.01232383 0.00334155
-0.41989445 0.01224764 0.00332497
-0.41830532 0.01217204 0.00330859
-0.41671619 0.01209704 0.00329242
-0.41512853 0.01202278 0.00327650
-0.41353940 0.01194920 0.00326080
-0.41195175 0.01187634 0.00324529
-0.41036262 0.01180424 0.00323001
-0.40877496 0.01173285 0.00321493
-0.40718731 0.01166227 0.00320005
-0.40560114 0.01159244 0.00318535
-0.40401348 0.01152344 0.00317089
-0.40242731 0.01145526 0.00315663
-0.40084113 0.01138785 0.00314252
-0.39925496 0.01132127 0.00312865
-0.39766878 0.01125554 0.00311496
-0.39608261 0.01119064 0.00310144
-0.39449791 0.01112662 0.00308815
-0.39291321 0.01106344 0.00307502
-0.39132851 0.01100112 0.00306206
-0.38974382 0.01093965 0.00304925
-0.38816060 0.01087909 0.00303665
-0.38657738 0.01081941 0.00302418
-0.38499416 0.01076065 0.00301190
-0.38341094 0.01070280 0.00299975
-0.38182920 0.01064588 0.00298770
-0.38024598 0.01058999 0.00297583
-0.37866424 0.01053511 0.00296400
-0.37708398 0.01048137 0.00295228
-0.37550224 0.01042888 0.00294058
-0.37392198 0.01037783 0.00292877
-0.37234172 0.01032884 0.00291685
-0.37076145 0.01028332 0.00290493
-0.36918267 0.01024151 0.00289346
-0.36760388 0.01020064 0.00288218
-0.36602510 0.01015873 0.00287091
-0.36444780 0.01011572 0.00285969
-0.36286901 0.01007200 0.00284869
-0.36129171 0.01002779 0.00283787
-0.35971588 0.00998321 0.00282719
-0.35814005 0.00993844 0.00281670
-0.35656422 0.00989358 0.00280642
-0.35498840 0.00984866 0.00279625
-0.35341405 0.00980379 0.00278625
-0.35183970 0.00975902 0.00277641
-0.35026535 0.00971438 0.00276670
-0.34869248 0.00966994 0.00275713
-0.34711961 0.00962574 0.00274775
-0.34554674 0.00958179 0.00273849
-0.34397534 0.00953813 0.00272937
-0.34240395 0.00949480 0.00272039
-0.34083256 0.00945181 0.00271154
-0.33926264 0.00940918 0.00270279
-0.33769273 0.00936697 0.00269419
-0.33612429 0.00932514 0.00268568
-0.33455586 0.00928375 0.00267730
-0.33298742 0.00924277 0.00266899
-0.33142046 0.00920223 0.00266075
-0.32985350 0.00916218 0.00265259
-0.32828655 0.00912260 0.00264447
-0.32672107 0.00908361 0.00263652
-0.32515559 0.00904516 0.00262861
-0.32359159 0.00900734 0.00262084
-0.32202758 0.00897018 0.00261318
-0.32046358 0.00893372 0.00260560
-0.31890106 0.00889805 0.00259811
-0.31734002 0.00886327 0.00259071
-0.31577749 0.00882944 0.00258328
-0.31421793 0.00879681 0.00257585
-0.31265688 0.00876551 0.00256827
-0.31109731 0.00873596 0.00256053
-0.30953923 0.00870861 0.00255244
-0.30798114 0.00868419 0.00254370
-0.30642305 0.00866393 0.00253389
-0.30486644 0.00865149 0.00252284
-0.30330983 0.00865264 0.00251183
-0.30175470 0.00866537 0.00250205
-0.30019957 0.00867853 0.00249211
-0.29864591 0.00868634 0.00248135
-0.29709226 0.00868957 0.00247065
-0.29554008 0.00868876 0.00246005
-0.29398791 0.00868444 0.00244946
-0.29243721 0.00867721 0.00243895
-0.29088651 0.00866763 0.00242849
-0.28933730 0.00865609 0.00241816
-0.28778808 0.00864282 0.00240786
-0.28623886 0.00862808 0.00239762
-0.28469112 0.00861208 0.00238744
-0.28314485 0.00859498 0.00237727
-0.28159859 0.00857692 0.00236709
-0.28005381 0.00855805 0.00235692
-0.27850902 0.00853855 0.00234679
-0.27696572 0.00851847 0.00233665
-0.27542241 0.00849791 0.00232645
-0.27388059 0.00847702 0.00231628
-0.27234024 0.00845583 0.00230605
-0.27079989 0.00843442 0.00229577
-0.26925954 0.00841291 0.00228550
-0.26772067 0.00839128 0.00227511
-0.26618327 0.00836963 0.00226468
-0.26464588 0.00834799 0.00225419
-0.26310997 0.00832642 0.00224366
-0.26157405 0.00830489 0.00223303
-0.26003962 0.00828342 0.00222230
-0.25850518 0.00826200 0.00221148
-0.25697222 0.00824065 0.00220062
-0.25544074 0.00821930 0.00218970
-0.25390926 0.00819782 0.00217867
-0.25237926 0.00817618 0.00216770
-0.25084926 0.00815413 0.00215667
-0.24932074 0.00813151 0.00214578
-0.24779369 0.00810792 0.00213508
-0.24626665 0.00808291 0.00212470
-0.24474108 0.00805572 0.00211488
-0.24321552 0.00802544 0.00210598
-0.24169143 0.00799026 0.00209851
-0.24016882 0.00794804 0.00209346
-0.23864621 0.00789289 0.00209196
-0.23712508 0.00780802 0.00209161
-0.23560542 0.00768818 0.00208672
-0.23408577 0.00756531 0.00207895
-0.23256759 0.00746999 0.00207324
-0.23104942 0.00740201 0.00206833
-0.22953272 0.00735267 0.00206278
-0.22801750 0.00731628 0.00205672
-0.22650376 0.00728930 0.00205009
-0.22499002 0.00726929 0.00204300
-0.22347628 0.00725447 0.00203557
-0.22196550 0.00724356 0.00202786
-0.22045471 0.00723558 0.00201992
-0.21894541 0.00722976 0.00201173
-0.21743610 0.00722554 0.00200334
-0.21592827 0.00722251 0.00199481
-0.21442193 0.00722033 0.00198618
-0.21291705 0.00721868 0.00197740
-0.21141218 0.00721737 0.00196850
-0.20990879 0.00721623 0.00195952
-0.20840540 0.00721509 0.00195044
-0.20690496 0.00721384 0.00194130
-0.20540453 0.00721237 0.00193208
-0.20390557 0.00721056 0.00192282
-0.20240661 0.00720832 0.00191351
-0.20090913 0.00720553 0.00190417
-0.19941313 0.00720208 0.00189485
-0.19791861 0.00719779 0.00188556
-0.19642408 0.00719248 0.00187638
-0.19493104 0.00718586 0.00186739
-0.19343947 0.00717748 0.00185872
-0.19194791 0.00716628 0.00185045
-0.19045930 0.00715060 0.00184235
-0.18897069 0.00713004 0.00183410
-0.18748355 0.00710665 0.00182567
-0.18599642 0.00708334 0.00181730
-0.18451077 0.00706165 0.00180911
-0.18302659 0.00704135 0.00180097
-0.18154390 0.00702191 0.00179278
-0.18006268 0.00700322 0.00178456
-0.17858146 0.00698521 0.00177632
-0.17710172 0.00696786 0.00176807
-0.17562346 0.00695112 0.00175980
-0.17414667 0.00693499 0.00175151
-0.17266989 0.00691942 0.00174320
-0.17119606 0.00690443 0.00173485
-0.16972223 0.00689000 0.00172648
-0.16824841 0.00687612 0.00171807
-0.16677754 0.00686279 0.00170963
-0.16530667 0.00685000 0.00170114
-0.16383875 0.00683776 0.00169262
-0.16237084 0.00682606 0.00168405
-0.16090440 0.00681489 0.00167544
-0.15943796 0.00680426 0.00166678
-0.15797449 0.00679415 0.00165807
-0.15651101 0.00678456 0.00164930
-0.15504900 0.00677547 0.00164048
-0.15358848 0.00676689 0.00163160
-0.15212944 0.00675880 0.00162266
-0.15067039 0.00675117 0.00161366
-0.14921430 0.00674403 0.00160459
-0.14775822 0.00673733 0.00159544
-0.14630375 0.00673106 0.00158622
-0.14485062 0.00672522 0.00157693
-0.14339867 0.00671978 0.00156756
-0.14194791 0.00671472 0.00155810
-0.14049847 0.00671002 0.00154856
-0.13905022 0.00670566 0.00153894
-0.13760344 0.00670163 0.00152922
-0.13615770 0.00669788 0.00151942
-0.13471344 0.00669442 0.00150952
-0.13327021 0.00669119 0.00149953
-0.13182846 0.00668820 0.00148943
-0.13038804 0.00668539 0.00147924
-0.12894881 0.00668275 0.00146894
-0.12751090 0.00668024 0.00145854
-0.12607433 0.00667782 0.00144804
-0.12463893 0.00667545 0.00143744
-0.12320502 0.00667307 0.00142674
-0.12177229 0.00667062 0.00141595
-0.12034104 0.00666801 0.00140510
-0.11891096 0.00666514 0.00139420
-0.11748222 0.00666183 0.00138330
-0.11605496 0.00665786 0.00137247
-0.11462888 0.00665282 0.00136184
-0.11320413 0.00664613 0.00135163
-0.11178086 0.00663617 0.00134209
-0.11035892 0.00661860 0.00133270
-0.10893816 0.00659224 0.00132237
-0.10751888 0.00656549 0.00131145
-0.10610108 0.00654587 0.00130099
-0.10468446 0.00653224 0.00129067
-0.10326932 0.00652155 0.00128017
-0.10185551 0.00651230 0.00126953
-0.10044304 0.00650373 0.00125880
-0.09903203 0.00649542 0.00124797
-0.09762236 0.00648709 0.00123708
-0.09621417 0.00647859 0.00122614
-0.09480731 0.00646978 0.00121515
-0.09340178 0.00646060 0.00120414
-0.09199772 0.00645098 0.00119311
-0.09059500 0.00644086 0.00118207
-0.08919376 0.00643021 0.00117105
-0.08779384 0.00641897 0.00116006
-0.08639541 0.00640710 0.00114909
-0.08499845 0.00639455 0.00113818
-0.08360282 0.00638125 0.00112734
-0.08220867 0.00636712 0.00111660
-0.08081600 0.00635207 0.00110598
-0.07942466 0.00633597 0.00109552
-0.07803480 0.00631865 0.00108530
-0.07664641 0.00629987 0.00107537
-0.07525951 0.00627937 0.00106584
-0.07387393 0.00625672 0.00105682
-0.07248984 0.00623143 0.00104846
-0.07110722 0.00620266 0.00104100
-0.06972608 0.00616941 0.00103474
-0.06834642 0.00612945 0.00102990
-0.06696823 0.00607493 0.00102493
-0.06559138 0.00600799 0.00101676
-0.06421615 0.00595989 0.00100656
-0.06284240 0.00595507 0.00099797
-0.06146998 0.00598051 0.00098997
-0.06009919 0.00601743 0.00098077
-0.05872988 0.00605987 0.00097067
-0.05736204 0.00610674 0.00095964
-0.05599568 0.00615973 0.00094746
-0.05463080 0.00622152 0.00093358
-0.05326740 0.00629756 0.00091716
-0.05190548 0.00639486 0.00089675
-0.05054518 0.00652726 0.00087027
-0.04918636 0.00671310 0.00083552
-0.04782902 0.00699344 0.00079336
-0.04647316 0.00740791 0.00075502
-0.04511893 0.00779853 0.00072856
-0.04376617 0.00788975 0.00069844
-0.04241504 0.00773823 0.00066257
-0.04106524 0.00757648 0.00063445
-0.03971706 0.00746301 0.00061068
-0.03837051 0.00738326 0.00058631
-0.03702529 0.00732646 0.00056086
-0.03568185 0.00729146 0.00053345
-0.03433973 0.00728034 0.00050328
-0.03299939 0.00730276 0.00046875
-0.03166038 0.00737594 0.00042842
-0.03032315 0.00754759 0.00038139
-0.02898739 0.00788896 0.00033283
-0.02765326 0.00822225 0.00028609
-0.02632105 0.00808510 0.00023573
-0.02499002 0.00740940 0.00018753
-0.02366047 0.00655070 0.00015836
-0.02233255 0.00569143 0.00014157
-0.02100625 0.00484819 0.00013051
-0.01968143 0.00403789 0.00011779
-0.01835824 0.00326214 0.00010785
-0.01703653 0.00252950 0.00009349
-0.01571644 0.00182687 0.00008330
-0.01439801 0.00115757 0.00007224
-0.01308110 0.00048978 0.00004598
-0.01176578 0.00026681 0.00006173
-0.01045207 0.00070920 0.00009889
-0.00913993 0.00133025 0.00012541
-0.00782941 0.00193889 0.00012860
-0.00652048 0.00261592 0.00013438
-0.00521317 0.00329299 0.00014102
-0.00390746 0.00420915 0.00013796
-0.00260335 0.00511784 0.00016017
-0.00130087 0.00734161 0.00012264
-0.00000000 0.00847140 0.00025460
