# s/c   M_is_mean    M_is_std
0.00000000 0.01910552 0.00120054
0.00130087 0.02915331 0.00062508
0.00260174 0.03682518 0.00038271
0.00390261 0.04338640 0.00024583
0.00520348 0.04926631 0.00016364
0.00650435 0.05467075 0.00011881
0.00780522 0.05971652 0.00010252
0.00910609 0.06447711 0.00010398
0.01040697 0.06900221 0.00011252
0.01170784 0.07332729 0.00012231
0.01300871 0.07747873 0.00013122
0.01430958 0.08147689 0.00013875
0.01561045 0.08533789 0.00014499
0.01691132 0.08907487 0.00015017
0.01821219 0.09269875 0.00015458
0.01951306 0.09621880 0.00015847
0.02081393 0.09964301 0.00016205
0.02211480 0.10297840 0.00016546
0.02341567 0.10623119 0.00016881
0.02470176 0.10940700 0.00017216
0.02600263 0.11251093 0.00017554
0.02730350 0.11554768 0.00017894
0.02860437 0.11852159 0.00018236
0.02990524 0.12143673 0.00018576
0.03120611 0.12429693 0.00018910
0.03250698 0.12710580 0.00019234
0.03380786 0.12986679 0.00019545
0.03510873 0.13258318 0.00019838
0.03640960 0.13525812 0.00020110
0.03771047 0.13789466 0.00020358
0.03901134 0.14049570 0.00020579
0.04029743 0.14306408 0.00020771
0.04159830 0.14560253 0.00020934
0.04289917 0.14811369 0.00021066
0.04420004 0.15060016 0.00021167
0.04550091 0.15306441 0.00021238
0.04680178 0.15550888 0.00021278
0.04810265 0.15793592 0.00021290
0.04940352 0.16034784 0.00021275
0.05068961 0.16274685 0.00021234
0.05199048 0.16513512 0.00021171
0.05329135 0.16751475 0.00021087
0.05459222 0.16988778 0.00020985
0.05589309 0.17225618 0.00020869
0.05719396 0.17462187 0.00020741
0.05849483 0.17698669 0.00020606
0.05978092 0.17935242 0.00020465
0.06108179 0.18172081 0.00020324
0.06238266 0.18409350 0.00020185
0.06368353 0.18647209 0.00020053
0.06498440 0.18885812 0.00019929
0.06628528 0.19125306 0.00019818
0.06757136 0.19365831 0.00019723
0.06887223 0.19607520 0.00019647
0.07017310 0.19850503 0.00019592
0.07147398 0.20094898 0.00019560
0.07277485 0.20340823 0.00019553
0.07407572 0.20588383 0.00019573
0.07536180 0.20837682 0.00019622
0.07666268 0.21088815 0.00019699
0.07796355 0.21341870 0.00019805
0.07926442 0.21596930 0.00019940
0.08056529 0.21854072 0.00020103
0.08185138 0.22113367 0.00020295
0.08315225 0.22374877 0.00020515
0.08445312 0.22638662 0.00020760
0.08575399 0.22904774 0.00021030
0.08704008 0.23173260 0.00021325
0.08834095 0.23444160 0.00021641
0.08964182 0.23717509 0.00021979
0.09094269 0.23993338 0.00022336
0.09224356 0.24271672 0.00022711
0.09352965 0.24552529 0.00023104
0.09483052 0.24835924 0.00023512
0.09613139 0.25121868 0.00023936
0.09743226 0.25410364 0.00024374
0.09871835 0.25701413 0.00024824
0.10001922 0.25995012 0.00025288
0.10132009 0.26291151 0.00025763
0.10260618 0.26589820 0.00026250
0.10390705 0.26891002 0.00026748
0.10520792 0.27194676 0.00027256
0.10650879 0.27500820 0.00027775
0.10779488 0.27809406 0.00028304
0.10909575 0.28120406 0.00028844
0.11039662 0.28433784 0.00029393
0.11169749 0.28749506 0.00029952
0.11298358 0.29067533 0.00030521
0.11428445 0.29387824 0.00031100
0.11558532 0.29710333 0.00031689
0.11687141 0.30035016 0.00032287
0.11817228 0.30361825 0.00032894
0.11947315 0.30690708 0.00033510
0.12075924 0.31021614 0.00034135
0.12206011 0.31354489 0.00034769
0.12336098 0.31689278 0.00035411
0.12466185 0.32025924 0.00036060
0.12594794 0.32364368 0.00036717
0.12724881 0.32704553 0.00037380
0.12854968 0.33046417 0.00038050
0.12983577 0.33573731 0.00040040
0.13113664 0.33936921 0.00041300
0.13243751 0.34298093 0.00042247
0.13372359 0.34658658 0.00042947
0.13502447 0.35019401 0.00043536
0.13632534 0.35379906 0.00044013
0.13761142 0.35739665 0.00044355
0.13891229 0.36099115 0.00044590
0.14019838 0.36461367 0.00045007
0.14149925 0.36831389 0.00046045
0.14280012 0.37211171 0.00047624
0.14408621 0.37595811 0.00049547
0.14538708 0.37975656 0.00051654
0.14668795 0.38345239 0.00053014
0.14797404 0.38704646 0.00053352
0.14927491 0.39056685 0.00053153
0.15056100 0.39406565 0.00052780
0.15186187 0.39757563 0.00052492
0.15316274 0.40107732 0.00052355
0.15444883 0.40453657 0.00052232
0.15574970 0.40795977 0.00051938
0.15703579 0.41138348 0.00051533
0.15833666 0.41479882 0.00051020
0.15963753 0.41816980 0.00050236
0.16092362 0.42148611 0.00049148
0.16222449 0.42483175 0.00048039
0.16351058 0.42832970 0.00047859
0.16481145 0.43196709 0.00049071
0.16611232 0.43565447 0.00051492
0.16739841 0.43931886 0.00054432
0.16869928 0.44292064 0.00056572
0.16998537 0.44645819 0.00057715
0.17128624 0.44993937 0.00058252
0.17257232 0.45337400 0.00058320
0.17387319 0.45677289 0.00058104
0.17517407 0.46014654 0.00057691
0.17646015 0.46350486 0.00057136
0.17776102 0.46685536 0.00056465
0.17904711 0.47020118 0.00055687
0.18034798 0.47354629 0.00054818
0.18163407 0.47689452 0.00053900
0.18293494 0.48025887 0.00053117
0.18422103 0.48366637 0.00052797
0.18552190 0.48713306 0.00052984
0.18680799 0.49064669 0.00053531
0.18810886 0.49415487 0.00053937
0.18939495 0.49760525 0.00053302
0.19069582 0.50099818 0.00051632
0.19199669 0.50441687 0.00049905
0.19328278 0.50798306 0.00049251
0.19458365 0.51169380 0.00050065
0.19586974 0.51547342 0.00052127
0.19717061 0.51928084 0.00054746
0.19845669 0.52309721 0.00056890
0.19975757 0.52693979 0.00058619
0.20104365 0.53080990 0.00060100
0.20234452 0.53466838 0.00060708
0.20363061 0.53848626 0.00060006
0.20493148 0.54224444 0.00058087
0.20621757 0.54600085 0.00055977
0.20750366 0.54987608 0.00054926
0.20880453 0.55389422 0.00055280
0.21009062 0.55800771 0.00056827
0.21139149 0.56216145 0.00058960
0.21267758 0.56632191 0.00060699
0.21397845 0.57050199 0.00061890
0.21526454 0.57472478 0.00062982
0.21656541 0.57900291 0.00064289
0.21785149 0.58334304 0.00065953
0.21915236 0.58773954 0.00067972
0.22043845 0.59217791 0.00070186
0.22173932 0.59663973 0.00072274
0.22302541 0.60111169 0.00074078
0.22432628 0.60558964 0.00075626
0.22561237 0.61008936 0.00077156
0.22689846 0.61464230 0.00079136
0.22819933 0.61925563 0.00081781
0.22948542 0.62391555 0.00085076
0.23078629 0.62860468 0.00088753
0.23207238 0.63330300 0.00092391
0.23337325 0.63799103 0.00095674
0.23465933 0.64264814 0.00098385
0.23594542 0.64725702 0.00100542
0.23724629 0.65181245 0.00102236
0.23853238 0.65632552 0.00103578
0.23983325 0.66081647 0.00104730
0.24111934 0.66530343 0.00105884
0.24240543 0.66979327 0.00107210
0.24370630 0.67427724 0.00108792
0.24499239 0.67873940 0.00110596
0.24629326 0.68317008 0.00112511
0.24757935 0.68756188 0.00114384
0.24886543 0.69190416 0.00115939
0.25016630 0.69619224 0.00117113
0.25145239 0.70042324 0.00118018
0.25275326 0.70459629 0.00118853
0.25403935 0.70872072 0.00119829
0.25532544 0.71280347 0.00120995
0.25662631 0.71684567 0.00122324
0.25791240 0.72084271 0.00123709
0.25919849 0.72478198 0.00124991
0.26049936 0.72865017 0.00125894
0.26178545 0.73243718 0.00126210
0.26307153 0.73614217 0.00126062
0.26437240 0.73977234 0.00125798
0.26565849 0.74335896 0.00125723
0.26695936 0.74695404 0.00126105
0.26824545 0.75057352 0.00126955
0.26953154 0.75419087 0.00128301
0.27083241 0.75775204 0.00130002
0.27211850 0.76119233 0.00131127
0.27340459 0.76448845 0.00131364
0.27470546 0.76765833 0.00131053
0.27599154 0.77075076 0.00130506
0.27727763 0.77381965 0.00130410
0.27857850 0.77687998 0.00130854
0.27986459 0.77992118 0.00131560
0.28115068 0.78291860 0.00132346
0.28243677 0.78581634 0.00132507
0.28373764 0.78855886 0.00132311
0.28502373 0.79116302 0.00132287
0.28630981 0.79368434 0.00132297
0.28761068 0.79618143 0.00132192
0.28889677 0.79866862 0.00132220
0.29018286 0.80108192 0.00132657
0.29148373 0.80335392 0.00132691
0.29276982 0.80546873 0.00131820
0.29405591 0.80744281 0.00130201
0.29534200 0.80930955 0.00128097
0.29664287 0.81111277 0.00126040
0.29792895 0.81286710 0.00124346
0.29921504 0.81455415 0.00123053
0.30051591 0.81613827 0.00121959
0.30180200 0.81758338 0.00120509
0.30308809 0.81888326 0.00118472
0.30437418 0.82006675 0.00116055
0.30567505 0.82118032 0.00113588
0.30696114 0.82227094 0.00111560
0.30824722 0.82335326 0.00110229
0.30953331 0.82440876 0.00109539
0.31083418 0.82540105 0.00109269
0.31212027 0.82630204 0.00109050
0.31340636 0.82710835 0.00108386
0.31469245 0.82782345 0.00106748
0.31599332 0.82844122 0.00103948
0.31727941 0.82894890 0.00100106
0.31856549 0.82935157 0.00095413
0.31985158 0.82967907 0.00090368
0.32115245 0.82996594 0.00085520
0.32243854 0.83024858 0.00081481
0.32372463 0.83056667 0.00079068
0.32501072 0.83093465 0.00078586
0.32629681 0.83134220 0.00079695
0.32759768 0.83177052 0.00081911
0.32888376 0.83219320 0.00084382
0.33016985 0.83258390 0.00085976
0.33145594 0.83293084 0.00086457
0.33275681 0.83323342 0.00086074
0.33404290 0.83350172 0.00085334
0.33532899 0.83375473 0.00085108
0.33661508 0.83400295 0.00085736
0.33790116 0.83424833 0.00087028
0.33918725 0.83449148 0.00088453
0.34048812 0.83473899 0.00089654
0.34177421 0.83500031 0.00090528
0.34306030 0.83528590 0.00091233
0.34434639 0.83560420 0.00092092
0.34563247 0.83595685 0.00093446
0.34693335 0.83633960 0.00095781
0.34821943 0.83673243 0.00099022
0.34950552 0.83711956 0.00102859
0.35079161 0.83749667 0.00107015
0.35207770 0.83784896 0.00110602
0.35336379 0.83817062 0.00113078
0.35466466 0.83847784 0.00114661
0.35595074 0.83879771 0.00115954
0.35723683 0.83915340 0.00117638
0.35852292 0.83954787 0.00119990
0.35980901 0.83997364 0.00123087
0.36109510 0.84042880 0.00126783
0.36238118 0.84091280 0.00130934
0.36368206 0.84141289 0.00135257
0.36496814 0.84190337 0.00139140
0.36625423 0.84236031 0.00142217
0.36754032 0.84277880 0.00144544
0.36882641 0.84317736 0.00146640
0.37011250 0.84358942 0.00149355
0.37139858 0.84403833 0.00153280
0.37269945 0.84451539 0.00158331
0.37398554 0.84500117 0.00163911
0.37527163 0.84548820 0.00169554
0.37655772 0.84597810 0.00174819
0.37784381 0.84648089 0.00179164
0.37912989 0.84701237 0.00182553
0.38041598 0.84756882 0.00185152
0.38170207 0.84811725 0.00186921
0.38298816 0.84862785 0.00188090
0.38428903 0.84909918 0.00189237
0.38557512 0.84954962 0.00190961
0.38686121 0.84999965 0.00193626
0.38814729 0.85046613 0.00197187
0.38943338 0.85096226 0.00201483
0.39071947 0.85149328 0.00206299
0.39200556 0.85205419 0.00211335
0.39329165 0.85264053 0.00216418
0.39457773 0.85325663 0.00221550
0.39586382 0.85391017 0.00226679
0.39714991 0.85460437 0.00231869
0.39843600 0.85531754 0.00237010
0.39973687 0.85599516 0.00241431
0.40102296 0.85658179 0.00244547
0.40230905 0.85706715 0.00246491
0.40359513 0.85750192 0.00248723
0.40488122 0.85794310 0.00252201
0.40616731 0.85841871 0.00256731
0.40745340 0.85892948 0.00261925
0.40873949 0.85943954 0.00266852
0.41002557 0.85991190 0.00270794
0.41131166 0.86035183 0.00274051
0.41259775 0.86079246 0.00277313
0.41388384 0.86125187 0.00280754
0.41516993 0.86172545 0.00284144
0.41645601 0.86224774 0.00288013
0.41774210 0.86289206 0.00293603
0.41902819 0.86371272 0.00301371
0.42031428 0.86466132 0.00310039
0.42160037 0.86560796 0.00317384
0.42288645 0.86649435 0.00322610
0.42417254 0.86733092 0.00326596
0.42545863 0.86814311 0.00330517
0.42674472 0.86895035 0.00334667
0.42803081 0.86975237 0.00338678
0.42931690 0.87055197 0.00342523
0.43060298 0.87136274 0.00346562
0.43188907 0.87220151 0.00351242
0.43317516 0.87307658 0.00356671
0.43446125 0.87398644 0.00362623
0.43574734 0.87492808 0.00368897
0.43703342 0.87590048 0.00375437
0.43831951 0.87689830 0.00381946
0.43960560 0.87791719 0.00388360
0.44089169 0.87894363 0.00394505
0.44217778 0.87994955 0.00399833
0.44346386 0.88091485 0.00404067
0.44474995 0.88184653 0.00407495
0.44603604 0.88280013 0.00411827
0.44732213 0.88384811 0.00418603
0.44860822 0.88503179 0.00428000
0.44989430 0.88630861 0.00438708
0.45118039 0.88755341 0.00447773
0.45246648 0.88871144 0.00454159
0.45375257 0.88980059 0.00459049
0.45503866 0.89082993 0.00463352
0.45632474 0.89179481 0.00466890
0.45761083 0.89266222 0.00468517
0.45889692 0.89341652 0.00467941
0.46018301 0.89410434 0.00466890
0.46146910 0.89479972 0.00467373
0.46275519 0.89558451 0.00470698
0.46404127 0.89646292 0.00476223
0.46532736 0.89733567 0.00481268
0.46661345 0.89814684 0.00484725
0.46789954 0.89890428 0.00487163
0.46917084 0.89964875 0.00490127
0.47045693 0.90042832 0.00494865
0.47174302 0.90125261 0.00501101
0.47302911 0.90210346 0.00508127
0.47431520 0.90295307 0.00514973
0.47560128 0.90377067 0.00520644
0.47688737 0.90454254 0.00524991
0.47817346 0.90527439 0.00528399
0.47945955 0.90598776 0.00531594
0.48074564 0.90671008 0.00535317
0.48203172 0.90746518 0.00540061
0.48331781 0.90825441 0.00545802
0.48460390 0.90904682 0.00551551
0.48587521 0.90981583 0.00556602
0.48716129 0.91055029 0.00560748
0.48844738 0.91125050 0.00564111
0.48973347 0.91192673 0.00567167
0.49101956 0.91259034 0.00570351
0.49230565 0.91325143 0.00573893
0.49359173 0.91391855 0.00577889
0.49487782 0.91459882 0.00582425
0.49616391 0.91529436 0.00587412
0.49743522 0.91600283 0.00592703
0.49872130 0.91671748 0.00598094
0.50000739 0.91742717 0.00603254
0.50129348 0.91812075 0.00607974
0.50257957 0.91878963 0.00612061
0.50386566 0.91942785 0.00615421
0.50515174 0.92003839 0.00618281
0.50643783 0.92063659 0.00621145
0.50770914 0.92123562 0.00624399
0.50899523 0.92184062 0.00628129
0.51028131 0.92244506 0.00632048
0.51156740 0.92302889 0.00635496
0.51285349 0.92357568 0.00638083
0.51413958 0.92407762 0.00639701
0.51542567 0.92453743 0.00640533
0.51669697 0.92497312 0.00641257
0.51798306 0.92541127 0.00642657
0.51926915 0.92587969 0.00645244
0.52055524 0.92639313 0.00649126
0.52184132 0.92695170 0.00654078
0.52312741 0.92752905 0.00659201
0.52439872 0.92807004 0.00663129
0.52568480 0.92853977 0.00664798
0.52697089 0.92892980 0.00664178
0.52825698 0.92925886 0.00662455
0.52954307 0.92958371 0.00661220
0.53082916 0.92995004 0.00661672
0.53210046 0.93037163 0.00663794
0.53338655 0.93081973 0.00666252
0.53467264 0.93123762 0.00667634
0.53595873 0.93160119 0.00667274
0.53724481 0.93192130 0.00665549
0.53853090 0.93223666 0.00664113
0.53980221 0.93259943 0.00664394
0.54108830 0.93302766 0.00666387
0.54237438 0.93350133 0.00669256
0.54366047 0.93398589 0.00671890
0.54494656 0.93445308 0.00673475
0.54621787 0.93488334 0.00673545
0.54750395 0.93528139 0.00672575
0.54879004 0.93568442 0.00671836
0.55007613 0.93611917 0.00671937
0.55134744 0.93659925 0.00673032
0.55263352 0.93711949 0.00674675
0.55391961 0.93764845 0.00675794
0.55520570 0.93815780 0.00675775
0.55649179 0.93863847 0.00674518
0.55776309 0.93910331 0.00672533
0.55904918 0.93958386 0.00670978
0.56033527 0.94010290 0.00670479
0.56162136 0.94066237 0.00670901
0.56289266 0.94124958 0.00671774
0.56417875 0.94183826 0.00672375
0.56546484 0.94240830 0.00672181
0.56675093 0.94294606 0.00670942
0.56803702 0.94344048 0.00668423
0.56930832 0.94388745 0.00664666
0.57059441 0.94429486 0.00660249
0.57188050 0.94468358 0.00655844
0.57316659 0.94507616 0.00652047
0.57443789 0.94549348 0.00649126
0.57572398 0.94595558 0.00647184
0.57701007 0.94647251 0.00646106
0.57829616 0.94704377 0.00645758
0.57956746 0.94765267 0.00645860
0.58085355 0.94825958 0.00645269
0.58213964 0.94883313 0.00643295
0.58341094 0.94935999 0.00639753
0.58469703 0.94983684 0.00634697
0.58598312 0.95027483 0.00628808
0.58726921 0.95069625 0.00622928
0.58854051 0.95111745 0.00617494
0.58982660 0.95154650 0.00612643
0.59111269 0.95197769 0.00608011
0.59239878 0.95238679 0.00602671
0.59367008 0.95275619 0.00596143
0.59495617 0.95308888 0.00588676
0.59624226 0.95340792 0.00581279
0.59751356 0.95374150 0.00574935
0.59879965 0.95410963 0.00570010
0.60008574 0.95452282 0.00566561
0.60137183 0.95498045 0.00564428
0.60264313 0.95546844 0.00563165
0.60392922 0.95595633 0.00561699
0.60521531 0.95641475 0.00559265
0.60648661 0.95682262 0.00555277
0.60777270 0.95716905 0.00549262
0.60905879 0.95747108 0.00542135
0.61033010 0.95775786 0.00534939
0.61161618 0.95805296 0.00528237
0.61290227 0.95836839 0.00522255
0.61417358 0.95870119 0.00516742
0.61545967 0.95904269 0.00511477
0.61674575 0.95938667 0.00506349
0.61801706 0.95973279 0.00501481
0.61930315 0.96008008 0.00496922
0.62058924 0.96042957 0.00492666
0.62187532 0.96079048 0.00489029
0.62314663 0.96117511 0.00486305
0.62443272 0.96159160 0.00484568
0.62571880 0.96203711 0.00483527
0.62699011 0.96249018 0.00482357
0.62827620 0.96291475 0.00479889
0.62954750 0.96328695 0.00475396
0.63083359 0.96360136 0.00468950
0.63211968 0.96385778 0.00460776
0.63339099 0.96406269 0.00451254
0.63467707 0.96423306 0.00441208
0.63596316 0.96438529 0.00431207
0.63723447 0.96453583 0.00421669
0.63852056 0.96470498 0.00413136
0.63980664 0.96490869 0.00405953
0.64107795 0.96515433 0.00400206
0.64236404 0.96543891 0.00395705
0.64365012 0.96575508 0.00392151
0.64492143 0.96609710 0.00389333
0.64620752 0.96646004 0.00387139
0.64749361 0.96683833 0.00385412
0.64876491 0.96722615 0.00383985
0.65005100 0.96761683 0.00382662
0.65132231 0.96800351 0.00381244
0.65260839 0.96837845 0.00379469
0.65389448 0.96873409 0.00377090
0.65516579 0.96906344 0.00373875
0.65645188 0.96936110 0.00369620
0.65772318 0.96962706 0.00364453
0.65900927 0.96986391 0.00358607
0.66029536 0.97006949 0.00352100
0.66156666 0.97023355 0.00344575
0.66285275 0.97034826 0.00335798
0.66413884 0.97041462 0.00325925
0.66541014 0.97044700 0.00315647
0.66669623 0.97047020 0.00306102
0.66796754 0.97050464 0.00298023
0.66925363 0.97056528 0.00291808
0.67053971 0.97065895 0.00287415
0.67181102 0.97078272 0.00284515
0.67309711 0.97092099 0.00282404
0.67436841 0.97104293 0.00279736
0.67565450 0.97112396 0.00275782
0.67692581 0.97115718 0.00270413
0.67821189 0.97114293 0.00263736
0.67949798 0.97108230 0.00255913
0.68076929 0.97097542 0.00246876
0.68205538 0.97082264 0.00236647
0.68332668 0.97063139 0.00225452
0.68461277 0.97042305 0.00214158
0.68589886 0.97022372 0.00203870
0.68717016 0.97004482 0.00195030
0.68845625 0.96988092 0.00187484
0.68972756 0.96972177 0.00180724
0.69101364 0.96956204 0.00174502
0.69228495 0.96939890 0.00168715
0.69357104 0.96923055 0.00163180
0.69484234 0.96906153 0.00158048
0.69612843 0.96889881 0.00153478
0.69741452 0.96875358 0.00149767
0.69868582 0.96863388 0.00147065
0.69997191 0.96853497 0.00145004
0.70124322 0.96844269 0.00143027
0.70252931 0.96833852 0.00140439
0.70380061 0.96821571 0.00137137
0.70508670 0.96807711 0.00133461
0.70635801 0.96792481 0.00129616
0.70764409 0.96775798 0.00125668
0.70893018 0.96757338 0.00121529
0.71020149 0.96736702 0.00117059
0.71148758 0.96713758 0.00112258
0.71275888 0.96689676 0.00107632
0.71404497 0.96666245 0.00103772
0.71531627 0.96645400 0.00101161
0.71660236 0.96627975 0.00099855
0.71787367 0.96613092 0.00099380
0.71915976 0.96599672 0.00099259
0.72043106 0.96586883 0.00099128
0.72171715 0.96574393 0.00098904
0.72298845 0.96562146 0.00098601
0.72427454 0.96550035 0.00098222
0.72554585 0.96537694 0.00097755
0.72683194 0.96524234 0.00097035
0.72810324 0.96508782 0.00095900
0.72938933 0.96490932 0.00094339
0.73066064 0.96471143 0.00092566
0.73194672 0.96450723 0.00090896
0.73321803 0.96430817 0.00089599
0.73450412 0.96412049 0.00088783
0.73577542 0.96394558 0.00088399
0.73706151 0.96378166 0.00088351
0.73833282 0.96362699 0.00088536
0.73961890 0.96348007 0.00088887
0.74089021 0.96333917 0.00089330
0.74217630 0.96320263 0.00089817
0.74344760 0.96306873 0.00090313
0.74473369 0.96293497 0.00090748
0.74600500 0.96280042 0.00091137
0.74729108 0.96266581 0.00091530
0.74856239 0.96253322 0.00091985
0.74984848 0.96240590 0.00092561
0.75111978 0.96228690 0.00093314
0.75240587 0.96217839 0.00094269
0.75367718 0.96208168 0.00095402
0.75496327 0.96199732 0.00096720
0.75623457 0.96192511 0.00098201
0.75752066 0.96186454 0.00099816
0.75879196 0.96181491 0.00101560
0.76007805 0.96177538 0.00103418
0.76134936 0.96174534 0.00105384
0.76263545 0.96172475 0.00107466
0.76390675 0.96171426 0.00109676
0.76517806 0.96171564 0.00112043
0.76646414 0.96173256 0.00114618
0.76773545 0.96176994 0.00117468
0.76902154 0.96183080 0.00120635
0.77029284 0.96191236 0.00124147
0.77157893 0.96200559 0.00127945
0.77285024 0.96210030 0.00131835
0.77413633 0.96218890 0.00135626
0.77540763 0.96226555 0.00139167
0.77669372 0.96232525 0.00142321
0.77796502 0.96236388 0.00145015
0.77923633 0.96237895 0.00147205
0.78052242 0.96237047 0.00148903
0.78179372 0.96234222 0.00150226
0.78307981 0.96230111 0.00151306
0.78435112 0.96225329 0.00152254
0.78563720 0.96220283 0.00153169
0.78690851 0.96215210 0.00154101
0.78817982 0.96210275 0.00155084
0.78946590 0.96205646 0.00156143
0.79073721 0.96201443 0.00157301
0.79202330 0.96197743 0.00158571
0.79329460 0.96194490 0.00159946
0.79458069 0.96191512 0.00161396
0.79585200 0.96188484 0.00162861
0.79712330 0.96184863 0.00164262
0.79840939 0.96180207 0.00165513
0.79968070 0.96174182 0.00166551
0.80096678 0.96166486 0.00167342
0.80223809 0.96157032 0.00167886
0.80350939 0.96145862 0.00168219
0.80479548 0.96133338 0.00168396
0.80606679 0.96120122 0.00168488
0.80735288 0.96106647 0.00168539
0.80862418 0.96093245 0.00168592
0.80989549 0.96080102 0.00168688
0.81118157 0.96067399 0.00168858
0.81245288 0.96055455 0.00169143
0.81373897 0.96044377 0.00169560
0.81501027 0.96033989 0.00170118
0.81628158 0.96023889 0.00170816
0.81756767 0.96013669 0.00171566
0.81883897 0.96003021 0.00172315
0.82012506 0.95991671 0.00173012
0.82139637 0.95979184 0.00173563
0.82266767 0.95964975 0.00173916
0.82395376 0.95948635 0.00174050
0.82522507 0.95930338 0.00173983
0.82651115 0.95910890 0.00173807
0.82778246 0.95891219 0.00173633
0.82905376 0.95871934 0.00173498
0.83033985 0.95853155 0.00173433
0.83161116 0.95834780 0.00173434
0.83288246 0.95816658 0.00173458
0.83416855 0.95798536 0.00173480
0.83543986 0.95780122 0.00173461
0.83672594 0.95761061 0.00173367
0.83799725 0.95740993 0.00173154
0.83926856 0.95719581 0.00172774
0.84055464 0.95696511 0.00172186
0.84182595 0.95671510 0.00171356
0.84309725 0.95644373 0.00170271
0.84438334 0.95615098 0.00168975
0.84565465 0.95584007 0.00167517
0.84692595 0.95551704 0.00166006
0.84821204 0.95519244 0.00164547
0.84948335 0.95487650 0.00163216
0.85076944 0.95457416 0.00162051
0.85204074 0.95428298 0.00161029
0.85331205 0.95399348 0.00160154
0.85459813 0.95369892 0.00159334
0.85586944 0.95339441 0.00158491
0.85714075 0.95307516 0.00157604
0.85842683 0.95273760 0.00156655
0.85969814 0.95238028 0.00155659
0.86096944 0.95200370 0.00154659
0.86225553 0.95161191 0.00153699
0.86352684 0.95121729 0.00152721
0.86479814 0.95083222 0.00151674
0.86608423 0.95046712 0.00150473
0.86735554 0.95013027 0.00149026
0.86862684 0.94982349 0.00147406
0.86991293 0.94954244 0.00145804
0.87118424 0.94927776 0.00144430
0.87245554 0.94901766 0.00143392
0.87374163 0.94875047 0.00142612
0.87501293 0.94846621 0.00141972
0.87628424 0.94815627 0.00141359
0.87757033 0.94781410 0.00140655
0.87884163 0.94743611 0.00139853
0.88011294 0.94702167 0.00139015
0.88138424 0.94657266 0.00138265
0.88267033 0.94609287 0.00137766
0.88394164 0.94558757 0.00137657
0.88521294 0.94506118 0.00138062
0.88649903 0.94451882 0.00139028
0.88777034 0.94396855 0.00140432
0.88904164 0.94341899 0.00142016
0.89032773 0.94287718 0.00143555
0.89159904 0.94234733 0.00144969
0.89287034 0.94183207 0.00146240
0.89415643 0.94133342 0.00147349
0.89542774 0.94085120 0.00148328
0.89669904 0.94038334 0.00149223
0.89797035 0.93992703 0.00150106
0.89925643 0.93947828 0.00151063
0.90052774 0.93903387 0.00152107
0.90179905 0.93859086 0.00153290
0.90308513 0.93814565 0.00154695
0.90435644 0.93769459 0.00156412
0.90562774 0.93723434 0.00158537
0.90691383 0.93676190 0.00161172
0.90818514 0.93627591 0.00164355
0.90945644 0.93577675 0.00168083
0.91072775 0.93526705 0.00172252
0.91201384 0.93475377 0.00176530
0.91328514 0.93424333 0.00180703
0.91455645 0.93374198 0.00184547
0.91582775 0.93325660 0.00187810
0.91711384 0.93279335 0.00190297
0.91838515 0.93235665 0.00191870
0.91965645 0.93194904 0.00192451
0.92094254 0.93156953 0.00192078
0.92221385 0.93120931 0.00191160
0.92348515 0.93085811 0.00190119
0.92475646 0.93050717 0.00189307
0.92604254 0.93015068 0.00188936
0.92731385 0.92978709 0.00188997
0.92858516 0.92941592 0.00189447
0.92985646 0.92903722 0.00190215
0.93114255 0.92865066 0.00191273
0.93241385 0.92825604 0.00192579
0.93368516 0.92785482 0.00194016
0.93495647 0.92745149 0.00195285
0.93624255 0.92705462 0.00195891
0.93751386 0.92667400 0.00195432
0.93878516 0.92631848 0.00193611
0.94005647 0.92599078 0.00190492
0.94134256 0.92568407 0.00186592
0.94261386 0.92538820 0.00182478
0.94388517 0.92509437 0.00178570
0.94515647 0.92479735 0.00175054
0.94644256 0.92449314 0.00172060
0.94771387 0.92417725 0.00169752
0.94898517 0.92384651 0.00168224
0.95025648 0.92349823 0.00167569
0.95154257 0.92313003 0.00167886
0.95281387 0.92273980 0.00169309
0.95408518 0.92232771 0.00171872
0.95535648 0.92190214 0.00175162
0.95664257 0.92147820 0.00178414
0.95791388 0.92107312 0.00180744
0.95918518 0.92069671 0.00181683
0.96045649 0.92034664 0.00181433
0.96174258 0.92001592 0.00180391
0.96301388 0.91969773 0.00178870
0.96428519 0.91938723 0.00177094
0.96555649 0.91907944 0.00175310
0.96682780 0.91876801 0.00173839
0.96811389 0.91844680 0.00173016
0.96938519 0.91811159 0.00173046
0.97065650 0.91776049 0.00174011
0.97192780 0.91739368 0.00175884
0.97321389 0.91701233 0.00178600
0.97448520 0.91661880 0.00182048
0.97575650 0.91621861 0.00185937
0.97702781 0.91581732 0.00189998
0.97829911 0.91542054 0.00193962
0.97958520 0.91503298 0.00197622
0.98085651 0.91465655 0.00200914
0.98212781 0.91429119 0.00203839
0.98339912 0.91393461 0.00206532
0.98468520 0.91358447 0.00209108
0.98595651 0.91323822 0.00211674
0.98722781 0.91289275 0.00214377
0.98849912 0.91254508 0.00217353
0.98977043 0.91219247 0.00220732
0.99105651 0.91183314 0.00224583
0.99232782 0.91146617 0.00228928
0.99359912 0.91109117 0.00233759
0.99487043 0.91070790 0.00239060
0.99614174 0.91031588 0.00244846
0.99742782 0.90991364 0.00251207
0.99869913 0.90950038 0.00258208
0.99997043 0.90907818 0.00265728
1.00124174 0.90864984 0.00273615
1.00251305 0.90821812 0.00281725
1.00378435 0.90778522 0.00289947
1.00507044 0.90735187 0.00298263
1.00634174 0.90691836 0.00306672
1.00761305 0.90648494 0.00315168
1.00888436 0.90605191 0.00323735
1.01015566 0.90561965 0.00332353
1.01144175 0.90518886 0.00340973
1.01271305 0.90476040 0.00349540
1.01398436 0.90433517 0.00357992
1.01525567 0.90391434 0.00366255
1.01652697 0.90349919 0.00374241
1.01779828 0.90309109 0.00381857
1.01908436 0.90269096 0.00389038
1.02035567 0.90229820 0.00395821
1.02162698 0.90190956 0.00402416
1.02289828 0.90151973 0.00409175
1.02416959 0.90112388 0.00416409
1.02545567 0.90071983 0.00424260
1.02672698 0.90030826 0.00432676
1.02799829 0.89989118 0.00441521
1.02926959 0.89947062 0.00450661
1.03054090 0.89904879 0.00459953
1.03181220 0.89862823 0.00469229
1.03309829 0.89821186 0.00478304
1.03436960 0.89780265 0.00486983
1.03564090 0.89740239 0.00495146
1.03691221 0.89701097 0.00502806
1.03818351 0.89662792 0.00509988
1.03945482 0.89625278 0.00516716
1.04072612 0.89588489 0.00523026
1.04201221 0.89552379 0.00528942
1.04328352 0.89516916 0.00534475
1.04455482 0.89482057 0.00539650
1.04582613 0.89447692 0.00544535
1.04709743 0.89413628 0.00549260
1.04836874 0.89379689 0.00553945
1.04965483 0.89345761 0.00558672
1.05092613 0.89311809 0.00563469
1.05219744 0.89277927 0.00568278
1.05346874 0.89244215 0.00573041
1.05474005 0.89210903 0.00577610
1.05601135 0.89178412 0.00581710
1.05728266 0.89147171 0.00585057
1.05856875 0.89117598 0.00587378
1.05984005 0.89089869 0.00588554
1.06111136 0.89063727 0.00588766
1.06238266 0.89038946 0.00588161
1.06365397 0.89015413 0.00586807
1.06492527 0.88993025 0.00584772
1.06619658 0.88971692 0.00582112
1.06746788 0.88951166 0.00578992
1.06875397 0.88931065 0.00575672
1.07002528 0.88910931 0.00572461
1.07129658 0.88890337 0.00569647
1.07256789 0.88868933 0.00567465
1.07383919 0.88846473 0.00566076
1.07511050 0.88822839 0.00565552
1.07638181 0.88798253 0.00565729
1.07766789 0.88773416 0.00566123
1.07893920 0.88749316 0.00566055
1.08021050 0.88726672 0.00565045
1.08148181 0.88705546 0.00563072
1.08275312 0.88685588 0.00560390
1.08402442 0.88666382 0.00557295
1.08529573 0.88647734 0.00553922
1.08656703 0.88629541 0.00550349
1.08783834 0.88611656 0.00546681
1.08912443 0.88593972 0.00543010
1.09039573 0.88576380 0.00539434
1.09166704 0.88558828 0.00536025
1.09293834 0.88541289 0.00532856
1.09420965 0.88523741 0.00530001
1.09548095 0.88506195 0.00527505
1.09675226 0.88488621 0.00525405
1.09802356 0.88470976 0.00523703
1.09930965 0.88453205 0.00522362
1.10058096 0.88435237 0.00521318
1.10185226 0.88417037 0.00520447
1.10312357 0.88398524 0.00519638
1.10439487 0.88379611 0.00518792
1.10566618 0.88360237 0.00517815
1.10693748 0.88340360 0.00516646
1.10820879 0.88319990 0.00515221
1.10948010 0.88299176 0.00513478
1.11075140 0.88278009 0.00511341
1.11203749 0.88256596 0.00508742
1.11330879 0.88235073 0.00505600
1.11458010 0.88213564 0.00501847
1.11585141 0.88192192 0.00497423
1.11712271 0.88171040 0.00492256
1.11839402 0.88149980 0.00486434
1.11966532 0.88128642 0.00480199
1.12093663 0.88106253 0.00474038
1.12220793 0.88081730 0.00468608
1.12347924 0.88054169 0.00464418
1.12475054 0.88023281 0.00461619
1.12603663 0.87989648 0.00460044
1.12730794 0.87954450 0.00459439
1.12857924 0.87919160 0.00459630
1.12985055 0.87885365 0.00460532
1.13112185 0.87854699 0.00462127
1.13239316 0.87829109 0.00464355
1.13366446 0.87810328 0.00467087
1.13493577 0.87799225 0.00470111
1.13620707 0.87796252 0.00473069
1.13747838 0.87800159 0.00475340
1.13874969 0.87808760 0.00476504
1.14002099 0.87818372 0.00476812
1.14130708 0.87825634 0.00477031
1.14257838 0.87829118 0.00477907
1.14384969 0.87827639 0.00479856
1.14512100 0.87820886 0.00483129
1.14639230 0.87809955 0.00487849
1.14766361 0.87797012 0.00493704
1.14893491 0.87782964 0.00500406
1.15020622 0.87766483 0.00507712
1.15147752 0.87745550 0.00515207
1.15274883 0.87719127 0.00523102
1.15402013 0.87685977 0.00530953
1.15529144 0.87675089 0.00533520
1.15656274 0.87645444 0.00538755
1.15783405 0.87615129 0.00544063
1.15912014 0.87584181 0.00549418
1.16039144 0.87552641 0.00554795
1.16166275 0.87520552 0.00560167
1.16293405 0.87487963 0.00565506
1.16420536 0.87454922 0.00570783
1.16547667 0.87421482 0.00575970
1.16674797 0.87387698 0.00581037
1.16801928 0.87353629 0.00585952
1.16929058 0.87319333 0.00590684
1.17056189 0.87284874 0.00595202
1.17183319 0.87250316 0.00599472
1.17310450 0.87215725 0.00603464
1.17437580 0.87181169 0.00607142
1.17564711 0.87146718 0.00610475
1.17691841 0.87112443 0.00613429
1.17818972 0.87078416 0.00615970
1.17946103 0.87044710 0.00618066
1.18074711 0.87011400 0.00619683
1.18201842 0.86978560 0.00620787
1.18328972 0.86946265 0.00621348
1.18456103 0.86914590 0.00621332
1.18583234 0.86883610 0.00620708
1.18710364 0.86853399 0.00619445
1.18837495 0.86824032 0.00617514
1.18964625 0.86795580 0.00614885
1.19091756 0.86768117 0.00611530
1.19218886 0.86741711 0.00607422
1.19346017 0.86716432 0.00602536
1.19473147 0.86692346 0.00596848
1.19600278 0.86669517 0.00590336
1.19727408 0.86648007 0.00582978
1.19854539 0.86627873 0.00574756
1.19981670 0.86609171 0.00565654
1.20108800 0.86591953 0.00555656
1.20235931 0.86576265 0.00544751
1.20363061 0.86562149 0.00532930
1.20490192 0.86549646 0.00520186
1.20617322 0.86538786 0.00506516
1.20744453 0.86529599 0.00491920
1.20873062 0.86522105 0.00476401
1.21000192 0.86516319 0.00459968
1.21127323 0.86512251 0.00442633
1.21254453 0.86509901 0.00424413
1.21381584 0.86509263 0.00405331
1.21508714 0.86510324 0.00385416
1.21635845 0.86513059 0.00364706
1.21762975 0.86517439 0.00343247
1.21890106 0.86523422 0.00321097
1.22017237 0.86530957 0.00298327
1.22144367 0.86539983 0.00275029
1.22271498 0.86550429 0.00251322
1.22398628 0.86562211 0.00227363
1.22525759 0.86575234 0.00203370
1.22652889 0.86589391 0.00179658
1.22780020 0.86604563 0.00156700
1.22907150 0.86620615 0.00135239
1.23034281 0.86637400 0.00116466
1.23161411 0.86654756 0.00102206
1.23288542 0.86672507 0.00094784
1.23415673 0.86690460 0.00095949
1.23542803 0.86708406 0.00105447
1.23669934 0.86726120 0.00121259
1.23797064 0.86743360 0.00141122
1.23924195 0.86759864 0.00163343
1.24051325 0.86775354 0.00186811
1.24178456 0.86789531 0.00210796
1.24305586 0.86802078 0.00234794
1.24432717 0.86812655 0.00258427
1.24559847 0.86820904 0.00281390
1.24686978 0.86826443 0.00303422
1.24814109 0.86828869 0.00324285
1.24941239 0.86827756 0.00343758
1.25068370 0.86822655 0.00361628
1.25195500 0.86813090 0.00377687
1.25322631 0.86798565 0.00391736
1.25449761 0.86778553 0.00403579
1.25576892 0.86752507 0.00413031
1.25704022 0.86719848 0.00419919
1.25831153 0.86679973 0.00424091
1.25958283 0.86632250 0.00425426
1.26085414 0.86576018 0.00423845
1.26212545 0.86510587 0.00419342
1.26339675 0.86435239 0.00412011
1.26466806 0.86349224 0.00402099
1.26593936 0.86251760 0.00390083
1.26721067 0.86142036 0.00376781
1.26848197 0.86019208 0.00363504
1.26975328 0.85882397 0.00352229
1.27102458 0.85730694 0.00345736
1.27229589 0.85563152 0.00347517
1.27356719 0.85378793 0.00361272
1.27483850 0.85176601 0.00390026
1.27610981 0.84955524 0.00435420
1.27738111 0.84714472 0.00497703
1.27865242 0.84452317 0.00576293
1.27992372 0.84167891 0.00670389
1.28119503 0.83859984 0.00779321
-0.96316762 0.84623393 0.00534013
-0.96189631 0.84975182 0.00599852
-0.96062353 0.85106050 0.00592921
-0.95934927 0.85194060 0.00594017
-0.95807353 0.85297976 0.00583835
-0.95679779 0.85480295 0.00532408
-0.95551909 0.85819901 0.00421583
-0.95423744 0.86525567 0.00447628
-0.95295431 0.88349390 0.01262540
-0.95167118 0.90732729 0.01937521
-0.95038804 0.90891543 0.01884462
-0.94910048 0.88532715 0.01557660
-0.94781143 0.86209359 0.01337573
-0.94651943 0.84759359 0.01195586
-0.94522743 0.83765278 0.01107925
-0.94393247 0.83012594 0.01035343
-0.94263604 0.82327734 0.00978073
-0.94133960 0.81670723 0.00926129
-0.94004021 0.81025675 0.00878346
-0.93873934 0.80409120 0.00836633
-0.93743699 0.79829500 0.00799992
-0.93613316 0.79285697 0.00767550
-0.93482786 0.78771998 0.00738427
-0.93351959 0.78284895 0.00711953
-0.93221133 0.77820785 0.00687784
-0.93090011 0.77376731 0.00665564
-0.92958890 0.76950254 0.00645023
-0.92827472 0.76539155 0.00626000
-0.92695907 0.76141689 0.00608154
-0.92564341 0.75756703 0.00591778
-0.92432480 0.75382072 0.00575852
-0.92300472 0.75018071 0.00560825
-0.92168315 0.74662957 0.00546607
-0.92036010 0.74316034 0.00533240
-0.91903410 0.73976951 0.00520324
-0.91770810 0.73646753 0.00507358
-0.91638062 0.73325095 0.00495288
-0.91505167 0.73012675 0.00484065
-0.91371975 0.72707756 0.00473396
-0.91238784 0.72408246 0.00463473
-0.91105297 0.72112049 0.00453608
-0.90971810 0.71818115 0.00444142
-0.90838027 0.71527489 0.00435074
-0.90704096 0.71239820 0.00426005
-0.90570166 0.70954404 0.00417849
-0.90435940 0.70671590 0.00409632
-0.90301565 0.70391377 0.00401348
-0.90167044 0.70113411 0.00393979
-0.90032374 0.69836988 0.00386218
-0.89897556 0.69562806 0.00379701
-0.89762591 0.69290163 0.00372259
-0.89627478 0.69019758 0.00365738
-0.89492217 0.68750181 0.00359217
-0.89356808 0.68482485 0.00352694
-0.89221251 0.68215963 0.00346558
-0.89085547 0.67950965 0.00340344
-0.88949695 0.67686781 0.00334668
-0.88813547 0.67424116 0.00328602
-0.88677399 0.67161904 0.00323312
-0.88541103 0.66901559 0.00318019
-0.88404659 0.66641306 0.00312253
-0.88267920 0.66382204 0.00307424
-0.88131181 0.66124252 0.00302121
-0.87994294 0.65866735 0.00297287
-0.87857259 0.65609647 0.00292365
-0.87719928 0.65353700 0.00287526
-0.87582598 0.65097816 0.00283071
-0.87445120 0.64843067 0.00278135
-0.87307345 0.64588732 0.00273672
-0.87169571 0.64334806 0.00269684
-0.87031650 0.64081286 0.00265599
-0.86893580 0.63828168 0.00261125
-0.86755215 0.63575446 0.00257129
-0.86616849 0.63323117 0.00253031
-0.86478336 0.63070815 0.00249029
-0.86339675 0.62818895 0.00245791
-0.86200866 0.62567718 0.00241679
-0.86061762 0.62316190 0.00238153
-0.85922657 0.62065031 0.00234521
-0.85783405 0.61814601 0.00230884
-0.85644005 0.61563439 0.00227735
-0.85504457 0.61312997 0.00223981
-0.85364761 0.61062175 0.00220825
-0.85224918 0.60811697 0.00217554
-0.85084926 0.60561193 0.00214391
-0.84944787 0.60310290 0.00211227
-0.84804648 0.60060082 0.00208059
-0.84664213 0.59809463 0.00205151
-0.84523630 0.59558792 0.00202357
-0.84382899 0.59307694 0.00199560
-0.84242169 0.59056532 0.00196881
-0.84101143 0.58804557 0.00194079
-0.83960116 0.58552501 0.00191651
-0.83818795 0.58300358 0.00189347
-0.83677473 0.58047003 0.00186535
-0.83536003 0.57793542 0.00184737
-0.83394238 0.57539596 0.00182297
-0.83252472 0.57284779 0.00180365
-0.83110559 0.57029455 0.00178432
-0.82968498 0.56773240 0.00176362
-0.82826289 0.56516874 0.00174423
-0.82684081 0.56259973 0.00172482
-0.82541576 0.56002148 0.00170402
-0.82398924 0.55745283 0.00169354
-0.82256272 0.55487857 0.00167404
-0.82113324 0.55231004 0.00165694
-0.81970376 0.54975102 0.00164118
-0.81827280 0.54719386 0.00162402
-0.81684036 0.54465386 0.00160430
-0.81540645 0.54211952 0.00158704
-0.81397106 0.53961012 0.00156581
-0.81253418 0.53711802 0.00155369
-0.81109584 0.53465492 0.00153231
-0.80965749 0.53221319 0.00151216
-0.80821618 0.52979682 0.00149058
-0.80677488 0.52740982 0.00147818
-0.80533209 0.52505628 0.00145774
-0.80388783 0.52272461 0.00143186
-0.80244209 0.52043063 0.00141120
-0.80099487 0.51815486 0.00139044
-0.79954765 0.51590526 0.00137498
-0.79809748 0.51367804 0.00135405
-0.79664730 0.51146933 0.00133303
-0.79519565 0.50927125 0.00131340
-0.79374252 0.50708383 0.00129771
-0.79228791 0.50490713 0.00127648
-0.79083182 0.50272913 0.00125675
-0.78937573 0.50055782 0.00123701
-0.78791669 0.49838111 0.00122672
-0.78645764 0.49620297 0.00121089
-0.78499712 0.49401120 0.00119676
-0.78353512 0.49181376 0.00118478
-0.78207164 0.48960243 0.00117456
-0.78060816 0.48736887 0.00116258
-0.77914320 0.48512106 0.00115240
-0.77767528 0.48285061 0.00114041
-0.77620885 0.48056139 0.00113797
-0.77473946 0.47825321 0.00112597
-0.77326859 0.47593410 0.00111970
-0.77179771 0.47360394 0.00111155
-0.77032537 0.47125838 0.00110730
-0.76885154 0.46892230 0.00110493
-0.76737623 0.46657899 0.00109494
-0.76590093 0.46424090 0.00109258
-0.76442266 0.46191227 0.00108439
-0.76294440 0.45959313 0.00108021
-0.76146466 0.45729624 0.00107019
-0.75998492 0.45501751 0.00106776
-0.75850222 0.45276561 0.00105353
-0.75701953 0.45054074 0.00104763
-0.75553535 0.44834740 0.00103917
-0.75405118 0.44619450 0.00102636
-0.75256405 0.44407802 0.00101771
-0.75107691 0.44199829 0.00100303
-0.74958830 0.43995558 0.00098987
-0.74809822 0.43795022 0.00098094
-0.74660813 0.43598688 0.00096755
-0.74511656 0.43405275 0.00094969
-0.74362352 0.43215243 0.00094211
-0.74212899 0.43027298 0.00092408
-0.74063447 0.42841451 0.00091638
-0.73913847 0.42657721 0.00089818
-0.73764099 0.42474785 0.00089038
-0.73614351 0.42292200 0.00087825
-0.73464307 0.42110416 0.00086613
-0.73314412 0.41928086 0.00086449
-0.73164220 0.41744753 0.00085869
-0.73014029 0.41560406 0.00085086
-0.72863542 0.41373667 0.00084937
-0.72713202 0.41184514 0.00084578
-0.72562567 0.40992919 0.00084010
-0.72411933 0.40797020 0.00083659
-0.72261150 0.40600913 0.00082670
-0.72110367 0.40405973 0.00082108
-0.71959436 0.40215455 0.00081105
-0.71808358 0.40028470 0.00080091
-0.71657132 0.39845516 0.00079269
-0.71505906 0.39663823 0.00078885
-0.71354532 0.39484812 0.00077846
-0.71203158 0.39307091 0.00077004
-0.71051488 0.39130671 0.00076604
-0.70899966 0.38956037 0.00075751
-0.70748148 0.38782728 0.00075341
-0.70596331 0.38609801 0.00074479
-0.70444366 0.38438693 0.00073398
-0.70292400 0.38267979 0.00072740
-0.70140287 0.38098142 0.00072312
-0.69988026 0.37928705 0.00071433
-0.69835765 0.37760641 0.00070997
-0.69683356 0.37592013 0.00070560
-0.69530800 0.37425256 0.00069665
-0.69378243 0.37258427 0.00069220
-0.69225538 0.37092506 0.00068551
-0.69072834 0.36927006 0.00067863
-0.68919982 0.36762425 0.00066950
-0.68766982 0.36597776 0.00066489
-0.68613981 0.36434553 0.00066262
-0.68460833 0.36270266 0.00065795
-0.68307685 0.36107915 0.00064867
-0.68154390 0.35945503 0.00064391
-0.68001094 0.35784037 0.00063912
-0.67847650 0.35622512 0.00063678
-0.67694059 0.35461942 0.00063654
-0.67540467 0.35301315 0.00062703
-0.67386728 0.35142166 0.00062211
-0.67232841 0.34982965 0.00061969
-0.67078954 0.34824741 0.00061936
-0.66925067 0.34666986 0.00061436
-0.66771032 0.34509183 0.00061187
-0.66616849 0.34352896 0.00060426
-0.66462666 0.34197090 0.00060168
-0.66308484 0.34041770 0.00059653
-0.66154005 0.33887467 0.00059134
-0.65999675 0.33733658 0.00059350
-0.65845049 0.33581414 0.00058825
-0.65690570 0.33430215 0.00058295
-0.65535796 0.33279534 0.00058508
-0.65381022 0.33130451 0.00057972
-0.65226248 0.32982444 0.00057432
-0.65071326 0.32836063 0.00056134
-0.64916404 0.32690779 0.00055837
-0.64761335 0.32547695 0.00055277
-0.64606265 0.32407380 0.00054711
-0.64451047 0.32269312 0.00053635
-0.64295830 0.32133514 0.00053322
-0.64140464 0.31997796 0.00053508
-0.63985099 0.31861605 0.00053695
-0.63829586 0.31724379 0.00053389
-0.63674073 0.31586104 0.00052801
-0.63518412 0.31447889 0.00052498
-0.63362751 0.31309734 0.00051613
-0.63207090 0.31171072 0.00051803
-0.63051133 0.31033032 0.00051491
-0.62895324 0.30895617 0.00050885
-0.62739368 0.30758264 0.00050785
-0.62583411 0.30621543 0.00051265
-0.62427306 0.30485463 0.00050362
-0.62271202 0.30350027 0.00050033
-0.62114950 0.30214663 0.00050221
-0.61958697 0.30081116 0.00049595
-0.61802445 0.29947652 0.00049491
-0.61646045 0.29816030 0.00049675
-0.61489497 0.29684506 0.00049041
-0.61333097 0.29553668 0.00049225
-0.61176401 0.29424117 0.00049408
-0.61019853 0.29295272 0.00047936
-0.60863157 0.29168331 0.00048113
-0.60706461 0.29040920 0.00048292
-0.60549618 0.28915438 0.00047634
-0.60392774 0.28791302 0.00046970
-0.60235783 0.28667918 0.00047142
-0.60078939 0.28545903 0.00047315
-0.59921800 0.28424052 0.00046641
-0.59764808 0.28304813 0.00046809
-0.59607669 0.28185758 0.00046125
-0.59450530 0.28066886 0.00045722
-0.59293243 0.27949436 0.00045602
-0.59135956 0.27833425 0.00045188
-0.58978669 0.27718243 0.00044483
-0.58821234 0.27603897 0.00044642
-0.58663799 0.27491024 0.00044801
-0.58506364 0.27378380 0.00044085
-0.58348781 0.27267231 0.00043362
-0.58191198 0.27156955 0.00043515
-0.58033616 0.27046928 0.00042785
-0.57875885 0.26937787 0.00042937
-0.57718302 0.26829543 0.00042491
-0.57560424 0.26721561 0.00042641
-0.57402693 0.26614489 0.00042201
-0.57244815 0.26508336 0.00041445
-0.57086937 0.26403111 0.00041590
-0.56929058 0.26297516 0.00041736
-0.56771032 0.26192205 0.00040970
-0.56613006 0.26087834 0.00041114
-0.56454980 0.25984416 0.00040663
-0.56296805 0.25879972 0.00039882
-0.56138779 0.25776484 0.00040023
-0.55980605 0.25672627 0.00040166
-0.55822283 0.25568399 0.00040311
-0.55664109 0.25463794 0.00040458
-0.55505787 0.25359482 0.00039664
-0.55347466 0.25255463 0.00040753
-0.55189144 0.25149706 0.00040906
-0.55030822 0.25042872 0.00040730
-0.54872352 0.24934945 0.00041524
-0.54713882 0.24826603 0.00040733
-0.54555413 0.24719217 0.00040891
-0.54396943 0.24614184 0.00040088
-0.54238325 0.24511528 0.00039948
-0.54079708 0.24412673 0.00039419
-0.53921090 0.24315558 0.00039273
-0.53762473 0.24218796 0.00039414
-0.53603855 0.24125213 0.00038866
-0.53445090 0.24032009 0.00039002
-0.53286472 0.23939899 0.00038851
-0.53127707 0.23849608 0.00038287
-0.52968942 0.23759008 0.00038137
-0.52810029 0.23669529 0.00038549
-0.52651263 0.23581184 0.00038680
-0.52492498 0.23493263 0.00037816
-0.52333585 0.23405044 0.00036948
-0.52174671 0.23317977 0.00037073
-0.52015758 0.23231343 0.00037498
-0.51856845 0.23145150 0.00037323
-0.51697932 0.23059398 0.00037449
-0.51538871 0.22974831 0.00036859
-0.51379958 0.22889243 0.00035965
-0.51220897 0.22804845 0.00036085
-0.51061836 0.22720163 0.00036208
-0.50902775 0.22637433 0.00036328
-0.50743714 0.22553678 0.00036156
-0.50584653 0.22470391 0.00036278
-0.50425592 0.22387576 0.00036697
-0.50266383 0.22304483 0.00035779
-0.50107322 0.22222624 0.00035899
-0.49948261 0.22140489 0.00036021
-0.49789052 0.22059604 0.00035848
-0.49629843 0.21979213 0.00035968
-0.49470782 0.21898554 0.00036089
-0.49311573 0.21818395 0.00035156
-0.49152364 0.21738737 0.00036332
-0.48993156 0.21659590 0.00036454
-0.48833947 0.21580958 0.00035511
-0.48674738 0.21502844 0.00035369
-0.48515529 0.21425254 0.00035487
-0.48356320 0.21348981 0.00034793
-0.48196964 0.21272456 0.00034655
-0.48037755 0.21197263 0.00035022
-0.47878546 0.21122619 0.00034881
-0.47719337 0.21049329 0.00033920
-0.47559980 0.20977402 0.00034027
-0.47400772 0.20906854 0.00033291
-0.47241563 0.20836891 0.00033395
-0.47082206 0.20768326 0.00033260
-0.46922997 0.20701984 0.00032501
-0.46763788 0.20638694 0.00032594
-0.46604432 0.20575224 0.00032687
-0.46445223 0.20513208 0.00031932
-0.46286014 0.20449378 0.00032024
-0.46126658 0.20385363 0.00032117
-0.45967449 0.20321161 0.00032211
-0.45808240 0.20256771 0.00032306
-0.45649031 0.20192191 0.00032402
-0.45489822 0.20127419 0.00032499
-0.45330613 0.20063288 0.00031464
-0.45171257 0.19998129 0.00031560
-0.45012048 0.19933612 0.00030520
-0.44852839 0.19869740 0.00031749
-0.44693778 0.19805679 0.00030983
-0.44534569 0.19741423 0.00030797
-0.44375360 0.19677822 0.00030889
-0.44216151 0.19615733 0.00030102
-0.44057090 0.19552604 0.00031074
-0.43897882 0.19491000 0.00031165
-0.43738821 0.19428355 0.00030372
-0.43579612 0.19367243 0.00031351
-0.43420551 0.19305953 0.00030280
-0.43261490 0.19246214 0.00030368
-0.43102429 0.19184564 0.00029293
-0.42943368 0.19124471 0.00029379
-0.42784307 0.19065948 0.00030636
-0.42625394 0.19006383 0.00029550
-0.42466333 0.18948401 0.00029635
-0.42307419 0.18890253 0.00029720
-0.42148358 0.18831936 0.00029806
-0.41989445 0.18774339 0.00028708
-0.41830532 0.18718354 0.00028788
-0.41671619 0.18662212 0.00028870
-0.41512853 0.18605910 0.00028951
-0.41353940 0.18551244 0.00028835
-0.41195175 0.18495526 0.00029114
-0.41036262 0.18441454 0.00029194
-0.40877496 0.18388141 0.00028073
-0.40718731 0.18333772 0.00028151
-0.40560114 0.18281981 0.00028226
-0.40401348 0.18229140 0.00028124
-0.40242731 0.18177068 0.00028200
-0.40084113 0.18125773 0.00028455
-0.39925496 0.18074343 0.00027318
-0.39766878 0.18023694 0.00028607
-0.39608261 0.17971989 0.00027465
-0.39449791 0.17923851 0.00026517
-0.39291321 0.17874659 0.00027606
-0.39132851 0.17825342 0.00026457
-0.38974382 0.17776827 0.00027749
-0.38816060 0.17728189 0.00026793
-0.38657738 0.17681304 0.00025616
-0.38499416 0.17634298 0.00026728
-0.38341094 0.17587176 0.00025570
-0.38182920 0.17540877 0.00026862
-0.38024598 0.17494466 0.00025874
-0.37866424 0.17449840 0.00024686
-0.37708398 0.17404151 0.00024747
-0.37550224 0.17359302 0.00025887
-0.37392198 0.17315303 0.00024867
-0.37234172 0.17272158 0.00024926
-0.37076145 0.17227949 0.00023927
-0.36918267 0.17184595 0.00023984
-0.36760388 0.17141138 0.00024042
-0.36602510 0.17097576 0.00024100
-0.36444780 0.17054882 0.00022871
-0.36286901 0.17012084 0.00024016
-0.36129171 0.16968208 0.00024075
-0.35971588 0.16926183 0.00023036
-0.35814005 0.16883074 0.00024190
-0.35656422 0.16840848 0.00023147
-0.35498840 0.16799504 0.00023201
-0.35341405 0.16757077 0.00023086
-0.35183970 0.16714548 0.00022013
-0.35026535 0.16672907 0.00022066
-0.34869248 0.16631167 0.00022118
-0.34711961 0.16592320 0.00022168
-0.34554674 0.16550387 0.00022221
-0.34397534 0.16510358 0.00021163
-0.34240395 0.16469230 0.00022325
-0.34083256 0.16430018 0.00022376
-0.33926264 0.16389709 0.00021312
-0.33769273 0.16350316 0.00021361
-0.33612429 0.16311848 0.00020070
-0.33455586 0.16272275 0.00020116
-0.33298742 0.16233627 0.00021311
-0.33142046 0.16195915 0.00020207
-0.32985350 0.16157096 0.00018917
-0.32828655 0.16119210 0.00020299
-0.32672107 0.16082268 0.00020343
-0.32515559 0.16045245 0.00020388
-0.32359159 0.16007109 0.00019309
-0.32202758 0.15971988 0.00019126
-0.32046358 0.15935756 0.00019392
-0.31890106 0.15899448 0.00018052
-0.31734002 0.15865140 0.00018089
-0.31577749 0.15827632 0.00018130
-0.31421793 0.15793175 0.00018168
-0.31265688 0.15760742 0.00017085
-0.31109731 0.15726145 0.00017121
-0.30953923 0.15691476 0.00017157
-0.30798114 0.15658841 0.00016124
-0.30642305 0.15627196 0.00016156
-0.30486644 0.15595490 0.00016187
-0.30330983 0.15562663 0.00015219
-0.30175470 0.15530831 0.00015249
-0.30019957 0.15497871 0.00016766
-0.29864591 0.15463780 0.00015312
-0.29709226 0.15428546 0.00015345
-0.29554008 0.15393236 0.00015379
-0.29398791 0.15357847 0.00015413
-0.29243721 0.15320228 0.00016039
-0.29088651 0.15282522 0.00014556
-0.28933730 0.15244724 0.00015523
-0.28778808 0.15206837 0.00016153
-0.28623886 0.15168861 0.00014661
-0.28469112 0.15129703 0.00014697
-0.28314485 0.15090448 0.00014734
-0.28159859 0.15051094 0.00014771
-0.28005381 0.15011642 0.00014808
-0.27850902 0.14972089 0.00014846
-0.27696572 0.14933541 0.00013329
-0.27542241 0.14893790 0.00013363
-0.27388059 0.14853936 0.00013398
-0.27234024 0.14813980 0.00013432
-0.27079989 0.14773920 0.00013467
-0.26925954 0.14733755 0.00013503
-0.26772067 0.14693484 0.00013538
-0.26618327 0.14653108 0.00013574
-0.26464588 0.14612624 0.00013610
-0.26310997 0.14572031 0.00013647
-0.26157405 0.14530196 0.00015279
-0.26003962 0.14488248 0.00014456
-0.25850518 0.14447319 0.00014495
-0.25697222 0.14406279 0.00014535
-0.25544074 0.14363982 0.00013837
-0.25390926 0.14322712 0.00013875
-0.25237926 0.14281327 0.00013914
-0.25084926 0.14237516 0.00014701
-0.24932074 0.14194735 0.00013996
-0.24779369 0.14151826 0.00015673
-0.24626665 0.14107630 0.00014079
-0.24474108 0.14063298 0.00015149
-0.24321552 0.14017659 0.00015196
-0.24169143 0.13971877 0.00015244
-0.24016882 0.13925949 0.00015293
-0.23864621 0.13879875 0.00015342
-0.23712508 0.13831280 0.00013748
-0.23560542 0.13784900 0.00013792
-0.23408577 0.13741954 0.00013834
-0.23256759 0.13702472 0.00013873
-0.23104942 0.13665284 0.00012829
-0.22953272 0.13632814 0.00012859
-0.22801750 0.13597856 0.00011196
-0.22650376 0.13566439 0.00011979
-0.22499002 0.13533739 0.00012007
-0.22347628 0.13502177 0.00012979
-0.22196550 0.13471763 0.00012060
-0.22045471 0.13438841 0.00012089
-0.21894541 0.13405840 0.00012118
-0.21743610 0.13376440 0.00012144
-0.21592827 0.13343290 0.00012173
-0.21442193 0.13310060 0.00012202
-0.21291705 0.13279220 0.00011456
-0.21141218 0.13245835 0.00011484
-0.20990879 0.13212367 0.00011512
-0.20840540 0.13178818 0.00011541
-0.20690496 0.13145185 0.00011569
-0.20540453 0.13111469 0.00011598
-0.20390557 0.13077668 0.00011627
-0.20240661 0.13041271 0.00009899
-0.20090913 0.13006032 0.00011689
-0.19941313 0.12971966 0.00011719
-0.19791861 0.12934012 0.00011752
-0.19642408 0.12897221 0.00010006
-0.19493104 0.12860326 0.00011254
-0.19343947 0.12823329 0.00011851
-0.19194791 0.12784947 0.00011885
-0.19045930 0.12746453 0.00011920
-0.18897069 0.12707846 0.00011955
-0.18748355 0.12669124 0.00011991
-0.18599642 0.12631585 0.00010210
-0.18451077 0.12592636 0.00010241
-0.18302659 0.12553569 0.00010272
-0.18154390 0.12515691 0.00011555
-0.18006268 0.12477703 0.00009819
-0.17858146 0.12440916 0.00011622
-0.17710172 0.12402706 0.00009877
-0.17562346 0.12364379 0.00010425
-0.17414667 0.12327265 0.00009935
-0.17266989 0.12288710 0.00010487
-0.17119606 0.12251372 0.00009995
-0.16972223 0.12215263 0.00010024
-0.16824841 0.12175019 0.00010056
-0.16677754 0.12138689 0.00010086
-0.16530667 0.12100901 0.00009932
-0.16383875 0.12061642 0.00010148
-0.16237084 0.12024978 0.00010178
-0.16090440 0.11986841 0.00010024
-0.15943796 0.11948586 0.00008436
-0.15797449 0.11910210 0.00010274
-0.15651101 0.11871714 0.00010119
-0.15504900 0.11834477 0.00010150
-0.15358848 0.11795741 0.00008543
-0.15212944 0.11755487 0.00010217
-0.15067039 0.11717890 0.00010249
-0.14921430 0.11678778 0.00008626
-0.14775822 0.11638130 0.00010317
-0.14630375 0.11600162 0.00010350
-0.14485062 0.11560660 0.00008712
-0.14339867 0.11521025 0.00008740
-0.14194791 0.11481255 0.00010455
-0.14049847 0.11439926 0.00008800
-0.13905022 0.11399880 0.00010528
-0.13760344 0.11358261 0.00008862
-0.13615770 0.11317932 0.00010602
-0.13471344 0.11276018 0.00008925
-0.13327021 0.11232496 0.00008959
-0.13182846 0.11191725 0.00010719
-0.13038804 0.11149347 0.00009024
-0.12894881 0.11105340 0.00009059
-0.12751090 0.11061162 0.00009095
-0.12607433 0.11016810 0.00009130
-0.12463893 0.10972284 0.00009167
-0.12320502 0.10927579 0.00009203
-0.12177229 0.10882695 0.00009240
-0.12034104 0.10837629 0.00009278
-0.11891096 0.10790867 0.00009794
-0.11748222 0.10742388 0.00009359
-0.11605496 0.10696744 0.00009398
-0.11462888 0.10646313 0.00009441
-0.11320413 0.10597188 0.00007844
-0.11178086 0.10547835 0.00010015
-0.11035892 0.10498258 0.00009572
-0.10893816 0.10446889 0.00009618
-0.10751888 0.10395271 0.00009665
-0.10610108 0.10344977 0.00008032
-0.10468446 0.10296023 0.00009756
-0.10326932 0.10245251 0.00008108
-0.10185551 0.10194229 0.00010355
-0.10044304 0.10144564 0.00008187
-0.09903203 0.10091430 0.00008230
-0.09762236 0.10039640 0.00010512
-0.09621417 0.09989221 0.00008312
-0.09480731 0.09935271 0.00008357
-0.09340178 0.09881032 0.00008402
-0.09199772 0.09826499 0.00008447
-0.09059500 0.09771666 0.00008494
-0.08919376 0.09716530 0.00008541
-0.08779384 0.09661084 0.00008589
-0.08639541 0.09605323 0.00008638
-0.08499845 0.09549243 0.00008688
-0.08360282 0.09492836 0.00008739
-0.08220867 0.09432650 0.00007317
-0.08081600 0.09373817 0.00008848
-0.07942466 0.09316365 0.00008902
-0.07803480 0.09255050 0.00007455
-0.07664641 0.09195098 0.00009017
-0.07525951 0.09136541 0.00009074
-0.07387393 0.09074029 0.00007601
-0.07248984 0.09012892 0.00009197
-0.07110722 0.08951346 0.00006795
-0.06972608 0.08889378 0.00007757
-0.06834642 0.08828823 0.00007809
-0.06696823 0.08767856 0.00007863
-0.06559138 0.08708332 0.00010553
-0.06421615 0.08655922 0.00007963
-0.06284240 0.08605083 0.00008009
-0.06146998 0.08553946 0.00008056
-0.06009919 0.08502506 0.00008105
-0.05872988 0.08450756 0.00008153
-0.05736204 0.08396756 0.00009862
-0.05599568 0.08344359 0.00009923
-0.05463080 0.08285757 0.00009992
-0.05326740 0.08232662 0.00010056
-0.05190548 0.08173269 0.00010128
-0.05054518 0.08117445 0.00012329
-0.04918636 0.08053184 0.00010277
-0.04782902 0.07984340 0.00012532
-0.04647316 0.07900542 0.00010473
-0.04511893 0.07780466 0.00012857
-0.04376617 0.07626678 0.00015635
-0.04241504 0.07461069 0.00016278
-0.04106524 0.07296187 0.00016643
-0.03971706 0.07134351 0.00017017
-0.03837051 0.06973445 0.00017085
-0.03702529 0.06808778 0.00014679
-0.03568185 0.06642496 0.00015044
-0.03433973 0.06464463 0.00015455
-0.03299939 0.06286572 0.00019295
-0.03166038 0.06090262 0.00019913
-0.03032315 0.05879199 0.00020624
-0.02898739 0.05623001 0.00025453
-0.02765326 0.05290774 0.00031241
-0.02632105 0.04860365 0.00040328
-0.02499002 0.04373345 0.00050075
-0.02366047 0.03871352 0.00050673
-0.02233255 0.03376205 0.00058168
-0.02100625 0.02885967 0.00060183
-0.01968143 0.02410264 0.00057339
-0.01835824 0.01934211 0.00066460
-0.01703653 0.01468662 0.00079244
-0.01571644 0.01012148 0.00093263
-0.01439801 0.00414952 0.00293415
-0.01308110 nan nan
-0.01176578 nan nan
-0.01045207 nan nan
-0.00913993 0.00610638 0.00120574
-0.00782941 0.01120385 0.00062360
-0.00652048 0.01544567 0.00059954
-0.00521317 0.02000156 0.00057674
-0.00390746 0.02430295 0.00056859
-0.00260335 0.02968778 0.00058484
-0.00130087 0.03470329 0.00072979
-0.00000000 0.04314004 0.00024331
