# s/c   M_is_mean    M_is_std
0.00000000 0.01937153 0.00192122
0.00130087 0.02926530 0.00113266
0.00260174 0.03684197 0.00079536
0.00390261 0.04332993 0.00059878
0.00520348 0.04914763 0.00046988
0.00650435 0.05449652 0.00038041
0.00780522 0.05949119 0.00031663
0.00910609 0.06420393 0.00027083
0.01040697 0.06868371 0.00023826
0.01170784 0.07296551 0.00021572
0.01300871 0.07707542 0.00020092
0.01430958 0.08103355 0.00019211
0.01561045 0.08485586 0.00018789
0.01691132 0.08855537 0.00018716
0.01821219 0.09214290 0.00018904
0.01951306 0.09562764 0.00019283
0.02081393 0.09901751 0.00019799
0.02211480 0.10231947 0.00020413
0.02341567 0.10553970 0.00021090
0.02470176 0.10868377 0.00021807
0.02600263 0.11175674 0.00022544
0.02730350 0.11476326 0.00023284
0.02860437 0.11770766 0.00024016
0.02990524 0.12059396 0.00024728
0.03120611 0.12342596 0.00025414
0.03250698 0.12620725 0.00026066
0.03380786 0.12894123 0.00026679
0.03510873 0.13163117 0.00027248
0.03640960 0.13428018 0.00027771
0.03771047 0.13689129 0.00028246
0.03901134 0.13946736 0.00028670
0.04029743 0.14201122 0.00029042
0.04159830 0.14452556 0.00029362
0.04289917 0.14701300 0.00029630
0.04420004 0.14947610 0.00029847
0.04550091 0.15191732 0.00030013
0.04680178 0.15433907 0.00030129
0.04810265 0.15674368 0.00030198
0.04940352 0.15913341 0.00030220
0.05068961 0.16151046 0.00030198
0.05199048 0.16387699 0.00030134
0.05329135 0.16623505 0.00030030
0.05459222 0.16858667 0.00029890
0.05589309 0.17093379 0.00029716
0.05719396 0.17327831 0.00029511
0.05849483 0.17562204 0.00029278
0.05978092 0.17796676 0.00029020
0.06108179 0.18031417 0.00028741
0.06238266 0.18266591 0.00028443
0.06368353 0.18502354 0.00028130
0.06498440 0.18738859 0.00027805
0.06628528 0.18976250 0.00027472
0.06757136 0.19214667 0.00027134
0.06887223 0.19454240 0.00026794
0.07017310 0.19695096 0.00026456
0.07147398 0.19937354 0.00026123
0.07277485 0.20181127 0.00025798
0.07407572 0.20426522 0.00025484
0.07536180 0.20673638 0.00025184
0.07666268 0.20922570 0.00024902
0.07796355 0.21173405 0.00024639
0.07926442 0.21426225 0.00024399
0.08056529 0.21681105 0.00024184
0.08185138 0.21938114 0.00023996
0.08315225 0.22197315 0.00023838
0.08445312 0.22458765 0.00023711
0.08575399 0.22722516 0.00023618
0.08704008 0.22988613 0.00023559
0.08834095 0.23257096 0.00023536
0.08964182 0.23528000 0.00023550
0.09094269 0.23801355 0.00023602
0.09224356 0.24077183 0.00023692
0.09352965 0.24355505 0.00023822
0.09483052 0.24636333 0.00023990
0.09613139 0.24919678 0.00024197
0.09743226 0.25205544 0.00024442
0.09871835 0.25493930 0.00024727
0.10001922 0.25784834 0.00025048
0.10132009 0.26078245 0.00025408
0.10260618 0.26374153 0.00025803
0.10390705 0.26672540 0.00026234
0.10520792 0.26973387 0.00026700
0.10650879 0.27276670 0.00027200
0.10779488 0.27582363 0.00027732
0.10909575 0.27890436 0.00028296
0.11039662 0.28200855 0.00028890
0.11169749 0.28513585 0.00029514
0.11298358 0.28828587 0.00030166
0.11428445 0.29145820 0.00030844
0.11558532 0.29465241 0.00031548
0.11687141 0.29786803 0.00032277
0.11817228 0.30110459 0.00033028
0.11947315 0.30436159 0.00033801
0.12075924 0.30763851 0.00034595
0.12206011 0.31093482 0.00035407
0.12336098 0.31424997 0.00036237
0.12466185 0.31758339 0.00037083
0.12594794 0.32093451 0.00037943
0.12724881 0.32430275 0.00038817
0.12854968 0.32768750 0.00039703
0.12983577 0.33290569 0.00042049
0.13113664 0.33650086 0.00043763
0.13243751 0.34007652 0.00045224
0.13372359 0.34364622 0.00046362
0.13502447 0.34721773 0.00047267
0.13632534 0.35078681 0.00048052
0.13761142 0.35434858 0.00048716
0.13891229 0.35790723 0.00049344
0.14019838 0.36149309 0.00050079
0.14149925 0.36515450 0.00050935
0.14280012 0.36891093 0.00051735
0.14408621 0.37271456 0.00052727
0.14538708 0.37647124 0.00054639
0.14668795 0.38012760 0.00056631
0.14797404 0.38368448 0.00057910
0.14927491 0.38716924 0.00058677
0.15056100 0.39063265 0.00058953
0.15186187 0.39410649 0.00058867
0.15316274 0.39757194 0.00058790
0.15444883 0.40099574 0.00058959
0.15574970 0.40438408 0.00059032
0.15703579 0.40777272 0.00058776
0.15833666 0.41115302 0.00058323
0.15963753 0.41448991 0.00057888
0.16092362 0.41777336 0.00057631
0.16222449 0.42108524 0.00057110
0.16351058 0.42454503 0.00056040
0.16481145 0.42813975 0.00055092
0.16611232 0.43178248 0.00055359
0.16739841 0.43540243 0.00057176
0.16869928 0.43896104 0.00059295
0.16998537 0.44245698 0.00061012
0.17128624 0.44589794 0.00062357
0.17257232 0.44929350 0.00063285
0.17387319 0.45265406 0.00063888
0.17517407 0.45599009 0.00064216
0.17646015 0.45931120 0.00064315
0.17776102 0.46262481 0.00064228
0.17904711 0.46593403 0.00064020
0.18034798 0.46924266 0.00063704
0.18163407 0.47255447 0.00063345
0.18293494 0.47588199 0.00062992
0.18422103 0.47925151 0.00062568
0.18552190 0.48267844 0.00061932
0.18680799 0.48615104 0.00061197
0.18810886 0.48961885 0.00060942
0.18939495 0.49303094 0.00061143
0.19069582 0.49638759 0.00061440
0.19199669 0.49976949 0.00061435
0.19328278 0.50329470 0.00060393
0.19458365 0.50696008 0.00058891
0.19586974 0.51069217 0.00058403
0.19717061 0.51445132 0.00059326
0.19845669 0.51821921 0.00060813
0.19975757 0.52201293 0.00062129
0.20104365 0.52583371 0.00063250
0.20234452 0.52964351 0.00064321
0.20363061 0.53341443 0.00065278
0.20493148 0.53712808 0.00066232
0.20621757 0.54084027 0.00067108
0.20750366 0.54466779 0.00067234
0.20880453 0.54863343 0.00066836
0.21009062 0.55269102 0.00066788
0.21139149 0.55678751 0.00067816
0.21267758 0.56089054 0.00069565
0.21397845 0.56501265 0.00071332
0.21526454 0.56917617 0.00073015
0.21656541 0.57339333 0.00074599
0.21785149 0.57767018 0.00076119
0.21915236 0.58200116 0.00077719
0.22043845 0.58637249 0.00079472
0.22173932 0.59076613 0.00081375
0.22302541 0.59516919 0.00083401
0.22432628 0.59957766 0.00085522
0.22561237 0.60400647 0.00087677
0.22689846 0.60848601 0.00089670
0.22819933 0.61302279 0.00091574
0.22948542 0.61760342 0.00093628
0.23078629 0.62221123 0.00095964
0.23207238 0.62682700 0.00098611
0.23337325 0.63143209 0.00101465
0.23465933 0.63600638 0.00104337
0.23594542 0.64053306 0.00107135
0.23724629 0.64500690 0.00109830
0.23853238 0.64943865 0.00112322
0.23983325 0.65384790 0.00114601
0.24111934 0.65825208 0.00116736
0.24240543 0.66265794 0.00118767
0.24370630 0.66705673 0.00120774
0.24499239 0.67143270 0.00122780
0.24629326 0.67577661 0.00124752
0.24757935 0.68008146 0.00126725
0.24886543 0.68433680 0.00128677
0.25016630 0.68853846 0.00130592
0.25145239 0.69268351 0.00132467
0.25275326 0.69677067 0.00134265
0.25403935 0.70080884 0.00135869
0.25532544 0.70480449 0.00137243
0.25662631 0.70875858 0.00138421
0.25791240 0.71266691 0.00139471
0.25919849 0.71651773 0.00140576
0.26049936 0.72029842 0.00141798
0.26178545 0.72399953 0.00143030
0.26307153 0.72762024 0.00144221
0.26437240 0.73116703 0.00145391
0.26565849 0.73466959 0.00146338
0.26695936 0.73817773 0.00146845
0.26824545 0.74170676 0.00146844
0.26953154 0.74523156 0.00146827
0.27083241 0.74870045 0.00147441
0.27211850 0.75205122 0.00148495
0.27340459 0.75526164 0.00149814
0.27470546 0.75834880 0.00151149
0.27599154 0.76135913 0.00151890
0.27727763 0.76434372 0.00152037
0.27857850 0.76731686 0.00151679
0.27986459 0.77026922 0.00151127
0.28115068 0.77317804 0.00151046
0.28243677 0.77598976 0.00151312
0.28373764 0.77865009 0.00152043
0.28502373 0.78117446 0.00153044
0.28630981 0.78361625 0.00153420
0.28761068 0.78603194 0.00152791
0.28889677 0.78843569 0.00151541
0.29018286 0.79076633 0.00150616
0.29148373 0.79295910 0.00150178
0.29276982 0.79499918 0.00149811
0.29405591 0.79690242 0.00149325
0.29534200 0.79870057 0.00148469
0.29664287 0.80043554 0.00147019
0.29792895 0.80212070 0.00145107
0.29921504 0.80373829 0.00142973
0.30051591 0.80525455 0.00140868
0.30180200 0.80663483 0.00138897
0.30308809 0.80787337 0.00136952
0.30437418 0.80899806 0.00134763
0.30567505 0.81005351 0.00132177
0.30696114 0.81108469 0.00129281
0.30824722 0.81210591 0.00126224
0.30953331 0.81309965 0.00123169
0.31083418 0.81403074 0.00120198
0.31212027 0.81487245 0.00117355
0.31340636 0.81562231 0.00114611
0.31469245 0.81628414 0.00111757
0.31599332 0.81685260 0.00108860
0.31727941 0.81731572 0.00105972
0.31856549 0.81767825 0.00102944
0.31985158 0.81796848 0.00099665
0.32115245 0.81821913 0.00096211
0.32243854 0.81846450 0.00092638
0.32372463 0.81874157 0.00088646
0.32501072 0.81906381 0.00084298
0.32629681 0.81942190 0.00079857
0.32759768 0.81979825 0.00075666
0.32888376 0.82016835 0.00072134
0.33016985 0.82050772 0.00069135
0.33145594 0.82080550 0.00066440
0.33275681 0.82106106 0.00063937
0.33404290 0.82128369 0.00061339
0.33532899 0.82149141 0.00058419
0.33661508 0.82169347 0.00055188
0.33790116 0.82189173 0.00051751
0.33918725 0.82208785 0.00048337
0.34048812 0.82228861 0.00045033
0.34177421 0.82250336 0.00041869
0.34306030 0.82274254 0.00038870
0.34434639 0.82301363 0.00035993
0.34563247 0.82331729 0.00033196
0.34693335 0.82364883 0.00030367
0.34821943 0.82398803 0.00027686
0.34950552 0.82431955 0.00025200
0.35079161 0.82463990 0.00022947
0.35207770 0.82493622 0.00021040
0.35336379 0.82520368 0.00019055
0.35466466 0.82545833 0.00016792
0.35595074 0.82572607 0.00014485
0.35723683 0.82602841 0.00012593
0.35852292 0.82636762 0.00011730
0.35980901 0.82673532 0.00012286
0.36109510 0.82712957 0.00014109
0.36238118 0.82755021 0.00016846
0.36368206 0.82798537 0.00020022
0.36496814 0.82841061 0.00022895
0.36625423 0.82880345 0.00025070
0.36754032 0.82915925 0.00026605
0.36882641 0.82949555 0.00028033
0.37011250 0.82984393 0.00030160
0.37139858 0.83022552 0.00033398
0.37269945 0.83063165 0.00037606
0.37398554 0.83104425 0.00042258
0.37527163 0.83145668 0.00046939
0.37655772 0.83187148 0.00051278
0.37784381 0.83229928 0.00054770
0.37912989 0.83275598 0.00057408
0.38041598 0.83323822 0.00059355
0.38170207 0.83371404 0.00060580
0.38298816 0.83415421 0.00061331
0.38428903 0.83455650 0.00062151
0.38557512 0.83493744 0.00063551
0.38686121 0.83531625 0.00065795
0.38814729 0.83570885 0.00068767
0.38943338 0.83612792 0.00072272
0.39071947 0.83657864 0.00076119
0.39200556 0.83705642 0.00080056
0.39329165 0.83755717 0.00083953
0.39457773 0.83808536 0.00087831
0.39586382 0.83864863 0.00091647
0.39714991 0.83925035 0.00095466
0.39843600 0.83986979 0.00099235
0.39973687 0.84045448 0.00102432
0.40102296 0.84095109 0.00104535
0.40230905 0.84134965 0.00105701
0.40359513 0.84169885 0.00107322
0.40488122 0.84205368 0.00110121
0.40616731 0.84244075 0.00113787
0.40745340 0.84286084 0.00117979
0.40873949 0.84328006 0.00121912
0.41002557 0.84366292 0.00125019
0.41131166 0.84401478 0.00127620
0.41259775 0.84436764 0.00130321
0.41388384 0.84473870 0.00133204
0.41516993 0.84512272 0.00135989
0.41645601 0.84555179 0.00139022
0.41774210 0.84609554 0.00143248
0.41902819 0.84680539 0.00149002
0.42031428 0.84763475 0.00155228
0.42160037 0.84845907 0.00160195
0.42288645 0.84922301 0.00163322
0.42417254 0.84993717 0.00165458
0.42545863 0.85062642 0.00167733
0.42674472 0.85130993 0.00170289
0.42803081 0.85198772 0.00172731
0.42931690 0.85266237 0.00175030
0.43060298 0.85334630 0.00177458
0.43188907 0.85405516 0.00180418
0.43317516 0.85479607 0.00183958
0.43446125 0.85556756 0.00187871
0.43574734 0.85636707 0.00192009
0.43703342 0.85719386 0.00196334
0.43831951 0.85804341 0.00200603
0.43960560 0.85891198 0.00204770
0.44089169 0.85978701 0.00208701
0.44217778 0.86064163 0.00211920
0.44346386 0.86145623 0.00214174
0.44474995 0.86223694 0.00215721
0.44603604 0.86303601 0.00218042
0.44732213 0.86392285 0.00222474
0.44860822 0.86493744 0.00229151
0.44989430 0.86603916 0.00236919
0.45118039 0.86710835 0.00243184
0.45246648 0.86809346 0.00247037
0.45375257 0.86901244 0.00249624
0.45503866 0.86987453 0.00251820
0.45632474 0.87067656 0.00253445
0.45761083 0.87138743 0.00253432
0.45889692 0.87199248 0.00251523
0.46018301 0.87253663 0.00249315
0.46146910 0.87308955 0.00248559
0.46275519 0.87372855 0.00250330
0.46404127 0.87445706 0.00253991
0.46532736 0.87517921 0.00257115
0.46661345 0.87584170 0.00258771
0.46789954 0.87645188 0.00259528
0.46917084 0.87704830 0.00260806
0.47045693 0.87767696 0.00263684
0.47174302 0.87834716 0.00267858
0.47302911 0.87904192 0.00272715
0.47431520 0.87973535 0.00277392
0.47560128 0.88039941 0.00281045
0.47688737 0.88102155 0.00283586
0.47817346 0.88160732 0.00285342
0.47945955 0.88217763 0.00286955
0.48074564 0.88275819 0.00289060
0.48203172 0.88337146 0.00292066
0.48331781 0.88401858 0.00295950
0.48460390 0.88466955 0.00299823
0.48587521 0.88529900 0.00303075
0.48716129 0.88589614 0.00305541
0.48844738 0.88646104 0.00307348
0.48973347 0.88700348 0.00308928
0.49101956 0.88753405 0.00310659
0.49230565 0.88806245 0.00312741
0.49359173 0.88859675 0.00315238
0.49487782 0.88914372 0.00318219
0.49616391 0.88970547 0.00321608
0.49743522 0.89027989 0.00325278
0.49872130 0.89086076 0.00329059
0.50000739 0.89143751 0.00332666
0.50129348 0.89199983 0.00335926
0.50257957 0.89253990 0.00338673
0.50386566 0.89305206 0.00340824
0.50515174 0.89353917 0.00342589
0.50643783 0.89401628 0.00344418
0.50770914 0.89449573 0.00346642
0.50899523 0.89498245 0.00349334
0.51028131 0.89547056 0.00352243
0.51156740 0.89594088 0.00354777
0.51285349 0.89637791 0.00356585
0.51413958 0.89677410 0.00357586
0.51542567 0.89713168 0.00357962
0.51669697 0.89746715 0.00358286
0.51798306 0.89780545 0.00359269
0.51926915 0.89817291 0.00361349
0.52055524 0.89858332 0.00364600
0.52184132 0.89903704 0.00368842
0.52312741 0.89950925 0.00373257
0.52439872 0.89994837 0.00376661
0.52568480 0.90032212 0.00378101
0.52697089 0.90062245 0.00377537
0.52825698 0.90086724 0.00376085
0.52954307 0.90111032 0.00375138
0.53082916 0.90139429 0.00375749
0.53210046 0.90173173 0.00377886
0.53338655 0.90209507 0.00380291
0.53467264 0.90243073 0.00381753
0.53595873 0.90271585 0.00381678
0.53724481 0.90296016 0.00380399
0.53853090 0.90319945 0.00379433
0.53980221 0.90348208 0.00380039
0.54108830 0.90382497 0.00382202
0.54237438 0.90420894 0.00385153
0.54366047 0.90460092 0.00387916
0.54494656 0.90497491 0.00389777
0.54621787 0.90531285 0.00390301
0.54750395 0.90561913 0.00389930
0.54879004 0.90592932 0.00389819
0.55007613 0.90626835 0.00390501
0.55134744 0.90664898 0.00392110
0.55263352 0.90706714 0.00394247
0.55391961 0.90749293 0.00395921
0.55520570 0.90790014 0.00396583
0.55649179 0.90828060 0.00396152
0.55776309 0.90864570 0.00395078
0.55904918 0.90902502 0.00394418
0.56033527 0.90943953 0.00394771
0.56162136 0.90989037 0.00395990
0.56289266 0.91036552 0.00397632
0.56417875 0.91084072 0.00399082
0.56546484 0.91129733 0.00399849
0.56675093 0.91172260 0.00399694
0.56803702 0.91210656 0.00398404
0.56930832 0.91244546 0.00396012
0.57059441 0.91274657 0.00393047
0.57188050 0.91302962 0.00390118
0.57316659 0.91331549 0.00387772
0.57443789 0.91362333 0.00386250
0.57572398 0.91397157 0.00385640
0.57701007 0.91436937 0.00385848
0.57829616 0.91481631 0.00386757
0.57956746 0.91529678 0.00388092
0.58085355 0.91577437 0.00388811
0.58213964 0.91622041 0.00388278
0.58341094 0.91662266 0.00386317
0.58469703 0.91697822 0.00382984
0.58598312 0.91729747 0.00378887
0.58726921 0.91760112 0.00374843
0.58854051 0.91790424 0.00371245
0.58982660 0.91821426 0.00368197
0.59111269 0.91852608 0.00365393
0.59239878 0.91881679 0.00361906
0.59367008 0.91907046 0.00357315
0.59495617 0.91928976 0.00351883
0.59624226 0.91949493 0.00346487
0.59751356 0.91971181 0.00342070
0.59879965 0.91995819 0.00338991
0.60008574 0.92024322 0.00337289
0.60137183 0.92056656 0.00336824
0.60264313 0.92091558 0.00337200
0.60392922 0.92126229 0.00337409
0.60521531 0.92158027 0.00336730
0.60648661 0.92185079 0.00334623
0.60777270 0.92206433 0.00330664
0.60905879 0.92223660 0.00325671
0.61033010 0.92239459 0.00320621
0.61161618 0.92255967 0.00316049
0.61290227 0.92274263 0.00312157
0.61417358 0.92294039 0.00308717
0.61545967 0.92314434 0.00305484
0.61674575 0.92334911 0.00302374
0.61801706 0.92355403 0.00299525
0.61930315 0.92375801 0.00296964
0.62058924 0.92396210 0.00294686
0.62187532 0.92417493 0.00292995
0.62314663 0.92440794 0.00292163
0.62443272 0.92466876 0.00292278
0.62571880 0.92495511 0.00293072
0.62699011 0.92524743 0.00293743
0.62827620 0.92551360 0.00293252
0.62954750 0.92573228 0.00290913
0.63083359 0.92589873 0.00286770
0.63211968 0.92601315 0.00281052
0.63339099 0.92608154 0.00274093
0.63467707 0.92611949 0.00266665
0.63596316 0.92614180 0.00259281
0.63723447 0.92616308 0.00252313
0.63852056 0.92620147 0.00246270
0.63980664 0.92627078 0.00241450
0.64107795 0.92637727 0.00237944
0.64236404 0.92651823 0.00235587
0.64365012 0.92668621 0.00234053
0.64492143 0.92687603 0.00233177
0.64620752 0.92708370 0.00232872
0.64749361 0.92730416 0.00232973
0.64876491 0.92753252 0.00233342
0.65005100 0.92776302 0.00233796
0.65132231 0.92798986 0.00234158
0.65260839 0.92820638 0.00234191
0.65389448 0.92840616 0.00233671
0.65516579 0.92858323 0.00232388
0.65645188 0.92873313 0.00230164
0.65772318 0.92885620 0.00227122
0.65900927 0.92895514 0.00223478
0.66029536 0.92902832 0.00219246
0.66156666 0.92906608 0.00214091
0.66285275 0.92906143 0.00207792
0.66413884 0.92901521 0.00200490
0.66541014 0.92893998 0.00192810
0.66669623 0.92885839 0.00185799
0.66796754 0.92878854 0.00180130
0.66925363 0.92874379 0.00176167
0.67053971 0.92873021 0.00173870
0.67181102 0.92874525 0.00172938
0.67309711 0.92877513 0.00172733
0.67436841 0.92879174 0.00172012
0.67565450 0.92877332 0.00170105
0.67692581 0.92871415 0.00166905
0.67821189 0.92861475 0.00162526
0.67949798 0.92847632 0.00157126
0.68076929 0.92829918 0.00150634
0.68205538 0.92808350 0.00143076
0.68332668 0.92783602 0.00134666
0.68461277 0.92757582 0.00126177
0.68589886 0.92732621 0.00118611
0.68717016 0.92709728 0.00112368
0.68845625 0.92688309 0.00107245
0.68972756 0.92667444 0.00102794
0.69101364 0.92646657 0.00098795
0.69228495 0.92625667 0.00095131
0.69357104 0.92604317 0.00091660
0.69484234 0.92583005 0.00088491
0.69612843 0.92562365 0.00085782
0.69741452 0.92543396 0.00083808
0.69868582 0.92526826 0.00082704
0.69997191 0.92512219 0.00082148
0.70124322 0.92498286 0.00081630
0.70252931 0.92483382 0.00080566
0.70380061 0.92466916 0.00078856
0.70508670 0.92449143 0.00076787
0.70635801 0.92430262 0.00074551
0.70764409 0.92410178 0.00072188
0.70893018 0.92388587 0.00069632
0.71020149 0.92365139 0.00066768
0.71148758 0.92339713 0.00063615
0.71275888 0.92313353 0.00060605
0.71404497 0.92287677 0.00058206
0.71531627 0.92264424 0.00056778
0.71660236 0.92244301 0.00056362
0.71787367 0.92226484 0.00056599
0.71915976 0.92209977 0.00057106
0.72043106 0.92194037 0.00057606
0.72171715 0.92178375 0.00058022
0.72298845 0.92162943 0.00058348
0.72427454 0.92147675 0.00058605
0.72554585 0.92132254 0.00058766
0.72683194 0.92115891 0.00058701
0.72810324 0.92097797 0.00058296
0.72938933 0.92077618 0.00057559
0.73066064 0.92055787 0.00056667
0.73194672 0.92033470 0.00055830
0.73321803 0.92011711 0.00055221
0.73450412 0.91991056 0.00054901
0.73577542 0.91971595 0.00054834
0.73706151 0.91953150 0.00054968
0.73833282 0.91935545 0.00055243
0.73961890 0.91918632 0.00055620
0.74089021 0.91902239 0.00056053
0.74217630 0.91886213 0.00056514
0.74344760 0.91870393 0.00056979
0.74473369 0.91854530 0.00057396
0.74600500 0.91838550 0.00057786
0.74729108 0.91822520 0.00058187
0.74856239 0.91806613 0.00058627
0.74984848 0.91791134 0.00059146
0.75111978 0.91776358 0.00059769
0.75240587 0.91762480 0.00060500
0.75367718 0.91749617 0.00061317
0.75496327 0.91737817 0.00062221
0.75623457 0.91727062 0.00063198
0.75752066 0.91717307 0.00064235
0.75879196 0.91708488 0.00065337
0.76007805 0.91700530 0.00066499
0.76134936 0.91693377 0.00067730
0.76263545 0.91687019 0.00069038
0.76390675 0.91681518 0.00070437
0.76517806 0.91677030 0.00071954
0.76646414 0.91673884 0.00073638
0.76773545 0.91672525 0.00075549
0.76902154 0.91673227 0.00077748
0.77029284 0.91675750 0.00080287
0.77157893 0.91679282 0.00083121
0.77285024 0.91682927 0.00086076
0.77413633 0.91686042 0.00088967
0.77540763 0.91688130 0.00091641
0.77669372 0.91688767 0.00093958
0.77796502 0.91687613 0.00095853
0.77923633 0.91684480 0.00097293
0.78052242 0.91679377 0.00098291
0.78179372 0.91672651 0.00098973
0.78307981 0.91664958 0.00099479
0.78435112 0.91656836 0.00099924
0.78563720 0.91648625 0.00100390
0.78690851 0.91640528 0.00100916
0.78817982 0.91632667 0.00101525
0.78946590 0.91625174 0.00102229
0.79073721 0.91618133 0.00103045
0.79202330 0.91611600 0.00103976
0.79329460 0.91605508 0.00105008
0.79458069 0.91599702 0.00106106
0.79585200 0.91593910 0.00107209
0.79712330 0.91587622 0.00108238
0.79840939 0.91580471 0.00109106
0.79968070 0.91572202 0.00109761
0.80096678 0.91562554 0.00110175
0.80223809 0.91551462 0.00110356
0.80350939 0.91538987 0.00110354
0.80479548 0.91525455 0.00110247
0.80606679 0.91511488 0.00110111
0.80735288 0.91497495 0.00110006
0.80862418 0.91483722 0.00109974
0.80989549 0.91470335 0.00110042
0.81118157 0.91457480 0.00110231
0.81245288 0.91445399 0.00110572
0.81373897 0.91434180 0.00111076
0.81501027 0.91423644 0.00111741
0.81628158 0.91413407 0.00112546
0.81756767 0.91403115 0.00113406
0.81883897 0.91392498 0.00114257
0.82012506 0.91381298 0.00115039
0.82139637 0.91369119 0.00115644
0.82266767 0.91355430 0.00115991
0.82395376 0.91339854 0.00116039
0.82522507 0.91322555 0.00115828
0.82651115 0.91304296 0.00115500
0.82778246 0.91285950 0.00115213
0.82905376 0.91268088 0.00115034
0.83033985 0.91250825 0.00114994
0.83161116 0.91234079 0.00115083
0.83288246 0.91217714 0.00115260
0.83416855 0.91201505 0.00115496
0.83543986 0.91185189 0.00115749
0.83672594 0.91168449 0.00115975
0.83799725 0.91150957 0.00116122
0.83926856 0.91132410 0.00116131
0.84055464 0.91112520 0.00115949
0.84182595 0.91091040 0.00115527
0.84309725 0.91067778 0.00114847
0.84438334 0.91042707 0.00113939
0.84565465 0.91016105 0.00112843
0.84692595 0.90988494 0.00111692
0.84821204 0.90960797 0.00110602
0.84948335 0.90933898 0.00109653
0.85076944 0.90908234 0.00108891
0.85204074 0.90883591 0.00108279
0.85331205 0.90859094 0.00107789
0.85459813 0.90834179 0.00107319
0.85586944 0.90808438 0.00106799
0.85714075 0.90781443 0.00106198
0.85842683 0.90752897 0.00105496
0.85969814 0.90722671 0.00104713
0.86096944 0.90690821 0.00103902
0.86225553 0.90657713 0.00103131
0.86352684 0.90624450 0.00102396
0.86479814 0.90592133 0.00101672
0.86608423 0.90561696 0.00100898
0.86735554 0.90533869 0.00100009
0.86862684 0.90508783 0.00099086
0.86991293 0.90486019 0.00098311
0.87118424 0.90464704 0.00097852
0.87245554 0.90443745 0.00097749
0.87374163 0.90422123 0.00097863
0.87501293 0.90398960 0.00097999
0.87628424 0.90373494 0.00097972
0.87757033 0.90345165 0.00097626
0.87884163 0.90313670 0.00096920
0.88011294 0.90278972 0.00095922
0.88138424 0.90241255 0.00094789
0.88267033 0.90200876 0.00093728
0.88394164 0.90158319 0.00092953
0.88521294 0.90113978 0.00092634
0.88649903 0.90068301 0.00092867
0.88777034 0.90022037 0.00093588
0.88904164 0.89975945 0.00094569
0.89032773 0.89930629 0.00095587
0.89159904 0.89886429 0.00096538
0.89287034 0.89843527 0.00097372
0.89415643 0.89802064 0.00098056
0.89542774 0.89761998 0.00098597
0.89669904 0.89723138 0.00099035
0.89797035 0.89685201 0.00099441
0.89925643 0.89647866 0.00099876
0.90052774 0.89610863 0.00100360
0.90179905 0.89573925 0.00100944
0.90308513 0.89536751 0.00101698
0.90435644 0.89499026 0.00102704
0.90562774 0.89460460 0.00104052
0.90691383 0.89420790 0.00105835
0.90818514 0.89379903 0.00108104
0.90945644 0.89337829 0.00110856
0.91072775 0.89294809 0.00114012
0.91201384 0.89251457 0.00117291
0.91328514 0.89208331 0.00120492
0.91455645 0.89165982 0.00123411
0.91582775 0.89125003 0.00125824
0.91711384 0.89085929 0.00127542
0.91838515 0.89049138 0.00128438
0.91965645 0.89014854 0.00128440
0.92094254 0.88982998 0.00127581
0.92221385 0.88952773 0.00126234
0.92348515 0.88923279 0.00124791
0.92475646 0.88893749 0.00123568
0.92604254 0.88863672 0.00122751
0.92731385 0.88832928 0.00122327
0.92858516 0.88801488 0.00122251
0.92985646 0.88769371 0.00122459
0.93114255 0.88736557 0.00122924
0.93241385 0.88703039 0.00123610
0.93368516 0.88668954 0.00124418
0.93495647 0.88634723 0.00125077
0.93624255 0.88601126 0.00125137
0.93751386 0.88569040 0.00124241
0.93878516 0.88539229 0.00122127
0.94005647 0.88511905 0.00118856
0.94134256 0.88486430 0.00114913
0.94261386 0.88461859 0.00110829
0.94388517 0.88437421 0.00106958
0.94515647 0.88412658 0.00103459
0.94644256 0.88387213 0.00100442
0.94771387 0.88360695 0.00098028
0.94898517 0.88332827 0.00096286
0.95025648 0.88303369 0.00095280
0.95154257 0.88272104 0.00095086
0.95281387 0.88238835 0.00095828
0.95408518 0.88203560 0.00097553
0.95535648 0.88167037 0.00099917
0.95664257 0.88130644 0.00102256
0.95791388 0.88095944 0.00103785
0.95918518 0.88063833 0.00104079
0.96045649 0.88034087 0.00103321
0.96174258 0.88006058 0.00101878
0.96301388 0.87979141 0.00100013
0.96428519 0.87952906 0.00097920
0.96555649 0.87926896 0.00095821
0.96682780 0.87900538 0.00093988
0.96811389 0.87873267 0.00092704
0.96938519 0.87844700 0.00092136
0.97065650 0.87814667 0.00092344
0.97192780 0.87783182 0.00093306
0.97321389 0.87750351 0.00094971
0.97448520 0.87716392 0.00097252
0.97575650 0.87681798 0.00099910
0.97702781 0.87647069 0.00102718
0.97829911 0.87612714 0.00105438
0.97958520 0.87579154 0.00107891
0.98085651 0.87546558 0.00110016
0.98212781 0.87514917 0.00111811
0.98339912 0.87484033 0.00113391
0.98468520 0.87453695 0.00114855
0.98595651 0.87423676 0.00116293
0.98722781 0.87393703 0.00117832
0.98849912 0.87363512 0.00119588
0.98977043 0.87332857 0.00121672
0.99105651 0.87301583 0.00124145
0.99232782 0.87269614 0.00127022
0.99359912 0.87236925 0.00130292
0.99487043 0.87203493 0.00133941
0.99614174 0.87169280 0.00137981
0.99742782 0.87134141 0.00142503
0.99869913 0.87097993 0.00147571
0.99997043 0.87061034 0.00153076
1.00124174 0.87023508 0.00158885
1.00251305 0.86985659 0.00164872
1.00378435 0.86947687 0.00170940
1.00507044 0.86909651 0.00177076
1.00634174 0.86871576 0.00183279
1.00761305 0.86833478 0.00189547
1.00888436 0.86795389 0.00195867
1.01015566 0.86757341 0.00202220
1.01144175 0.86719396 0.00208568
1.01271305 0.86681639 0.00214856
1.01398436 0.86644152 0.00221032
1.01525567 0.86607044 0.00227025
1.01652697 0.86570437 0.00232756
1.01779828 0.86534461 0.00238140
1.01908436 0.86499204 0.00243114
1.02035567 0.86464612 0.00247713
1.02162698 0.86430383 0.00252132
1.02289828 0.86396018 0.00256696
1.02416959 0.86361064 0.00261700
1.02545567 0.86325317 0.00267271
1.02672698 0.86288842 0.00273362
1.02799829 0.86251819 0.00279853
1.02926959 0.86214443 0.00286616
1.03054090 0.86176911 0.00293524
1.03181220 0.86139467 0.00300422
1.03309829 0.86102379 0.00307142
1.03436960 0.86065920 0.00313508
1.03564090 0.86030266 0.00319407
1.03691221 0.85995404 0.00324855
1.03818351 0.85961292 0.00329875
1.03945482 0.85927889 0.00334491
1.04072612 0.85895141 0.00338733
1.04201221 0.85863009 0.00342622
1.04328352 0.85831463 0.00346169
1.04455482 0.85800467 0.00349395
1.04582613 0.85769919 0.00352365
1.04709743 0.85739636 0.00355201
1.04836874 0.85709450 0.00358018
1.04965483 0.85679249 0.00360898
1.05092613 0.85648999 0.00363867
1.05219744 0.85618775 0.00366888
1.05346874 0.85588673 0.00369907
1.05474005 0.85558906 0.00372790
1.05601135 0.85529864 0.00375285
1.05728266 0.85501954 0.00377128
1.05856875 0.85475567 0.00378068
1.05984005 0.85450877 0.00377991
1.06111136 0.85427642 0.00377063
1.06238266 0.85405656 0.00375418
1.06365397 0.85384823 0.00373112
1.06492527 0.85365052 0.00370203
1.06619658 0.85346261 0.00366740
1.06746788 0.85328225 0.00362871
1.06875397 0.85310582 0.00358838
1.07002528 0.85292904 0.00354927
1.07129658 0.85274789 0.00351406
1.07256789 0.85255906 0.00348492
1.07383919 0.85236018 0.00346338
1.07511050 0.85215014 0.00345011
1.07638181 0.85193106 0.00344356
1.07766789 0.85170942 0.00343927
1.07893920 0.85149456 0.00343093
1.08021050 0.85129329 0.00341407
1.08148181 0.85110611 0.00338855
1.08275312 0.85092970 0.00335676
1.08402442 0.85076015 0.00332136
1.08529573 0.85059569 0.00328355
1.08656703 0.85043526 0.00324394
1.08783834 0.85027754 0.00320337
1.08912443 0.85012144 0.00316253
1.09039573 0.84996586 0.00312212
1.09166704 0.84981018 0.00308253
1.09293834 0.84965396 0.00304409
1.09420965 0.84949683 0.00300706
1.09548095 0.84933859 0.00297160
1.09675226 0.84917902 0.00293786
1.09802356 0.84901782 0.00290606
1.09930965 0.84885479 0.00287632
1.10058096 0.84868978 0.00284869
1.10185226 0.84852305 0.00282294
1.10312357 0.84835452 0.00279908
1.10439487 0.84818406 0.00277714
1.10566618 0.84801163 0.00275711
1.10693748 0.84783721 0.00273896
1.10820879 0.84766107 0.00272248
1.10948010 0.84748376 0.00270726
1.11075140 0.84730613 0.00269271
1.11203749 0.84712916 0.00267815
1.11330879 0.84695401 0.00266275
1.11458010 0.84678171 0.00264578
1.11585141 0.84661328 0.00262640
1.11712271 0.84644950 0.00260396
1.11839402 0.84628910 0.00257914
1.11966532 0.84612857 0.00255413
1.12093663 0.84596067 0.00253366
1.12220793 0.84577554 0.00252434
1.12347924 0.84556506 0.00253169
1.12475054 0.84532662 0.00255734
1.12603663 0.84506462 0.00259816
1.12730794 0.84478787 0.00264820
1.12857924 0.84450694 0.00270124
1.12985055 0.84423339 0.00275129
1.13112185 0.84397933 0.00279326
1.13239316 0.84375913 0.00282161
1.13366446 0.84358641 0.00282988
1.13493577 0.84346843 0.00281430
1.13620707 0.84340919 0.00277049
1.13747838 0.84340258 0.00269899
1.13874969 0.84343319 0.00260357
1.14002099 0.84347267 0.00249718
1.14130708 0.84349322 0.00239471
1.14257838 0.84348064 0.00230311
1.14384969 0.84342464 0.00222765
1.14512100 0.84332252 0.00217086
1.14639230 0.84318437 0.00213345
1.14766361 0.84303084 0.00211177
1.14893491 0.84286920 0.00210092
1.15020622 0.84268670 0.00209915
1.15147752 0.84246547 0.00210537
1.15274883 0.84219660 0.00212336
1.15402013 0.84186747 0.00214819
1.15529144 0.84177234 0.00216759
1.15656274 0.84150254 0.00220894
1.15783405 0.84122794 0.00225338
1.15912014 0.84094896 0.00230073
1.16039144 0.84066604 0.00235084
1.16166275 0.84037967 0.00240349
1.16293405 0.84009035 0.00245850
1.16420536 0.83979859 0.00251564
1.16547667 0.83950497 0.00257469
1.16674797 0.83921003 0.00263539
1.16801928 0.83891440 0.00269751
1.16929058 0.83861868 0.00276077
1.17056189 0.83832350 0.00282490
1.17183319 0.83802952 0.00288961
1.17310450 0.83773741 0.00295462
1.17437580 0.83744785 0.00301962
1.17564711 0.83716153 0.00308430
1.17691841 0.83687916 0.00314836
1.17818972 0.83660145 0.00321146
1.17946103 0.83632913 0.00327328
1.18074711 0.83606290 0.00333350
1.18201842 0.83580351 0.00339178
1.18328972 0.83555167 0.00344778
1.18456103 0.83530811 0.00350118
1.18583234 0.83507354 0.00355163
1.18710364 0.83484868 0.00359881
1.18837495 0.83463423 0.00364238
1.18964625 0.83443088 0.00368200
1.19091756 0.83423929 0.00371737
1.19218886 0.83406013 0.00374814
1.19346017 0.83389403 0.00377403
1.19473147 0.83374159 0.00379471
1.19600278 0.83360341 0.00380989
1.19727408 0.83348004 0.00381929
1.19854539 0.83337200 0.00382264
1.19981670 0.83327977 0.00381967
1.20108800 0.83320379 0.00381014
1.20235931 0.83314448 0.00379382
1.20363061 0.83310218 0.00377049
1.20490192 0.83307720 0.00373997
1.20617322 0.83306979 0.00370208
1.20744453 0.83308015 0.00365668
1.20873062 0.83310841 0.00360363
1.21000192 0.83315463 0.00354283
1.21127323 0.83321882 0.00347422
1.21254453 0.83330090 0.00339776
1.21381584 0.83340072 0.00331342
1.21508714 0.83351804 0.00322123
1.21635845 0.83365256 0.00312126
1.21762975 0.83380385 0.00301359
1.21890106 0.83397141 0.00289838
1.22017237 0.83415465 0.00277579
1.22144367 0.83435285 0.00264607
1.22271498 0.83456520 0.00250949
1.22398628 0.83479078 0.00236642
1.22525759 0.83502854 0.00221725
1.22652889 0.83527730 0.00206248
1.22780020 0.83553578 0.00190270
1.22907150 0.83580254 0.00173863
1.23034281 0.83607602 0.00157115
1.23161411 0.83635451 0.00140135
1.23288542 0.83663614 0.00123074
1.23415673 0.83691890 0.00106141
1.23542803 0.83720061 0.00089654
1.23669934 0.83747895 0.00074148
1.23797064 0.83775139 0.00060572
1.23924195 0.83801526 0.00050616
1.24051325 0.83826767 0.00046627
1.24178456 0.83850559 0.00049881
1.24305586 0.83872574 0.00058926
1.24432717 0.83892469 0.00071269
1.24559847 0.83909878 0.00085128
1.24686978 0.83924413 0.00099492
1.24814109 0.83935665 0.00113777
1.24941239 0.83943204 0.00127617
1.25068370 0.83946576 0.00140756
1.25195500 0.83945301 0.00153006
1.25322631 0.83938878 0.00164221
1.25449761 0.83926780 0.00174296
1.25576892 0.83908454 0.00183167
1.25704022 0.83883321 0.00190818
1.25831153 0.83850775 0.00197301
1.25958283 0.83810183 0.00202754
1.26085414 0.83760884 0.00207432
1.26212545 0.83702187 0.00211743
1.26339675 0.83633375 0.00216289
1.26466806 0.83553696 0.00221895
1.26593936 0.83462372 0.00229621
1.26721067 0.83358590 0.00240718
1.26848197 0.83241509 0.00256530
1.26975328 0.83110251 0.00278344
1.27102458 0.82963908 0.00307254
1.27229589 0.82801536 0.00344085
1.27356719 0.82622156 0.00389406
1.27483850 0.82424753 0.00443600
1.27610981 0.82208277 0.00506949
1.27738111 0.81971636 0.00579702
1.27865242 0.81713702 0.00662116
1.27992372 0.81433305 0.00754484
1.28119503 0.81129233 0.00857139
-0.96316762 0.82005045 0.00729106
-0.96189631 0.82341345 0.00789098
-0.96062353 0.82452757 0.00760818
-0.95934927 0.82531330 0.00750944
-0.95807353 0.82627544 0.00723262
-0.95679779 0.82805907 0.00644392
-0.95551909 0.83137027 0.00460734
-0.95423744 0.83805942 0.00123360
-0.95295431 0.85552289 0.00932800
-0.95167118 0.87801611 0.01539955
-0.95038804 0.87950436 0.01489773
-0.94910048 0.85793502 0.01196781
-0.94781143 0.83663880 0.01013388
-0.94651943 0.82341301 0.00895406
-0.94522743 0.81433129 0.00823500
-0.94393247 0.80746847 0.00762718
-0.94263604 0.80119871 0.00715334
-0.94133960 0.79516847 0.00672862
-0.94004021 0.78922830 0.00634083
-0.93873934 0.78353841 0.00600733
-0.93743699 0.77817998 0.00571629
-0.93613316 0.77314377 0.00545997
-0.93482786 0.76838072 0.00523028
-0.93351959 0.76385718 0.00502284
-0.93221133 0.75954166 0.00483366
-0.93090011 0.75540772 0.00465934
-0.92958890 0.75143285 0.00449983
-0.92827472 0.74759774 0.00435130
-0.92695907 0.74388669 0.00421331
-0.92564341 0.74028540 0.00408489
-0.92432480 0.73678208 0.00396422
-0.92300472 0.73337388 0.00384914
-0.92168315 0.73003934 0.00373957
-0.92036010 0.72678672 0.00363592
-0.91903410 0.72361102 0.00353682
-0.91770810 0.72050154 0.00343718
-0.91638062 0.71747625 0.00334255
-0.91505167 0.71454244 0.00325566
-0.91371975 0.71167140 0.00317748
-0.91238784 0.70884880 0.00309465
-0.91105297 0.70605303 0.00302102
-0.90971810 0.70328767 0.00294734
-0.90838027 0.70053830 0.00287784
-0.90704096 0.69781933 0.00281331
-0.90570166 0.69512715 0.00274412
-0.90435940 0.69245090 0.00268409
-0.90301565 0.68979779 0.00262364
-0.90167044 0.68716058 0.00256738
-0.90032374 0.68454288 0.00250720
-0.89897556 0.68194465 0.00245974
-0.89762591 0.67935865 0.00240406
-0.89627478 0.67678847 0.00235654
-0.89492217 0.67422682 0.00230504
-0.89356808 0.67168461 0.00225347
-0.89221251 0.66914723 0.00220616
-0.89085547 0.66662559 0.00216312
-0.88949695 0.66411239 0.00211600
-0.88813547 0.66161125 0.00207750
-0.88677399 0.65911116 0.00203462
-0.88541103 0.65662673 0.00199605
-0.88404659 0.65414697 0.00195769
-0.88267920 0.65167182 0.00191467
-0.88131181 0.64920492 0.00188060
-0.87994294 0.64674626 0.00183747
-0.87857259 0.64428841 0.00180793
-0.87719928 0.64184243 0.00176911
-0.87582598 0.63939351 0.00173507
-0.87445120 0.63695269 0.00170521
-0.87307345 0.63451253 0.00167089
-0.87169571 0.63208041 0.00163652
-0.87031650 0.62964887 0.00160673
-0.86893580 0.62722531 0.00157690
-0.86755215 0.62479852 0.00154702
-0.86616849 0.62237218 0.00151696
-0.86478336 0.61994997 0.00148699
-0.86339675 0.61753184 0.00146150
-0.86200866 0.61511403 0.00143144
-0.86061762 0.61269647 0.00140596
-0.85922657 0.61027912 0.00138035
-0.85783405 0.60786193 0.00135014
-0.85644005 0.60545237 0.00132909
-0.85504457 0.60303535 0.00130338
-0.85364761 0.60061831 0.00128227
-0.85224918 0.59820123 0.00125650
-0.85084926 0.59578403 0.00123067
-0.84944787 0.59336667 0.00120944
-0.84804648 0.59094908 0.00118820
-0.84664213 0.58853122 0.00116687
-0.84523630 0.58610540 0.00114559
-0.84382899 0.58368298 0.00112422
-0.84242169 0.58124861 0.00110747
-0.84101143 0.57881752 0.00108602
-0.83960116 0.57637814 0.00106931
-0.83818795 0.57393806 0.00105723
-0.83677473 0.57148566 0.00104035
-0.83536003 0.56903240 0.00102360
-0.83394238 0.56657046 0.00100664
-0.83252472 0.56409974 0.00099451
-0.83110559 0.56162402 0.00098236
-0.82968498 0.55914320 0.00097020
-0.82826289 0.55665328 0.00095779
-0.82684081 0.55416198 0.00094559
-0.82541576 0.55166530 0.00093781
-0.82398924 0.54916315 0.00092556
-0.82256272 0.54667118 0.00091798
-0.82113324 0.54417755 0.00090544
-0.81970376 0.54168616 0.00089782
-0.81827280 0.53920488 0.00088522
-0.81684036 0.53673373 0.00087735
-0.81540645 0.53427670 0.00086468
-0.81397106 0.53182984 0.00085679
-0.81253418 0.52940918 0.00084405
-0.81109584 0.52701083 0.00083612
-0.80965749 0.52463490 0.00081841
-0.80821618 0.52228552 0.00081042
-0.80677488 0.51995880 0.00079255
-0.80533209 0.51766700 0.00077953
-0.80388783 0.51539813 0.00076648
-0.80244209 0.51316046 0.00074833
-0.80099487 0.51094190 0.00073512
-0.79954765 0.50875484 0.00072186
-0.79809748 0.50657895 0.00070349
-0.79664730 0.50443069 0.00069010
-0.79519565 0.50228552 0.00067168
-0.79374252 0.50015165 0.00065820
-0.79228791 0.49802500 0.00064468
-0.79083182 0.49590558 0.00063112
-0.78937573 0.49378507 0.00061781
-0.78791669 0.49166343 0.00060390
-0.78645764 0.48953223 0.00059061
-0.78499712 0.48739975 0.00058230
-0.78353512 0.48524912 0.00057406
-0.78207164 0.48308858 0.00056530
-0.78060816 0.48091378 0.00055710
-0.77914320 0.47871184 0.00055380
-0.77767528 0.47649525 0.00054501
-0.77620885 0.47425530 0.00054174
-0.77473946 0.47200029 0.00054332
-0.77326859 0.46973005 0.00053938
-0.77179771 0.46744868 0.00054101
-0.77032537 0.46516467 0.00053708
-0.76885154 0.46286928 0.00053875
-0.76737623 0.46058407 0.00053482
-0.76590093 0.45829601 0.00053591
-0.76442266 0.45601375 0.00053709
-0.76294440 0.45374608 0.00053321
-0.76146466 0.45149749 0.00052932
-0.75998492 0.44925927 0.00053062
-0.75850222 0.44705804 0.00052643
-0.75701953 0.44488079 0.00052256
-0.75553535 0.44273662 0.00051866
-0.75405118 0.44062580 0.00051475
-0.75256405 0.43855309 0.00050526
-0.75107691 0.43651430 0.00049577
-0.74958830 0.43451424 0.00048625
-0.74809822 0.43255322 0.00048220
-0.74660813 0.43062250 0.00047254
-0.74511656 0.42873141 0.00046281
-0.74362352 0.42686204 0.00044740
-0.74212899 0.42502368 0.00043751
-0.74063447 0.42319822 0.00042761
-0.73913847 0.42139957 0.00042329
-0.73764099 0.41960947 0.00040766
-0.73614351 0.41782332 0.00039780
-0.73464307 0.41603648 0.00039349
-0.73314412 0.41424426 0.00038919
-0.73164220 0.41244191 0.00037948
-0.73014029 0.41063399 0.00038130
-0.72863542 0.40880632 0.00037643
-0.72713202 0.40695395 0.00037765
-0.72562567 0.40506714 0.00037890
-0.72411933 0.40315028 0.00037408
-0.72261150 0.40121732 0.00037482
-0.72110367 0.39930636 0.00036398
-0.71959436 0.39744159 0.00035916
-0.71808358 0.39560419 0.00035466
-0.71657132 0.39379925 0.00034974
-0.71505906 0.39201735 0.00034481
-0.71354532 0.39026357 0.00034015
-0.71203158 0.38851375 0.00033514
-0.71051488 0.38678750 0.00033012
-0.70899966 0.38507028 0.00033151
-0.70748148 0.38336217 0.00032640
-0.70596331 0.38166817 0.00032160
-0.70444366 0.37997847 0.00031642
-0.70292400 0.37830306 0.00031156
-0.70140287 0.37663206 0.00030630
-0.69988026 0.37497052 0.00029548
-0.69835765 0.37331849 0.00029008
-0.69683356 0.37166596 0.00028514
-0.69530800 0.37002303 0.00028565
-0.69378243 0.36838978 0.00028061
-0.69225538 0.36675100 0.00027559
-0.69072834 0.36512706 0.00027653
-0.68919982 0.36350270 0.00027094
-0.68766982 0.36189335 0.00026585
-0.68613981 0.36027847 0.00026080
-0.68460833 0.35866835 0.00025504
-0.68307685 0.35706301 0.00025592
-0.68154390 0.35547296 0.00025014
-0.68001094 0.35387734 0.00025168
-0.67847650 0.35229187 0.00024579
-0.67694059 0.35071135 0.00024666
-0.67540467 0.34913583 0.00024145
-0.67386728 0.34756533 0.00023545
-0.67232841 0.34599989 0.00023629
-0.67078954 0.34443954 0.00023652
-0.66925067 0.34288432 0.00023798
-0.66771032 0.34133966 0.00023192
-0.66616849 0.33980025 0.00023276
-0.66462666 0.33826069 0.00022668
-0.66308484 0.33673731 0.00023444
-0.66154005 0.33521935 0.00022832
-0.65999675 0.33370682 0.00022915
-0.65845049 0.33219979 0.00022356
-0.65690570 0.33070935 0.00021688
-0.65535796 0.32923012 0.00021767
-0.65381022 0.32776220 0.00021846
-0.65226248 0.32630011 0.00021260
-0.65071326 0.32486074 0.00020631
-0.64916404 0.32343306 0.00020004
-0.64761335 0.32202846 0.00020075
-0.64606265 0.32064153 0.00019447
-0.64451047 0.31928382 0.00019532
-0.64295830 0.31794420 0.00018923
-0.64140464 0.31660565 0.00018988
-0.63985099 0.31526243 0.00019055
-0.63829586 0.31390870 0.00018449
-0.63674073 0.31255013 0.00017852
-0.63518412 0.31118666 0.00017840
-0.63362751 0.30982405 0.00017906
-0.63207090 0.30845644 0.00017972
-0.63051133 0.30710140 0.00018038
-0.62895324 0.30574136 0.00018104
-0.62739368 0.30438810 0.00017484
-0.62583411 0.30303572 0.00017549
-0.62427306 0.30169617 0.00017614
-0.62271202 0.30036358 0.00017619
-0.62114950 0.29903201 0.00017685
-0.61958697 0.29771352 0.00017750
-0.61802445 0.29639615 0.00017060
-0.61646045 0.29509205 0.00017167
-0.61489497 0.29380135 0.00016458
-0.61333097 0.29251195 0.00016496
-0.61176401 0.29123614 0.00017316
-0.61019853 0.28996791 0.00016619
-0.60863157 0.28870731 0.00016681
-0.60706461 0.28746065 0.00016743
-0.60549618 0.28622807 0.00016804
-0.60392774 0.28499719 0.00016105
-0.60235783 0.28377431 0.00016165
-0.60078939 0.28257212 0.00015471
-0.59921800 0.28137818 0.00015527
-0.59764808 0.28019257 0.00016342
-0.59607669 0.27901538 0.00015640
-0.59450530 0.27784668 0.00015697
-0.59293243 0.27669299 0.00015754
-0.59135956 0.27554802 0.00015002
-0.58978669 0.27441185 0.00014286
-0.58821234 0.27328457 0.00014337
-0.58663799 0.27217278 0.00014388
-0.58506364 0.27105703 0.00014439
-0.58348781 0.26995695 0.00014490
-0.58191198 0.26886612 0.00013714
-0.58033616 0.26779124 0.00013825
-0.57875885 0.26671258 0.00013024
-0.57718302 0.26563675 0.00013070
-0.57560424 0.26457712 0.00013116
-0.57402693 0.26352046 0.00012389
-0.57244815 0.26247352 0.00012432
-0.57086937 0.26142965 0.00012403
-0.56929058 0.26039564 0.00012446
-0.56771032 0.25935800 0.00012490
-0.56613006 0.25832352 0.00011729
-0.56454980 0.25729906 0.00011771
-0.56296805 0.25627098 0.00011812
-0.56138779 0.25524614 0.00011814
-0.55980605 0.25421765 0.00011020
-0.55822283 0.25319240 0.00011899
-0.55664109 0.25217042 0.00011942
-0.55505787 0.25113078 0.00012851
-0.55347466 0.25009432 0.00012030
-0.55189144 0.24905402 0.00012115
-0.55030822 0.24800984 0.00012995
-0.54872352 0.24694045 0.00013122
-0.54713882 0.24587404 0.00013172
-0.54555413 0.24480348 0.00013224
-0.54396943 0.24376461 0.00013428
-0.54238325 0.24276501 0.00012519
-0.54079708 0.24177616 0.00013527
-0.53921090 0.24081997 0.00013575
-0.53762473 0.23986765 0.00012862
-0.53603855 0.23894845 0.00012907
-0.53445090 0.23802607 0.00012952
-0.53286472 0.23712255 0.00012996
-0.53127707 0.23621591 0.00013041
-0.52968942 0.23532835 0.00013085
-0.52810029 0.23444521 0.00012393
-0.52651263 0.23355905 0.00012165
-0.52492498 0.23269978 0.00012477
-0.52333585 0.23183013 0.00012247
-0.52174671 0.23097258 0.00012288
-0.52015758 0.23011971 0.00011564
-0.51856845 0.22926397 0.00011352
-0.51697932 0.22841293 0.00011642
-0.51538871 0.22757427 0.00011429
-0.51379958 0.22674047 0.00011720
-0.51220897 0.22590387 0.00010707
-0.51061836 0.22507216 0.00010743
-0.50902775 0.22424538 0.00011838
-0.50743714 0.22341583 0.00011145
-0.50584653 0.22259124 0.00011918
-0.50425592 0.22177950 0.00011220
-0.50266383 0.22096504 0.00010925
-0.50107322 0.22015570 0.00011295
-0.49948261 0.21934363 0.00012079
-0.49789052 0.21854465 0.00011371
-0.49629843 0.21773504 0.00011410
-0.49470782 0.21694660 0.00011448
-0.49311573 0.21615553 0.00011486
-0.49152364 0.21536179 0.00011525
-0.48993156 0.21458953 0.00011563
-0.48833947 0.21380663 0.00012044
-0.48674738 0.21303731 0.00011640
-0.48515529 0.21227357 0.00012124
-0.48356320 0.21151546 0.00012164
-0.48196964 0.21075484 0.00012204
-0.48037755 0.21001634 0.00012244
-0.47878546 0.20928369 0.00011659
-0.47719337 0.20855693 0.00012322
-0.47559980 0.20784443 0.00011733
-0.47400772 0.20714632 0.00011769
-0.47241563 0.20645438 0.00011262
-0.47082206 0.20578541 0.00010657
-0.46922997 0.20513123 0.00010689
-0.46763788 0.20450038 0.00010719
-0.46604432 0.20387618 0.00010205
-0.46445223 0.20325866 0.00010780
-0.46286014 0.20262242 0.00010811
-0.46126658 0.20200137 0.00009638
-0.45967449 0.20136144 0.00009666
-0.45808240 0.20071962 0.00009695
-0.45649031 0.20007590 0.00009724
-0.45489822 0.19944748 0.00010415
-0.45330613 0.19880858 0.00009781
-0.45171257 0.19815909 0.00009811
-0.45012048 0.19753371 0.00009840
-0.44852839 0.19689776 0.00010540
-0.44693778 0.19625989 0.00009342
-0.44534569 0.19562887 0.00009370
-0.44375360 0.19500473 0.00010636
-0.44216151 0.19438758 0.00009426
-0.44057090 0.19375972 0.00010699
-0.43897882 0.19314773 0.00010731
-0.43738821 0.19253392 0.00010763
-0.43579612 0.19192722 0.00010342
-0.43420551 0.19131873 0.00009567
-0.43261490 0.19072639 0.00009595
-0.43102429 0.19012331 0.00010434
-0.42943368 0.18953653 0.00009651
-0.42784307 0.18894803 0.00009245
-0.42625394 0.18835781 0.00010525
-0.42466333 0.18778410 0.00010555
-0.42307419 0.18720874 0.00010585
-0.42148358 0.18663172 0.00010616
-0.41989445 0.18607142 0.00009379
-0.41830532 0.18551876 0.00009405
-0.41671619 0.18495529 0.00010382
-0.41512853 0.18440876 0.00009459
-0.41353940 0.18386070 0.00010766
-0.41195175 0.18331111 0.00010470
-0.41036262 0.18277868 0.00010499
-0.40877496 0.18224478 0.00010527
-0.40718731 0.18170940 0.00010557
-0.40560114 0.18120083 0.00010584
-0.40401348 0.18068146 0.00009360
-0.40242731 0.18016068 0.00010472
-0.40084113 0.17964798 0.00010501
-0.39925496 0.17914344 0.00009436
-0.39766878 0.17864710 0.00010556
-0.39608261 0.17813989 0.00009486
-0.39449791 0.17765052 0.00009511
-0.39291321 0.17716951 0.00009438
-0.39132851 0.17668725 0.00010666
-0.38974382 0.17620377 0.00009584
-0.38816060 0.17572872 0.00010721
-0.38657738 0.17525247 0.00009535
-0.38499416 0.17478474 0.00009560
-0.38341094 0.17432561 0.00009683
-0.38182920 0.17387514 0.00009607
-0.38024598 0.17341373 0.00009732
-0.37866424 0.17296101 0.00009655
-0.37708398 0.17251705 0.00009678
-0.37550224 0.17208190 0.00009803
-0.37392198 0.17163578 0.00009827
-0.37234172 0.17119852 0.00008560
-0.37076145 0.17077015 0.00009874
-0.36918267 0.17035077 0.00009897
-0.36760388 0.16992040 0.00008851
-0.36602510 0.16948898 0.00008641
-0.36444780 0.16906659 0.00008662
-0.36286901 0.16863309 0.00009993
-0.36129171 0.16820866 0.00010017
-0.35971588 0.16780350 0.00008957
-0.35814005 0.16737707 0.00008979
-0.35656422 0.16694960 0.00009001
-0.35498840 0.16652110 0.00009023
-0.35341405 0.16612226 0.00009043
-0.35183970 0.16570198 0.00009519
-0.35026535 0.16529098 0.00009087
-0.34869248 0.16487901 0.00008121
-0.34711961 0.16447638 0.00008140
-0.34554674 0.16407282 0.00008159
-0.34397534 0.16366831 0.00008178
-0.34240395 0.16327325 0.00008833
-0.34083256 0.16287727 0.00009676
-0.33926264 0.16249084 0.00008874
-0.33769273 0.16209305 0.00009721
-0.33612429 0.16170484 0.00008915
-0.33455586 0.16132626 0.00008935
-0.33298742 0.16094683 0.00008955
-0.33142046 0.16056655 0.00008975
-0.32985350 0.16018540 0.00008996
-0.32828655 0.15980339 0.00009016
-0.32672107 0.15944180 0.00008384
-0.32515559 0.15906875 0.00009056
-0.32359159 0.15870557 0.00008422
-0.32202758 0.15835230 0.00008439
-0.32046358 0.15798754 0.00008038
-0.31890106 0.15763274 0.00008055
-0.31734002 0.15727717 0.00008073
-0.31577749 0.15692083 0.00008090
-0.31421793 0.15659622 0.00008106
-0.31265688 0.15624924 0.00009338
-0.31109731 0.15591242 0.00008140
-0.30953923 0.15557489 0.00008009
-0.30798114 0.15524759 0.00008025
-0.30642305 0.15494150 0.00008187
-0.30486644 0.15461291 0.00008204
-0.30330983 0.15430563 0.00006771
-0.30175470 0.15398674 0.00008236
-0.30019957 0.15365620 0.00008253
-0.29864591 0.15332497 0.00008270
-0.29709226 0.15297091 0.00007178
-0.29554008 0.15262716 0.00008306
-0.29398791 0.15226041 0.00008325
-0.29243721 0.15190397 0.00007226
-0.29088651 0.15153555 0.00007243
-0.28933730 0.15116626 0.00007260
-0.28778808 0.15077364 0.00008842
-0.28623886 0.15039131 0.00007296
-0.28469112 0.15001933 0.00007313
-0.28314485 0.14963514 0.00007998
-0.28159859 0.14925000 0.00008929
-0.28005381 0.14885254 0.00008039
-0.27850902 0.14846545 0.00008974
-0.27696572 0.14807740 0.00007405
-0.27542241 0.14768837 0.00008100
-0.27388059 0.14728686 0.00007443
-0.27234024 0.14689581 0.00008142
-0.27079989 0.14649222 0.00007482
-0.26925954 0.14609912 0.00008184
-0.26772067 0.14568179 0.00008207
-0.26618327 0.14529823 0.00008228
-0.26464588 0.14487869 0.00008251
-0.26310997 0.14449307 0.00008272
-0.26157405 0.14407127 0.00008295
-0.26003962 0.14367180 0.00009262
-0.25850518 0.14325948 0.00008340
-0.25697222 0.14285782 0.00009312
-0.25544074 0.14244322 0.00008386
-0.25390926 0.14201556 0.00008411
-0.25237926 0.14161051 0.00009391
-0.25084926 0.14119238 0.00008458
-0.24932074 0.14076105 0.00008483
-0.24779369 0.14034049 0.00007797
-0.24626665 0.13990663 0.00007821
-0.24474108 0.13945935 0.00009059
-0.24321552 0.13901070 0.00007486
-0.24169143 0.13856064 0.00007894
-0.24016882 0.13809694 0.00007534
-0.23864621 0.13763173 0.00009175
-0.23712508 0.13716500 0.00007972
-0.23560542 0.13670907 0.00009235
-0.23408577 0.13628881 0.00009745
-0.23256759 0.13587971 0.00009773
-0.23104942 0.13554410 0.00009797
-0.22953272 0.13519521 0.00010583
-0.22801750 0.13485795 0.00010609
-0.22650376 0.13453242 0.00009868
-0.22499002 0.13421868 0.00010658
-0.22347628 0.13390425 0.00008902
-0.22196550 0.13358908 0.00009935
-0.22045471 0.13327319 0.00010731
-0.21894541 0.13296925 0.00010755
-0.21743610 0.13266465 0.00010778
-0.21592827 0.13233390 0.00010027
-0.21442193 0.13201510 0.00010830
-0.21291705 0.13168277 0.00010075
-0.21141218 0.13137527 0.00010097
-0.20990879 0.13104135 0.00011921
-0.20840540 0.13071952 0.00010147
-0.20690496 0.13037106 0.00010173
-0.20540453 0.13003463 0.00012010
-0.20390557 0.12968439 0.00012042
-0.20240661 0.12934626 0.00011498
-0.20090913 0.12899420 0.00011529
-0.19941313 0.12864121 0.00011559
-0.19791861 0.12827414 0.00012170
-0.19642408 0.12791923 0.00012203
-0.19493104 0.12755017 0.00010391
-0.19343947 0.12718004 0.00011688
-0.19194791 0.12679561 0.00010451
-0.19045930 0.12642334 0.00011756
-0.18897069 0.12603667 0.00010512
-0.18748355 0.12564882 0.00012417
-0.18599642 0.12525982 0.00011862
-0.18451077 0.12489659 0.00011896
-0.18302659 0.12451881 0.00012526
-0.18154390 0.12412637 0.00011967
-0.18006268 0.12375990 0.00012002
-0.17858146 0.12339237 0.00012037
-0.17710172 0.12302378 0.00012072
-0.17562346 0.12264039 0.00012713
-0.17414667 0.12225582 0.00014023
-0.17266989 0.12188388 0.00014065
-0.17119606 0.12151084 0.00014107
-0.16972223 0.12113667 0.00014149
-0.16824841 0.12076138 0.00014192
-0.16677754 0.12039891 0.00013819
-0.16530667 0.12002138 0.00013861
-0.16383875 0.11964268 0.00013904
-0.16237084 0.11927691 0.00012441
-0.16090440 0.11889590 0.00012479
-0.15943796 0.11851370 0.00012519
-0.15797449 0.11814449 0.00014498
-0.15651101 0.11775991 0.00014544
-0.15504900 0.11738842 0.00014164
-0.15358848 0.11700141 0.00014210
-0.15212944 0.11661315 0.00014256
-0.15067039 0.11622363 0.00014303
-0.14921430 0.11583283 0.00014350
-0.14775822 0.11545526 0.00016321
-0.14630375 0.11506192 0.00016376
-0.14485062 0.11466725 0.00016431
-0.14339867 0.11427126 0.00016486
-0.14194791 0.11387392 0.00016543
-0.14049847 0.11347522 0.00016599
-0.13905022 0.11307515 0.00016657
-0.13760344 0.11267369 0.00016715
-0.13615770 0.11225590 0.00014796
-0.13471344 0.11185157 0.00014848
-0.13327021 0.11144581 0.00014901
-0.13182846 0.11100834 0.00016960
-0.13038804 0.11059955 0.00017021
-0.12894881 0.11017408 0.00015069
-0.12751090 0.10973165 0.00017152
-0.12607433 0.10930288 0.00015186
-0.12463893 0.10885699 0.00017287
-0.12320502 0.10840934 0.00017083
-0.12177229 0.10797540 0.00017425
-0.12034104 0.10750856 0.00017499
-0.11891096 0.10703972 0.00017574
-0.11748222 0.10656887 0.00017650
-0.11605496 0.10609597 0.00017727
-0.11462888 0.10562099 0.00017805
-0.11320413 0.10514391 0.00017885
-0.11178086 0.10464873 0.00015847
-0.11035892 0.10413508 0.00018054
-0.10893816 0.10363517 0.00015999
-0.10751888 0.10313282 0.00017938
-0.10610108 0.10262808 0.00018314
-0.10468446 0.10213730 0.00018400
-0.10326932 0.10164419 0.00018488
-0.10185551 0.10114873 0.00018577
-0.10044304 0.10065087 0.00018667
-0.09903203 0.10013390 0.00016548
-0.09762236 0.09961422 0.00018560
-0.09621417 0.09909190 0.00018955
-0.09480731 0.09858384 0.00019051
-0.09340178 0.09803907 0.00018853
-0.09199772 0.09750846 0.00019257
-0.09059500 0.09695775 0.00019059
-0.08919376 0.09642129 0.00019471
-0.08779384 0.09586444 0.00019273
-0.08639541 0.09532192 0.00019691
-0.08499845 0.09474106 0.00019810
-0.08360282 0.09415667 0.00019931
-0.08220867 0.09360448 0.00017681
-0.08081600 0.09303099 0.00020168
-0.07942466 0.09243596 0.00020296
-0.07803480 0.09183714 0.00020426
-0.07664641 0.09123445 0.00020559
-0.07525951 0.09064629 0.00018795
-0.07387393 0.09005432 0.00018367
-0.07248984 0.08943979 0.00018492
-0.07110722 0.08883983 0.00021104
-0.06972608 0.08821697 0.00021251
-0.06834642 0.08758974 0.00021401
-0.06696823 0.08701566 0.00021540
-0.06559138 0.08643782 0.00021682
-0.06421615 0.08589499 0.00023966
-0.06284240 0.08538799 0.00021944
-0.06146998 0.08485826 0.00022080
-0.06009919 0.08438465 0.00022202
-0.05872988 0.08384867 0.00022342
-0.05736204 0.08332933 0.00022127
-0.05599568 0.08280670 0.00024847
-0.05463080 0.08226057 0.00025010
-0.05326740 0.08171083 0.00025176
-0.05190548 0.08111628 0.00025200
-0.05054518 0.08053811 0.00025538
-0.04918636 0.07991405 0.00025735
-0.04782902 0.07926401 0.00028394
-0.04647316 0.07839629 0.00026227
-0.04511893 0.07721692 0.00029138
-0.04376617 0.07568963 0.00032384
-0.04241504 0.07404141 0.00030374
-0.04106524 0.07240198 0.00031055
-0.03971706 0.07084251 0.00034578
-0.03837051 0.06922447 0.00032467
-0.03702529 0.06761718 0.00033231
-0.03568185 0.06594565 0.00037123
-0.03433973 0.06420538 0.00034982
-0.03299939 0.06239012 0.00035992
-0.03166038 0.06046556 0.00040622
-0.03032315 0.05833560 0.00045453
-0.02898739 0.05582833 0.00047518
-0.02765326 0.05257422 0.00054482
-0.02632105 0.04828620 0.00063783
-0.02499002 0.04346495 0.00075909
-0.02366047 0.03856062 0.00084804
-0.02233255 0.03363520 0.00090903
-0.02100625 0.02890644 0.00098529
-0.01968143 0.02421011 0.00117659
-0.01835824 0.01958194 0.00124501
-0.01703653 0.01526740 0.00159338
-0.01571644 0.01073322 0.00206586
-0.01439801 0.00514759 0.00407960
-0.01308110 nan nan
-0.01176578 nan nan
-0.01045207 nan nan
-0.00913993 0.00748253 0.00265780
-0.00782941 0.01182179 0.00171652
-0.00652048 0.01602870 0.00139544
-0.00521317 0.02042029 0.00109992
-0.00390746 0.02461902 0.00115701
-0.00260335 0.02992365 0.00095180
-0.00130087 0.03479574 0.00106555
-0.00000000 0.04312236 0.00056833
