# s/c   M_is_mean    M_is_std
0.00000000 0.01868968 0.00128748
0.00130087 0.02916317 0.00063822
0.00260174 0.03705821 0.00036366
0.00390261 0.04377990 0.00020380
0.00520348 0.04978915 0.00010216
0.00650435 0.05530407 0.00004945
0.00780522 0.06044746 0.00006170
0.00910609 0.06529626 0.00009298
0.01040697 0.06990229 0.00011962
0.01170784 0.07430245 0.00014004
0.01300871 0.07852414 0.00015513
0.01430958 0.08258846 0.00016593
0.01561045 0.08651210 0.00017330
0.01691132 0.09030864 0.00017798
0.01821219 0.09398936 0.00018054
0.01951306 0.09756381 0.00018144
0.02081393 0.10104025 0.00018106
0.02211480 0.10442588 0.00017971
0.02341567 0.10772713 0.00017763
0.02470176 0.11094975 0.00017501
0.02600263 0.11409899 0.00017203
0.02730350 0.11717967 0.00016881
0.02860437 0.12019626 0.00016545
0.02990524 0.12315292 0.00016202
0.03120611 0.12605357 0.00015860
0.03250698 0.12890193 0.00015522
0.03380786 0.13170152 0.00015192
0.03510873 0.13445570 0.00014873
0.03640960 0.13716770 0.00014566
0.03771047 0.13984063 0.00014272
0.03901134 0.14247747 0.00013994
0.04029743 0.14508111 0.00013733
0.04159830 0.14765434 0.00013489
0.04289917 0.15019989 0.00013264
0.04420004 0.15272037 0.00013060
0.04550091 0.15521834 0.00012879
0.04680178 0.15769628 0.00012723
0.04810265 0.16015660 0.00012595
0.04940352 0.16260164 0.00012499
0.05068961 0.16503367 0.00012437
0.05199048 0.16745491 0.00012413
0.05329135 0.16986749 0.00012428
0.05459222 0.17227350 0.00012488
0.05589309 0.17467495 0.00012592
0.05719396 0.17707379 0.00012743
0.05849483 0.17947191 0.00012943
0.05978092 0.18187114 0.00013190
0.06108179 0.18427322 0.00013484
0.06238266 0.18667987 0.00013825
0.06368353 0.18909269 0.00014209
0.06498440 0.19151326 0.00014635
0.06628528 0.19394308 0.00015099
0.06757136 0.19638357 0.00015598
0.06887223 0.19883610 0.00016128
0.07017310 0.20130197 0.00016686
0.07147398 0.20378241 0.00017267
0.07277485 0.20627859 0.00017869
0.07407572 0.20879161 0.00018488
0.07536180 0.21132250 0.00019120
0.07666268 0.21387224 0.00019761
0.07796355 0.21644172 0.00020409
0.07926442 0.21903180 0.00021061
0.08056529 0.22164324 0.00021714
0.08185138 0.22427677 0.00022366
0.08315225 0.22693303 0.00023013
0.08445312 0.22961261 0.00023654
0.08575399 0.23231604 0.00024287
0.08704008 0.23504380 0.00024910
0.08834095 0.23779629 0.00025521
0.08964182 0.24057388 0.00026119
0.09094269 0.24337687 0.00026703
0.09224356 0.24620551 0.00027271
0.09352965 0.24905998 0.00027823
0.09483052 0.25194044 0.00028358
0.09613139 0.25484699 0.00028875
0.09743226 0.25777966 0.00029373
0.09871835 0.26073845 0.00029853
0.10001922 0.26372334 0.00030313
0.10132009 0.26673422 0.00030755
0.10260618 0.26977098 0.00031178
0.10390705 0.27283344 0.00031581
0.10520792 0.27592141 0.00031966
0.10650879 0.27903463 0.00032333
0.10779488 0.28217284 0.00032681
0.10909575 0.28533573 0.00033012
0.11039662 0.28852295 0.00033327
0.11169749 0.29173414 0.00033625
0.11298358 0.29496891 0.00033907
0.11428445 0.29822682 0.00034175
0.11558532 0.30150743 0.00034429
0.11687141 0.30481027 0.00034670
0.11817228 0.30813485 0.00034899
0.11947315 0.31148065 0.00035117
0.12075924 0.31484715 0.00035324
0.12206011 0.31823379 0.00035522
0.12336098 0.32164002 0.00035711
0.12466185 0.32506524 0.00035893
0.12594794 0.32850888 0.00036069
0.12724881 0.33197033 0.00036238
0.12854968 0.33544897 0.00036403
0.12983577 0.34082797 0.00036801
0.13113664 0.34452589 0.00036669
0.13243751 0.34819834 0.00036368
0.13372359 0.35186368 0.00036169
0.13502447 0.35553164 0.00036168
0.13632534 0.35919565 0.00036135
0.13761142 0.36285002 0.00036018
0.13891229 0.36649876 0.00035720
0.14019838 0.37017997 0.00035567
0.14149925 0.37395949 0.00036750
0.14280012 0.37785800 0.00039472
0.14408621 0.38181037 0.00042538
0.14538708 0.38569817 0.00044002
0.14668795 0.38945805 0.00043407
0.14797404 0.39309947 0.00041848
0.14927491 0.39666123 0.00040198
0.15056100 0.40020768 0.00039227
0.15186187 0.40377656 0.00039275
0.15316274 0.40733867 0.00039579
0.15444883 0.41085064 0.00039321
0.15574970 0.41432368 0.00038867
0.15703579 0.41780272 0.00038908
0.15833666 0.42127336 0.00039054
0.15963753 0.42468701 0.00038470
0.16092362 0.42803276 0.00036822
0.16222449 0.43142029 0.00035814
0.16351058 0.43499979 0.00038490
0.16481145 0.43875187 0.00044094
0.16611232 0.44255833 0.00049351
0.16739841 0.44632477 0.00052181
0.16869928 0.45001055 0.00052561
0.16998537 0.45361973 0.00051674
0.17128624 0.45716367 0.00050301
0.17257232 0.46065603 0.00048878
0.17387319 0.46410963 0.00047596
0.17517407 0.46753668 0.00046501
0.17646015 0.47094794 0.00045609
0.17776102 0.47435107 0.00044872
0.17904711 0.47774856 0.00044176
0.18034798 0.48114417 0.00043487
0.18163407 0.48454233 0.00042834
0.18293494 0.48795985 0.00042559
0.18422103 0.49143110 0.00043390
0.18552190 0.49497631 0.00045757
0.18680799 0.49857630 0.00048985
0.18810886 0.50215909 0.00050645
0.18939495 0.50565671 0.00049154
0.19069582 0.50907557 0.00045610
0.19199669 0.51252707 0.00042908
0.19328278 0.51616590 0.00044736
0.19458365 0.51998452 0.00050263
0.19586974 0.52387688 0.00055609
0.19717061 0.52778753 0.00058921
0.19845669 0.53169931 0.00060309
0.19975757 0.53563815 0.00061413
0.20104365 0.53960502 0.00062567
0.20234452 0.54354792 0.00062126
0.20363061 0.54742875 0.00059341
0.20493148 0.55122621 0.00054595
0.20621757 0.55501636 0.00049958
0.20750366 0.55895849 0.00048972
0.20880453 0.56308141 0.00051811
0.21009062 0.56731453 0.00055942
0.21139149 0.57158348 0.00058701
0.21267758 0.57584740 0.00059217
0.21397845 0.58012628 0.00058710
0.21526454 0.58445094 0.00058294
0.21656541 0.58883946 0.00058677
0.21785149 0.59329935 0.00059939
0.21915236 0.59782306 0.00061791
0.22043845 0.60239238 0.00063755
0.22173932 0.60698310 0.00065159
0.22302541 0.61157882 0.00065740
0.22432628 0.61617624 0.00065640
0.22561237 0.62079784 0.00065516
0.22689846 0.62548677 0.00066764
0.22819933 0.63025330 0.00069784
0.22948542 0.63507785 0.00073958
0.23078629 0.63993695 0.00078407
0.23207238 0.64480498 0.00082131
0.23337325 0.64965698 0.00084555
0.23465933 0.65446971 0.00085700
0.23594542 0.65922472 0.00085835
0.23724629 0.66391761 0.00085215
0.23853238 0.66856399 0.00084276
0.23983325 0.67318951 0.00083395
0.24111934 0.67781642 0.00082903
0.24240543 0.68245312 0.00083072
0.24370630 0.68708935 0.00083911
0.24499239 0.69170680 0.00085284
0.24629326 0.69629408 0.00086927
0.24757935 0.70084130 0.00088379
0.24886543 0.70533469 0.00089077
0.25016630 0.70976819 0.00088910
0.25145239 0.71413969 0.00088218
0.25275326 0.71845141 0.00087550
0.25403935 0.72271836 0.00087610
0.25532544 0.72695036 0.00088571
0.25662631 0.73114806 0.00090269
0.25791240 0.73530408 0.00092283
0.25919849 0.73939944 0.00093808
0.26049936 0.74341527 0.00094125
0.26178545 0.74733874 0.00093054
0.26307153 0.75116946 0.00091026
0.26437240 0.75491986 0.00088865
0.26565849 0.75863461 0.00087719
0.26695936 0.76238046 0.00088628
0.26824545 0.76617531 0.00091730
0.26953154 0.76997999 0.00095938
0.27083241 0.77372180 0.00099297
0.27211850 0.77732000 0.00100225
0.27340459 0.78074730 0.00098536
0.27470546 0.78403229 0.00095614
0.27599154 0.78724376 0.00093486
0.27727763 0.79045158 0.00093659
0.27857850 0.79367326 0.00096175
0.27986459 0.79688885 0.00099637
0.28115068 0.80005849 0.00102121
0.28243677 0.80311097 0.00102370
0.28373764 0.80598164 0.00100770
0.28502373 0.80869844 0.00098880
0.28630981 0.81133935 0.00098374
0.28761068 0.81397982 0.00099844
0.28889677 0.81663028 0.00102889
0.29018286 0.81920271 0.00106003
0.29148373 0.82161058 0.00106980
0.29276982 0.82383652 0.00105693
0.29405591 0.82590507 0.00103168
0.29534200 0.82786174 0.00100573
0.29664287 0.82976442 0.00099412
0.29792895 0.83163210 0.00099985
0.29921504 0.83343870 0.00101704
0.30051591 0.83513613 0.00103526
0.30180200 0.83667805 0.00104155
0.30308809 0.83805769 0.00103528
0.30437418 0.83931378 0.00102691
0.30567505 0.84050554 0.00102669
0.30696114 0.84168945 0.00104121
0.30824722 0.84288002 0.00107069
0.30953331 0.84405051 0.00110977
0.31083418 0.84515498 0.00115238
0.31212027 0.84615852 0.00119106
0.31340636 0.84705554 0.00121797
0.31469245 0.84784809 0.00122972
0.31599332 0.84852561 0.00122498
0.31727941 0.84907164 0.00120749
0.31856549 0.84949389 0.00118574
0.31985158 0.84983086 0.00116893
0.32115245 0.85012753 0.00116288
0.32243854 0.85043156 0.00117104
0.32372463 0.85079551 0.00120192
0.32501072 0.85123646 0.00125492
0.32629681 0.85173664 0.00132124
0.32759768 0.85226680 0.00139091
0.32888376 0.85278927 0.00145135
0.33016985 0.85326970 0.00149407
0.33145594 0.85369225 0.00152046
0.33275681 0.85405744 0.00153612
0.33404290 0.85438166 0.00155081
0.33532899 0.85469176 0.00157523
0.33661508 0.85500228 0.00161129
0.33790116 0.85531365 0.00165506
0.33918725 0.85562229 0.00169872
0.34048812 0.85593264 0.00173796
0.34177421 0.85625439 0.00177250
0.34306030 0.85659927 0.00180415
0.34434639 0.85698011 0.00183656
0.34563247 0.85740228 0.00187324
0.34693335 0.85786359 0.00191975
0.34821943 0.85834398 0.00197440
0.34950552 0.85882419 0.00203492
0.35079161 0.85929665 0.00209963
0.35207770 0.85973734 0.00215587
0.35336379 0.86013462 0.00219854
0.35466466 0.86050829 0.00223212
0.35595074 0.86089272 0.00226274
0.35723683 0.86131937 0.00229783
0.35852292 0.86179497 0.00233912
0.35980901 0.86231295 0.00238687
0.36109510 0.86287217 0.00244016
0.36238118 0.86347094 0.00249694
0.36368206 0.86409116 0.00255394
0.36496814 0.86469809 0.00260548
0.36625423 0.86526006 0.00264799
0.36754032 0.86577221 0.00268263
0.36882641 0.86626130 0.00271590
0.37011250 0.86677324 0.00275683
0.37139858 0.86734146 0.00281193
0.37269945 0.86795451 0.00287990
0.37398554 0.86858425 0.00295361
0.37527163 0.86921754 0.00302737
0.37655772 0.86985229 0.00309525
0.37784381 0.87049678 0.00315020
0.37912989 0.87116662 0.00319241
0.38041598 0.87185579 0.00322524
0.38170207 0.87252446 0.00324960
0.38298816 0.87313799 0.00326889
0.38428903 0.87370165 0.00329029
0.38557512 0.87424562 0.00332059
0.38686121 0.87479840 0.00336277
0.38814729 0.87538176 0.00341493
0.38943338 0.87601046 0.00347454
0.39071947 0.87668804 0.00353890
0.39200556 0.87740613 0.00360467
0.39329165 0.87815736 0.00367011
0.39457773 0.87894662 0.00373546
0.39586382 0.87978201 0.00379977
0.39714991 0.88066772 0.00386374
0.39843600 0.88157652 0.00392728
0.39973687 0.88243592 0.00398306
0.40102296 0.88317855 0.00402379
0.40230905 0.88379658 0.00405248
0.40359513 0.88435803 0.00408843
0.40488122 0.88493761 0.00414090
0.40616731 0.88556667 0.00420458
0.40745340 0.88624069 0.00427460
0.40873949 0.88691027 0.00433989
0.41002557 0.88752656 0.00439281
0.41131166 0.88809874 0.00443856
0.41259775 0.88866947 0.00448569
0.41388384 0.88925926 0.00453549
0.41516993 0.88986310 0.00458517
0.41645601 0.89052993 0.00464039
0.41774210 0.89136079 0.00471475
0.41902819 0.89242387 0.00481342
0.42031428 0.89364928 0.00492024
0.42160037 0.89486949 0.00500823
0.42288645 0.89601005 0.00506986
0.42417254 0.89708937 0.00511914
0.42545863 0.89814585 0.00517286
0.42674472 0.89920072 0.00523281
0.42803081 0.90025004 0.00529211
0.42931690 0.90129805 0.00535053
0.43060298 0.90236433 0.00541240
0.43188907 0.90347335 0.00548305
0.43317516 0.90463730 0.00556359
0.43446125 0.90585406 0.00565102
0.43574734 0.90711847 0.00574271
0.43703342 0.90842810 0.00583781
0.43831951 0.90977438 0.00593316
0.43960560 0.91114986 0.00602789
0.44089169 0.91253563 0.00612042
0.44217778 0.91389455 0.00620593
0.44346386 0.91520149 0.00628146
0.44474995 0.91647077 0.00635103
0.44603604 0.91778116 0.00643548
0.44732213 0.91923010 0.00655101
0.44860822 0.92086634 0.00669618
0.44989430 0.92262648 0.00685466
0.45118039 0.92434289 0.00699235
0.45246648 0.92594247 0.00709769
0.45375257 0.92745469 0.00718887
0.45503866 0.92889562 0.00727949
0.45632474 0.93025361 0.00736441
0.45761083 0.93147994 0.00742770
0.45889692 0.93255427 0.00746718
0.46018301 0.93354109 0.00750464
0.46146910 0.93454175 0.00756304
0.46275519 0.93566410 0.00765259
0.46404127 0.93691315 0.00776448
0.46532736 0.93815308 0.00786959
0.46661345 0.93930947 0.00795585
0.46789954 0.94040100 0.00803292
0.46917084 0.94148749 0.00812186
0.47045693 0.94263240 0.00823547
0.47174302 0.94384455 0.00836774
0.47302911 0.94509566 0.00850965
0.47431520 0.94634383 0.00864836
0.47560128 0.94754654 0.00877240
0.47688737 0.94868444 0.00888117
0.47817346 0.94976473 0.00897970
0.47945955 0.95081739 0.00907659
0.48074564 0.95187944 0.00918016
0.48203172 0.95298217 0.00929518
0.48331781 0.95412664 0.00942109
0.48460390 0.95527020 0.00954670
0.48587521 0.95637745 0.00966389
0.48716129 0.95743695 0.00977146
0.48844738 0.95845186 0.00987167
0.48973347 0.95943732 0.00997058
0.49101956 0.96041044 0.01007387
0.49230565 0.96138435 0.01018311
0.49359173 0.96236961 0.01029841
0.49487782 0.96337577 0.01042029
0.49616391 0.96440489 0.01054704
0.49743522 0.96545282 0.01067678
0.49872130 0.96650957 0.01080731
0.50000739 0.96755916 0.01093518
0.50129348 0.96858594 0.01105826
0.50257957 0.96957742 0.01117445
0.50386566 0.97052531 0.01128282
0.50515174 0.97143392 0.01138637
0.50643783 0.97232315 0.01149031
0.50770914 0.97321019 0.01159848
0.50899523 0.97410074 0.01171108
0.51028131 0.97498427 0.01182448
0.51156740 0.97583223 0.01193131
0.51285349 0.97662259 0.01202757
0.51413958 0.97734654 0.01211260
0.51542567 0.97800988 0.01218897
0.51669697 0.97863992 0.01226541
0.51798306 0.97927384 0.01235011
0.51926915 0.97994822 0.01244653
0.52055524 0.98068238 0.01255457
0.52184132 0.98147412 0.01267142
0.52312741 0.98228301 0.01278657
0.52439872 0.98303276 0.01288545
0.52568480 0.98367456 0.01295580
0.52697089 0.98419744 0.01299845
0.52825698 0.98463068 0.01303089
0.52954307 0.98505142 0.01306968
0.53082916 0.98552121 0.01312638
0.53210046 0.98605621 0.01319950
0.53338655 0.98661287 0.01327203
0.53467264 0.98711424 0.01333048
0.53595873 0.98752872 0.01336804
0.53724481 0.98787520 0.01338907
0.53853090 0.98821440 0.01341577
0.53980221 0.98862022 0.01346289
0.54108830 0.98911713 0.01352557
0.54237438 0.98967934 0.01359395
0.54366047 0.99026024 0.01365694
0.54494656 0.99082034 0.01370453
0.54621787 0.99133590 0.01373238
0.54750395 0.99181694 0.01374886
0.54879004 0.99231371 0.01376819
0.55007613 0.99286193 0.01379539
0.55134744 0.99347803 0.01383133
0.55263352 0.99415260 0.01387051
0.55391961 0.99483893 0.01390094
0.55520570 0.99549492 0.01391751
0.55649179 0.99610906 0.01392065
0.55776309 0.99670147 0.01391721
0.55904918 0.99731782 0.01392033
0.56033527 0.99799168 0.01393623
0.56162136 0.99872568 0.01396244
0.56289266 0.99950134 0.01399332
0.56417875 1.00028293 0.01402166
0.56546484 1.00104269 0.01404203
0.56675093 1.00176286 0.01405254
0.56803702 1.00242900 0.01405092
0.56930832 1.00303593 0.01403825
0.57059441 1.00359602 0.01402303
0.57188050 1.00413786 0.01401231
0.57316659 1.00469203 0.01401126
0.57443789 1.00528695 0.01402106
0.57572398 1.00594960 0.01404022
0.57701007 1.00669348 0.01406650
0.57829616 1.00751635 0.01409807
0.57956746 1.00839249 0.01413289
0.58085355 1.00926345 0.01415924
0.58213964 1.01008336 0.01416894
0.58341094 1.01083361 0.01415994
0.58469703 1.01151101 0.01413390
0.58598312 1.01213223 0.01410036
0.58726921 1.01272646 0.01406825
0.58854051 1.01331562 0.01404103
0.58982660 1.01390893 0.01401965
0.59111269 1.01449413 0.01399822
0.59239878 1.01503471 0.01396581
0.59367008 1.01550445 0.01391788
0.59495617 1.01591157 0.01385876
0.59624226 1.01629633 0.01380133
0.59751356 1.01670342 0.01375547
0.59879965 1.01716678 0.01372372
0.60008574 1.01770433 0.01370538
0.60137183 1.01831476 0.01369725
0.60264313 1.01897723 0.01369452
0.60392922 1.01964501 0.01368549
0.60521531 1.02027381 0.01366207
0.60648661 1.02083134 0.01361815
0.60777270 1.02129964 0.01354840
0.60905879 1.02170464 0.01346609
0.61033010 1.02208930 0.01338331
0.61161618 1.02248746 0.01330405
0.61290227 1.02291744 0.01323006
0.61417358 1.02337717 0.01315813
0.61545967 1.02385708 0.01308672
0.61674575 1.02435126 0.01301535
0.61801706 1.02486608 0.01294641
0.61930315 1.02540378 0.01288121
0.62058924 1.02596711 0.01282017
0.62187532 1.02657107 0.01276570
0.62314663 1.02723320 0.01272027
0.62443272 1.02796401 0.01268371
0.62571880 1.02875611 0.01265150
0.62699011 1.02957479 0.01261536
0.62827620 1.03036416 0.01256290
0.62954750 1.03108705 0.01248750
0.63083359 1.03173552 0.01239193
0.63211968 1.03230958 0.01227997
0.63339099 1.03281839 0.01215717
0.63467707 1.03328620 0.01203238
0.63596316 1.03373715 0.01191105
0.63723447 1.03419566 0.01179648
0.63852056 1.03469323 0.01169276
0.63980664 1.03525610 0.01160208
0.64107795 1.03589804 0.01152447
0.64236404 1.03661795 0.01145693
0.64365012 1.03740674 0.01139587
0.64492143 1.03825852 0.01134055
0.64620752 1.03916855 0.01128981
0.64749361 1.04012925 0.01124210
0.64876491 1.04113237 0.01119660
0.65005100 1.04216765 0.01115177
0.65132231 1.04322371 0.01110617
0.65260839 1.04428721 0.01105779
0.65389448 1.04534453 0.01100438
0.65516579 1.04638237 0.01094353
0.65645188 1.04738961 0.01087407
0.65772318 1.04836346 0.01079802
0.65900927 1.04930571 0.01071873
0.66029536 1.05021070 0.01063716
0.66156666 1.05106139 0.01054950
0.66285275 1.05184575 0.01045261
0.66413884 1.05256840 0.01034850
0.66541014 1.05325472 0.01024597
0.66669623 1.05394412 0.01015573
0.66796754 1.05467314 0.01008447
0.66925363 1.05546599 0.01003544
0.67053971 1.05633033 0.01000615
0.67181102 1.05725955 0.00999312
0.67309711 1.05822599 0.00998979
0.67436841 1.05917852 0.00998118
0.67565450 1.06007728 0.00995923
0.67692581 1.06090982 0.00992532
0.67821189 1.06167413 0.00988159
0.67949798 1.06236843 0.00982951
0.68076929 1.06298886 0.00976933
0.68205538 1.06353232 0.00969990
0.68332668 1.06400729 0.00962313
0.68461277 1.06444651 0.00955047
0.68589886 1.06489305 0.00949552
0.68717016 1.06536813 0.00946234
0.68845625 1.06586572 0.00944676
0.68972756 1.06637194 0.00944308
0.69101364 1.06687952 0.00944876
0.69228495 1.06738350 0.00946269
0.69357104 1.06788031 0.00948317
0.69484234 1.06837509 0.00951179
0.69612843 1.06887750 0.00955057
0.69741452 1.06940199 0.00960244
0.69868582 1.06995638 0.00966884
0.69997191 1.07053036 0.00974471
0.70124322 1.07109591 0.00982060
0.70252931 1.07162046 0.00988818
0.70380061 1.07209343 0.00994687
0.70508670 1.07252302 0.01000112
0.70635801 1.07291771 0.01005318
0.70764409 1.07327882 0.01010112
0.70893018 1.07360551 0.01014410
0.71020149 1.07389345 0.01017975
0.71148758 1.07414079 0.01020686
0.71275888 1.07436512 0.01023485
0.71404497 1.07459315 0.01027315
0.71531627 1.07485137 0.01032823
0.71660236 1.07515024 0.01039885
0.71787367 1.07547466 0.01047476
0.71915976 1.07580385 0.01054794
0.72043106 1.07612402 0.01061432
0.72171715 1.07642695 0.01067312
0.72298845 1.07670857 0.01072495
0.72427454 1.07696668 0.01077070
0.72554585 1.07719554 0.01081062
0.72683194 1.07738420 0.01084052
0.72810324 1.07752172 0.01085510
0.72938933 1.07760591 0.01085247
0.73066064 1.07764855 0.01083827
0.73194672 1.07767133 0.01082295
0.73321803 1.07769298 0.01081137
0.73450412 1.07772314 0.01080501
0.73577542 1.07776325 0.01080226
0.73706151 1.07781005 0.01079933
0.73833282 1.07786021 0.01079402
0.73961890 1.07791071 0.01078443
0.74089021 1.07795808 0.01076925
0.74217630 1.07799894 0.01074716
0.74344760 1.07802865 0.01071631
0.74473369 1.07804207 0.01067569
0.74600500 1.07803700 0.01062514
0.74729108 1.07801448 0.01056582
0.74856239 1.07797912 0.01050058
0.74984848 1.07793832 0.01043256
0.75111978 1.07789944 0.01036437
0.75240587 1.07786874 0.01029764
0.75367718 1.07785084 0.01023313
0.75496327 1.07784887 0.01017094
0.75623457 1.07786498 0.01011091
0.75752066 1.07790059 0.01005264
0.75879196 1.07795669 0.00999570
0.76007805 1.07803411 0.00993970
0.76134936 1.07813398 0.00988429
0.76263545 1.07825889 0.00982976
0.76390675 1.07841259 0.00977641
0.76517806 1.07860067 0.00972522
0.76646414 1.07883325 0.00967888
0.76773545 1.07912151 0.00963989
0.76902154 1.07947153 0.00960969
0.77029284 1.07987798 0.00958638
0.77157893 1.08032427 0.00956422
0.77285024 1.08079120 0.00953777
0.77413633 1.08126308 0.00950473
0.77540763 1.08172862 0.00946401
0.77669372 1.08217818 0.00941470
0.77796502 1.08260320 0.00935648
0.77923633 1.08299913 0.00928971
0.78052242 1.08336631 0.00921659
0.78179372 1.08371110 0.00914080
0.78307981 1.08404665 0.00906742
0.78435112 1.08438471 0.00900045
0.78563720 1.08473175 0.00894039
0.78690851 1.08509200 0.00888666
0.78817982 1.08546871 0.00883855
0.78946590 1.08586473 0.00879499
0.79073721 1.08628231 0.00875476
0.79202330 1.08672229 0.00871640
0.79329460 1.08718389 0.00867820
0.79458069 1.08766337 0.00863803
0.79585200 1.08815202 0.00859328
0.79712330 1.08864087 0.00854206
0.79840939 1.08912161 0.00848348
0.79968070 1.08958574 0.00841698
0.80096678 1.09002779 0.00834286
0.80223809 1.09044493 0.00826184
0.80350939 1.09083932 0.00817604
0.80479548 1.09121950 0.00808848
0.80606679 1.09159950 0.00800377
0.80735288 1.09199464 0.00792714
0.80862418 1.09241201 0.00785845
0.80989549 1.09285423 0.00779647
0.81118157 1.09332588 0.00774133
0.81245288 1.09383187 0.00769275
0.81373897 1.09437453 0.00765022
0.81501027 1.09494973 0.00761121
0.81628158 1.09554920 0.00757290
0.81756767 1.09616482 0.00753292
0.81883897 1.09678946 0.00749003
0.82012506 1.09741585 0.00744262
0.82139637 1.09803211 0.00738664
0.82266767 1.09862366 0.00731892
0.82395376 1.09918013 0.00723722
0.82522507 1.09970371 0.00714456
0.82651115 1.10021406 0.00705068
0.82778246 1.10073517 0.00696413
0.82905376 1.10128235 0.00688858
0.83033985 1.10186264 0.00682483
0.83161116 1.10247698 0.00677206
0.83288246 1.10312294 0.00672835
0.83416855 1.10379583 0.00669230
0.83543986 1.10448857 0.00666207
0.83672594 1.10519248 0.00663531
0.83799725 1.10589805 0.00660980
0.83926856 1.10659587 0.00658342
0.84055464 1.10727698 0.00655425
0.84182595 1.10793289 0.00652049
0.84309725 1.10855698 0.00648068
0.84438334 1.10914685 0.00643469
0.84565465 1.10970531 0.00638385
0.84692595 1.11024354 0.00633131
0.84821204 1.11078091 0.00628234
0.84948335 1.11133754 0.00624145
0.85076944 1.11192360 0.00620992
0.85204074 1.11253428 0.00618489
0.85331205 1.11315504 0.00616120
0.85459813 1.11377147 0.00613593
0.85586944 1.11437268 0.00610700
0.85714075 1.11494998 0.00607236
0.85842683 1.11549623 0.00603033
0.85969814 1.11600924 0.00598065
0.86096944 1.11649119 0.00592409
0.86225553 1.11695323 0.00586358
0.86352684 1.11742122 0.00580863
0.86479814 1.11792460 0.00576689
0.86608423 1.11849418 0.00574386
0.86735554 1.11914996 0.00574443
0.86862684 1.11989518 0.00576814
0.86991293 1.12071699 0.00580939
0.87118424 1.12159065 0.00585954
0.87245554 1.12248899 0.00591066
0.87374163 1.12338152 0.00595572
0.87501293 1.12424355 0.00598900
0.87628424 1.12505428 0.00600550
0.87757033 1.12579697 0.00600145
0.87884163 1.12646180 0.00597561
0.88011294 1.12704390 0.00592848
0.88138424 1.12754473 0.00586315
0.88267033 1.12796976 0.00578425
0.88394164 1.12832658 0.00569674
0.88521294 1.12862443 0.00560513
0.88649903 1.12887453 0.00551381
0.88777034 1.12909470 0.00542930
0.88904164 1.12930780 0.00535908
0.89032773 1.12952790 0.00530641
0.89159904 1.12976004 0.00526960
0.89287034 1.13000750 0.00524573
0.89415643 1.13027253 0.00523227
0.89542774 1.13055504 0.00522666
0.89669904 1.13085129 0.00522626
0.89797035 1.13115599 0.00522923
0.89925643 1.13146339 0.00523406
0.90052774 1.13176693 0.00523921
0.90179905 1.13205993 0.00524386
0.90308513 1.13233548 0.00524661
0.90435644 1.13258577 0.00524551
0.90562774 1.13280351 0.00523886
0.90691383 1.13298220 0.00522509
0.90818514 1.13311838 0.00520366
0.90945644 1.13321193 0.00517538
0.91072775 1.13326759 0.00514278
0.91201384 1.13329778 0.00511063
0.91328514 1.13331490 0.00508251
0.91455645 1.13333165 0.00506079
0.91582775 1.13336311 0.00504771
0.91711384 1.13342313 0.00504453
0.91838515 1.13352393 0.00505167
0.91965645 1.13367251 0.00506905
0.92094254 1.13386774 0.00509491
0.92221385 1.13409684 0.00512457
0.92348515 1.13433789 0.00515214
0.92475646 1.13457286 0.00517253
0.92604254 1.13479238 0.00518369
0.92731385 1.13499309 0.00518606
0.92858516 1.13517549 0.00518100
0.92985646 1.13534066 0.00516994
0.93114255 1.13549040 0.00515403
0.93241385 1.13562681 0.00513416
0.93368516 1.13575578 0.00511272
0.93495647 1.13589350 0.00509561
0.93624255 1.13606058 0.00508901
0.93751386 1.13627649 0.00509791
0.93878516 1.13655805 0.00512473
0.94005647 1.13690901 0.00516627
0.94134256 1.13731509 0.00521497
0.94261386 1.13775478 0.00526398
0.94388517 1.13821014 0.00530890
0.94515647 1.13866817 0.00534753
0.94644256 1.13911709 0.00537880
0.94771387 1.13954588 0.00540091
0.94898517 1.13994484 0.00541223
0.95025648 1.14030539 0.00541187
0.95154257 1.14062001 0.00539888
0.95281387 1.14088064 0.00537093
0.95408518 1.14108821 0.00532996
0.95535648 1.14125880 0.00528224
0.95664257 1.14142671 0.00523908
0.95791388 1.14163501 0.00521424
0.95918518 1.14190826 0.00521049
0.96045649 1.14224639 0.00522288
0.96174258 1.14263818 0.00524641
0.96301388 1.14307189 0.00527769
0.96428519 1.14353556 0.00531397
0.96555649 1.14401631 0.00535233
0.96682780 1.14449845 0.00538931
0.96811389 1.14496539 0.00542025
0.96938519 1.14540493 0.00544226
0.97065650 1.14581007 0.00545459
0.97192780 1.14617737 0.00545754
0.97321389 1.14650635 0.00545231
0.97448520 1.14680214 0.00544121
0.97575650 1.14707312 0.00542734
0.97702781 1.14733103 0.00541411
0.97829911 1.14758995 0.00540478
0.97958520 1.14786122 0.00540102
0.98085651 1.14815149 0.00540294
0.98212781 1.14846206 0.00540930
0.98339912 1.14879107 0.00541888
0.98468520 1.14913513 0.00543102
0.98595651 1.14948792 0.00544373
0.98722781 1.14984304 0.00545580
0.98849912 1.15019359 0.00546643
0.98977043 1.15053264 0.00547423
0.99105651 1.15085569 0.00547892
0.99232782 1.15115912 0.00548072
0.99359912 1.15144020 0.00548011
0.99487043 1.15169636 0.00547788
0.99614174 1.15192394 0.00547363
0.99742782 1.15211772 0.00546596
0.99869913 1.15227526 0.00545472
0.99997043 1.15239956 0.00544077
1.00124174 1.15249562 0.00542599
1.00251305 1.15256901 0.00541217
1.00378435 1.15262385 0.00539968
1.00507044 1.15266158 0.00538807
1.00634174 1.15268245 0.00537646
1.00761305 1.15268652 0.00536429
1.00888436 1.15267419 0.00535132
1.01015566 1.15264636 0.00533767
1.01144175 1.15260431 0.00532371
1.01271305 1.15254973 0.00531002
1.01398436 1.15248481 0.00529738
1.01525567 1.15241211 0.00528674
1.01652697 1.15233448 0.00527925
1.01779828 1.15225437 0.00527589
1.01908436 1.15217302 0.00527749
1.02035567 1.15208886 0.00528346
1.02162698 1.15199392 0.00528990
1.02289828 1.15187644 0.00529191
1.02416959 1.15172593 0.00528498
1.02545567 1.15153734 0.00526701
1.02672698 1.15131176 0.00523928
1.02799829 1.15105333 0.00520406
1.02926959 1.15076787 0.00516378
1.03054090 1.15046056 0.00512046
1.03181220 1.15013743 0.00507633
1.03309829 1.14980619 0.00503395
1.03436960 1.14947400 0.00499574
1.03564090 1.14914501 0.00496260
1.03691221 1.14881940 0.00493413
1.03818351 1.14849548 0.00490955
1.03945482 1.14816967 0.00488728
1.04072612 1.14783874 0.00486665
1.04201221 1.14749980 0.00484713
1.04328352 1.14714940 0.00482785
1.04455482 1.14678458 0.00480828
1.04582613 1.14640195 0.00478740
1.04709743 1.14599855 0.00476390
1.04836874 1.14557220 0.00473668
1.04965483 1.14512304 0.00470553
1.05092613 1.14465564 0.00467142
1.05219744 1.14417547 0.00463560
1.05346874 1.14368868 0.00459935
1.05474005 1.14320380 0.00456489
1.05601135 1.14273129 0.00453564
1.05728266 1.14228391 0.00451665
1.05856875 1.14187158 0.00451232
1.05984005 1.14149792 0.00452629
1.06111136 1.14115886 0.00456021
1.06238266 1.14084271 0.00461252
1.06365397 1.14054099 0.00468537
1.06492527 1.14024916 0.00478214
1.06619658 1.13996111 0.00490447
1.06746788 1.13966965 0.00505326
1.06875397 1.13936539 0.00522720
1.07002528 1.13903829 0.00542410
1.07129658 1.13867860 0.00564139
1.07256789 1.13827800 0.00587713
1.07383919 1.13783008 0.00612974
1.07511050 1.13733121 0.00639954
1.07638181 1.13678762 0.00669095
1.07766789 1.13621727 0.00701266
1.07893920 1.13564459 0.00737477
1.08021050 1.13508942 0.00778256
1.08148181 1.13455409 0.00823316
1.08275312 1.13402974 0.00871889
1.08402442 1.13350824 0.00923252
1.08529573 1.13298314 0.00976783
1.08656703 1.13244852 0.01032061
1.08783834 1.13189715 0.01088832
1.08912443 1.13132036 0.01146860
1.09039573 1.13070934 0.01205956
1.09166704 1.13005570 0.01265953
1.09293834 1.12935169 0.01326664
1.09420965 1.12859008 0.01387888
1.09548095 1.12776428 0.01449381
1.09675226 1.12686895 0.01510918
1.09802356 1.12589961 0.01572262
1.09930965 1.12485325 0.01633146
1.10058096 1.12372951 0.01693444
1.10185226 1.12252823 0.01752966
1.10312357 1.12124985 0.01811500
1.10439487 1.11989598 0.01868902
1.10566618 1.11846867 0.01925020
1.10693748 1.11697110 0.01979743
1.10820879 1.11540790 0.02032999
1.10948010 1.11378534 0.02084773
1.11075140 1.11211128 0.02135100
1.11203749 1.11039469 0.02184069
1.11330879 1.10864550 0.02231814
1.11458010 1.10687384 0.02278498
1.11585141 1.10508998 0.02324308
1.11712271 1.10330096 0.02369341
1.11839402 1.10150993 0.02413691
1.11966532 1.09971079 0.02457347
1.12093663 1.09788112 0.02500019
1.12220793 1.09599577 0.02541665
1.12347924 1.09403642 0.02582476
1.12475054 1.09199701 0.02622628
1.12603663 1.08988602 0.02662402
1.12730794 1.08771796 0.02702083
1.12857924 1.08550889 0.02742048
1.12985055 1.08327470 0.02782503
1.13112185 1.08103352 0.02823778
1.13239316 1.07880603 0.02866246
1.13366446 1.07661201 0.02909911
1.13493577 1.07446869 0.02954834
1.13620707 1.07239298 0.03000948
1.13747838 1.07039478 0.03046789
1.13874969 1.06846966 0.03091266
1.14002099 1.06658611 0.03134565
1.14130708 1.06470682 0.03179219
1.14257838 1.06281049 0.03227614
1.14384969 1.06087722 0.03280376
1.14512100 1.05889869 0.03338178
1.14639230 1.05688902 0.03401528
1.14766361 1.05487790 0.03470076
1.14893491 1.05288121 0.03543644
1.15020622 1.05088894 0.03621653
1.15147752 1.04888386 0.03703070
1.15274883 1.04685637 0.03788122
1.15402013 1.04479414 0.03876046
1.15529144 1.04387852 0.03919391
1.15656274 1.04199553 0.04007367
1.15783405 1.04013113 0.04096679
1.15912014 1.03828608 0.04187111
1.16039144 1.03646109 0.04278434
1.16166275 1.03465681 0.04370413
1.16293405 1.03287382 0.04462803
1.16420536 1.03111264 0.04555354
1.16547667 1.02937374 0.04647809
1.16674797 1.02765752 0.04739906
1.16801928 1.02596432 0.04831379
1.16929058 1.02429442 0.04921960
1.17056189 1.02264802 0.05011378
1.17183319 1.02102529 0.05099359
1.17310450 1.01942632 0.05185628
1.17437580 1.01785113 0.05269912
1.17564711 1.01629971 0.05351935
1.17691841 1.01477197 0.05431425
1.17818972 1.01326775 0.05508108
1.17946103 1.01178686 0.05581714
1.18074711 1.01032904 0.05651975
1.18201842 1.00889397 0.05718626
1.18328972 1.00748129 0.05781405
1.18456103 1.00609057 0.05840056
1.18583234 1.00472133 0.05894326
1.18710364 1.00337305 0.05943968
1.18837495 1.00204516 0.05988739
1.18964625 1.00073703 0.06028406
1.19091756 0.99944799 0.06062740
1.19218886 0.99817733 0.06091522
1.19346017 0.99692430 0.06114539
1.19473147 0.99568809 0.06131588
1.19600278 0.99446787 0.06142476
1.19727408 0.99326276 0.06147019
1.19854539 0.99207186 0.06145045
1.19981670 0.99089422 0.06136393
1.20108800 0.98972886 0.06120915
1.20235931 0.98857477 0.06098475
1.20363061 0.98743092 0.06068950
1.20490192 0.98629625 0.06032232
1.20617322 0.98516966 0.05988230
1.20744453 0.98405005 0.05936864
1.20873062 0.98293628 0.05878075
1.21000192 0.98182721 0.05811819
1.21127323 0.98072165 0.05738070
1.21254453 0.97961842 0.05656821
1.21381584 0.97851633 0.05568083
1.21508714 0.97741415 0.05471889
1.21635845 0.97631065 0.05368291
1.21762975 0.97520460 0.05257362
1.21890106 0.97409475 0.05139201
1.22017237 0.97297983 0.05013924
1.22144367 0.97185859 0.04881675
1.22271498 0.97072975 0.04742620
1.22398628 0.96959204 0.04596952
1.22525759 0.96844417 0.04444888
1.22652889 0.96728486 0.04286671
1.22780020 0.96611283 0.04122573
1.22907150 0.96492679 0.03952893
1.23034281 0.96372545 0.03777958
1.23161411 0.96250753 0.03598126
1.23288542 0.96127173 0.03413784
1.23415673 0.96001678 0.03225351
1.23542803 0.95874140 0.03033279
1.23669934 0.95744431 0.02838050
1.23797064 0.95612424 0.02640184
1.23924195 0.95477995 0.02440235
1.24051325 0.95341017 0.02238794
1.24178456 0.95201367 0.02036493
1.24305586 0.95058924 0.01834007
1.24432717 0.94913566 0.01632056
1.24559847 0.94765175 0.01431416
1.24686978 0.94613635 0.01232932
1.24814109 0.94458833 0.01037540
1.24941239 0.94300658 0.00846327
1.25068370 0.94139003 0.00660670
1.25195500 0.93973766 0.00482657
1.25322631 0.93804849 0.00316738
1.25449761 0.93632159 0.00179059
1.25576892 0.93455609 0.00143402
1.25704022 0.93275119 0.00239195
1.25831153 0.93090617 0.00364032
1.25958283 0.92902037 0.00486077
1.26085414 0.92709325 0.00598118
1.26212545 0.92512434 0.00697109
1.26339675 0.92311331 0.00781011
1.26466806 0.92105994 0.00848094
1.26593936 0.91896412 0.00896723
1.26721067 0.91682591 0.00925284
1.26848197 0.91464552 0.00932151
1.26975328 0.91242333 0.00915679
1.27102458 0.91015987 0.00874208
1.27229589 0.90785590 0.00806094
1.27356719 0.90551236 0.00709797
1.27483850 0.90313043 0.00584144
1.27610981 0.90071149 0.00429380
1.27738111 0.89825720 0.00253721
1.27865242 0.89576946 0.00150616
1.27992372 0.89325046 0.00335771
1.28119503 0.89070268 0.00633934
-0.96316762 0.89943838 0.00289115
-0.96189631 0.90323583 0.00307275
-0.96062353 0.90486175 0.00316293
-0.95934927 0.90605703 0.00327553
-0.95807353 0.90743116 0.00354507
-0.95679779 0.90955541 0.00398944
-0.95551909 0.91356228 0.00506263
-0.95423744 0.92220068 0.00920152
-0.95295431 0.94630010 0.02074704
-0.95167118 0.97938797 0.02986366
-0.95038804 0.98174933 0.02825853
-0.94910048 0.94895503 0.02336068
-0.94781143 0.91695451 0.02005549
-0.94651943 0.89739810 0.01781694
-0.94522743 0.88449244 0.01639202
-0.94393247 0.87497981 0.01518721
-0.94263604 0.86651294 0.01424185
-0.94133960 0.85845679 0.01341033
-0.94004021 0.85061002 0.01265883
-0.93873934 0.84314979 0.01201875
-0.93743699 0.83620506 0.01146021
-0.93613316 0.82974125 0.01096780
-0.93482786 0.82367910 0.01053138
-0.93351959 0.81796394 0.01013999
-0.93221133 0.81255301 0.00977841
-0.93090011 0.80739419 0.00944925
-0.92958890 0.80246763 0.00914903
-0.92827472 0.79773114 0.00887258
-0.92695907 0.79317472 0.00861328
-0.92564341 0.78876921 0.00836969
-0.92432480 0.78449832 0.00814217
-0.92300472 0.78035541 0.00793110
-0.92168315 0.77632429 0.00772771
-0.92036010 0.77239518 0.00753653
-0.91903410 0.76856475 0.00734924
-0.91770810 0.76483290 0.00717362
-0.91638062 0.76121237 0.00700228
-0.91505167 0.75771277 0.00683981
-0.91371975 0.75430515 0.00668943
-0.91238784 0.75096379 0.00654698
-0.91105297 0.74766293 0.00641298
-0.90971810 0.74439286 0.00627804
-0.90838027 0.74116638 0.00614734
-0.90704096 0.73797056 0.00602508
-0.90570166 0.73481180 0.00590597
-0.90435940 0.73168037 0.00579473
-0.90301565 0.72858269 0.00567988
-0.90167044 0.72551547 0.00557653
-0.90032374 0.72246901 0.00547379
-0.89897556 0.71945294 0.00537469
-0.89762591 0.71645752 0.00527924
-0.89627478 0.71348597 0.00518016
-0.89492217 0.71053498 0.00509256
-0.89356808 0.70760453 0.00500558
-0.89221251 0.70468810 0.00491798
-0.89085547 0.70179537 0.00483460
-0.88949695 0.69891982 0.00475122
-0.88813547 0.69605166 0.00467571
-0.88677399 0.69320386 0.00459591
-0.88541103 0.69036986 0.00452036
-0.88404659 0.68754636 0.00444840
-0.88267920 0.68473659 0.00438071
-0.88131181 0.68194051 0.00430938
-0.87994294 0.67915482 0.00424164
-0.87857259 0.67637946 0.00417748
-0.87719928 0.67361112 0.00411330
-0.87582598 0.67085304 0.00404979
-0.87445120 0.66810845 0.00398552
-0.87307345 0.66536747 0.00392555
-0.87169571 0.66263332 0.00386555
-0.87031650 0.65990597 0.00380551
-0.86893580 0.65718864 0.00374904
-0.86755215 0.65447472 0.00369689
-0.86616849 0.65177075 0.00364033
-0.86478336 0.64907338 0.00358886
-0.86339675 0.64637595 0.00353583
-0.86200866 0.64368502 0.00348791
-0.86061762 0.64100387 0.00343554
-0.85922657 0.63831917 0.00338314
-0.85783405 0.63564414 0.00333951
-0.85644005 0.63297210 0.00328983
-0.85504457 0.63029963 0.00324613
-0.85364761 0.62763338 0.00319714
-0.85224918 0.62496993 0.00315254
-0.85084926 0.62230923 0.00311235
-0.84944787 0.61964787 0.00306765
-0.84804648 0.61698913 0.00302738
-0.84664213 0.61433297 0.00298622
-0.84523630 0.61167594 0.00294586
-0.84382899 0.60901460 0.00290546
-0.84242169 0.60636239 0.00286865
-0.84101143 0.60369893 0.00283269
-0.83960116 0.60103771 0.00279581
-0.83818795 0.59836842 0.00276343
-0.83677473 0.59569780 0.00272647
-0.83536003 0.59302575 0.00269310
-0.83394238 0.59034534 0.00266155
-0.83252472 0.58765989 0.00263270
-0.83110559 0.58496929 0.00260383
-0.82968498 0.58227345 0.00257492
-0.82826289 0.57957224 0.00254598
-0.82684081 0.57686902 0.00252068
-0.82541576 0.57416023 0.00249536
-0.82398924 0.57145271 0.00246630
-0.82256272 0.56875334 0.00244088
-0.82113324 0.56605511 0.00242009
-0.81970376 0.56335797 0.00239831
-0.81827280 0.56067585 0.00237371
-0.81684036 0.55800526 0.00234808
-0.81540645 0.55534972 0.00232517
-0.81397106 0.55271278 0.00230034
-0.81253418 0.55010156 0.00227822
-0.81109584 0.54751263 0.00225224
-0.80965749 0.54495316 0.00222995
-0.80821618 0.54242331 0.00220281
-0.80677488 0.53992676 0.00217739
-0.80533209 0.53746011 0.00215569
-0.80388783 0.53502712 0.00212431
-0.80244209 0.53262075 0.00209851
-0.80099487 0.53025193 0.00207257
-0.79954765 0.52790645 0.00204556
-0.79809748 0.52558442 0.00201454
-0.79664730 0.52328230 0.00199307
-0.79519565 0.52099659 0.00196278
-0.79374252 0.51872367 0.00194015
-0.79228791 0.51645632 0.00191455
-0.79083182 0.51420183 0.00188786
-0.78937573 0.51194189 0.00186706
-0.78791669 0.50968381 0.00183918
-0.78645764 0.50742382 0.00181829
-0.78499712 0.50515451 0.00179631
-0.78353512 0.50287202 0.00177818
-0.78207164 0.50057621 0.00176116
-0.78060816 0.49826695 0.00173911
-0.77914320 0.49593658 0.00172209
-0.77767528 0.49358113 0.00170898
-0.77620885 0.49120411 0.00169468
-0.77473946 0.48881280 0.00168157
-0.77326859 0.48640324 0.00167116
-0.77179771 0.48397900 0.00166198
-0.77032537 0.48154748 0.00165279
-0.76885154 0.47911619 0.00164238
-0.76737623 0.47668504 0.00163713
-0.76590093 0.47426167 0.00162670
-0.76442266 0.47184223 0.00161625
-0.76294440 0.46943440 0.00161097
-0.76146466 0.46704600 0.00160044
-0.75998492 0.46467326 0.00158987
-0.75850222 0.46233963 0.00157920
-0.75701953 0.46003373 0.00156846
-0.75553535 0.45775575 0.00155765
-0.75405118 0.45552165 0.00154145
-0.75256405 0.45332388 0.00153042
-0.75107691 0.45116672 0.00151611
-0.74958830 0.44905446 0.00149951
-0.74809822 0.44698349 0.00147955
-0.74660813 0.44495013 0.00146798
-0.74511656 0.44295472 0.00144876
-0.74362352 0.44098950 0.00143262
-0.74212899 0.43905069 0.00141205
-0.74063447 0.43713848 0.00139673
-0.73913847 0.43524496 0.00138131
-0.73764099 0.43336623 0.00136150
-0.73614351 0.43149829 0.00134591
-0.73464307 0.42962485 0.00133028
-0.73314412 0.42774995 0.00131581
-0.73164220 0.42586529 0.00130995
-0.73014029 0.42397078 0.00129980
-0.72863542 0.42205802 0.00128967
-0.72713202 0.42011850 0.00128388
-0.72562567 0.41813527 0.00127817
-0.72411933 0.41611204 0.00126987
-0.72261150 0.41407353 0.00126292
-0.72110367 0.41205742 0.00125023
-0.71959436 0.41008501 0.00123741
-0.71808358 0.40815667 0.00123462
-0.71657132 0.40626436 0.00122279
-0.71505906 0.40439560 0.00121211
-0.71354532 0.40255060 0.00119882
-0.71203158 0.40072524 0.00119245
-0.71051488 0.39891112 0.00118024
-0.70899966 0.39711694 0.00116793
-0.70748148 0.39532986 0.00115554
-0.70596331 0.39355863 0.00114890
-0.70444366 0.39179464 0.00114222
-0.70292400 0.39004235 0.00112960
-0.70140287 0.38829302 0.00112282
-0.69988026 0.38655551 0.00111005
-0.69835765 0.38482104 0.00110317
-0.69683356 0.38309851 0.00109025
-0.69530800 0.38137910 0.00108325
-0.69378243 0.37967176 0.00107018
-0.69225538 0.37796312 0.00106171
-0.69072834 0.37626666 0.00105455
-0.68919982 0.37456895 0.00104126
-0.68766982 0.37288349 0.00104010
-0.68613981 0.37120136 0.00102668
-0.68460833 0.36952707 0.00102405
-0.68307685 0.36785616 0.00101666
-0.68154390 0.36618861 0.00100780
-0.68001094 0.36452444 0.00100176
-0.67847650 0.36287291 0.00099276
-0.67694059 0.36122485 0.00098998
-0.67540467 0.35958028 0.00098235
-0.67386728 0.35793922 0.00097322
-0.67232841 0.35630636 0.00097181
-0.67078954 0.35468178 0.00096256
-0.66925067 0.35306082 0.00095963
-0.66771032 0.35144350 0.00095175
-0.66616849 0.34983935 0.00094875
-0.66462666 0.34823895 0.00094077
-0.66308484 0.34665190 0.00093769
-0.66154005 0.34506391 0.00092813
-0.65999675 0.34348941 0.00091995
-0.65845049 0.34192853 0.00091675
-0.65690570 0.34036682 0.00091503
-0.65535796 0.33882867 0.00090517
-0.65381022 0.33729469 0.00090186
-0.65226248 0.33577478 0.00089190
-0.65071326 0.33427397 0.00088848
-0.64916404 0.33278257 0.00088503
-0.64761335 0.33131558 0.00086960
-0.64606265 0.32988319 0.00086070
-0.64451047 0.32846573 0.00085698
-0.64295830 0.32707845 0.00084262
-0.64140464 0.32569641 0.00084707
-0.63985099 0.32430455 0.00083795
-0.63829586 0.32290782 0.00082880
-0.63674073 0.32149595 0.00082489
-0.63518412 0.32007899 0.00082097
-0.63362751 0.31866200 0.00081866
-0.63207090 0.31725010 0.00081469
-0.63051133 0.31583302 0.00081072
-0.62895324 0.31442105 0.00080134
-0.62739368 0.31301421 0.00080269
-0.62583411 0.31161258 0.00079864
-0.62427306 0.31021619 0.00078908
-0.62271202 0.30883032 0.00079202
-0.62114950 0.30744454 0.00078787
-0.61958697 0.30608006 0.00077812
-0.61802445 0.30471578 0.00077385
-0.61646045 0.30335704 0.00077675
-0.61489497 0.30201464 0.00077242
-0.61333097 0.30068334 0.00076804
-0.61176401 0.29934708 0.00076366
-0.61019853 0.29803829 0.00075920
-0.60863157 0.29673549 0.00076201
-0.60706461 0.29543333 0.00075752
-0.60549618 0.29415370 0.00074716
-0.60392774 0.29288031 0.00074836
-0.60235783 0.29161877 0.00074525
-0.60078939 0.29036366 0.00074056
-0.59921800 0.28912060 0.00073582
-0.59764808 0.28789529 0.00073256
-0.59607669 0.28667671 0.00072771
-0.59450530 0.28547056 0.00072280
-0.59293243 0.28426566 0.00071944
-0.59135956 0.28308468 0.00071442
-0.58978669 0.28189946 0.00070938
-0.58821234 0.28073843 0.00071190
-0.58663799 0.27957899 0.00070679
-0.58506364 0.27842690 0.00069550
-0.58348781 0.27729371 0.00069023
-0.58191198 0.27616230 0.00068652
-0.58033616 0.27503846 0.00068117
-0.57875885 0.27392811 0.00067577
-0.57718302 0.27282552 0.00067814
-0.57560424 0.27172493 0.00067268
-0.57402693 0.27063223 0.00066088
-0.57244815 0.26954747 0.00065691
-0.57086937 0.26847076 0.00065126
-0.56929058 0.26740214 0.00065353
-0.56771032 0.26632982 0.00064149
-0.56613006 0.26527164 0.00064373
-0.56454980 0.26420376 0.00063966
-0.56296805 0.26314415 0.00063381
-0.56138779 0.26208683 0.00062969
-0.55980605 0.26102575 0.00063017
-0.55822283 0.25997304 0.00063419
-0.55664109 0.25891659 0.00062823
-0.55505787 0.25785017 0.00063052
-0.55347466 0.25677985 0.00063284
-0.55189144 0.25569941 0.00062873
-0.55030822 0.25461490 0.00062925
-0.54872352 0.25351382 0.00063167
-0.54713882 0.25239599 0.00062574
-0.54555413 0.25128003 0.00062649
-0.54396943 0.25019748 0.00062730
-0.54238325 0.24916141 0.00062121
-0.54079708 0.24813418 0.00062350
-0.53921090 0.24714779 0.00061727
-0.53762473 0.24616428 0.00061250
-0.53603855 0.24520292 0.00061464
-0.53445090 0.24425753 0.00060676
-0.53286472 0.24332178 0.00060174
-0.53127707 0.24238927 0.00060381
-0.52968942 0.24147307 0.00060587
-0.52810029 0.24056029 0.00059929
-0.52651263 0.23965094 0.00059415
-0.52492498 0.23875164 0.00058746
-0.52333585 0.23786246 0.00058943
-0.52174671 0.23697692 0.00058266
-0.52015758 0.23609503 0.00057734
-0.51856845 0.23521681 0.00057928
-0.51697932 0.23434233 0.00057238
-0.51538871 0.23347830 0.00057429
-0.51379958 0.23261137 0.00057623
-0.51220897 0.23175504 0.00057077
-0.51061836 0.23088906 0.00056372
-0.50902775 0.23003371 0.00056562
-0.50743714 0.22918231 0.00055850
-0.50584653 0.22834171 0.00056036
-0.50425592 0.22749829 0.00056225
-0.50266383 0.22665894 0.00055504
-0.50107322 0.22582367 0.00054931
-0.49948261 0.22498556 0.00054966
-0.49789052 0.22415852 0.00055302
-0.49629843 0.22332871 0.00054566
-0.49470782 0.22251009 0.00054749
-0.49311573 0.22168870 0.00054934
-0.49152364 0.22087865 0.00054971
-0.48993156 0.22007295 0.00055155
-0.48833947 0.21927167 0.00054409
-0.48674738 0.21846769 0.00054734
-0.48515529 0.21768246 0.00053974
-0.48356320 0.21689459 0.00054955
-0.48196964 0.21611854 0.00053387
-0.48037755 0.21534710 0.00054374
-0.47878546 0.21459488 0.00053605
-0.47719337 0.21383295 0.00053781
-0.47559980 0.21309771 0.00053005
-0.47400772 0.21237473 0.00053171
-0.47241563 0.21165684 0.00052388
-0.47082206 0.21096614 0.00051706
-0.46922997 0.21028812 0.00050903
-0.46763788 0.20964507 0.00051047
-0.46604432 0.20900020 0.00051192
-0.46445223 0.20836839 0.00050488
-0.46286014 0.20774226 0.00050628
-0.46126658 0.20708445 0.00049931
-0.45967449 0.20643220 0.00050077
-0.45808240 0.20577804 0.00050224
-0.45649031 0.20512195 0.00050373
-0.45489822 0.20446396 0.00048683
-0.45330613 0.20380396 0.00048829
-0.45171257 0.20314197 0.00048976
-0.45012048 0.20248565 0.00048124
-0.44852839 0.20182730 0.00049138
-0.44693778 0.20117469 0.00048415
-0.44534569 0.20052780 0.00048560
-0.44375360 0.19988673 0.00047698
-0.44216151 0.19923596 0.00047842
-0.44057090 0.19860655 0.00047983
-0.43897882 0.19797529 0.00048126
-0.43738821 0.19734215 0.00048269
-0.43579612 0.19671499 0.00047394
-0.43420551 0.19607806 0.00047538
-0.43261490 0.19546289 0.00047677
-0.43102429 0.19485387 0.00046793
-0.42943368 0.19423509 0.00046932
-0.42784307 0.19363837 0.00047067
-0.42625394 0.19303994 0.00047203
-0.42466333 0.19243976 0.00047341
-0.42307419 0.19184590 0.00046444
-0.42148358 0.19125837 0.00045649
-0.41989445 0.19067721 0.00045779
-0.41830532 0.19009439 0.00045910
-0.41671619 0.18952615 0.00045936
-0.41512853 0.18895634 0.00045119
-0.41353940 0.18839306 0.00045245
-0.41195175 0.18782821 0.00045373
-0.41036262 0.18727820 0.00045406
-0.40877496 0.18672669 0.00044567
-0.40718731 0.18618189 0.00044689
-0.40560114 0.18563560 0.00044813
-0.40401348 0.18511273 0.00044932
-0.40242731 0.18457182 0.00043993
-0.40084113 0.18404611 0.00044111
-0.39925496 0.18353576 0.00043248
-0.39766878 0.18301563 0.00044344
-0.39608261 0.18250258 0.00043479
-0.39449791 0.18199658 0.00043592
-0.39291321 0.18149775 0.00042624
-0.39132851 0.18099758 0.00043734
-0.38974382 0.18050466 0.00042845
-0.38816060 0.18001045 0.00042885
-0.38657738 0.17953207 0.00043064
-0.38499416 0.17905250 0.00042084
-0.38341094 0.17857172 0.00041107
-0.38182920 0.17809828 0.00042297
-0.38024598 0.17764099 0.00041310
-0.37866424 0.17717389 0.00041413
-0.37708398 0.17670563 0.00041516
-0.37550224 0.17625363 0.00040586
-0.37392198 0.17580923 0.00040683
-0.37234172 0.17536376 0.00040781
-0.37076145 0.17492601 0.00039770
-0.36918267 0.17447842 0.00039867
-0.36760388 0.17403854 0.00040042
-0.36602510 0.17360645 0.00040056
-0.36444780 0.17316450 0.00039043
-0.36286901 0.17272146 0.00039201
-0.36129171 0.17229513 0.00039293
-0.35971588 0.17184999 0.00038262
-0.35814005 0.17142160 0.00038353
-0.35656422 0.17099220 0.00038444
-0.35498840 0.17056178 0.00038536
-0.35341405 0.17013032 0.00038629
-0.35183970 0.16970687 0.00037588
-0.35026535 0.16928238 0.00037746
-0.34869248 0.16886595 0.00037766
-0.34711961 0.16844857 0.00036772
-0.34554674 0.16803929 0.00036857
-0.34397534 0.16761993 0.00036897
-0.34240395 0.16720872 0.00036983
-0.34083256 0.16680571 0.00037116
-0.33926264 0.16640180 0.00036047
-0.33769273 0.16598773 0.00036132
-0.33612429 0.16560037 0.00036213
-0.33455586 0.16520291 0.00035195
-0.33298742 0.16480452 0.00035224
-0.33142046 0.16441451 0.00035303
-0.32985350 0.16402362 0.00035383
-0.32828655 0.16364118 0.00035514
-0.32672107 0.16325790 0.00034416
-0.32515559 0.16289251 0.00034489
-0.32359159 0.16249813 0.00034569
-0.32202758 0.16213110 0.00034644
-0.32046358 0.16176328 0.00034719
-0.31890106 0.16140415 0.00033613
-0.31734002 0.16103475 0.00033687
-0.31577749 0.16068356 0.00032615
-0.31421793 0.16032212 0.00031497
-0.31265688 0.15996940 0.00032754
-0.31109731 0.15963510 0.00031627
-0.30953923 0.15929054 0.00031692
-0.30798114 0.15896448 0.00030602
-0.30642305 0.15862813 0.00030757
-0.30486644 0.15831039 0.00030816
-0.30330983 0.15799203 0.00030876
-0.30175470 0.15767306 0.00030935
-0.30019957 0.15734380 0.00029887
-0.29864591 0.15699443 0.00029950
-0.29709226 0.15664432 0.00030014
-0.29554008 0.15629345 0.00030079
-0.29398791 0.15592230 0.00028882
-0.29243721 0.15555027 0.00029116
-0.29088651 0.15516757 0.00029185
-0.28933730 0.15478397 0.00029254
-0.28778808 0.15440934 0.00028029
-0.28623886 0.15401401 0.00029394
-0.28469112 0.15360783 0.00028169
-0.28314485 0.15322049 0.00028237
-0.28159859 0.15283221 0.00028306
-0.28005381 0.15242301 0.00027080
-0.27850902 0.15202273 0.00028451
-0.27696572 0.15162149 0.00027405
-0.27542241 0.15121920 0.00027287
-0.27388059 0.15081586 0.00028669
-0.27234024 0.15040141 0.00027430
-0.27079989 0.15000613 0.00027499
-0.26925954 0.14957933 0.00027574
-0.26772067 0.14918196 0.00027645
-0.26618327 0.14877337 0.00026562
-0.26464588 0.14835340 0.00027793
-0.26310997 0.14794260 0.00026705
-0.26157405 0.14752036 0.00027944
-0.26003962 0.14710733 0.00026851
-0.25850518 0.14668282 0.00025572
-0.25697222 0.14626748 0.00026999
-0.25544074 0.14584062 0.00025714
-0.25390926 0.14542296 0.00027150
-0.25237926 0.14498320 0.00027230
-0.25084926 0.14455270 0.00025935
-0.24932074 0.14412090 0.00027221
-0.24779369 0.14367731 0.00027302
-0.24626665 0.14323239 0.00027383
-0.24474108 0.14278614 0.00027466
-0.24321552 0.14231718 0.00027721
-0.24169143 0.14185745 0.00027639
-0.24016882 0.14137479 0.00027730
-0.23864621 0.14087976 0.00027737
-0.23712508 0.14038301 0.00029188
-0.23560542 0.13989550 0.00026632
-0.23408577 0.13943895 0.00026716
-0.23256759 0.13903556 0.00026743
-0.23104942 0.13867482 0.00026810
-0.22953272 0.13831317 0.00026878
-0.22801750 0.13797263 0.00025608
-0.22650376 0.13764228 0.00025667
-0.22499002 0.13734431 0.00025721
-0.22347628 0.13701249 0.00025781
-0.22196550 0.13670212 0.00024519
-0.22045471 0.13637990 0.00025897
-0.21894541 0.13606813 0.00024629
-0.21743610 0.13574447 0.00024840
-0.21592827 0.13543127 0.00024741
-0.21442193 0.13509491 0.00024801
-0.21291705 0.13478027 0.00023550
-0.21141218 0.13444234 0.00023607
-0.20990879 0.13410358 0.00023665
-0.20840540 0.13376400 0.00023723
-0.20690496 0.13342357 0.00023782
-0.20540453 0.13308231 0.00023841
-0.20390557 0.13272880 0.00022614
-0.20240661 0.13238580 0.00022671
-0.20090913 0.13203043 0.00024246
-0.19941313 0.13166269 0.00022791
-0.19791861 0.13129391 0.00023146
-0.19642408 0.13092415 0.00021655
-0.19493104 0.13055334 0.00022979
-0.19343947 0.13016988 0.00023045
-0.19194791 0.12977368 0.00021841
-0.19045930 0.12938798 0.00021904
-0.18897069 0.12898943 0.00021715
-0.18748355 0.12858966 0.00023320
-0.18599642 0.12820051 0.00023388
-0.18451077 0.12779838 0.00022169
-0.18302659 0.12743065 0.00021973
-0.18154390 0.12703805 0.00022039
-0.18006268 0.12665622 0.00022363
-0.17858146 0.12627330 0.00020833
-0.17710172 0.12587720 0.00020897
-0.17562346 0.12550397 0.00022562
-0.17414667 0.12511762 0.00021020
-0.17266989 0.12473008 0.00021432
-0.17119606 0.12435354 0.00021146
-0.16972223 0.12396367 0.00021561
-0.16824841 0.12358486 0.00021273
-0.16677754 0.12320493 0.00020026
-0.16530667 0.12282381 0.00021756
-0.16383875 0.12242925 0.00020150
-0.16237084 0.12205818 0.00020210
-0.16090440 0.12164874 0.00020276
-0.15943796 0.12127536 0.00020337
-0.15797449 0.12090085 0.00020398
-0.15651101 0.12051269 0.00019193
-0.15504900 0.12011068 0.00020529
-0.15358848 0.11972002 0.00019317
-0.15212944 0.11934076 0.00019377
-0.15067039 0.11894763 0.00019017
-0.14921430 0.11854047 0.00019504
-0.14775822 0.11815752 0.00019566
-0.14630375 0.11774772 0.00017875
-0.14485062 0.11734935 0.00019697
-0.14339867 0.11693680 0.00017996
-0.14194791 0.11653573 0.00019832
-0.14049847 0.11613335 0.00018671
-0.13905022 0.11572960 0.00018179
-0.13760344 0.11529827 0.00018245
-0.13615770 0.11487849 0.00018870
-0.13471344 0.11447042 0.00018374
-0.13327021 0.11404767 0.00019005
-0.13182846 0.11362342 0.00017224
-0.13038804 0.11318426 0.00017289
-0.12894881 0.11274343 0.00017356
-0.12751090 0.11230090 0.00017422
-0.12607433 0.11185667 0.00017490
-0.12463893 0.11141070 0.00017559
-0.12320502 0.11096298 0.00017628
-0.12177229 0.11049986 0.00016501
-0.12034104 0.11002108 0.00017776
-0.11891096 0.10955407 0.00016641
-0.11748222 0.10907123 0.00017927
-0.11605496 0.10858635 0.00016080
-0.11462888 0.10809929 0.00016860
-0.11320413 0.10759608 0.00016937
-0.11178086 0.10709055 0.00017016
-0.11035892 0.10656854 0.00016378
-0.10893816 0.10605822 0.00016455
-0.10751888 0.10554548 0.00016534
-0.10610108 0.10503028 0.00016613
-0.10468446 0.10452700 0.00017425
-0.10326932 0.10402138 0.00015470
-0.10185551 0.10349875 0.00015546
-0.10044304 0.10297351 0.00015624
-0.09903203 0.10246032 0.00017022
-0.09762236 0.10194464 0.00015069
-0.09621417 0.10141152 0.00015147
-0.09480731 0.10087562 0.00015226
-0.09340178 0.10032194 0.00013922
-0.09199772 0.09978030 0.00013996
-0.09059500 0.09922056 0.00016205
-0.08919376 0.09867299 0.00016293
-0.08779384 0.09809177 0.00014233
-0.08639541 0.09753797 0.00014312
-0.08499845 0.09693451 0.00014400
-0.08360282 0.09637417 0.00014482
-0.08220867 0.09576351 0.00014573
-0.08081600 0.09519639 0.00014659
-0.07942466 0.09457825 0.00014753
-0.07803480 0.09398811 0.00014135
-0.07664641 0.09337819 0.00014940
-0.07525951 0.09274812 0.00015040
-0.07387393 0.09213016 0.00012853
-0.07248984 0.09150804 0.00014512
-0.07110722 0.09088173 0.00015344
-0.06972608 0.09025119 0.00013117
-0.06834642 0.08961621 0.00014814
-0.06696823 0.08899371 0.00013300
-0.06559138 0.08838386 0.00013390
-0.06421615 0.08783824 0.00014520
-0.06284240 0.08732370 0.00014604
-0.06146998 0.08684075 0.00013625
-0.06009919 0.08632034 0.00013706
-0.05872988 0.08579682 0.00013789
-0.05736204 0.08525253 0.00012461
-0.05599568 0.08472249 0.00012538
-0.05463080 0.08418916 0.00012617
-0.05326740 0.08363454 0.00011638
-0.05190548 0.08304010 0.00011720
-0.05054518 0.08247785 0.00011220
-0.04918636 0.08187512 0.00011302
-0.04782902 0.08123106 0.00009051
-0.04647316 0.08043275 0.00011502
-0.04511893 0.07922989 0.00011671
-0.04376617 0.07764253 0.00009847
-0.04241504 0.07594342 0.00010065
-0.04106524 0.07424621 0.00011417
-0.03971706 0.07259235 0.00011674
-0.03837051 0.07094259 0.00008958
-0.03702529 0.06927550 0.00009172
-0.03568185 0.06758983 0.00008291
-0.03433973 0.06581588 0.00009649
-0.03299939 0.06401656 0.00009918
-0.03166038 0.06206915 0.00012292
-0.03032315 0.05990934 0.00015395
-0.02898739 0.05743521 0.00019144
-0.02765326 0.05405356 0.00024465
-0.02632105 0.04970038 0.00030729
-0.02499002 0.04472914 0.00038773
-0.02366047 0.03958987 0.00040427
-0.02233255 0.03450941 0.00046414
-0.02100625 0.02951856 0.00047150
-0.01968143 0.02466909 0.00051725
-0.01835824 0.01991508 0.00053496
-0.01703653 0.01514748 0.00056468
-0.01571644 0.01034533 0.00062522
-0.01439801 0.00498639 0.00141037
-0.01308110 nan nan
-0.01176578 nan nan
-0.01045207 nan nan
-0.00913993 0.00587034 0.00115913
-0.00782941 0.01104882 0.00050999
-0.00652048 0.01544057 0.00055368
-0.00521317 0.01999250 0.00042546
-0.00390746 0.02448682 0.00052115
-0.00260335 0.03001971 0.00049524
-0.00130087 0.03514814 0.00072639
-0.00000000 0.04385312 0.00019307
