# s/c   M_is_mean    M_is_std
0.00000000 0.01810636 0.00131779
0.00130087 0.02857881 0.00068457
0.00260174 0.03640876 0.00043126
0.00390261 0.04305164 0.00029169
0.00520348 0.04897724 0.00020842
0.00650435 0.05440659 0.00016003
0.00780522 0.05946386 0.00013526
0.00910609 0.06422666 0.00012573
0.01040697 0.06874727 0.00012467
0.01170784 0.07306286 0.00012766
0.01300871 0.07720103 0.00013239
0.01430958 0.08118300 0.00013790
0.01561045 0.08502557 0.00014388
0.01691132 0.08874238 0.00015030
0.01821219 0.09234477 0.00015722
0.01951306 0.09584231 0.00016469
0.02081393 0.09924326 0.00017272
0.02211480 0.10255485 0.00018128
0.02341567 0.10578349 0.00019030
0.02470176 0.10893492 0.00019969
0.02600263 0.11201438 0.00020936
0.02730350 0.11502666 0.00021919
0.02860437 0.11797620 0.00022908
0.02990524 0.12086713 0.00023892
0.03120611 0.12370334 0.00024864
0.03250698 0.12648849 0.00025814
0.03380786 0.12922608 0.00026737
0.03510873 0.13191941 0.00027625
0.03640960 0.13457167 0.00028476
0.03771047 0.13718592 0.00029284
0.03901134 0.13976508 0.00030046
0.04029743 0.14231200 0.00030761
0.04159830 0.14482943 0.00031427
0.04289917 0.14732001 0.00032043
0.04420004 0.14978632 0.00032608
0.04550091 0.15223085 0.00033123
0.04680178 0.15465604 0.00033589
0.04810265 0.15706423 0.00034006
0.04940352 0.15945770 0.00034376
0.05068961 0.16183868 0.00034700
0.05199048 0.16420931 0.00034980
0.05329135 0.16657168 0.00035219
0.05459222 0.16892782 0.00035419
0.05589309 0.17127968 0.00035582
0.05719396 0.17362916 0.00035711
0.05849483 0.17597809 0.00035809
0.05978092 0.17832825 0.00035879
0.06108179 0.18068132 0.00035924
0.06238266 0.18303896 0.00035948
0.06368353 0.18540275 0.00035952
0.06498440 0.18777419 0.00035940
0.06628528 0.19015473 0.00035917
0.06757136 0.19254576 0.00035883
0.06887223 0.19494860 0.00035844
0.07017310 0.19736449 0.00035802
0.07147398 0.19979463 0.00035760
0.07277485 0.20224015 0.00035721
0.07407572 0.20470210 0.00035688
0.07536180 0.20718149 0.00035664
0.07666268 0.20967923 0.00035652
0.07796355 0.21219621 0.00035655
0.07926442 0.21473324 0.00035675
0.08056529 0.21729104 0.00035715
0.08185138 0.21987032 0.00035776
0.08315225 0.22247169 0.00035863
0.08445312 0.22509572 0.00035975
0.08575399 0.22774291 0.00036116
0.08704008 0.23041371 0.00036288
0.08834095 0.23310852 0.00036492
0.08964182 0.23582767 0.00036729
0.09094269 0.23857145 0.00037001
0.09224356 0.24134008 0.00037309
0.09352965 0.24413376 0.00037654
0.09483052 0.24695261 0.00038038
0.09613139 0.24979671 0.00038460
0.09743226 0.25266611 0.00038922
0.09871835 0.25556080 0.00039424
0.10001922 0.25848073 0.00039965
0.10132009 0.26142581 0.00040547
0.10260618 0.26439590 0.00041169
0.10390705 0.26739084 0.00041832
0.10520792 0.27041042 0.00042533
0.10650879 0.27345441 0.00043275
0.10779488 0.27652252 0.00044055
0.10909575 0.27961445 0.00044873
0.11039662 0.28272987 0.00045728
0.11169749 0.28586841 0.00046621
0.11298358 0.28902968 0.00047548
0.11428445 0.29221327 0.00048511
0.11558532 0.29541873 0.00049507
0.11687141 0.29864560 0.00050535
0.11817228 0.30189340 0.00051594
0.11947315 0.30516162 0.00052683
0.12075924 0.30844975 0.00053801
0.12206011 0.31175724 0.00054946
0.12336098 0.31508355 0.00056116
0.12466185 0.31842811 0.00057310
0.12594794 0.32179034 0.00058527
0.12724881 0.32516965 0.00059765
0.12854968 0.32856544 0.00061023
0.12983577 0.33380907 0.00063825
0.13113664 0.33741713 0.00065967
0.13243751 0.34100146 0.00067949
0.13372359 0.34457909 0.00069565
0.13502447 0.34815931 0.00070895
0.13632534 0.35173584 0.00072144
0.13761142 0.35530320 0.00073295
0.13891229 0.35886514 0.00074505
0.14019838 0.36245723 0.00075849
0.14149925 0.36614039 0.00076869
0.14280012 0.36993419 0.00077270
0.14408621 0.37377796 0.00077706
0.14538708 0.37756115 0.00079686
0.14668795 0.38122450 0.00082517
0.14797404 0.38477649 0.00084898
0.14927491 0.38825286 0.00086794
0.15056100 0.39171365 0.00087961
0.15186187 0.39519421 0.00088380
0.15316274 0.39866749 0.00088757
0.15444883 0.40209330 0.00089636
0.15574970 0.40548206 0.00090498
0.15703579 0.40887566 0.00090827
0.15833666 0.41226096 0.00090926
0.15963753 0.41559288 0.00091305
0.16092362 0.41886150 0.00092336
0.16222449 0.42216857 0.00092943
0.16351058 0.42565286 0.00091564
0.16481145 0.42929519 0.00089145
0.16611232 0.43298668 0.00087974
0.16739841 0.43664020 0.00089205
0.16869928 0.44021795 0.00091844
0.16998537 0.44372404 0.00094693
0.17128624 0.44716914 0.00097372
0.17257232 0.45056590 0.00099648
0.17387319 0.45392636 0.00101527
0.17517407 0.45726201 0.00103033
0.17646015 0.46058311 0.00104223
0.17776102 0.46389693 0.00105170
0.17904711 0.46720604 0.00105989
0.18034798 0.47051384 0.00106716
0.18163407 0.47382438 0.00107405
0.18293494 0.47715315 0.00107964
0.18422103 0.48053152 0.00108035
0.18552190 0.48397811 0.00107259
0.18680799 0.48747567 0.00105978
0.18810886 0.49095895 0.00105812
0.18939495 0.49436518 0.00107488
0.19069582 0.49770021 0.00110156
0.19199669 0.50106687 0.00112120
0.19328278 0.50460598 0.00111228
0.19458365 0.50830977 0.00108382
0.19586974 0.51208165 0.00106433
0.19717061 0.51587095 0.00106588
0.19845669 0.51966189 0.00108224
0.19975757 0.52347897 0.00109844
0.20104365 0.52732342 0.00111232
0.20234452 0.53114682 0.00113389
0.20363061 0.53491531 0.00116588
0.20493148 0.53860917 0.00120641
0.20621757 0.54229744 0.00124407
0.20750366 0.54612593 0.00125811
0.20880453 0.55011886 0.00125132
0.21009062 0.55421173 0.00124248
0.21139149 0.55833788 0.00124965
0.21267758 0.56246012 0.00127389
0.21397845 0.56659681 0.00130313
0.21526454 0.57077604 0.00133151
0.21656541 0.57501406 0.00135543
0.21785149 0.57931688 0.00137522
0.21915236 0.58367732 0.00139348
0.22043845 0.58807930 0.00141269
0.22173932 0.59250011 0.00143602
0.22302541 0.59692523 0.00146428
0.22432628 0.60135121 0.00149694
0.22561237 0.60579767 0.00153043
0.22689846 0.61030370 0.00155634
0.22819933 0.61487740 0.00157375
0.22948542 0.61950086 0.00158746
0.23078629 0.62415338 0.00160272
0.23207238 0.62881179 0.00162482
0.23337325 0.63345396 0.00165562
0.23465933 0.63805848 0.00169315
0.23594542 0.64260780 0.00173502
0.23724629 0.64709768 0.00177920
0.23853238 0.65154221 0.00182273
0.23983325 0.65596483 0.00186387
0.24111934 0.66038595 0.00190201
0.24240543 0.66481286 0.00193617
0.24370630 0.66923549 0.00196713
0.24499239 0.67363648 0.00199546
0.24629326 0.67800541 0.00202189
0.24757935 0.68233389 0.00204911
0.24886543 0.68660911 0.00208020
0.25016630 0.69082633 0.00211534
0.25145239 0.69498338 0.00215253
0.25275326 0.69908079 0.00218857
0.25403935 0.70313179 0.00221857
0.25532544 0.70714457 0.00224158
0.25662631 0.71111946 0.00225906
0.25791240 0.71505055 0.00227380
0.25919849 0.71892197 0.00229183
0.26049936 0.72271736 0.00231759
0.26178545 0.72642569 0.00235002
0.26307153 0.73004649 0.00238588
0.26437240 0.73358980 0.00242188
0.26565849 0.73709466 0.00245063
0.26695936 0.74061984 0.00246606
0.26824545 0.74418179 0.00246723
0.26953154 0.74774664 0.00246403
0.27083241 0.75124973 0.00247193
0.27211850 0.75461913 0.00249548
0.27340459 0.75783049 0.00253340
0.27470546 0.76090881 0.00257624
0.27599154 0.76391461 0.00260762
0.27727763 0.76690771 0.00262219
0.27857850 0.76990369 0.00262220
0.27986459 0.77288740 0.00261715
0.28115068 0.77582600 0.00262342
0.28243677 0.77865639 0.00264474
0.28373764 0.78131776 0.00267712
0.28502373 0.78383298 0.00271039
0.28630981 0.78627103 0.00272971
0.28761068 0.78869977 0.00273144
0.28889677 0.79113047 0.00272169
0.29018286 0.79348520 0.00271483
0.29148373 0.79568688 0.00272211
0.29276982 0.79772105 0.00273958
0.29405591 0.79960982 0.00276105
0.29534200 0.80139271 0.00277931
0.29664287 0.80312057 0.00278519
0.29792895 0.80480817 0.00277939
0.29921504 0.80643207 0.00276667
0.30051591 0.80795074 0.00275333
0.30180200 0.80932296 0.00274650
0.30308809 0.81054316 0.00274561
0.30437418 0.81164661 0.00274396
0.30567505 0.81268644 0.00273625
0.30696114 0.81371250 0.00272055
0.30824722 0.81473838 0.00269759
0.30953331 0.81574114 0.00267001
0.31083418 0.81667902 0.00264058
0.31212027 0.81752146 0.00261324
0.31340636 0.81826601 0.00259238
0.31469245 0.81891660 0.00257921
0.31599332 0.81946546 0.00257528
0.31727941 0.81989842 0.00257860
0.31856549 0.82022216 0.00258349
0.31985158 0.82046999 0.00258533
0.32115245 0.82068018 0.00258184
0.32243854 0.82089348 0.00257093
0.32372463 0.82115173 0.00254697
0.32501072 0.82146922 0.00250948
0.32629681 0.82183243 0.00246378
0.32759768 0.82221713 0.00241718
0.32888376 0.82259308 0.00237866
0.33016985 0.82293172 0.00235421
0.33145594 0.82322073 0.00234208
0.33275681 0.82346079 0.00233846
0.33404290 0.82366441 0.00233621
0.33532899 0.82385445 0.00232590
0.33661508 0.82404172 0.00230718
0.33790116 0.82422666 0.00228360
0.33918725 0.82440962 0.00226017
0.34048812 0.82459650 0.00224117
0.34177421 0.82479703 0.00222742
0.34306030 0.82502274 0.00221721
0.34434639 0.82528286 0.00220755
0.34563247 0.82557868 0.00219551
0.34693335 0.82590576 0.00217550
0.34821943 0.82624247 0.00214874
0.34950552 0.82657079 0.00211743
0.35079161 0.82688696 0.00208321
0.35207770 0.82717484 0.00205629
0.35336379 0.82742701 0.00204153
0.35466466 0.82766287 0.00203563
0.35595074 0.82791279 0.00203328
0.35723683 0.82820131 0.00202766
0.35852292 0.82853179 0.00201562
0.35980901 0.82889447 0.00199792
0.36109510 0.82928699 0.00197549
0.36238118 0.82970977 0.00194945
0.36368206 0.83014832 0.00192298
0.36496814 0.83057262 0.00190225
0.36625423 0.83095678 0.00189085
0.36754032 0.83129697 0.00188791
0.36882641 0.83161571 0.00188762
0.37011250 0.83195199 0.00188029
0.37139858 0.83232963 0.00186055
0.37269945 0.83273755 0.00182933
0.37398554 0.83315344 0.00179302
0.37527163 0.83356807 0.00175729
0.37655772 0.83398355 0.00172690
0.37784381 0.83441135 0.00170816
0.37912989 0.83486847 0.00170072
0.38041598 0.83535046 0.00170140
0.38170207 0.83582063 0.00171039
0.38298816 0.83624576 0.00172598
0.38428903 0.83662663 0.00174227
0.38557512 0.83698567 0.00175231
0.38686121 0.83734616 0.00175181
0.38814729 0.83772602 0.00174220
0.38943338 0.83813834 0.00172556
0.39071947 0.83858743 0.00170385
0.39200556 0.83906657 0.00168056
0.39329165 0.83957023 0.00165754
0.39457773 0.84010404 0.00163440
0.39586382 0.84067662 0.00161139
0.39714991 0.84129293 0.00158755
0.39843600 0.84192906 0.00156387
0.39973687 0.84252004 0.00155006
0.40102296 0.84300518 0.00155386
0.40230905 0.84337747 0.00157271
0.40359513 0.84369792 0.00158951
0.40488122 0.84403319 0.00159143
0.40616731 0.84441086 0.00158066
0.40745340 0.84482762 0.00156298
0.40873949 0.84524054 0.00154978
0.41002557 0.84560665 0.00155061
0.41131166 0.84593512 0.00156177
0.41259775 0.84626457 0.00157507
0.41388384 0.84661258 0.00158827
0.41516993 0.84697157 0.00160296
0.41645601 0.84738081 0.00161129
0.41774210 0.84792710 0.00159560
0.41902819 0.84866838 0.00154812
0.42031428 0.84954166 0.00148500
0.42160037 0.85039814 0.00143900
0.42288645 0.85117339 0.00142256
0.42417254 0.85188618 0.00142432
0.42545863 0.85257271 0.00142957
0.42674472 0.85325362 0.00143327
0.42803081 0.85392676 0.00143922
0.42931690 0.85459525 0.00144790
0.43060298 0.85527386 0.00145496
0.43188907 0.85598226 0.00145395
0.43317516 0.85672802 0.00144394
0.43446125 0.85750816 0.00142753
0.43574734 0.85831956 0.00140703
0.43703342 0.85916112 0.00138395
0.43831951 0.86002726 0.00136048
0.43960560 0.86091339 0.00133850
0.44089169 0.86180394 0.00132136
0.44217778 0.86266620 0.00131538
0.44346386 0.86347624 0.00132448
0.44474995 0.86424383 0.00134378
0.44603604 0.86503589 0.00135211
0.44732213 0.86593882 0.00132792
0.44860822 0.86699721 0.00126795
0.44989430 0.86815549 0.00119010
0.45118039 0.86926747 0.00113166
0.45246648 0.87027180 0.00110695
0.45375257 0.87119756 0.00110135
0.45503866 0.87206172 0.00110437
0.45632474 0.87285754 0.00111844
0.45761083 0.87354460 0.00115685
0.45889692 0.87410624 0.00122328
0.46018301 0.87460041 0.00129607
0.46146910 0.87511331 0.00134946
0.46275519 0.87573658 0.00136784
0.46404127 0.87647157 0.00135710
0.46532736 0.87719475 0.00134984
0.46661345 0.87784036 0.00136204
0.46789954 0.87842379 0.00138689
0.46917084 0.87899555 0.00140616
0.47045693 0.87961171 0.00140416
0.47174302 0.88028075 0.00138270
0.47302911 0.88097984 0.00135099
0.47431520 0.88167512 0.00132248
0.47560128 0.88233284 0.00130809
0.47688737 0.88293920 0.00130978
0.47817346 0.88350185 0.00132374
0.47945955 0.88404808 0.00134000
0.48074564 0.88460954 0.00134910
0.48203172 0.88521285 0.00134521
0.48331781 0.88585838 0.00132868
0.48460390 0.88650713 0.00131106
0.48587521 0.88712775 0.00130084
0.48716129 0.88770917 0.00130028
0.48844738 0.88825288 0.00130820
0.48973347 0.88877160 0.00131940
0.49101956 0.88927914 0.00132856
0.49230565 0.88978659 0.00133276
0.49359173 0.89030306 0.00133069
0.49487782 0.89083657 0.00132146
0.49616391 0.89138929 0.00130588
0.49743522 0.89195823 0.00128570
0.49872130 0.89253520 0.00126356
0.50000739 0.89310753 0.00124274
0.50129348 0.89366278 0.00122605
0.50257957 0.89419143 0.00121532
0.50386566 0.89468729 0.00121110
0.50515174 0.89515468 0.00121153
0.50643783 0.89561264 0.00121122
0.50770914 0.89607637 0.00120674
0.50899523 0.89655138 0.00119778
0.51028131 0.89702987 0.00118679
0.51156740 0.89748714 0.00117983
0.51285349 0.89790443 0.00118046
0.51413958 0.89827350 0.00118933
0.51542567 0.89859776 0.00120446
0.51669697 0.89889856 0.00122071
0.51798306 0.89920686 0.00123150
0.51926915 0.89955384 0.00123161
0.52055524 0.89995608 0.00122002
0.52184132 0.90041253 0.00120071
0.52312741 0.90089004 0.00118144
0.52439872 0.90132572 0.00117048
0.52568480 0.90167992 0.00117152
0.52697089 0.90194524 0.00118438
0.52825698 0.90214754 0.00120594
0.52954307 0.90235250 0.00122630
0.53082916 0.90261238 0.00123819
0.53210046 0.90293991 0.00124198
0.53338655 0.90329658 0.00124177
0.53467264 0.90361744 0.00124515
0.53595873 0.90387514 0.00125422
0.53724481 0.90408316 0.00126586
0.53853090 0.90428948 0.00127859
0.53980221 0.90455265 0.00128641
0.54108830 0.90489095 0.00128562
0.54237438 0.90527946 0.00128049
0.54366047 0.90567583 0.00127653
0.54494656 0.90604717 0.00127372
0.54621787 0.90637361 0.00127134
0.54750395 0.90666313 0.00127170
0.54879004 0.90695914 0.00127267
0.55007613 0.90729220 0.00127246
0.55134744 0.90767685 0.00127225
0.55263352 0.90810599 0.00127175
0.55391961 0.90854163 0.00126996
0.55520570 0.90895158 0.00126634
0.55649179 0.90932740 0.00126072
0.55776309 0.90968482 0.00125441
0.55904918 0.91006086 0.00124983
0.56033527 0.91048147 0.00124812
0.56162136 0.91094678 0.00124921
0.56289266 0.91144031 0.00125224
0.56417875 0.91193316 0.00125577
0.56546484 0.91240283 0.00125789
0.56675093 0.91283440 0.00125748
0.56803702 0.91321678 0.00125280
0.56930832 0.91354612 0.00124394
0.57059441 0.91383228 0.00123520
0.57188050 0.91409955 0.00122940
0.57316659 0.91437281 0.00122827
0.57443789 0.91467455 0.00123135
0.57572398 0.91502618 0.00123715
0.57701007 0.91543858 0.00124495
0.57829616 0.91591034 0.00125494
0.57956746 0.91642049 0.00126713
0.58085355 0.91692519 0.00127562
0.58213964 0.91738963 0.00127527
0.58341094 0.91779964 0.00126391
0.58469703 0.91815459 0.00124278
0.58598312 0.91846856 0.00121829
0.58726921 0.91876669 0.00119698
0.58854051 0.91906744 0.00118098
0.58982660 0.91937920 0.00117097
0.59111269 0.91969438 0.00116341
0.59239878 0.91998348 0.00114901
0.59367008 0.92022723 0.00112539
0.59495617 0.92043072 0.00109601
0.59624226 0.92061988 0.00106833
0.59751356 0.92082699 0.00104990
0.59879965 0.92107333 0.00104197
0.60008574 0.92136860 0.00104392
0.60137183 0.92171187 0.00105512
0.60264313 0.92208731 0.00107386
0.60392922 0.92245876 0.00109138
0.60521531 0.92279427 0.00110102
0.60648661 0.92307228 0.00109725
0.60777270 0.92328154 0.00107500
0.60905879 0.92344300 0.00104443
0.61033010 0.92359084 0.00101539
0.61161618 0.92375014 0.00099126
0.61290227 0.92393301 0.00097362
0.61417358 0.92413515 0.00095936
0.61545967 0.92434461 0.00094551
0.61674575 0.92455546 0.00093278
0.61801706 0.92476800 0.00092274
0.61930315 0.92498047 0.00091565
0.62058924 0.92519393 0.00091206
0.62187532 0.92541978 0.00091500
0.62314663 0.92567178 0.00092756
0.62443272 0.92595871 0.00095044
0.62571880 0.92627714 0.00098060
0.62699011 0.92660148 0.00100869
0.62827620 0.92689269 0.00102285
0.62954750 0.92712564 0.00101557
0.63083359 0.92729571 0.00098806
0.63211968 0.92740461 0.00094354
0.63339099 0.92746025 0.00088642
0.63467707 0.92748155 0.00082625
0.63596316 0.92748645 0.00076852
0.63723447 0.92749201 0.00071647
0.63852056 0.92752001 0.00067539
0.63980664 0.92758681 0.00064779
0.64107795 0.92769923 0.00063450
0.64236404 0.92785388 0.00063388
0.64365012 0.92804070 0.00064149
0.64492143 0.92825321 0.00065620
0.64620752 0.92848717 0.00067744
0.64749361 0.92873643 0.00070314
0.64876491 0.92899515 0.00073190
0.65005100 0.92925653 0.00076158
0.65132231 0.92951362 0.00079019
0.65260839 0.92975856 0.00081505
0.65389448 0.92998355 0.00083377
0.65516579 0.93018149 0.00084410
0.65645188 0.93034737 0.00084462
0.65772318 0.93048198 0.00083744
0.65900927 0.93058928 0.00082539
0.66029536 0.93066716 0.00080876
0.66156666 0.93070313 0.00078388
0.66285275 0.93068873 0.00074941
0.66413884 0.93062587 0.00070843
0.66541014 0.93053077 0.00066804
0.66669623 0.93043200 0.00063764
0.66796754 0.93035147 0.00062127
0.66925363 0.93030469 0.00061943
0.67053971 0.93029797 0.00063051
0.67181102 0.93032753 0.00065129
0.67309711 0.93037588 0.00067675
0.67436841 0.93040657 0.00069849
0.67565450 0.93039394 0.00071114
0.67692581 0.93033285 0.00071427
0.67821189 0.93022463 0.00070952
0.67949798 0.93007122 0.00069908
0.68076929 0.92987262 0.00068450
0.68205538 0.92962860 0.00066874
0.68332668 0.92934763 0.00065684
0.68461277 0.92905355 0.00065268
0.68589886 0.92877541 0.00065515
0.68717016 0.92852535 0.00066092
0.68845625 0.92829389 0.00066884
0.68972756 0.92806949 0.00067775
0.69101364 0.92784686 0.00068652
0.69228495 0.92762204 0.00069508
0.69357104 0.92739307 0.00070358
0.69484234 0.92716495 0.00071158
0.69612843 0.92694569 0.00071875
0.69741452 0.92674740 0.00072418
0.69868582 0.92657864 0.00072704
0.69997191 0.92643346 0.00072963
0.70124322 0.92629472 0.00073489
0.70252931 0.92614239 0.00074397
0.70380061 0.92597009 0.00075588
0.70508670 0.92578195 0.00076845
0.70635801 0.92558148 0.00078028
0.70764409 0.92536744 0.00079201
0.70893018 0.92513623 0.00080415
0.71020149 0.92488353 0.00081768
0.71148758 0.92460769 0.00083341
0.71275888 0.92432201 0.00084799
0.71404497 0.92404672 0.00085755
0.71531627 0.92380235 0.00085885
0.71660236 0.92359644 0.00085345
0.71787367 0.92341778 0.00084710
0.71915976 0.92325344 0.00084303
0.72043106 0.92309479 0.00084288
0.72171715 0.92293842 0.00084622
0.72298845 0.92278383 0.00085180
0.72427454 0.92263073 0.00085856
0.72554585 0.92247553 0.00086551
0.72683194 0.92230812 0.00087408
0.72810324 0.92211898 0.00088584
0.72938933 0.92190452 0.00090154
0.73066064 0.92167059 0.00091906
0.73194672 0.92143253 0.00093302
0.73321803 0.92120294 0.00094153
0.73450412 0.92098750 0.00094440
0.73577542 0.92078676 0.00094277
0.73706151 0.92059806 0.00093901
0.73833282 0.92041903 0.00093447
0.73961890 0.92024779 0.00093023
0.74089021 0.92008223 0.00092718
0.74217630 0.91992039 0.00092599
0.74344760 0.91976014 0.00092719
0.74473369 0.91959853 0.00093185
0.74600500 0.91943461 0.00094005
0.74729108 0.91926926 0.00095122
0.74856239 0.91910481 0.00096442
0.74984848 0.91894511 0.00097820
0.75111978 0.91879359 0.00099142
0.75240587 0.91865255 0.00100327
0.75367718 0.91852330 0.00101335
0.75496327 0.91840641 0.00102161
0.75623457 0.91830160 0.00102822
0.75752066 0.91820820 0.00103342
0.75879196 0.91812546 0.00103758
0.76007805 0.91805241 0.00104106
0.76134936 0.91798828 0.00104421
0.76263545 0.91793303 0.00104727
0.76390675 0.91788744 0.00105026
0.76517806 0.91785347 0.00105305
0.76646414 0.91783538 0.00105505
0.76773545 0.91783892 0.00105551
0.76902154 0.91786742 0.00105415
0.77029284 0.91791759 0.00105280
0.77157893 0.91797905 0.00105431
0.77285024 0.91804068 0.00105960
0.77413633 0.91809494 0.00106833
0.77540763 0.91813599 0.00107969
0.77669372 0.91815882 0.00109276
0.77796502 0.91815963 0.00110688
0.77923633 0.91813626 0.00112160
0.78052242 0.91808916 0.00113646
0.78179372 0.91802326 0.00115062
0.78307981 0.91794653 0.00116318
0.78435112 0.91786566 0.00117358
0.78563720 0.91778473 0.00118189
0.78690851 0.91770586 0.00118845
0.78817982 0.91763048 0.00119368
0.78946590 0.91756008 0.00119795
0.79073721 0.91749570 0.00120177
0.79202330 0.91743787 0.00120552
0.79329460 0.91738581 0.00120973
0.79458069 0.91733746 0.00121465
0.79585200 0.91728907 0.00122054
0.79712330 0.91723473 0.00122792
0.79840939 0.91716971 0.00123636
0.79968070 0.91709098 0.00124547
0.80096678 0.91699556 0.00125533
0.80223809 0.91688271 0.00126565
0.80350939 0.91675338 0.00127642
0.80479548 0.91661187 0.00128703
0.80606679 0.91646618 0.00129574
0.80735288 0.91632126 0.00130177
0.80862418 0.91618004 0.00130496
0.80989549 0.91604429 0.00130567
0.81118157 0.91591565 0.00130433
0.81245288 0.91579712 0.00130103
0.81373897 0.91568970 0.00129628
0.81501027 0.91559098 0.00129105
0.81628158 0.91549607 0.00128654
0.81756767 0.91540061 0.00128301
0.81883897 0.91530145 0.00128060
0.82012506 0.91519544 0.00127942
0.82139637 0.91507744 0.00127955
0.82266767 0.91494091 0.00128195
0.82395376 0.91478115 0.00128748
0.82522507 0.91460067 0.00129564
0.82651115 0.91440958 0.00130478
0.82778246 0.91421882 0.00131304
0.82905376 0.91403535 0.00131901
0.83033985 0.91386024 0.00132250
0.83161116 0.91369216 0.00132371
0.83288246 0.91352937 0.00132274
0.83416855 0.91336906 0.00131999
0.83543986 0.91320795 0.00131584
0.83672594 0.91304207 0.00131080
0.83799725 0.91286749 0.00130523
0.83926856 0.91268047 0.00129932
0.84055464 0.91247757 0.00129328
0.84182595 0.91225573 0.00128725
0.84309725 0.91201262 0.00128156
0.84438334 0.91174805 0.00127663
0.84565465 0.91146535 0.00127237
0.84692595 0.91117138 0.00126906
0.84821204 0.91087796 0.00126582
0.84948335 0.91059606 0.00126155
0.85076944 0.91033072 0.00125595
0.85204074 0.91007873 0.00124943
0.85331205 0.90982861 0.00124371
0.85459813 0.90957320 0.00123872
0.85586944 0.90930762 0.00123435
0.85714075 0.90902663 0.00123095
0.85842683 0.90872666 0.00122882
0.85969814 0.90840625 0.00122815
0.86096944 0.90806625 0.00122928
0.86225553 0.90771133 0.00123188
0.86352684 0.90735568 0.00123278
0.86479814 0.90701333 0.00122952
0.86608423 0.90669552 0.00121980
0.86735554 0.90641120 0.00120189
0.86862684 0.90616159 0.00117733
0.86991293 0.90594066 0.00114989
0.87118424 0.90573707 0.00112406
0.87245554 0.90553704 0.00110277
0.87374163 0.90532815 0.00108654
0.87501293 0.90509989 0.00107462
0.87628424 0.90484295 0.00106575
0.87757033 0.90455096 0.00105892
0.87884163 0.90422061 0.00105367
0.88011294 0.90385181 0.00105024
0.88138424 0.90344719 0.00104952
0.88267033 0.90301115 0.00105235
0.88394164 0.90254999 0.00105920
0.88521294 0.90206818 0.00107034
0.88649903 0.90157091 0.00108533
0.88777034 0.90106777 0.00110156
0.88904164 0.90056807 0.00111554
0.89032773 0.90007892 0.00112486
0.89159904 0.89960407 0.00112923
0.89287034 0.89914550 0.00112931
0.89415643 0.89870474 0.00112569
0.89542774 0.89828121 0.00111927
0.89669904 0.89787239 0.00111107
0.89797035 0.89747445 0.00110224
0.89925643 0.89708357 0.00109360
0.90052774 0.89669647 0.00108541
0.90179905 0.89630980 0.00107823
0.90308513 0.89591992 0.00107281
0.90435644 0.89552294 0.00107008
0.90562774 0.89511531 0.00107097
0.90691383 0.89469387 0.00107652
0.90818514 0.89425722 0.00108718
0.90945644 0.89380591 0.00110293
0.91072775 0.89334309 0.00112267
0.91201384 0.89287653 0.00114291
0.91328514 0.89241313 0.00116163
0.91455645 0.89195942 0.00117681
0.91582775 0.89152270 0.00118609
0.91711384 0.89110952 0.00118775
0.91838515 0.89072450 0.00118061
0.91965645 0.89037031 0.00116409
0.92094254 0.89004569 0.00113870
0.92221385 0.88974020 0.00110895
0.92348515 0.88944227 0.00107944
0.92475646 0.88914246 0.00105360
0.92604254 0.88883483 0.00103319
0.92731385 0.88851834 0.00101767
0.92858516 0.88819302 0.00100620
0.92985646 0.88785922 0.00099787
0.93114255 0.88751668 0.00099230
0.93241385 0.88716519 0.00098912
0.93368516 0.88680642 0.00098720
0.93495647 0.88644606 0.00098315
0.93624255 0.88609387 0.00097190
0.93751386 0.88576093 0.00094942
0.93878516 0.88545659 0.00091337
0.94005647 0.88518306 0.00086546
0.94134256 0.88493183 0.00081198
0.94261386 0.88469047 0.00075944
0.94388517 0.88445001 0.00071125
0.94515647 0.88420503 0.00066856
0.94644256 0.88395109 0.00063204
0.94771387 0.88368372 0.00060220
0.94898517 0.88339957 0.00057890
0.95025648 0.88309588 0.00056197
0.95154257 0.88276993 0.00055175
0.95281387 0.88241915 0.00054931
0.95408518 0.88204373 0.00055562
0.95535648 0.88165321 0.00056824
0.95664257 0.88126553 0.00058060
0.95791388 0.88090044 0.00058445
0.95918518 0.88056831 0.00057579
0.96045649 0.88026560 0.00055711
0.96174258 0.87998336 0.00053280
0.96301388 0.87971418 0.00050572
0.96428519 0.87945285 0.00047783
0.96555649 0.87919363 0.00045132
0.96682780 0.87892944 0.00042844
0.96811389 0.87865331 0.00041090
0.96938519 0.87836071 0.00039887
0.97065650 0.87804986 0.00039185
0.97192780 0.87772106 0.00038934
0.97321389 0.87737578 0.00039131
0.97448520 0.87701712 0.00039789
0.97575650 0.87665092 0.00040782
0.97702781 0.87628351 0.00041952
0.97829911 0.87592143 0.00043104
0.97958520 0.87556961 0.00044041
0.98085651 0.87522994 0.00044689
0.98212781 0.87490214 0.00045054
0.98339912 0.87458349 0.00045223
0.98468520 0.87427124 0.00045282
0.98595651 0.87396257 0.00045313
0.98722781 0.87365405 0.00045424
0.98849912 0.87334241 0.00045726
0.98977043 0.87302472 0.00046322
0.99105651 0.87269912 0.00047267
0.99232782 0.87236490 0.00048570
0.99359912 0.87202183 0.00050221
0.99487043 0.87166976 0.00052209
0.99614174 0.87130808 0.00054560
0.99742782 0.87093495 0.00057398
0.99869913 0.87054945 0.00060810
0.99997043 0.87015402 0.00064669
1.00124174 0.86975186 0.00068822
1.00251305 0.86934605 0.00073120
1.00378435 0.86893885 0.00077465
1.00507044 0.86853095 0.00081847
1.00634174 0.86812254 0.00086276
1.00761305 0.86771376 0.00090755
1.00888436 0.86730497 0.00095267
1.01015566 0.86689653 0.00099793
1.01144175 0.86648919 0.00104289
1.01271305 0.86608391 0.00108695
1.01398436 0.86568174 0.00112948
1.01525567 0.86528400 0.00116968
1.01652697 0.86489223 0.00120661
1.01779828 0.86450806 0.00123923
1.01908436 0.86413263 0.00126679
1.02035567 0.86376519 0.00128972
1.02162698 0.86340173 0.00131058
1.02289828 0.86303579 0.00133348
1.02416959 0.86266173 0.00136199
1.02545567 0.86227727 0.00139745
1.02672698 0.86188349 0.00143904
1.02799829 0.86148272 0.00148522
1.02926959 0.86107744 0.00153441
1.03054090 0.86067020 0.00158506
1.03181220 0.86026402 0.00163531
1.03309829 0.85986222 0.00168323
1.03436960 0.85946812 0.00172683
1.03564090 0.85908381 0.00176492
1.03691221 0.85870889 0.00179788
1.03818351 0.85834270 0.00182623
1.03945482 0.85798462 0.00185034
1.04072612 0.85763403 0.00187055
1.04201221 0.85729042 0.00188716
1.04328352 0.85695344 0.00190029
1.04455482 0.85662271 0.00191016
1.04582613 0.85629688 0.00191761
1.04709743 0.85597369 0.00192410
1.04836874 0.85565092 0.00193115
1.04965483 0.85532728 0.00193964
1.05092613 0.85500272 0.00194970
1.05219744 0.85467779 0.00196115
1.05346874 0.85435390 0.00197327
1.05474005 0.85403384 0.00198444
1.05601135 0.85372246 0.00199173
1.05728266 0.85342503 0.00199191
1.05856875 0.85314630 0.00198214
1.05984005 0.85288832 0.00196123
1.06111136 0.85264771 0.00193143
1.06238266 0.85242162 0.00189457
1.06365397 0.85220903 0.00185114
1.06492527 0.85200891 0.00180170
1.06619658 0.85182032 0.00174677
1.06746788 0.85164047 0.00168808
1.06875397 0.85146482 0.00162854
1.07002528 0.85128805 0.00157156
1.07129658 0.85110523 0.00152031
1.07256789 0.85091241 0.00147722
1.07383919 0.85070673 0.00144401
1.07511050 0.85048688 0.00142136
1.07638181 0.85025582 0.00140699
1.07766789 0.85002203 0.00139523
1.07893920 0.84979748 0.00137836
1.08021050 0.84959044 0.00135127
1.08148181 0.84940099 0.00131444
1.08275312 0.84922460 0.00127105
1.08402442 0.84905625 0.00122448
1.08529573 0.84889380 0.00117605
1.08656703 0.84873609 0.00112632
1.08783834 0.84858142 0.00107627
1.08912443 0.84842844 0.00102661
1.09039573 0.84827584 0.00097810
1.09166704 0.84812289 0.00093114
1.09293834 0.84796910 0.00088601
1.09420965 0.84781403 0.00084297
1.09548095 0.84765744 0.00080213
1.09675226 0.84749909 0.00076361
1.09802356 0.84733862 0.00072760
1.09930965 0.84717574 0.00069419
1.10058096 0.84701050 0.00066318
1.10185226 0.84684305 0.00063443
1.10312357 0.84667334 0.00060792
1.10439487 0.84650122 0.00058363
1.10566618 0.84632658 0.00056164
1.10693748 0.84614944 0.00054191
1.10820879 0.84597016 0.00052424
1.10948010 0.84578950 0.00050817
1.11075140 0.84560855 0.00049311
1.11203749 0.84542864 0.00047838
1.11330879 0.84525124 0.00046317
1.11458010 0.84507765 0.00044695
1.11585141 0.84490933 0.00042909
1.11712271 0.84474721 0.00040927
1.11839402 0.84458993 0.00038863
1.11966532 0.84443279 0.00036983
1.12093663 0.84426623 0.00035681
1.12220793 0.84407737 0.00035312
1.12347924 0.84385561 0.00036080
1.12475054 0.84359816 0.00038084
1.12603663 0.84331098 0.00041265
1.12730794 0.84300558 0.00045316
1.12857924 0.84269488 0.00049740
1.12985055 0.84239291 0.00053972
1.13112185 0.84211411 0.00057336
1.13239316 0.84187424 0.00059044
1.13366446 0.84168914 0.00058238
1.13493577 0.84156886 0.00054302
1.13620707 0.84151987 0.00046925
1.13747838 0.84154135 0.00038338
1.13874969 0.84161734 0.00034168
1.14002099 0.84171096 0.00039592
1.14130708 0.84178483 0.00050338
1.14257838 0.84181946 0.00061098
1.14384969 0.84180288 0.00069862
1.14512100 0.84173104 0.00075877
1.14639230 0.84161463 0.00078777
1.14766361 0.84147742 0.00079008
1.14893491 0.84132637 0.00077181
1.15020622 0.84114796 0.00073850
1.15147752 0.84092467 0.00069678
1.15274883 0.84064803 0.00064289
1.15402013 0.84030326 0.00058932
1.15529144 0.84019780 0.00057325
1.15656274 0.83990607 0.00054139
1.15783405 0.83960807 0.00051087
1.15912014 0.83930430 0.00048315
1.16039144 0.83899527 0.00045991
1.16166275 0.83868154 0.00044301
1.16293405 0.83836371 0.00043423
1.16420536 0.83804238 0.00043496
1.16547667 0.83771822 0.00044588
1.16674797 0.83739191 0.00046676
1.16801928 0.83706416 0.00049664
1.16929058 0.83673569 0.00053409
1.17056189 0.83640727 0.00057753
1.17183319 0.83607969 0.00062547
1.17310450 0.83575373 0.00067652
1.17437580 0.83543023 0.00072952
1.17564711 0.83511001 0.00078344
1.17691841 0.83479393 0.00083740
1.17818972 0.83448286 0.00089062
1.17946103 0.83417766 0.00094240
1.18074711 0.83387921 0.00099212
1.18201842 0.83358840 0.00103920
1.18328972 0.83330612 0.00108309
1.18456103 0.83303325 0.00112331
1.18583234 0.83277067 0.00115939
1.18710364 0.83251927 0.00119089
1.18837495 0.83227990 0.00121739
1.18964625 0.83205343 0.00123853
1.19091756 0.83184070 0.00125394
1.19218886 0.83164252 0.00126332
1.19346017 0.83145970 0.00126638
1.19473147 0.83129301 0.00126291
1.19600278 0.83114320 0.00125270
1.19727408 0.83101098 0.00123567
1.19854539 0.83089703 0.00121176
1.19981670 0.83080197 0.00118106
1.20108800 0.83072642 0.00114376
1.20235931 0.83067090 0.00110024
1.20363061 0.83063592 0.00105114
1.20490192 0.83062191 0.00099742
1.20617322 0.83062924 0.00094053
1.20744453 0.83065823 0.00088260
1.20873062 0.83070912 0.00082672
1.21000192 0.83078209 0.00077724
1.21127323 0.83087721 0.00073990
1.21254453 0.83099449 0.00072148
1.21381584 0.83113386 0.00072855
1.21508714 0.83129514 0.00076544
1.21635845 0.83147805 0.00083291
1.21762975 0.83168223 0.00092857
1.21890106 0.83190719 0.00104842
1.22017237 0.83215232 0.00118831
1.22144367 0.83241692 0.00134462
1.22271498 0.83270014 0.00151436
1.22398628 0.83300101 0.00169511
1.22525759 0.83331842 0.00188488
1.22652889 0.83365112 0.00208191
1.22780020 0.83399772 0.00228465
1.22907150 0.83435666 0.00249160
1.23034281 0.83472624 0.00270134
1.23161411 0.83510456 0.00291243
1.23288542 0.83548959 0.00312342
1.23415673 0.83587910 0.00333279
1.23542803 0.83627067 0.00353898
1.23669934 0.83666169 0.00374037
1.23797064 0.83704936 0.00393523
1.23924195 0.83743067 0.00412177
1.24051325 0.83780239 0.00429810
1.24178456 0.83816109 0.00446222
1.24305586 0.83850309 0.00461206
1.24432717 0.83882450 0.00474542
1.24559847 0.83912117 0.00486002
1.24686978 0.83938872 0.00495349
1.24814109 0.83962249 0.00502335
1.24941239 0.83981759 0.00506706
1.25068370 0.83996884 0.00508199
1.25195500 0.84007078 0.00506549
1.25322631 0.84011770 0.00501491
1.25449761 0.84010355 0.00492766
1.25576892 0.84002202 0.00480128
1.25704022 0.83986648 0.00463367
1.25831153 0.83962999 0.00442328
1.25958283 0.83930529 0.00416962
1.26085414 0.83888479 0.00387411
1.26212545 0.83836057 0.00354169
1.26339675 0.83772437 0.00318401
1.26466806 0.83696759 0.00282575
1.26593936 0.83608124 0.00251607
1.26721067 0.83505601 0.00234167
1.26848197 0.83388218 0.00241310
1.26975328 0.83254967 0.00279495
1.27102458 0.83104802 0.00346497
1.27229589 0.82936633 0.00436694
1.27356719 0.82749333 0.00545808
1.27483850 0.82541730 0.00671510
1.27610981 0.82312609 0.00812757
1.27738111 0.82060710 0.00969242
1.27865242 0.81784725 0.01141074
1.27992372 0.81483297 0.01328613
1.28119503 0.81155016 0.01532382
-0.96316762 0.82074743 0.01159813
-0.96189631 0.82429056 0.01190150
-0.96062353 0.82533270 0.01141142
-0.95934927 0.82620064 0.01127188
-0.95807353 0.82730955 0.01089639
-0.95679779 0.82930648 0.01007176
-0.95551909 0.83301706 0.00805565
-0.95423744 0.84080320 0.00309842
-0.95295431 0.86183016 0.00801427
-0.95167118 0.88943286 0.01455397
-0.95038804 0.89192443 0.01325300
-0.94910048 0.86706384 0.00987482
-0.94781143 0.84262651 0.00802584
-0.94651943 0.82790768 0.00689063
-0.94522743 0.81816219 0.00617746
-0.94393247 0.81101795 0.00552896
-0.94263604 0.80454843 0.00502845
-0.94133960 0.79832102 0.00460268
-0.94004021 0.79216834 0.00423287
-0.93873934 0.78627370 0.00393442
-0.93743699 0.78074278 0.00368342
-0.93613316 0.77556629 0.00346563
-0.93482786 0.77068478 0.00327394
-0.93351959 0.76606208 0.00310395
-0.93221133 0.76166171 0.00295037
-0.93090011 0.75745507 0.00281238
-0.92958890 0.75341643 0.00268660
-0.92827472 0.74952542 0.00257201
-0.92695907 0.74576489 0.00246690
-0.92564341 0.74211985 0.00237027
-0.92432480 0.73857564 0.00228296
-0.92300472 0.73512977 0.00219825
-0.92168315 0.73176435 0.00212245
-0.92036010 0.72847332 0.00205554
-0.91903410 0.72526279 0.00198461
-0.91770810 0.72212922 0.00191958
-0.91638062 0.71907984 0.00186156
-0.91505167 0.71612191 0.00179961
-0.91371975 0.71324474 0.00174521
-0.91238784 0.71040521 0.00169224
-0.91105297 0.70760693 0.00163976
-0.90971810 0.70482467 0.00159191
-0.90838027 0.70206923 0.00154529
-0.90704096 0.69933698 0.00150387
-0.90570166 0.69662790 0.00146758
-0.90435940 0.69394199 0.00142749
-0.90301565 0.69128286 0.00139222
-0.90167044 0.68863239 0.00135757
-0.90032374 0.68600506 0.00132337
-0.89897556 0.68339722 0.00129419
-0.89762591 0.68080160 0.00126506
-0.89627478 0.67822182 0.00124082
-0.89492217 0.67565785 0.00121276
-0.89356808 0.67310605 0.00118936
-0.89221251 0.67056274 0.00116641
-0.89085547 0.66803155 0.00113911
-0.88949695 0.66550879 0.00112105
-0.88813547 0.66299809 0.00109851
-0.88677399 0.66049578 0.00107631
-0.88541103 0.65800549 0.00105828
-0.88404659 0.65551253 0.00104052
-0.88267920 0.65303520 0.00101937
-0.88131181 0.65056247 0.00100590
-0.87994294 0.64809430 0.00098907
-0.87857259 0.64563433 0.00097258
-0.87719928 0.64317517 0.00095988
-0.87582598 0.64072415 0.00094742
-0.87445120 0.63827755 0.00093193
-0.87307345 0.63583163 0.00092007
-0.87169571 0.63339005 0.00090645
-0.87031650 0.63095648 0.00089199
-0.86893580 0.62851974 0.00087878
-0.86755215 0.62608723 0.00087098
-0.86616849 0.62365889 0.00086049
-0.86478336 0.62123471 0.00084786
-0.86339675 0.61880716 0.00083543
-0.86200866 0.61638366 0.00082849
-0.86061762 0.61396044 0.00081648
-0.85922657 0.61154118 0.00080999
-0.85783405 0.60912211 0.00079842
-0.85644005 0.60669939 0.00079480
-0.85504457 0.60428428 0.00078365
-0.85364761 0.60185787 0.00077500
-0.85224918 0.59943896 0.00076647
-0.85084926 0.59701996 0.00076128
-0.84944787 0.59459324 0.00075308
-0.84804648 0.59217389 0.00074502
-0.84664213 0.58975048 0.00073711
-0.84523630 0.58732294 0.00072935
-0.84382899 0.58489118 0.00072176
-0.84242169 0.58245895 0.00071601
-0.84101143 0.58001854 0.00070868
-0.83960116 0.57757752 0.00070309
-0.83818795 0.57512813 0.00069604
-0.83677473 0.57267413 0.00068679
-0.83536003 0.57021543 0.00067997
-0.83394238 0.56774807 0.00067602
-0.83252472 0.56527583 0.00066547
-0.83110559 0.56279472 0.00065758
-0.82968498 0.56030463 0.00064835
-0.82826289 0.55780934 0.00064842
-0.82684081 0.55530878 0.00063922
-0.82541576 0.55280282 0.00063656
-0.82398924 0.55029531 0.00063140
-0.82256272 0.54779405 0.00062340
-0.82113324 0.54528717 0.00061539
-0.81970376 0.54278644 0.00061680
-0.81827280 0.54029580 0.00061286
-0.81684036 0.53781526 0.00061019
-0.81540645 0.53534484 0.00060213
-0.81397106 0.53289250 0.00060356
-0.81253418 0.53045434 0.00060369
-0.81109584 0.52804644 0.00060100
-0.80965749 0.52565688 0.00060114
-0.80821618 0.52329784 0.00060134
-0.80677488 0.52096545 0.00059733
-0.80533209 0.51866794 0.00059757
-0.80388783 0.51639333 0.00059244
-0.80244209 0.51414581 0.00059279
-0.80099487 0.51192959 0.00059319
-0.79954765 0.50973670 0.00058823
-0.79809748 0.50755904 0.00058255
-0.79664730 0.50540079 0.00058319
-0.79519565 0.50326206 0.00057792
-0.79374252 0.50113055 0.00057876
-0.79228791 0.49900214 0.00056910
-0.79083182 0.49688096 0.00056977
-0.78937573 0.49476286 0.00056569
-0.78791669 0.49263950 0.00056175
-0.78645764 0.49051077 0.00055793
-0.78499712 0.48837243 0.00054910
-0.78353512 0.48623275 0.00054550
-0.78207164 0.48407061 0.00053679
-0.78060816 0.48188580 0.00053319
-0.77914320 0.47968655 0.00052456
-0.77767528 0.47747270 0.00051564
-0.77620885 0.47523130 0.00051208
-0.77473946 0.47297061 0.00050281
-0.77326859 0.47069468 0.00049893
-0.77179771 0.46840335 0.00048993
-0.77032537 0.46610501 0.00048585
-0.76885154 0.46380822 0.00048200
-0.76737623 0.46150426 0.00047815
-0.76590093 0.45920606 0.00046902
-0.76442266 0.45691361 0.00046523
-0.76294440 0.45464006 0.00046143
-0.76146466 0.45237676 0.00045789
-0.75998492 0.45013256 0.00045453
-0.75850222 0.44791644 0.00045082
-0.75701953 0.44572863 0.00045279
-0.75553535 0.44356935 0.00045424
-0.75405118 0.44144776 0.00045630
-0.75256405 0.43936418 0.00045712
-0.75107691 0.43731893 0.00045854
-0.74958830 0.43531684 0.00045476
-0.74809822 0.43334922 0.00045556
-0.74660813 0.43141183 0.00045115
-0.74511656 0.42951400 0.00045204
-0.74362352 0.42764694 0.00045876
-0.74212899 0.42580633 0.00044860
-0.74063447 0.42398318 0.00044954
-0.73913847 0.42218223 0.00044518
-0.73764099 0.42038981 0.00044658
-0.73614351 0.41860596 0.00044232
-0.73464307 0.41682610 0.00043835
-0.73314412 0.41503627 0.00042868
-0.73164220 0.41324568 0.00042998
-0.73014029 0.41143088 0.00042039
-0.72863542 0.40960573 0.00041628
-0.72713202 0.40775122 0.00041156
-0.72562567 0.40586234 0.00039533
-0.72411933 0.40393393 0.00039617
-0.72261150 0.40198938 0.00040315
-0.72110367 0.40006673 0.00039852
-0.71959436 0.39818055 0.00040559
-0.71808358 0.39634564 0.00040094
-0.71657132 0.39453833 0.00040227
-0.71505906 0.39275403 0.00040360
-0.71354532 0.39098323 0.00039912
-0.71203158 0.38923579 0.00039463
-0.71051488 0.38750701 0.00039593
-0.70899966 0.38579216 0.00039142
-0.70748148 0.38408150 0.00039271
-0.70596331 0.38238493 0.00038820
-0.70444366 0.38069264 0.00038949
-0.70292400 0.37901462 0.00038497
-0.70140287 0.37734099 0.00038625
-0.69988026 0.37567680 0.00037532
-0.69835765 0.37401707 0.00037724
-0.69683356 0.37236689 0.00037201
-0.69530800 0.37071620 0.00037326
-0.69378243 0.36908022 0.00036870
-0.69225538 0.36744377 0.00037078
-0.69072834 0.36581708 0.00036540
-0.68919982 0.36418995 0.00036665
-0.68766982 0.36256752 0.00036123
-0.68613981 0.36095495 0.00036335
-0.68460833 0.35934718 0.00035882
-0.68307685 0.35773901 0.00035326
-0.68154390 0.35614608 0.00035448
-0.68001094 0.35454759 0.00035573
-0.67847650 0.35295922 0.00034424
-0.67694059 0.35138105 0.00034544
-0.67540467 0.34979203 0.00033975
-0.67386728 0.34821855 0.00034096
-0.67232841 0.34665011 0.00033522
-0.67078954 0.34508674 0.00033042
-0.66925067 0.34352847 0.00033161
-0.66771032 0.34198074 0.00033280
-0.66616849 0.34043823 0.00032693
-0.66462666 0.33889556 0.00032812
-0.66308484 0.33736359 0.00032931
-0.66154005 0.33583696 0.00032339
-0.65999675 0.33432120 0.00031746
-0.65845049 0.33282191 0.00031861
-0.65690570 0.33132268 0.00031351
-0.65535796 0.32983458 0.00031377
-0.65381022 0.32835773 0.00030856
-0.65226248 0.32689780 0.00031605
-0.65071326 0.32544937 0.00030999
-0.64916404 0.32401817 0.00031111
-0.64761335 0.32261001 0.00031302
-0.64606265 0.32121947 0.00031413
-0.64451047 0.31986377 0.00030880
-0.64295830 0.31852044 0.00030351
-0.64140464 0.31718389 0.00030456
-0.63985099 0.31584844 0.00029929
-0.63829586 0.31449680 0.00029275
-0.63674073 0.31313455 0.00030143
-0.63518412 0.31177319 0.00029486
-0.63362751 0.31040107 0.00028956
-0.63207090 0.30903559 0.00029062
-0.63051133 0.30767681 0.00028392
-0.62895324 0.30631302 0.00027721
-0.62739368 0.30495595 0.00028603
-0.62583411 0.30359976 0.00027927
-0.62427306 0.30225635 0.00027249
-0.62271202 0.30091388 0.00027351
-0.62114950 0.29958437 0.00027453
-0.61958697 0.29826192 0.00026768
-0.61802445 0.29694056 0.00026868
-0.61646045 0.29563241 0.00026969
-0.61489497 0.29433154 0.00026277
-0.61333097 0.29305023 0.00026375
-0.61176401 0.29176415 0.00026473
-0.61019853 0.29049788 0.00026486
-0.60863157 0.28923307 0.00025798
-0.60706461 0.28798215 0.00025967
-0.60549618 0.28673902 0.00025989
-0.60392774 0.28551003 0.00025355
-0.60235783 0.28428904 0.00025448
-0.60078939 0.28307614 0.00024738
-0.59921800 0.28187770 0.00025573
-0.59764808 0.28068757 0.00024919
-0.59607669 0.27950581 0.00025010
-0.59450530 0.27833889 0.00025100
-0.59293243 0.27718056 0.00024378
-0.59135956 0.27604376 0.00024465
-0.58978669 0.27490291 0.00024553
-0.58821234 0.27376442 0.00023879
-0.58663799 0.27264782 0.00024729
-0.58506364 0.27154030 0.00024049
-0.58348781 0.27043538 0.00023303
-0.58191198 0.26933966 0.00024220
-0.58033616 0.26825324 0.00024305
-0.57875885 0.26717621 0.00023551
-0.57718302 0.26610202 0.00023634
-0.57560424 0.26504401 0.00023716
-0.57402693 0.26398900 0.00023015
-0.57244815 0.26294369 0.00023095
-0.57086937 0.26189472 0.00023176
-0.56929058 0.26085558 0.00023355
-0.56771032 0.25981278 0.00022557
-0.56613006 0.25879351 0.00022635
-0.56454980 0.25775020 0.00022716
-0.56296805 0.25673058 0.00022020
-0.56138779 0.25570049 0.00022098
-0.55980605 0.25468053 0.00021277
-0.55822283 0.25365000 0.00022256
-0.55664109 0.25262271 0.00021431
-0.55505787 0.25159171 0.00020607
-0.55347466 0.25056395 0.00020682
-0.55189144 0.24951133 0.00020760
-0.55030822 0.24845476 0.00019885
-0.54872352 0.24739416 0.00019961
-0.54713882 0.24630817 0.00020040
-0.54555413 0.24523217 0.00019238
-0.54396943 0.24419492 0.00020195
-0.54238325 0.24316812 0.00020323
-0.54079708 0.24218798 0.00020345
-0.53921090 0.24121875 0.00020470
-0.53762473 0.24027512 0.00019702
-0.53603855 0.23934273 0.00020614
-0.53445090 0.23842172 0.00020686
-0.53286472 0.23751221 0.00019908
-0.53127707 0.23660691 0.00019976
-0.52968942 0.23572068 0.00020044
-0.52810029 0.23483887 0.00019157
-0.52651263 0.23395405 0.00020097
-0.52492498 0.23308863 0.00019228
-0.52333585 0.23222029 0.00019352
-0.52174671 0.23136406 0.00019417
-0.52015758 0.23050494 0.00019482
-0.51856845 0.22965050 0.00018585
-0.51697932 0.22880837 0.00018647
-0.51538871 0.22796341 0.00018709
-0.51379958 0.22711560 0.00018773
-0.51220897 0.22628794 0.00018835
-0.51061836 0.22544982 0.00017999
-0.50902775 0.22461658 0.00018059
-0.50743714 0.22380378 0.00018119
-0.50584653 0.22296494 0.00018181
-0.50425592 0.22214664 0.00018242
-0.50266383 0.22134125 0.00017410
-0.50107322 0.22051745 0.00017469
-0.49948261 0.21971449 0.00017528
-0.49789052 0.21890884 0.00017587
-0.49629843 0.21810046 0.00017646
-0.49470782 0.21730528 0.00016824
-0.49311573 0.21651540 0.00016880
-0.49152364 0.21572288 0.00016937
-0.48993156 0.21494376 0.00018065
-0.48833947 0.21416205 0.00017279
-0.48674738 0.21338581 0.00017336
-0.48515529 0.21261510 0.00016296
-0.48356320 0.21184995 0.00017452
-0.48196964 0.21109044 0.00017510
-0.48037755 0.21035303 0.00017566
-0.47878546 0.20961322 0.00017623
-0.47719337 0.20888753 0.00016850
-0.47559980 0.20817607 0.00017736
-0.47400772 0.20745405 0.00017793
-0.47241563 0.20677973 0.00017846
-0.47082206 0.20610338 0.00017900
-0.46922997 0.20544174 0.00017716
-0.46763788 0.20481178 0.00017766
-0.46604432 0.20418845 0.00018056
-0.46445223 0.20357182 0.00017867
-0.46286014 0.20295346 0.00017011
-0.46126658 0.20231632 0.00017060
-0.45967449 0.20168587 0.00015964
-0.45808240 0.20104501 0.00016012
-0.45649031 0.20040225 0.00016059
-0.45489822 0.19976618 0.00017045
-0.45330613 0.19912822 0.00017314
-0.45171257 0.19848837 0.00016203
-0.45012048 0.19784658 0.00017199
-0.44852839 0.19721158 0.00016301
-0.44693778 0.19658339 0.00016349
-0.44534569 0.19595334 0.00016398
-0.44375360 0.19532139 0.00016448
-0.44216151 0.19468753 0.00016498
-0.44057090 0.19407826 0.00016546
-0.43897882 0.19345835 0.00015669
-0.43738821 0.19284547 0.00015715
-0.43579612 0.19223076 0.00015762
-0.43420551 0.19162316 0.00016744
-0.43261490 0.19102273 0.00015856
-0.43102429 0.19042954 0.00015902
-0.42943368 0.18983461 0.00015948
-0.42784307 0.18923793 0.00015995
-0.42625394 0.18866672 0.00016041
-0.42466333 0.18806657 0.00016089
-0.42307419 0.18749202 0.00016135
-0.42148358 0.18691582 0.00016182
-0.41989445 0.18636550 0.00016226
-0.41830532 0.18579523 0.00016635
-0.41671619 0.18523256 0.00016320
-0.41512853 0.18467754 0.00016366
-0.41353940 0.18413953 0.00015491
-0.41195175 0.18359072 0.00016457
-0.41036262 0.18304971 0.00015578
-0.40877496 0.18251656 0.00015620
-0.40718731 0.18199132 0.00016593
-0.40560114 0.18146465 0.00017008
-0.40401348 0.18094600 0.00016683
-0.40242731 0.18042594 0.00015791
-0.40084113 0.17991396 0.00015833
-0.39925496 0.17941011 0.00016817
-0.39766878 0.17891448 0.00015917
-0.39608261 0.17840797 0.00016907
-0.39449791 0.17790971 0.00016001
-0.39291321 0.17741974 0.00016043
-0.39132851 0.17693813 0.00017039
-0.38974382 0.17646496 0.00016125
-0.38816060 0.17599059 0.00015812
-0.38657738 0.17550528 0.00016208
-0.38499416 0.17503820 0.00016249
-0.38341094 0.17458946 0.00015932
-0.38182920 0.17412005 0.00015973
-0.38024598 0.17366906 0.00017342
-0.37866424 0.17320715 0.00016053
-0.37708398 0.17276378 0.00016092
-0.37550224 0.17231933 0.00016131
-0.37392198 0.17187380 0.00016171
-0.37234172 0.17145698 0.00016208
-0.37076145 0.17101929 0.00014909
-0.36918267 0.17059049 0.00016286
-0.36760388 0.17017069 0.00016324
-0.36602510 0.16973988 0.00016114
-0.36444780 0.16930803 0.00015052
-0.36286901 0.16888521 0.00015088
-0.36129171 0.16846138 0.00015124
-0.35971588 0.16803654 0.00015160
-0.35814005 0.16761067 0.00015196
-0.35656422 0.16719394 0.00016347
-0.35498840 0.16677623 0.00016639
-0.35341405 0.16635754 0.00015305
-0.35183970 0.16593782 0.00016465
-0.35026535 0.16553764 0.00016503
-0.34869248 0.16512626 0.00015414
-0.34711961 0.16472421 0.00015450
-0.34554674 0.16431088 0.00015276
-0.34397534 0.16390693 0.00015312
-0.34240395 0.16351242 0.00015559
-0.34083256 0.16311699 0.00016736
-0.33926264 0.16272067 0.00015419
-0.33769273 0.16233387 0.00016812
-0.33612429 0.16193573 0.00015490
-0.33455586 0.16155767 0.00015524
-0.33298742 0.16116821 0.00016928
-0.33142046 0.16078842 0.00016967
-0.32985350 0.16041838 0.00015630
-0.32828655 0.16003690 0.00015665
-0.32672107 0.15966517 0.00016946
-0.32515559 0.15930329 0.00015734
-0.32359159 0.15892992 0.00017021
-0.32202758 0.15856644 0.00015804
-0.32046358 0.15820215 0.00015764
-0.31890106 0.15784781 0.00015798
-0.31734002 0.15749270 0.00015832
-0.31577749 0.15714761 0.00017203
-0.31421793 0.15681264 0.00015898
-0.31265688 0.15646612 0.00017275
-0.31109731 0.15612975 0.00015964
-0.30953923 0.15579267 0.00016069
-0.30798114 0.15546581 0.00016102
-0.30642305 0.15514919 0.00017550
-0.30486644 0.15484294 0.00016164
-0.30330983 0.15453608 0.00016414
-0.30175470 0.15420667 0.00016448
-0.30019957 0.15389862 0.00015017
-0.29864591 0.15355685 0.00015368
-0.29709226 0.15321435 0.00016550
-0.29554008 0.15286005 0.00015435
-0.29398791 0.15249384 0.00015471
-0.29243721 0.15212678 0.00015507
-0.29088651 0.15175888 0.00015543
-0.28933730 0.15139012 0.00015579
-0.28778808 0.15102049 0.00015615
-0.28623886 0.15064999 0.00015652
-0.28469112 0.15024482 0.00015693
-0.28314485 0.14987248 0.00015730
-0.28159859 0.14948793 0.00016248
-0.28005381 0.14909108 0.00015809
-0.27850902 0.14871597 0.00015847
-0.27696572 0.14830573 0.00015889
-0.27542241 0.14792871 0.00015928
-0.27388059 0.14751636 0.00015971
-0.27234024 0.14712589 0.00016498
-0.27079989 0.14672291 0.00016054
-0.26925954 0.14631886 0.00014979
-0.26772067 0.14592531 0.00016138
-0.26618327 0.14551914 0.00015058
-0.26464588 0.14512350 0.00016224
-0.26310997 0.14471516 0.00015138
-0.26157405 0.14430570 0.00014722
-0.26003962 0.14390686 0.00015220
-0.25850518 0.14349518 0.00014802
-0.25697222 0.14309417 0.00015303
-0.25544074 0.14266838 0.00015347
-0.25390926 0.14225325 0.00014927
-0.25237926 0.14183696 0.00013785
-0.25084926 0.14140753 0.00013825
-0.24932074 0.14097683 0.00013866
-0.24779369 0.14055689 0.00013485
-0.24626665 0.14012368 0.00013526
-0.24474108 0.13968917 0.00013566
-0.24321552 0.13921697 0.00013611
-0.24169143 0.13877972 0.00013652
-0.24016882 0.13830453 0.00013697
-0.23864621 0.13784000 0.00013523
-0.23712508 0.13733708 0.00015147
-0.23560542 0.13685705 0.00015199
-0.23408577 0.13644959 0.00015243
-0.23256759 0.13604096 0.00015287
-0.23104942 0.13566844 0.00015327
-0.22953272 0.13533233 0.00015364
-0.22801750 0.13499541 0.00015401
-0.22650376 0.13468271 0.00015736
-0.22499002 0.13436933 0.00014085
-0.22347628 0.13406781 0.00014115
-0.22196550 0.13375301 0.00014588
-0.22045471 0.13343749 0.00015878
-0.21894541 0.13313392 0.00015913
-0.21743610 0.13281700 0.00014244
-0.21592827 0.13249933 0.00014722
-0.21442193 0.13219368 0.00014755
-0.21291705 0.13186179 0.00013642
-0.21141218 0.13154187 0.00014825
-0.20990879 0.13122121 0.00015510
-0.20840540 0.13088693 0.00014897
-0.20690496 0.13055182 0.00013774
-0.20540453 0.13021584 0.00015626
-0.20390557 0.12987905 0.00015009
-0.20240661 0.12954142 0.00013878
-0.20090913 0.12918988 0.00013915
-0.19941313 0.12883741 0.00013952
-0.19791861 0.12845776 0.00015834
-0.19642408 0.12809021 0.00014031
-0.19493104 0.12773480 0.00014069
-0.19343947 0.12736520 0.00014949
-0.19194791 0.12698131 0.00014150
-0.19045930 0.12658299 0.00014193
-0.18897069 0.12622345 0.00014232
-0.18748355 0.12582280 0.00014276
-0.18599642 0.12544773 0.00015171
-0.18451077 0.12505812 0.00014361
-0.18302659 0.12469432 0.00014402
-0.18154390 0.12430242 0.00013394
-0.18006268 0.12392288 0.00014489
-0.17858146 0.12355582 0.00014531
-0.17710172 0.12318770 0.00014573
-0.17562346 0.12279113 0.00013554
-0.17414667 0.12242078 0.00013594
-0.17266989 0.12204933 0.00013634
-0.17119606 0.12167678 0.00013675
-0.16972223 0.12130311 0.00013716
-0.16824841 0.12092832 0.00013757
-0.16677754 0.12055240 0.00013799
-0.16530667 0.12017533 0.00013841
-0.16383875 0.11979710 0.00013883
-0.16237084 0.11941771 0.00013926
-0.16090440 0.11903714 0.00013970
-0.15943796 0.11866955 0.00013127
-0.15797449 0.11830081 0.00015158
-0.15651101 0.11793099 0.00014097
-0.15504900 0.11754573 0.00014142
-0.15358848 0.11715923 0.00014188
-0.15212944 0.11677149 0.00014234
-0.15067039 0.11638248 0.00014280
-0.14921430 0.11600669 0.00013420
-0.14775822 0.11561518 0.00013464
-0.14630375 0.11522236 0.00013509
-0.14485062 0.11482824 0.00013554
-0.14339867 0.11443279 0.00013600
-0.14194791 0.11403600 0.00013646
-0.14049847 0.11363785 0.00013693
-0.13905022 0.11323834 0.00013740
-0.13760344 0.11283745 0.00013788
-0.13615770 0.11243516 0.00013836
-0.13471344 0.11198652 0.00013890
-0.13327021 0.11158123 0.00013939
-0.13182846 0.11117450 0.00013989
-0.13038804 0.11075115 0.00015442
-0.12894881 0.11031103 0.00014096
-0.12751090 0.10989971 0.00014148
-0.12607433 0.10944090 0.00014206
-0.12463893 0.10902636 0.00014259
-0.12320502 0.10856395 0.00014318
-0.12177229 0.10811512 0.00013693
-0.12034104 0.10764887 0.00013751
-0.11891096 0.10719629 0.00012310
-0.11748222 0.10672612 0.00012363
-0.11605496 0.10625390 0.00012417
-0.11462888 0.10576376 0.00013991
-0.11320413 0.10528732 0.00014053
-0.11178086 0.10477679 0.00012588
-0.11035892 0.10427984 0.00014186
-0.10893816 0.10376446 0.00012708
-0.10751888 0.10326273 0.00014323
-0.10610108 0.10277493 0.00014389
-0.10468446 0.10228484 0.00014457
-0.10326932 0.10175954 0.00012954
-0.10185551 0.10126463 0.00013016
-0.10044304 0.10076734 0.00013079
-0.09903203 0.10025090 0.00014745
-0.09762236 0.09974864 0.00014818
-0.09621417 0.09921017 0.00013280
-0.09480731 0.09870271 0.00013347
-0.09340178 0.09815859 0.00012756
-0.09199772 0.09762861 0.00013491
-0.09059500 0.09707858 0.00012896
-0.08919376 0.09654277 0.00013640
-0.08779384 0.09598662 0.00013040
-0.08639541 0.09540974 0.00013117
-0.08499845 0.09486467 0.00013877
-0.08360282 0.09428104 0.00013962
-0.08220867 0.09371168 0.00013351
-0.08081600 0.09312094 0.00013434
-0.07942466 0.09252648 0.00013519
-0.07803480 0.09194645 0.00011780
-0.07664641 0.09134447 0.00011856
-0.07525951 0.09073856 0.00011934
-0.07387393 0.09012863 0.00012013
-0.07248984 0.08951461 0.00012094
-0.07110722 0.08889641 0.00012177
-0.06972608 0.08827394 0.00012262
-0.06834642 0.08766618 0.00011746
-0.06696823 0.08707341 0.00012428
-0.06559138 0.08645733 0.00011908
-0.06421615 0.08593411 0.00011979
-0.06284240 0.08540774 0.00012052
-0.06146998 0.08493715 0.00012118
-0.06009919 0.08444418 0.00012810
-0.05872988 0.08392849 0.00012262
-0.05736204 0.08338962 0.00012340
-0.05599568 0.08284729 0.00012420
-0.05463080 0.08230143 0.00012501
-0.05326740 0.08177234 0.00015270
-0.05190548 0.08121934 0.00015373
-0.05054518 0.08062121 0.00015212
-0.04918636 0.08003946 0.00017939
-0.04782902 0.07941153 0.00018079
-0.04647316 0.07858781 0.00018267
-0.04511893 0.07741136 0.00021341
-0.04376617 0.07586616 0.00018915
-0.04241504 0.07417669 0.00022263
-0.04106524 0.07254030 0.00022761
-0.03971706 0.07091359 0.00020772
-0.03837051 0.06932113 0.00020684
-0.03702529 0.06766690 0.00021761
-0.03568185 0.06602204 0.00022300
-0.03433973 0.06428380 0.00019398
-0.03299939 0.06247085 0.00019957
-0.03166038 0.06057646 0.00024293
-0.03032315 0.05845065 0.00029076
-0.02898739 0.05597810 0.00034468
-0.02765326 0.05267013 0.00042722
-0.02632105 0.04839086 0.00051381
-0.02499002 0.04350602 0.00057177
-0.02366047 0.03843602 0.00058618
-0.02233255 0.03349363 0.00060283
-0.02100625 0.02862709 0.00066161
-0.01968143 0.02388491 0.00065033
-0.01835824 0.01917941 0.00074451
-0.01703653 0.01455064 0.00082291
-0.01571644 0.00975921 0.00099790
-0.01439801 nan nan
-0.01308110 nan nan
-0.01176578 nan nan
-0.01045207 nan nan
-0.00913993 0.00619090 0.00122243
-0.00782941 0.01091028 0.00065936
-0.00652048 0.01533773 0.00062096
-0.00521317 0.01986788 0.00047662
-0.00390746 0.02416031 0.00068710
-0.00260335 0.02959797 0.00060310
-0.00130087 0.03456287 0.00082246
-0.00000000 0.04312502 0.00030413
