# s/c   M_is_mean    M_is_std
0.00000000 0.01840921 0.00132319
0.00130087 0.02885915 0.00068976
0.00260174 0.03670765 0.00043299
0.00390261 0.04337860 0.00029056
0.00520348 0.04933597 0.00020496
0.00650435 0.05479883 0.00015479
0.00780522 0.05989042 0.00012898
0.00910609 0.06468789 0.00011912
0.01040697 0.06924322 0.00011812
0.01170784 0.07359340 0.00012122
0.01300871 0.07776588 0.00012595
0.01430958 0.08178180 0.00013130
0.01561045 0.08565790 0.00013699
0.01691132 0.08940778 0.00014303
0.01821219 0.09304271 0.00014951
0.01951306 0.09657227 0.00015652
0.02081393 0.10000470 0.00016409
0.02211480 0.10334721 0.00017221
0.02341567 0.10660621 0.00018081
0.02470176 0.10978744 0.00018982
0.02600263 0.11289615 0.00019914
0.02730350 0.11593712 0.00020864
0.02860437 0.11891481 0.00021823
0.02990524 0.12183336 0.00022779
0.03120611 0.12469667 0.00023724
0.03250698 0.12750842 0.00024649
0.03380786 0.13027211 0.00025547
0.03510873 0.13299108 0.00026411
0.03640960 0.13566853 0.00027237
0.03771047 0.13830752 0.00028021
0.03901134 0.14091102 0.00028760
0.04029743 0.14348189 0.00029450
0.04159830 0.14602289 0.00030091
0.04289917 0.14853669 0.00030682
0.04420004 0.15102589 0.00031221
0.04550091 0.15349302 0.00031710
0.04680178 0.15594051 0.00032149
0.04810265 0.15837075 0.00032538
0.04940352 0.16078603 0.00032879
0.05068961 0.16318861 0.00033174
0.05199048 0.16558065 0.00033425
0.05329135 0.16796427 0.00033634
0.05459222 0.17034150 0.00033803
0.05589309 0.17271435 0.00033934
0.05719396 0.17508472 0.00034032
0.05849483 0.17745446 0.00034098
0.05978092 0.17982537 0.00034135
0.06108179 0.18219918 0.00034147
0.06238266 0.18457755 0.00034136
0.06368353 0.18696207 0.00034106
0.06498440 0.18935428 0.00034061
0.06628528 0.19175565 0.00034003
0.06757136 0.19416759 0.00033935
0.06887223 0.19659142 0.00033861
0.07017310 0.19902842 0.00033784
0.07147398 0.20147981 0.00033707
0.07277485 0.20394672 0.00033633
0.07407572 0.20643022 0.00033566
0.07536180 0.20893134 0.00033508
0.07666268 0.21145102 0.00033461
0.07796355 0.21399015 0.00033430
0.07926442 0.21654954 0.00033416
0.08056529 0.21912996 0.00033422
0.08185138 0.22173209 0.00033450
0.08315225 0.22435659 0.00033504
0.08445312 0.22700401 0.00033584
0.08575399 0.22967489 0.00033693
0.08704008 0.23236967 0.00033833
0.08834095 0.23508876 0.00034005
0.08964182 0.23783250 0.00034211
0.09094269 0.24060119 0.00034452
0.09224356 0.24339506 0.00034731
0.09352965 0.24621431 0.00035046
0.09483052 0.24905906 0.00035400
0.09613139 0.25192942 0.00035794
0.09743226 0.25482541 0.00036227
0.09871835 0.25774705 0.00036700
0.10001922 0.26069427 0.00037213
0.10132009 0.26366700 0.00037767
0.10260618 0.26666510 0.00038361
0.10390705 0.26968840 0.00038996
0.10520792 0.27273671 0.00039670
0.10650879 0.27580977 0.00040384
0.10779488 0.27890732 0.00041136
0.10909575 0.28202905 0.00041927
0.11039662 0.28517462 0.00042755
0.11169749 0.28834366 0.00043620
0.11298358 0.29153579 0.00044520
0.11428445 0.29475058 0.00045455
0.11558532 0.29798759 0.00046423
0.11687141 0.30124635 0.00047423
0.11817228 0.30452639 0.00048454
0.11947315 0.30782718 0.00049515
0.12075924 0.31114820 0.00050605
0.12206011 0.31448892 0.00051721
0.12336098 0.31784878 0.00052862
0.12466185 0.32122720 0.00054028
0.12594794 0.32462361 0.00055215
0.12724881 0.32803740 0.00056424
0.12854968 0.33146797 0.00057652
0.12983577 0.33676818 0.00060444
0.13113664 0.34041393 0.00062585
0.13243751 0.34403529 0.00064533
0.13372359 0.34764991 0.00066106
0.13502447 0.35126706 0.00067391
0.13632534 0.35488048 0.00068584
0.13761142 0.35848454 0.00069677
0.13891229 0.36208322 0.00070824
0.14019838 0.36571286 0.00072118
0.14149925 0.36943609 0.00073106
0.14280012 0.37327291 0.00073507
0.14408621 0.37716118 0.00073977
0.14538708 0.38098773 0.00075994
0.14668795 0.38469170 0.00078830
0.14797404 0.38828177 0.00081164
0.14927491 0.39179462 0.00082981
0.15056100 0.39529185 0.00084080
0.15186187 0.39880965 0.00084433
0.15316274 0.40232036 0.00084751
0.15444883 0.40578270 0.00085579
0.15574970 0.40920729 0.00086386
0.15703579 0.41263708 0.00086650
0.15833666 0.41605853 0.00086677
0.15963753 0.41942539 0.00086968
0.16092362 0.42272747 0.00087898
0.16222449 0.42606899 0.00088393
0.16351058 0.42959287 0.00086918
0.16481145 0.43328001 0.00084442
0.16611232 0.43701834 0.00083281
0.16739841 0.44071827 0.00084569
0.16869928 0.44434085 0.00087265
0.16998537 0.44789003 0.00090143
0.17128624 0.45137672 0.00092834
0.17257232 0.45481394 0.00095099
0.17387319 0.45821388 0.00096950
0.17517407 0.46158831 0.00098423
0.17646015 0.46494767 0.00099569
0.17776102 0.46829945 0.00100459
0.17904711 0.47164606 0.00101213
0.18034798 0.47499122 0.00101856
0.18163407 0.47833911 0.00102461
0.18293494 0.48170561 0.00102944
0.18422103 0.48512308 0.00102935
0.18552190 0.48861089 0.00102084
0.18680799 0.49215107 0.00100738
0.18810886 0.49567605 0.00100514
0.18939495 0.49912144 0.00102122
0.19069582 0.50249308 0.00104681
0.19199669 0.50589657 0.00106533
0.19328278 0.50947772 0.00105508
0.19458365 0.51322882 0.00102533
0.19586974 0.51705034 0.00100509
0.19717061 0.52088988 0.00100650
0.19845669 0.52473112 0.00102298
0.19975757 0.52859890 0.00103926
0.20104365 0.53249439 0.00105324
0.20234452 0.53636800 0.00107464
0.20363061 0.54018437 0.00110615
0.20493148 0.54392319 0.00114571
0.20621757 0.54765584 0.00118217
0.20750366 0.55153283 0.00119506
0.20880453 0.55557996 0.00118724
0.21009062 0.55973094 0.00117755
0.21139149 0.56391645 0.00118443
0.21267758 0.56809796 0.00120861
0.21397845 0.57229432 0.00123757
0.21526454 0.57653454 0.00126559
0.21656541 0.58083552 0.00128920
0.21785149 0.58520380 0.00130871
0.21915236 0.58963208 0.00132667
0.22043845 0.59410359 0.00134564
0.22173932 0.59859511 0.00136871
0.22302541 0.60309143 0.00139666
0.22432628 0.60758910 0.00142883
0.22561237 0.61210878 0.00146179
0.22689846 0.61669089 0.00148727
0.22819933 0.62134429 0.00150439
0.22948542 0.62605064 0.00151797
0.23078629 0.63078812 0.00153333
0.23207238 0.63553287 0.00155573
0.23337325 0.64026170 0.00158686
0.23465933 0.64495245 0.00162460
0.23594542 0.64958721 0.00166650
0.23724629 0.65416173 0.00171059
0.23853238 0.65869052 0.00175373
0.23983325 0.66319780 0.00179438
0.24111934 0.66770466 0.00183214
0.24240543 0.67221882 0.00186583
0.24370630 0.67673004 0.00189635
0.24499239 0.68122076 0.00192436
0.24629326 0.68568016 0.00195041
0.24757935 0.69009932 0.00197732
0.24886543 0.69446510 0.00200799
0.25016630 0.69877228 0.00204265
0.25145239 0.70301859 0.00207930
0.25275326 0.70720522 0.00211471
0.25403935 0.71134602 0.00214401
0.25532544 0.71544969 0.00216639
0.25662631 0.71951672 0.00218328
0.25791240 0.72354065 0.00219742
0.25919849 0.72750460 0.00221500
0.26049936 0.73139131 0.00224031
0.26178545 0.73518903 0.00227212
0.26307153 0.73889732 0.00230719
0.26437240 0.74252709 0.00234220
0.26565849 0.74611931 0.00236996
0.26695936 0.74973554 0.00238443
0.26824545 0.75339274 0.00238477
0.26953154 0.75705531 0.00238093
0.27083241 0.76065580 0.00238862
0.27211850 0.76411913 0.00241208
0.27340459 0.76741981 0.00244975
0.27470546 0.77058401 0.00249209
0.27599154 0.77367514 0.00252273
0.27727763 0.77675657 0.00253654
0.27857850 0.77984453 0.00253577
0.27986459 0.78292228 0.00253010
0.28115068 0.78595459 0.00253621
0.28243677 0.78887556 0.00255756
0.28373764 0.79162291 0.00258981
0.28502373 0.79422121 0.00262294
0.28630981 0.79674248 0.00264193
0.28761068 0.79925723 0.00264294
0.28889677 0.80177646 0.00263256
0.29018286 0.80421898 0.00262544
0.29148373 0.80650427 0.00263252
0.29276982 0.80861680 0.00264964
0.29405591 0.81057944 0.00267058
0.29534200 0.81243380 0.00268802
0.29664287 0.81423314 0.00269285
0.29792895 0.81599374 0.00268600
0.29921504 0.81769129 0.00267220
0.30051591 0.81928187 0.00265781
0.30180200 0.82072267 0.00265012
0.30308809 0.82200757 0.00264834
0.30437418 0.82317299 0.00264560
0.30567505 0.82427418 0.00263674
0.30696114 0.82536332 0.00261983
0.30824722 0.82645441 0.00259556
0.30953331 0.82752333 0.00256675
0.31083418 0.82852680 0.00253614
0.31212027 0.82943265 0.00250768
0.31340636 0.83023753 0.00248600
0.31469245 0.83094467 0.00247212
0.31599332 0.83154537 0.00246748
0.31727941 0.83202471 0.00246999
0.31856549 0.83238959 0.00247370
0.31985158 0.83267518 0.00247377
0.32115245 0.83292208 0.00246824
0.32243854 0.83317336 0.00245555
0.32372463 0.83347465 0.00242933
0.32501072 0.83384100 0.00238931
0.32629681 0.83425755 0.00234117
0.32759768 0.83469850 0.00229231
0.32888376 0.83513116 0.00225219
0.33016985 0.83552491 0.00222669
0.33145594 0.83586634 0.00221398
0.33275681 0.83615597 0.00221003
0.33404290 0.83640767 0.00220728
0.33532899 0.83664581 0.00219634
0.33661508 0.83688213 0.00217650
0.33790116 0.83711719 0.00215130
0.33918725 0.83735014 0.00212648
0.34048812 0.83758649 0.00210627
0.34177421 0.83783599 0.00209132
0.34306030 0.83811019 0.00207995
0.34434639 0.83841960 0.00206904
0.34563247 0.83876672 0.00205550
0.34693335 0.83914773 0.00203370
0.34821943 0.83954149 0.00200486
0.34950552 0.83992936 0.00197134
0.35079161 0.84030638 0.00193475
0.35207770 0.84065406 0.00190598
0.35336379 0.84096372 0.00189005
0.35466466 0.84125486 0.00188340
0.35595074 0.84155918 0.00188031
0.35723683 0.84190342 0.00187365
0.35852292 0.84229207 0.00186047
0.35980901 0.84271608 0.00184120
0.36109510 0.84317338 0.00181687
0.36238118 0.84366384 0.00178883
0.36368206 0.84417189 0.00176032
0.36496814 0.84466583 0.00173795
0.36625423 0.84511805 0.00172550
0.36754032 0.84552443 0.00172195
0.36882641 0.84590877 0.00172116
0.37011250 0.84631245 0.00171306
0.37139858 0.84676197 0.00169176
0.37269945 0.84724603 0.00165815
0.37398554 0.84774069 0.00161914
0.37527163 0.84823560 0.00158079
0.37655772 0.84873166 0.00154822
0.37784381 0.84923969 0.00152824
0.37912989 0.84977646 0.00152049
0.38041598 0.85033707 0.00152165
0.38170207 0.85088374 0.00153165
0.38298816 0.85138266 0.00154861
0.38428903 0.85183576 0.00156641
0.38557512 0.85226757 0.00157757
0.38686121 0.85270301 0.00157756
0.38814729 0.85316109 0.00156777
0.38943338 0.85365544 0.00155021
0.39071947 0.85419021 0.00152711
0.39200556 0.85475821 0.00150210
0.39329165 0.85535341 0.00147712
0.39457773 0.85598135 0.00145191
0.39586382 0.85665063 0.00142672
0.39714991 0.85736605 0.00140062
0.39843600 0.85810266 0.00137483
0.39973687 0.85879289 0.00135985
0.40102296 0.85937381 0.00136381
0.40230905 0.85983813 0.00138399
0.40359513 0.86024907 0.00140288
0.40488122 0.86067601 0.00140671
0.40616731 0.86114792 0.00139723
0.40745340 0.86166124 0.00138070
0.40873949 0.86217082 0.00136917
0.41002557 0.86263179 0.00137268
0.41131166 0.86305330 0.00138760
0.41259775 0.86347532 0.00140550
0.41388384 0.86391639 0.00142370
0.41516993 0.86436965 0.00144328
0.41645601 0.86487729 0.00145564
0.41774210 0.86553061 0.00144235
0.41902819 0.86639082 0.00139524
0.42031428 0.86739265 0.00133036
0.42160037 0.86838086 0.00128151
0.42288645 0.86928756 0.00126212
0.42417254 0.87013146 0.00126173
0.42545863 0.87094954 0.00126651
0.42674472 0.87176277 0.00127064
0.42803081 0.87256857 0.00127746
0.42931690 0.87337033 0.00128729
0.43060298 0.87418431 0.00129551
0.43188907 0.87503161 0.00129574
0.43317516 0.87592098 0.00128642
0.43446125 0.87684949 0.00127009
0.43574734 0.87781351 0.00124928
0.43703342 0.87881151 0.00122551
0.43831951 0.87983688 0.00120129
0.43960560 0.88088427 0.00117867
0.44089169 0.88193707 0.00116118
0.44217778 0.88296105 0.00115528
0.44346386 0.88393175 0.00116466
0.44474995 0.88486013 0.00118424
0.44603604 0.88581704 0.00119291
0.44732213 0.88689256 0.00116902
0.44860822 0.88813288 0.00110902
0.44989430 0.88948016 0.00103037
0.45118039 0.89078108 0.00096917
0.45246648 0.89197046 0.00093962
0.45375257 0.89307777 0.00092978
0.45503866 0.89411984 0.00093160
0.45632474 0.89508825 0.00094720
0.45761083 0.89594022 0.00098811
0.45889692 0.89665804 0.00105794
0.46018301 0.89730184 0.00113636
0.46146910 0.89796302 0.00119737
0.46275519 0.89873865 0.00122441
0.46404127 0.89963107 0.00122218
0.46532736 0.90051229 0.00122146
0.46661345 0.90131327 0.00123784
0.46789954 0.90205013 0.00126558
0.46917084 0.90277620 0.00128867
0.47045693 0.90355010 0.00129200
0.47174302 0.90438050 0.00127658
0.47302911 0.90524301 0.00125166
0.47431520 0.90610132 0.00122986
0.47560128 0.90691865 0.00122112
0.47688737 0.90767970 0.00122774
0.47817346 0.90839232 0.00124646
0.47945955 0.90908480 0.00126815
0.48074564 0.90979084 0.00128420
0.48203172 0.91053872 0.00128924
0.48331781 0.91132906 0.00128364
0.48460390 0.91212164 0.00127714
0.48587521 0.91288354 0.00127678
0.48716129 0.91360335 0.00128443
0.48844738 0.91428289 0.00129916
0.48973347 0.91493547 0.00131694
0.49101956 0.91557581 0.00133353
0.49230565 0.91621553 0.00134633
0.49359173 0.91686425 0.00135406
0.49487782 0.91753045 0.00135612
0.49616391 0.91821621 0.00135320
0.49743522 0.91891829 0.00134689
0.49872130 0.91962805 0.00133948
0.50000739 0.92033178 0.00133355
0.50129348 0.92101615 0.00133128
0.50257957 0.92167088 0.00133372
0.50386566 0.92228929 0.00134101
0.50515174 0.92287586 0.00135219
0.50643783 0.92345021 0.00136396
0.50770914 0.92402843 0.00137440
0.50899523 0.92461629 0.00138354
0.51028131 0.92520522 0.00139271
0.51156740 0.92576938 0.00140487
0.51285349 0.92628892 0.00142155
0.51413958 0.92675532 0.00144296
0.51542567 0.92717269 0.00146805
0.51669697 0.92756421 0.00149480
0.51798306 0.92796279 0.00152041
0.51926915 0.92840146 0.00154171
0.52055524 0.92889786 0.00155809
0.52184132 0.92945070 0.00157261
0.52312741 0.93002474 0.00158836
0.52439872 0.93055279 0.00160687
0.52568480 0.93099217 0.00162617
0.52697089 0.93133483 0.00164638
0.52825698 0.93160789 0.00167146
0.52954307 0.93188089 0.00169940
0.53082916 0.93220961 0.00172865
0.53210046 0.93260822 0.00175872
0.53338655 0.93303670 0.00178608
0.53467264 0.93342609 0.00181187
0.53595873 0.93374752 0.00183508
0.53724481 0.93401605 0.00185459
0.53853090 0.93428334 0.00187740
0.53980221 0.93461227 0.00190434
0.54108830 0.93502279 0.00193101
0.54237438 0.93548915 0.00195702
0.54366047 0.93596660 0.00198231
0.54494656 0.93641957 0.00200332
0.54621787 0.93682659 0.00201792
0.54750395 0.93719592 0.00203075
0.54879004 0.93757307 0.00204572
0.55007613 0.93799073 0.00206358
0.55134744 0.93846420 0.00208544
0.55263352 0.93898560 0.00210866
0.55391961 0.93951469 0.00212778
0.55520570 0.94001635 0.00214068
0.55649179 0.94048138 0.00214728
0.55776309 0.94092727 0.00215088
0.55904918 0.94139371 0.00215801
0.56033527 0.94190871 0.00217183
0.56162136 0.94247333 0.00219123
0.56289266 0.94307037 0.00221307
0.56417875 0.94366831 0.00223378
0.56546484 0.94424289 0.00225017
0.56675093 0.94477812 0.00226074
0.56803702 0.94526172 0.00226365
0.56930832 0.94568942 0.00225937
0.57059441 0.94607182 0.00225375
0.57188050 0.94643465 0.00225127
0.57316659 0.94680479 0.00225503
0.57443789 0.94720679 0.00226507
0.57572398 0.94766407 0.00227976
0.57701007 0.94818856 0.00229761
0.57829616 0.94877888 0.00231799
0.57956746 0.94941274 0.00234010
0.58085355 0.95004180 0.00235595
0.58213964 0.95062812 0.00235976
0.58341094 0.95115652 0.00234982
0.58469703 0.95162584 0.00232767
0.58598312 0.95205133 0.00230100
0.58726921 0.95245996 0.00227731
0.58854051 0.95287169 0.00225930
0.58982660 0.95329581 0.00224792
0.59111269 0.95372394 0.00223877
0.59239878 0.95412453 0.00222167
0.59367008 0.95447660 0.00219370
0.59495617 0.95478581 0.00215851
0.59624226 0.95508135 0.00212519
0.59751356 0.95539871 0.00210270
0.59879965 0.95576182 0.00209271
0.60008574 0.95618191 0.00209436
0.60137183 0.95665768 0.00210624
0.60264313 0.95717153 0.00212548
0.60392922 0.95768402 0.00214216
0.60521531 0.95815956 0.00214915
0.60648661 0.95857376 0.00214085
0.60777270 0.95891372 0.00211191
0.60905879 0.95920211 0.00207353
0.61033010 0.95947603 0.00203646
0.61161618 0.95976309 0.00200428
0.61290227 0.96007705 0.00197874
0.61417358 0.96041357 0.00195643
0.61545967 0.96076045 0.00193462
0.61674575 0.96111120 0.00191382
0.61801706 0.96146625 0.00189561
0.61930315 0.96182394 0.00188052
0.62058924 0.96218540 0.00186904
0.62187532 0.96256261 0.00186428
0.62314663 0.96297051 0.00186930
0.62443272 0.96341838 0.00188444
0.62571880 0.96390202 0.00190619
0.62699011 0.96439338 0.00192490
0.62827620 0.96484858 0.00192804
0.62954750 0.96523954 0.00190785
0.63083359 0.96556084 0.00186587
0.63211968 0.96581392 0.00180552
0.63339099 0.96600733 0.00173167
0.63467707 0.96616166 0.00165449
0.63596316 0.96629681 0.00157990
0.63723447 0.96643204 0.00151140
0.63852056 0.96659179 0.00145442
0.63980664 0.96679493 0.00141170
0.64107795 0.96704971 0.00138403
0.64236404 0.96735258 0.00136944
0.64365012 0.96769330 0.00136372
0.64492143 0.96806466 0.00136562
0.64620752 0.96846146 0.00137453
0.64749361 0.96887678 0.00138853
0.64876491 0.96930371 0.00140623
0.65005100 0.96973427 0.00142542
0.65132231 0.97016027 0.00144394
0.65260839 0.97057246 0.00145869
0.65389448 0.97096167 0.00146692
0.65516579 0.97131963 0.00146588
0.65645188 0.97164018 0.00145352
0.65772318 0.97192362 0.00143217
0.65900927 0.97217394 0.00140494
0.66029536 0.97238859 0.00137212
0.66156666 0.97255405 0.00132938
0.66285275 0.97266104 0.00127448
0.66413884 0.97271189 0.00121049
0.66541014 0.97272490 0.00114578
0.66669623 0.97273157 0.00109269
0.66796754 0.97275656 0.00105800
0.66925363 0.97281717 0.00104400
0.67053971 0.97292055 0.00104893
0.67181102 0.97306232 0.00106809
0.67309711 0.97322272 0.00109405
0.67436841 0.97336178 0.00111447
0.67565450 0.97345051 0.00112232
0.67692581 0.97348249 0.00111745
0.67821189 0.97345883 0.00110188
0.67949798 0.97338135 0.00107791
0.68076929 0.97324999 0.00104682
0.68205538 0.97306460 0.00101108
0.68332668 0.97283447 0.00097595
0.68461277 0.97258632 0.00094834
0.68589886 0.97235269 0.00093171
0.68717016 0.97214725 0.00092483
0.68845625 0.97196096 0.00092528
0.68972756 0.97178136 0.00093009
0.69101364 0.97160225 0.00093698
0.69228495 0.97141951 0.00094516
0.69357104 0.97123093 0.00095432
0.69484234 0.97104217 0.00096396
0.69612843 0.97086208 0.00097421
0.69741452 0.97070402 0.00098472
0.69868582 0.97057749 0.00099478
0.69997191 0.97047596 0.00100559
0.70124322 0.97038062 0.00101843
0.70252931 0.97026890 0.00103348
0.70380061 0.97013351 0.00104972
0.70508670 0.96997909 0.00106565
0.70635801 0.96980949 0.00108045
0.70764409 0.96962368 0.00109486
0.70893018 0.96941787 0.00110932
0.71020149 0.96918723 0.00112458
0.71148758 0.96892994 0.00114142
0.71275888 0.96866076 0.00115717
0.71404497 0.96840195 0.00116872
0.71531627 0.96817627 0.00117343
0.71660236 0.96799259 0.00117293
0.71787367 0.96783911 0.00117239
0.71915976 0.96770178 0.00117432
0.72043106 0.96757080 0.00118013
0.72171715 0.96744237 0.00118928
0.72298845 0.96731581 0.00120037
0.72427454 0.96719044 0.00121256
0.72554585 0.96706198 0.00122466
0.72683194 0.96691916 0.00123787
0.72810324 0.96675152 0.00125347
0.72938933 0.96655495 0.00127211
0.73066064 0.96633573 0.00129204
0.73194672 0.96611087 0.00130807
0.73321803 0.96589431 0.00131858
0.73450412 0.96569256 0.00132364
0.73577542 0.96550665 0.00132438
0.73706151 0.96533390 0.00132314
0.73833282 0.96517194 0.00132123
0.73961890 0.96501882 0.00131973
0.74089021 0.96487236 0.00131952
0.74217630 0.96473051 0.00132130
0.74344760 0.96459106 0.00132562
0.74473369 0.96445080 0.00133344
0.74600500 0.96430870 0.00134494
0.74729108 0.96416581 0.00135962
0.74856239 0.96402479 0.00137651
0.74984848 0.96388980 0.00139422
0.75111978 0.96376456 0.00141161
0.75240587 0.96365173 0.00142794
0.75367718 0.96355275 0.00144273
0.75496327 0.96346822 0.00145591
0.75623457 0.96339787 0.00146762
0.75752066 0.96334099 0.00147807
0.75879196 0.96329668 0.00148760
0.76007805 0.96326389 0.00149655
0.76134936 0.96324185 0.00150529
0.76263545 0.96323049 0.00151404
0.76390675 0.96323064 0.00152292
0.76517806 0.96324456 0.00153184
0.76646414 0.96327696 0.00154042
0.76773545 0.96333418 0.00154806
0.76902154 0.96341990 0.00155463
0.77029284 0.96353031 0.00156185
0.77157893 0.96365383 0.00157225
0.77285024 0.96377783 0.00158655
0.77413633 0.96389341 0.00160415
0.77540763 0.96399378 0.00162408
0.77669372 0.96407287 0.00164515
0.77796502 0.96412609 0.00166662
0.77923633 0.96415074 0.00168799
0.78052242 0.96414696 0.00170845
0.78179372 0.96412012 0.00172725
0.78307981 0.96407890 0.00174374
0.78435112 0.96403078 0.00175745
0.78563720 0.96398055 0.00176859
0.78690851 0.96393083 0.00177771
0.78817982 0.96388351 0.00178535
0.78946590 0.96384059 0.00179205
0.79073721 0.96380347 0.00179843
0.79202330 0.96377305 0.00180497
0.79329460 0.96374862 0.00181223
0.79458069 0.96372792 0.00182050
0.79585200 0.96370681 0.00182983
0.79712330 0.96367858 0.00184054
0.79840939 0.96363770 0.00185212
0.79968070 0.96358032 0.00186390
0.80096678 0.96350282 0.00187575
0.80223809 0.96340417 0.00188728
0.80350939 0.96328518 0.00189843
0.80479548 0.96315045 0.00190858
0.80606679 0.96300861 0.00191619
0.80735288 0.96286520 0.00192074
0.80862418 0.96272365 0.00192218
0.80989549 0.96258617 0.00192093
0.81118157 0.96245495 0.00191766
0.81245288 0.96233383 0.00191267
0.81373897 0.96222413 0.00190659
0.81501027 0.96212330 0.00190035
0.81628158 0.96202630 0.00189503
0.81756767 0.96192816 0.00189079
0.81883897 0.96182516 0.00188757
0.82012506 0.96171401 0.00188541
0.82139637 0.96158909 0.00188422
0.82266767 0.96144325 0.00188477
0.82395376 0.96127143 0.00188773
0.82522507 0.96107622 0.00189259
0.82651115 0.96086836 0.00189796
0.82778246 0.96065945 0.00190241
0.82905376 0.96045689 0.00190478
0.83033985 0.96026174 0.00190496
0.83161116 0.96007243 0.00190311
0.83288246 0.95988701 0.00189920
0.83416855 0.95970229 0.00189349
0.83543986 0.95951461 0.00188620
0.83672594 0.95931960 0.00187765
0.83799725 0.95911285 0.00186801
0.83926856 0.95889028 0.00185730
0.84055464 0.95864809 0.00184557
0.84182595 0.95838294 0.00183283
0.84309725 0.95809232 0.00181924
0.84438334 0.95777640 0.00180526
0.84565465 0.95743913 0.00179103
0.84692595 0.95708838 0.00177727
0.84821204 0.95673770 0.00176379
0.84948335 0.95639973 0.00175026
0.85076944 0.95608028 0.00173677
0.85204074 0.95577568 0.00172351
0.85331205 0.95547338 0.00171157
0.85459813 0.95516482 0.00170037
0.85586944 0.95484412 0.00168934
0.85714075 0.95450534 0.00167854
0.85842683 0.95414421 0.00166791
0.85969814 0.95375906 0.00165753
0.86096944 0.95335068 0.00164776
0.86225553 0.95292426 0.00163857
0.86352684 0.95249580 0.00162768
0.86479814 0.95208092 0.00161358
0.86608423 0.95169220 0.00159476
0.86735554 0.95133986 0.00157009
0.86862684 0.95102566 0.00154135
0.86991293 0.95074339 0.00151206
0.87118424 0.95048086 0.00148603
0.87245554 0.95022315 0.00146521
0.87374163 0.94995603 0.00144907
0.87501293 0.94966747 0.00143603
0.87628424 0.94934698 0.00142413
0.87757033 0.94898705 0.00141184
0.87884163 0.94858373 0.00139840
0.88011294 0.94813674 0.00138405
0.88138424 0.94764874 0.00136993
0.88267033 0.94712447 0.00135739
0.88394164 0.94657080 0.00134769
0.88521294 0.94599273 0.00134179
0.88649903 0.94539615 0.00134004
0.88777034 0.94479150 0.00134069
0.88904164 0.94418922 0.00134075
0.89032773 0.94359765 0.00133800
0.89159904 0.94302156 0.00133205
0.89287034 0.94246387 0.00132340
0.89415643 0.94192692 0.00131246
0.89542774 0.94141040 0.00130000
0.89669904 0.94091158 0.00128677
0.89797035 0.94042650 0.00127365
0.89925643 0.93995050 0.00126141
0.90052774 0.93947958 0.00125004
0.90179905 0.93900994 0.00123994
0.90308513 0.93853724 0.00123183
0.90435644 0.93805693 0.00122653
0.90562774 0.93756493 0.00122497
0.90691383 0.93705760 0.00122824
0.90818514 0.93653332 0.00123686
0.90945644 0.93599273 0.00125094
0.91072775 0.93543928 0.00126946
0.91201384 0.93488178 0.00128875
0.91328514 0.93432820 0.00130675
0.91455645 0.93378599 0.00132128
0.91582775 0.93326359 0.00132972
0.91711384 0.93276859 0.00133016
0.91838515 0.93230636 0.00132130
0.91965645 0.93187992 0.00130246
0.92094254 0.93148780 0.00127411
0.92221385 0.93111834 0.00124104
0.92348515 0.93075827 0.00120813
0.92475646 0.93039683 0.00117899
0.92604254 0.93002722 0.00115552
0.92731385 0.92964799 0.00113715
0.92858516 0.92925898 0.00112295
0.92985646 0.92886037 0.00111199
0.93114255 0.92845177 0.00110380
0.93241385 0.92803279 0.00109797
0.93368516 0.92760518 0.00109318
0.93495647 0.92717500 0.00108580
0.93624255 0.92675296 0.00107037
0.93751386 0.92635147 0.00104258
0.93878516 0.92598141 0.00099994
0.94005647 0.92564566 0.00094444
0.94134256 0.92533516 0.00088298
0.94261386 0.92503662 0.00082251
0.94388517 0.92473974 0.00076697
0.94515647 0.92443820 0.00071765
0.94644256 0.92412711 0.00067519
0.94771387 0.92380127 0.00064001
0.94898517 0.92345692 0.00061175
0.95025648 0.92309092 0.00058991
0.95154257 0.92270034 0.00057459
0.95281387 0.92228251 0.00056674
0.95408518 0.92183783 0.00056750
0.95535648 0.92137691 0.00057487
0.95664257 0.92091941 0.00058250
0.95791388 0.92048705 0.00058195
0.95918518 0.92009129 0.00056895
0.96045649 0.91972829 0.00054603
0.96174258 0.91938840 0.00051777
0.96301388 0.91906325 0.00048733
0.96428519 0.91874693 0.00045692
0.96555649 0.91843313 0.00042890
0.96682780 0.91811408 0.00040536
0.96811389 0.91778219 0.00038742
0.96938519 0.91743249 0.00037442
0.97065650 0.91706303 0.00036531
0.97192780 0.91667420 0.00035946
0.97321389 0.91626761 0.00035722
0.97448520 0.91584663 0.00035954
0.97575650 0.91541792 0.00036599
0.97702781 0.91498845 0.00037547
0.97829911 0.91456545 0.00038617
0.97958520 0.91415444 0.00039586
0.98085651 0.91375755 0.00040340
0.98212781 0.91337449 0.00040856
0.98339912 0.91300222 0.00041220
0.98468520 0.91263763 0.00041516
0.98595651 0.91227751 0.00041824
0.98722781 0.91191797 0.00042269
0.98849912 0.91155531 0.00042973
0.98977043 0.91118621 0.00044059
0.99105651 0.91080855 0.00045597
0.99232782 0.91042142 0.00047615
0.99359912 0.91002447 0.00050115
0.99487043 0.90961747 0.00053090
0.99614174 0.90919979 0.00056577
0.99742782 0.90876947 0.00060712
0.99869913 0.90832560 0.00065583
0.99997043 0.90787099 0.00071043
1.00124174 0.90740921 0.00076902
1.00251305 0.90694366 0.00082989
1.00378435 0.90647690 0.00089178
1.00507044 0.90600975 0.00095453
1.00634174 0.90554249 0.00101813
1.00761305 0.90507531 0.00108258
1.00888436 0.90460860 0.00114764
1.01015566 0.90414276 0.00121309
1.01144175 0.90367858 0.00127839
1.01271305 0.90321709 0.00134283
1.01398436 0.90275938 0.00140571
1.01525567 0.90230684 0.00146613
1.01652697 0.90186108 0.00152304
1.01779828 0.90142382 0.00157528
1.01908436 0.90099622 0.00162204
1.02035567 0.90057746 0.00166384
1.02162698 0.90016324 0.00170348
1.02289828 0.89974670 0.00174544
1.02416959 0.89932181 0.00179364
1.02545567 0.89888616 0.00184957
1.02672698 0.89844095 0.00191236
1.02799829 0.89798871 0.00198031
1.02926959 0.89753214 0.00205166
1.03054090 0.89707390 0.00212471
1.03181220 0.89661733 0.00219730
1.03309829 0.89616596 0.00226725
1.03436960 0.89572330 0.00233238
1.03564090 0.89529158 0.00239126
1.03691221 0.89487028 0.00244433
1.03818351 0.89445862 0.00249209
1.03945482 0.89405595 0.00253486
1.04072612 0.89366145 0.00257310
1.04201221 0.89327454 0.00260708
1.04328352 0.89289480 0.00263695
1.04455482 0.89252175 0.00266293
1.04582613 0.89215396 0.00268595
1.04709743 0.89178903 0.00270757
1.04836874 0.89142470 0.00272938
1.04965483 0.89105967 0.00275232
1.05092613 0.89069384 0.00277654
1.05219744 0.89032805 0.00280168
1.05346874 0.88996382 0.00282691
1.05474005 0.88960411 0.00285043
1.05601135 0.88925412 0.00286894
1.05728266 0.88891938 0.00287891
1.05856875 0.88860495 0.00287713
1.05984005 0.88831293 0.00286228
1.06111136 0.88803955 0.00283685
1.06238266 0.88778173 0.00280282
1.06365397 0.88753824 0.00276080
1.06492527 0.88730789 0.00271147
1.06619658 0.88708960 0.00265544
1.06746788 0.88688036 0.00259465
1.06875397 0.88667535 0.00253235
1.07002528 0.88646895 0.00247228
1.07129658 0.88625598 0.00241795
1.07256789 0.88603231 0.00237207
1.07383919 0.88579497 0.00233655
1.07511050 0.88554263 0.00231218
1.07638181 0.88527849 0.00229653
1.07766789 0.88501156 0.00228340
1.07893920 0.88475455 0.00226430
1.08021050 0.88451623 0.00223356
1.08148181 0.88429668 0.00219152
1.08275312 0.88409115 0.00214164
1.08402442 0.88389422 0.00208763
1.08529573 0.88370355 0.00203098
1.08656703 0.88351788 0.00197242
1.08783834 0.88333534 0.00191304
1.08912443 0.88315445 0.00185370
1.09039573 0.88297373 0.00179530
1.09166704 0.88279237 0.00173829
1.09293834 0.88260979 0.00168303
1.09420965 0.88242543 0.00162984
1.09548095 0.88223907 0.00157880
1.09675226 0.88205039 0.00153012
1.09802356 0.88185901 0.00148399
1.09930965 0.88166470 0.00144053
1.10058096 0.88146745 0.00139961
1.10185226 0.88126756 0.00136101
1.10312357 0.88106501 0.00132471
1.10439487 0.88085970 0.00129074
1.10566618 0.88065159 0.00125914
1.10693748 0.88044076 0.00122989
1.10820879 0.88022766 0.00120275
1.10948010 0.88001316 0.00117719
1.11075140 0.87979849 0.00115247
1.11203749 0.87958504 0.00112775
1.11330879 0.87937443 0.00110199
1.11458010 0.87916812 0.00107429
1.11585141 0.87896762 0.00104365
1.11712271 0.87877401 0.00100930
1.11839402 0.87858577 0.00097215
1.11966532 0.87839803 0.00093524
1.12093663 0.87820083 0.00090476
1.12220793 0.87798062 0.00088884
1.12347924 0.87772644 0.00089366
1.12475054 0.87743541 0.00092045
1.12603663 0.87711379 0.00096491
1.12730794 0.87677343 0.00101974
1.12857924 0.87642759 0.00107731
1.12985055 0.87609061 0.00113025
1.13112185 0.87577695 0.00117088
1.13239316 0.87550302 0.00119015
1.13366446 0.87528538 0.00117818
1.13493577 0.87513413 0.00112817
1.13620707 0.87505609 0.00103450
1.13747838 0.87504950 0.00090853
1.13874969 0.87509729 0.00077487
1.14002099 0.87516170 0.00067317
1.14130708 0.87520477 0.00062496
1.14257838 0.87520715 0.00061906
1.14384969 0.87515655 0.00063738
1.14512100 0.87504899 0.00066077
1.14639230 0.87489610 0.00067500
1.14766361 0.87472232 0.00067557
1.14893491 0.87453477 0.00066248
1.15020622 0.87431960 0.00064143
1.15147752 0.87405872 0.00062255
1.15274883 0.87374335 0.00060611
1.15402013 0.87335830 0.00060438
1.15529144 0.87323552 0.00060934
1.15656274 0.87291139 0.00062327
1.15783405 0.87258106 0.00064298
1.15912014 0.87224504 0.00066882
1.16039144 0.87190385 0.00070086
1.16166275 0.87155804 0.00073896
1.16293405 0.87120820 0.00078274
1.16420536 0.87085495 0.00083170
1.16547667 0.87049895 0.00088526
1.16674797 0.87014088 0.00094274
1.16801928 0.86978143 0.00100348
1.16929058 0.86942135 0.00106681
1.17056189 0.86906138 0.00113206
1.17183319 0.86870231 0.00119859
1.17310450 0.86834493 0.00126576
1.17437580 0.86799006 0.00133298
1.17564711 0.86763852 0.00139963
1.17691841 0.86729116 0.00146516
1.17818972 0.86694884 0.00152899
1.17946103 0.86661242 0.00159059
1.18074711 0.86628278 0.00164941
1.18201842 0.86596077 0.00170493
1.18328972 0.86564730 0.00175666
1.18456103 0.86534322 0.00180409
1.18583234 0.86504942 0.00184676
1.18710364 0.86476675 0.00188419
1.18837495 0.86449608 0.00191595
1.18964625 0.86423824 0.00194161
1.19091756 0.86399406 0.00196078
1.19218886 0.86376435 0.00197308
1.19346017 0.86354989 0.00197817
1.19473147 0.86335144 0.00197575
1.19600278 0.86316973 0.00196554
1.19727408 0.86300546 0.00194733
1.19854539 0.86285928 0.00192095
1.19981670 0.86273181 0.00188631
1.20108800 0.86262362 0.00184340
1.20235931 0.86253525 0.00179230
1.20363061 0.86246716 0.00173324
1.20490192 0.86241976 0.00166660
1.20617322 0.86239342 0.00159299
1.20744453 0.86238842 0.00151333
1.20873062 0.86240498 0.00142895
1.21000192 0.86244325 0.00134172
1.21127323 0.86250329 0.00125437
1.21254453 0.86258508 0.00117068
1.21381584 0.86268852 0.00109585
1.21508714 0.86281340 0.00103666
1.21635845 0.86295943 0.00100110
1.21762975 0.86312620 0.00099703
1.21890106 0.86331321 0.00102998
1.22017237 0.86351981 0.00110137
1.22144367 0.86374528 0.00120852
1.22271498 0.86398872 0.00134637
1.22398628 0.86424915 0.00150932
1.22525759 0.86452542 0.00169227
1.22652889 0.86481624 0.00189093
1.22780020 0.86512019 0.00210179
1.22907150 0.86543568 0.00232192
1.23034281 0.86576095 0.00254880
1.23161411 0.86609409 0.00278018
1.23288542 0.86643301 0.00301396
1.23415673 0.86677545 0.00324814
1.23542803 0.86711894 0.00348072
1.23669934 0.86746084 0.00370971
1.23797064 0.86779829 0.00393309
1.23924195 0.86812824 0.00414875
1.24051325 0.86844741 0.00435452
1.24178456 0.86875233 0.00454814
1.24305586 0.86903925 0.00472725
1.24432717 0.86930424 0.00488939
1.24559847 0.86954310 0.00503199
1.24686978 0.86975138 0.00515238
1.24814109 0.86992438 0.00524776
1.24941239 0.87005715 0.00531525
1.25068370 0.87014444 0.00535188
1.25195500 0.87018075 0.00535460
1.25322631 0.87016029 0.00532030
1.25449761 0.87007698 0.00524589
1.25576892 0.86992443 0.00512834
1.25704022 0.86969596 0.00496483
1.25831153 0.86938458 0.00475293
1.25958283 0.86898297 0.00449098
1.26085414 0.86848351 0.00417874
1.26212545 0.86787822 0.00381869
1.26339675 0.86715880 0.00341868
1.26466806 0.86631661 0.00299758
1.26593936 0.86534267 0.00259730
1.26721067 0.86422761 0.00230417
1.26848197 0.86296173 0.00225784
1.26975328 0.86153496 0.00257475
1.27102458 0.85993683 0.00324497
1.27229589 0.85815651 0.00418924
1.27356719 0.85618276 0.00534610
1.27483850 0.85400394 0.00668389
1.27610981 0.85160800 0.00818921
1.27738111 0.84898247 0.00985813
1.27865242 0.84611440 0.01169176
1.27992372 0.84299040 0.01369408
1.28119503 0.83959660 0.01587077
-0.96316762 0.84938857 0.01194625
-0.96189631 0.85307161 0.01225626
-0.96062353 0.85419485 0.01171683
-0.95934927 0.85511954 0.01158164
-0.95807353 0.85628682 0.01121935
-0.95679779 0.85836605 0.01040620
-0.95551909 0.86217330 0.00847411
-0.95423744 0.87024658 0.00350628
-0.95295431 0.89234919 0.00791830
-0.95167118 0.92177147 0.01456204
-0.95038804 0.92425917 0.01335931
-0.94910048 0.89696713 0.01002749
-0.94781143 0.87017316 0.00828758
-0.94651943 0.85394927 0.00717845
-0.94522743 0.84321124 0.00646913
-0.94393247 0.83531673 0.00579973
-0.94263604 0.82820036 0.00528518
-0.94133960 0.82137146 0.00484577
-0.94004021 0.81465183 0.00446512
-0.93873934 0.80822893 0.00415669
-0.93743699 0.80221442 0.00389688
-0.93613316 0.79659454 0.00367034
-0.93482786 0.79130272 0.00347076
-0.93351959 0.78629890 0.00329191
-0.93221133 0.78154287 0.00313105
-0.93090011 0.77700070 0.00298495
-0.92958890 0.77264550 0.00285226
-0.92827472 0.76845457 0.00273023
-0.92695907 0.76440766 0.00261891
-0.92564341 0.76049012 0.00251321
-0.92432480 0.75668590 0.00242211
-0.92300472 0.75298452 0.00233172
-0.92168315 0.74937553 0.00225005
-0.92036010 0.74585889 0.00217443
-0.91903410 0.74242415 0.00210096
-0.91770810 0.73906782 0.00202994
-0.91638062 0.73580733 0.00196453
-0.91505167 0.73265316 0.00190263
-0.91371975 0.72958447 0.00183778
-0.91238784 0.72655942 0.00177816
-0.91105297 0.72357101 0.00172015
-0.90971810 0.72061223 0.00167091
-0.90838027 0.71767957 0.00161471
-0.90704096 0.71477649 0.00156727
-0.90570166 0.71190295 0.00152871
-0.90435940 0.70904845 0.00148748
-0.90301565 0.70622697 0.00144589
-0.90167044 0.70342096 0.00140532
-0.90032374 0.70063741 0.00136961
-0.89897556 0.69787630 0.00133382
-0.89762591 0.69513408 0.00130327
-0.89627478 0.69240371 0.00126884
-0.89492217 0.68969571 0.00124312
-0.89356808 0.68699596 0.00121361
-0.89221251 0.68431855 0.00118432
-0.89085547 0.68164579 0.00115533
-0.88949695 0.67898825 0.00113101
-0.88813547 0.67634590 0.00110678
-0.88677399 0.67370810 0.00108727
-0.88541103 0.67108544 0.00106397
-0.88404659 0.66847079 0.00104462
-0.88267920 0.66586768 0.00101744
-0.88131181 0.66326896 0.00099857
-0.87994294 0.66067814 0.00097992
-0.87857259 0.65809521 0.00096151
-0.87719928 0.65552011 0.00094334
-0.87582598 0.65295281 0.00092544
-0.87445120 0.65038613 0.00091154
-0.87307345 0.64783075 0.00089904
-0.87169571 0.64527231 0.00088072
-0.87031650 0.64272870 0.00086748
-0.86893580 0.64018552 0.00084953
-0.86755215 0.63764632 0.00083674
-0.86616849 0.63510745 0.00082758
-0.86478336 0.63257607 0.00081022
-0.86339675 0.63004854 0.00079814
-0.86200866 0.62752119 0.00078954
-0.86061762 0.62499760 0.00077799
-0.85922657 0.62247408 0.00076981
-0.85783405 0.61995059 0.00075671
-0.85644005 0.61743433 0.00074378
-0.85504457 0.61491436 0.00073103
-0.85364761 0.61239788 0.00072363
-0.85224918 0.60988486 0.00071402
-0.85084926 0.60737159 0.00070700
-0.84944787 0.60485068 0.00069764
-0.84804648 0.60233673 0.00068838
-0.84664213 0.59982234 0.00068193
-0.84523630 0.59730377 0.00066775
-0.84382899 0.59478463 0.00066410
-0.84242169 0.59226117 0.00065309
-0.84101143 0.58973699 0.00064380
-0.83960116 0.58720460 0.00064049
-0.83818795 0.58467135 0.00063211
-0.83677473 0.58212972 0.00062071
-0.83536003 0.57959078 0.00061458
-0.83394238 0.57703579 0.00060850
-0.83252472 0.57447583 0.00060246
-0.83110559 0.57191457 0.00059123
-0.82968498 0.56934065 0.00058910
-0.82826289 0.56676522 0.00058312
-0.82684081 0.56418066 0.00057380
-0.82541576 0.56159819 0.00056974
-0.82398924 0.55901018 0.00056568
-0.82256272 0.55642793 0.00056162
-0.82113324 0.55384758 0.00055413
-0.81970376 0.55126528 0.00055005
-0.81827280 0.54870006 0.00054596
-0.81684036 0.54614432 0.00054378
-0.81540645 0.54359803 0.00054505
-0.81397106 0.54107278 0.00054093
-0.81253418 0.53856864 0.00054027
-0.81109584 0.53608568 0.00054154
-0.80965749 0.53362401 0.00053741
-0.80821618 0.53120317 0.00053325
-0.80677488 0.52880387 0.00053263
-0.80533209 0.52643405 0.00053205
-0.80388783 0.52410169 0.00052978
-0.80244209 0.52179128 0.00052934
-0.80099487 0.51951082 0.00052894
-0.79954765 0.51725652 0.00052706
-0.79809748 0.51502456 0.00052000
-0.79664730 0.51280315 0.00051450
-0.79519565 0.51060425 0.00051320
-0.79374252 0.50841603 0.00050680
-0.79228791 0.50623453 0.00050698
-0.79083182 0.50405974 0.00050103
-0.78937573 0.50188365 0.00049616
-0.78791669 0.49970219 0.00049140
-0.78645764 0.49752334 0.00048618
-0.78499712 0.49533089 0.00048175
-0.78353512 0.49312876 0.00047268
-0.78207164 0.49091681 0.00046877
-0.78060816 0.48868271 0.00046458
-0.77914320 0.48643032 0.00045586
-0.77767528 0.48415533 0.00044687
-0.77620885 0.48186161 0.00044322
-0.77473946 0.47954483 0.00043936
-0.77326859 0.47721300 0.00043571
-0.77179771 0.47487008 0.00042716
-0.77032537 0.47252007 0.00041867
-0.76885154 0.47016701 0.00041508
-0.76737623 0.46781083 0.00041207
-0.76590093 0.46545983 0.00040314
-0.76442266 0.46311821 0.00040508
-0.76294440 0.46079022 0.00040241
-0.76146466 0.45847596 0.00039900
-0.75998492 0.45618399 0.00039661
-0.75850222 0.45391447 0.00039898
-0.75701953 0.45168041 0.00039570
-0.75553535 0.44947351 0.00039822
-0.75405118 0.44730691 0.00039947
-0.75256405 0.44517229 0.00040073
-0.75107691 0.44308293 0.00040197
-0.74958830 0.44103484 0.00040194
-0.74809822 0.43902403 0.00040316
-0.74660813 0.43705515 0.00040318
-0.74511656 0.43511541 0.00039854
-0.74362352 0.43320943 0.00039768
-0.74212899 0.43132866 0.00039796
-0.74063447 0.42946886 0.00039834
-0.73913847 0.42762576 0.00038739
-0.73764099 0.42579502 0.00038802
-0.73614351 0.42397672 0.00038312
-0.73464307 0.42216200 0.00038399
-0.73314412 0.42033739 0.00037955
-0.73164220 0.41851178 0.00036956
-0.73014029 0.41666254 0.00036515
-0.72863542 0.41479850 0.00035525
-0.72713202 0.41291039 0.00034520
-0.72562567 0.41097969 0.00034077
-0.72411933 0.40901969 0.00034193
-0.72261150 0.40703004 0.00034324
-0.72110367 0.40507032 0.00034442
-0.71959436 0.40315467 0.00035136
-0.71808358 0.40127424 0.00034701
-0.71657132 0.39943399 0.00034816
-0.71505906 0.39761563 0.00034931
-0.71354532 0.39581465 0.00034491
-0.71203158 0.39403591 0.00034571
-0.71051488 0.39227488 0.00034096
-0.70899966 0.39051750 0.00034208
-0.70748148 0.38877331 0.00033731
-0.70596331 0.38705191 0.00033253
-0.70444366 0.38533439 0.00033362
-0.70292400 0.38362078 0.00033472
-0.70140287 0.38191590 0.00032993
-0.69988026 0.38021981 0.00033109
-0.69835765 0.37853258 0.00032621
-0.69683356 0.37684941 0.00032141
-0.69530800 0.37518007 0.00032270
-0.69378243 0.37350512 0.00031768
-0.69225538 0.37184410 0.00031875
-0.69072834 0.37018236 0.00031394
-0.68919982 0.36853471 0.00031539
-0.68766982 0.36688142 0.00031020
-0.68613981 0.36524232 0.00031126
-0.68460833 0.36360256 0.00030646
-0.68307685 0.36196712 0.00030752
-0.68154390 0.36034608 0.00030272
-0.68001094 0.35872443 0.00029734
-0.67847650 0.35710215 0.00029839
-0.67694059 0.35549446 0.00029351
-0.67540467 0.35389128 0.00029455
-0.67386728 0.35228753 0.00029507
-0.67232841 0.35069346 0.00029009
-0.67078954 0.34910399 0.00029112
-0.66925067 0.34751916 0.00028560
-0.66771032 0.34594419 0.00028007
-0.66616849 0.34436874 0.00028108
-0.66462666 0.34280847 0.00027592
-0.66308484 0.34125305 0.00027692
-0.66154005 0.33970250 0.00027126
-0.65999675 0.33816743 0.00027224
-0.65845049 0.33663207 0.00027293
-0.65690570 0.33511771 0.00027392
-0.65535796 0.33360318 0.00026851
-0.65381022 0.33209918 0.00026928
-0.65226248 0.33061659 0.00027025
-0.65071326 0.32915021 0.00026469
-0.64916404 0.32769479 0.00027241
-0.64761335 0.32626130 0.00027338
-0.64606265 0.32485543 0.00027434
-0.64451047 0.32346651 0.00026879
-0.64295830 0.32210569 0.00026325
-0.64140464 0.32075671 0.00025774
-0.63985099 0.31939752 0.00025864
-0.63829586 0.31802247 0.00025318
-0.63674073 0.31663694 0.00025409
-0.63518412 0.31525760 0.00024779
-0.63362751 0.31386202 0.00024870
-0.63207090 0.31247821 0.00024961
-0.63051133 0.31109497 0.00024406
-0.62895324 0.30971229 0.00023762
-0.62739368 0.30833585 0.00023782
-0.62583411 0.30696572 0.00023870
-0.62427306 0.30559622 0.00023290
-0.62271202 0.30423886 0.00023320
-0.62114950 0.30288798 0.00023407
-0.61958697 0.30154365 0.00022767
-0.61802445 0.30020010 0.00022852
-0.61646045 0.29887487 0.00022240
-0.61489497 0.29756228 0.00022293
-0.61333097 0.29625658 0.00022376
-0.61176401 0.29494600 0.00022460
-0.61019853 0.29366015 0.00021812
-0.60863157 0.29238143 0.00022627
-0.60706461 0.29110394 0.00021975
-0.60549618 0.28984567 0.00022056
-0.60392774 0.28860080 0.00022137
-0.60235783 0.28736345 0.00021482
-0.60078939 0.28614579 0.00021560
-0.59921800 0.28492369 0.00021639
-0.59764808 0.28371543 0.00021718
-0.59607669 0.28252115 0.00021797
-0.59450530 0.28133483 0.00021136
-0.59293243 0.28016274 0.00021193
-0.59135956 0.27899881 0.00021288
-0.58978669 0.27784314 0.00021364
-0.58821234 0.27668955 0.00020662
-0.58663799 0.27556313 0.00020735
-0.58506364 0.27443271 0.00020809
-0.58348781 0.27331718 0.00020883
-0.58191198 0.27220403 0.00020176
-0.58033616 0.27111234 0.00021030
-0.57875885 0.27001044 0.00020318
-0.57718302 0.26893662 0.00020389
-0.57560424 0.26785905 0.00020460
-0.57402693 0.26678413 0.00019748
-0.57244815 0.26571836 0.00019817
-0.57086937 0.26465533 0.00019887
-0.56929058 0.26360158 0.00019175
-0.56771032 0.26255719 0.00020026
-0.56613006 0.26150916 0.00019288
-0.56454980 0.26046400 0.00019356
-0.56296805 0.25942836 0.00019445
-0.56138779 0.25838907 0.00018686
-0.55980605 0.25735273 0.00018752
-0.55822283 0.25631270 0.00018819
-0.55664109 0.25526223 0.00018061
-0.55505787 0.25422137 0.00017309
-0.55347466 0.25316998 0.00017372
-0.55189144 0.25210792 0.00016601
-0.55030822 0.25104869 0.00016663
-0.54872352 0.24996498 0.00015958
-0.54713882 0.24887022 0.00016906
-0.54555413 0.24777805 0.00016972
-0.54396943 0.24671611 0.00017938
-0.54238325 0.24569170 0.00017241
-0.54079708 0.24469129 0.00017304
-0.53921090 0.24370818 0.00017366
-0.53762473 0.24274955 0.00017625
-0.53603855 0.24180862 0.00016737
-0.53445090 0.24087852 0.00016795
-0.53286472 0.23995226 0.00017610
-0.53127707 0.23904411 0.00016730
-0.52968942 0.23813997 0.00017730
-0.52810029 0.23724706 0.00016844
-0.52651263 0.23635111 0.00017084
-0.52492498 0.23547371 0.00016175
-0.52333585 0.23459334 0.00017015
-0.52174671 0.23372449 0.00017072
-0.52015758 0.23286000 0.00016175
-0.51856845 0.23199259 0.00016394
-0.51697932 0.23113690 0.00016449
-0.51538871 0.23027832 0.00016504
-0.51379958 0.22943897 0.00016559
-0.51220897 0.22858203 0.00015630
-0.51061836 0.22773701 0.00015682
-0.50902775 0.22689658 0.00015946
-0.50743714 0.22606079 0.00015788
-0.50584653 0.22522969 0.00015841
-0.50425592 0.22440331 0.00016107
-0.50266383 0.22357415 0.00015141
-0.50107322 0.22275734 0.00015191
-0.49948261 0.22193778 0.00015243
-0.49789052 0.22111545 0.00015294
-0.49629843 0.22030563 0.00014562
-0.49470782 0.21949308 0.00015664
-0.49311573 0.21869318 0.00014661
-0.49152364 0.21789059 0.00015032
-0.48993156 0.21710080 0.00015082
-0.48833947 0.21630837 0.00015133
-0.48674738 0.21552890 0.00014484
-0.48515529 0.21473898 0.00015234
-0.48356320 0.21397784 0.00014581
-0.48196964 0.21321419 0.00015735
-0.48037755 0.21245594 0.00015787
-0.47878546 0.21171107 0.00015434
-0.47719337 0.21097174 0.00015484
-0.47559980 0.21023800 0.00015940
-0.47400772 0.20953396 0.00015582
-0.47241563 0.20882772 0.00016749
-0.47082206 0.20815153 0.00016799
-0.46922997 0.20748139 0.00015724
-0.46763788 0.20684980 0.00015769
-0.46604432 0.20621642 0.00015813
-0.46445223 0.20558939 0.00014727
-0.46286014 0.20496876 0.00015902
-0.46126658 0.20433820 0.00014810
-0.45967449 0.20368938 0.00014531
-0.45808240 0.20303864 0.00013757
-0.45649031 0.20238595 0.00014942
-0.45489822 0.20173961 0.00014987
-0.45330613 0.20109967 0.00013880
-0.45171257 0.20044948 0.00013922
-0.45012048 0.19979734 0.00013964
-0.44852839 0.19915999 0.00015167
-0.44693778 0.19851234 0.00014048
-0.44534569 0.19787961 0.00014090
-0.44375360 0.19724499 0.00014132
-0.44216151 0.19660847 0.00014175
-0.44057090 0.19597854 0.00014621
-0.43897882 0.19535528 0.00014259
-0.43738821 0.19473873 0.00014301
-0.43579612 0.19412036 0.00014344
-0.43420551 0.19350877 0.00014795
-0.43261490 0.19289538 0.00013628
-0.43102429 0.19228883 0.00014883
-0.42943368 0.19168920 0.00014926
-0.42784307 0.19109654 0.00013748
-0.42625394 0.19049340 0.00013789
-0.42466333 0.18991481 0.00013828
-0.42307419 0.18933456 0.00013868
-0.42148358 0.18875265 0.00013908
-0.41989445 0.18817790 0.00014445
-0.41830532 0.18761039 0.00013987
-0.41671619 0.18705017 0.00014027
-0.41512853 0.18648837 0.00014066
-0.41353940 0.18592498 0.00014106
-0.41195175 0.18538692 0.00014145
-0.41036262 0.18482938 0.00014691
-0.40877496 0.18428833 0.00014731
-0.40718731 0.18376388 0.00014262
-0.40560114 0.18322895 0.00014811
-0.40401348 0.18270165 0.00014340
-0.40242731 0.18218204 0.00014378
-0.40084113 0.18166103 0.00014417
-0.39925496 0.18114779 0.00014972
-0.39766878 0.18064239 0.00014494
-0.39608261 0.18014487 0.00014531
-0.39449791 0.17964605 0.00014570
-0.39291321 0.17914592 0.00014608
-0.39132851 0.17864448 0.00014647
-0.38974382 0.17816967 0.00014683
-0.38816060 0.17769367 0.00014720
-0.38657738 0.17721645 0.00014758
-0.38499416 0.17673803 0.00014796
-0.38341094 0.17625837 0.00014834
-0.38182920 0.17580581 0.00014870
-0.38024598 0.17534268 0.00014479
-0.37866424 0.17488787 0.00014515
-0.37708398 0.17443195 0.00014551
-0.37550224 0.17398442 0.00015017
-0.37392198 0.17354537 0.00014621
-0.37234172 0.17310526 0.00013752
-0.37076145 0.17267369 0.00013784
-0.36918267 0.17224110 0.00013817
-0.36760388 0.17180747 0.00013850
-0.36602510 0.17137281 0.00013883
-0.36444780 0.17093710 0.00013917
-0.36286901 0.17051004 0.00014868
-0.36129171 0.17007224 0.00014904
-0.35971588 0.16964313 0.00013603
-0.35814005 0.16922277 0.00014975
-0.35656422 0.16879162 0.00013668
-0.35498840 0.16837908 0.00013699
-0.35341405 0.16795571 0.00015082
-0.35183970 0.16753134 0.00014791
-0.35026535 0.16711584 0.00014826
-0.34869248 0.16669937 0.00014861
-0.34711961 0.16630181 0.00013862
-0.34554674 0.16588339 0.00013895
-0.34397534 0.16547396 0.00014966
-0.34240395 0.16507359 0.00013960
-0.34083256 0.16467230 0.00013700
-0.33926264 0.16427006 0.00015070
-0.33769273 0.16387698 0.00015105
-0.33612429 0.16348300 0.00015139
-0.33455586 0.16308812 0.00015174
-0.33298742 0.16270249 0.00013858
-0.33142046 0.16232615 0.00015242
-0.32985350 0.16193880 0.00013920
-0.32828655 0.16156077 0.00015311
-0.32672107 0.16118190 0.00015137
-0.32515559 0.16081246 0.00015170
-0.32359159 0.16044220 0.00015203
-0.32202758 0.16007113 0.00015237
-0.32046358 0.15970959 0.00013952
-0.31890106 0.15935761 0.00015302
-0.31734002 0.15899452 0.00014012
-0.31577749 0.15864102 0.00015368
-0.31421793 0.15829721 0.00015400
-0.31265688 0.15794223 0.00015361
-0.31109731 0.15759697 0.00015393
-0.30953923 0.15728246 0.00015422
-0.30798114 0.15694633 0.00014185
-0.30642305 0.15662003 0.00015485
-0.30486644 0.15630365 0.00014395
-0.30330983 0.15599723 0.00014267
-0.30175470 0.15566904 0.00014451
-0.30019957 0.15535080 0.00014479
-0.29864591 0.15500002 0.00014511
-0.29709226 0.15466981 0.00013145
-0.29554008 0.15430686 0.00013431
-0.29398791 0.15394308 0.00014606
-0.29243721 0.15358921 0.00014638
-0.29088651 0.15321306 0.00013523
-0.28933730 0.15282523 0.00013556
-0.28778808 0.15244725 0.00015056
-0.28623886 0.15206838 0.00014778
-0.28469112 0.15168862 0.00013653
-0.28314485 0.15129704 0.00013687
-0.28159859 0.15090449 0.00013721
-0.28005381 0.15051095 0.00013755
-0.27850902 0.15011643 0.00013790
-0.27696572 0.14972090 0.00013825
-0.27542241 0.14932438 0.00013860
-0.27388059 0.14891577 0.00014329
-0.27234024 0.14851718 0.00014365
-0.27079989 0.14810646 0.00012864
-0.26925954 0.14769461 0.00014007
-0.26772067 0.14729285 0.00014044
-0.26618327 0.14689003 0.00014081
-0.26464588 0.14648614 0.00014118
-0.26310997 0.14608118 0.00014156
-0.26157405 0.14567514 0.00014193
-0.26003962 0.14525669 0.00012711
-0.25850518 0.14483707 0.00013143
-0.25697222 0.14442766 0.00013179
-0.25544074 0.14401713 0.00013215
-0.25390926 0.14358258 0.00012853
-0.25237926 0.14316972 0.00012889
-0.25084926 0.14274419 0.00013329
-0.24932074 0.14230589 0.00012964
-0.24779369 0.14188945 0.00013001
-0.24626665 0.14143697 0.00013041
-0.24474108 0.14098310 0.00013081
-0.24321552 0.14053950 0.00012913
-0.24169143 0.14008282 0.00012953
-0.24016882 0.13961295 0.00011528
-0.23864621 0.13912971 0.00013039
-0.23712508 0.13863302 0.00013084
-0.23560542 0.13815836 0.00014557
-0.23408577 0.13770600 0.00013169
-0.23256759 0.13731198 0.00013206
-0.23104942 0.13695283 0.00013239
-0.22953272 0.13659276 0.00013273
-0.22801750 0.13626792 0.00013303
-0.22650376 0.13594233 0.00013334
-0.22499002 0.13562806 0.00014916
-0.22347628 0.13531312 0.00013610
-0.22196550 0.13499746 0.00013424
-0.22045471 0.13469326 0.00013671
-0.21894541 0.13437620 0.00012448
-0.21743610 0.13407062 0.00013732
-0.21592827 0.13373986 0.00013765
-0.21442193 0.13342060 0.00012534
-0.21291705 0.13310058 0.00014260
-0.21141218 0.13276747 0.00014294
-0.20990879 0.13244595 0.00013215
-0.20840540 0.13211125 0.00013248
-0.20690496 0.13177572 0.00013280
-0.20540453 0.13143936 0.00013313
-0.20390557 0.13108968 0.00011594
-0.20240661 0.13073907 0.00012783
-0.20090913 0.13038754 0.00013417
-0.19941313 0.13003512 0.00011685
-0.19791861 0.12966910 0.00013489
-0.19642408 0.12928941 0.00013528
-0.19493104 0.12893408 0.00011782
-0.19343947 0.12855229 0.00011815
-0.19194791 0.12816940 0.00011850
-0.19045930 0.12778539 0.00011884
-0.18897069 0.12740026 0.00011919
-0.18748355 0.12700110 0.00012762
-0.18599642 0.12661365 0.00012800
-0.18451077 0.12623803 0.00012026
-0.18302659 0.12584830 0.00012062
-0.18154390 0.12545740 0.00012098
-0.18006268 0.12509148 0.00012951
-0.17858146 0.12471140 0.00012169
-0.17710172 0.12431702 0.00012206
-0.17562346 0.12394783 0.00013067
-0.17414667 0.12356434 0.00012278
-0.17266989 0.12319295 0.00013145
-0.17119606 0.12280716 0.00012352
-0.16972223 0.12243354 0.00013224
-0.16824841 0.12205883 0.00011369
-0.16677754 0.12166952 0.00013305
-0.16530667 0.12130598 0.00013343
-0.16383875 0.12092787 0.00011473
-0.16237084 0.12053500 0.00013426
-0.16090440 0.12016812 0.00013466
-0.15943796 0.11978652 0.00011579
-0.15797449 0.11940370 0.00012694
-0.15651101 0.11901967 0.00013593
-0.15504900 0.11863447 0.00011689
-0.15358848 0.11824801 0.00012815
-0.15212944 0.11786032 0.00013723
-0.15067039 0.11747141 0.00011801
-0.14921430 0.11708121 0.00012940
-0.14775822 0.11670375 0.00012980
-0.14630375 0.11629701 0.00011917
-0.14485062 0.11590296 0.00013068
-0.14339867 0.11550762 0.00011133
-0.14194791 0.11509673 0.00013157
-0.14049847 0.11469868 0.00011210
-0.13905022 0.11428494 0.00013248
-0.13760344 0.11388412 0.00011288
-0.13615770 0.11346749 0.00013341
-0.13471344 0.11304938 0.00012753
-0.13327021 0.11262977 0.00011411
-0.13182846 0.11220858 0.00013487
-0.13038804 0.11178587 0.00012894
-0.12894881 0.11134693 0.00012944
-0.12751090 0.11092103 0.00011583
-0.12607433 0.11047872 0.00011628
-0.12463893 0.11003469 0.00011674
-0.12320502 0.10957398 0.00013148
-0.12177229 0.10912634 0.00013201
-0.12034104 0.10867690 0.00013254
-0.11891096 0.10819549 0.00011868
-0.11748222 0.10772709 0.00013369
-0.11605496 0.10724151 0.00011971
-0.11462888 0.10676901 0.00013486
-0.11320413 0.10626378 0.00013549
-0.11178086 0.10577163 0.00012134
-0.11035892 0.10526171 0.00012191
-0.10893816 0.10474936 0.00012250
-0.10751888 0.10423454 0.00012309
-0.10610108 0.10373294 0.00011756
-0.10468446 0.10322891 0.00013939
-0.10326932 0.10272251 0.00012487
-0.10185551 0.10221363 0.00011927
-0.10044304 0.10171826 0.00012608
-0.09903203 0.10120442 0.00012044
-0.09762236 0.10067183 0.00012106
-0.09621417 0.10013646 0.00012170
-0.09480731 0.09963095 0.00012867
-0.09340178 0.09909005 0.00012935
-0.09199772 0.09854624 0.00013006
-0.09059500 0.09799946 0.00013077
-0.08919376 0.09743299 0.00010825
-0.08779384 0.09688003 0.00010886
-0.08639541 0.09630704 0.00012645
-0.08499845 0.09574770 0.00012717
-0.08360282 0.09518512 0.00012791
-0.08220867 0.09458487 0.00011146
-0.08081600 0.09399812 0.00012950
-0.07942466 0.09340779 0.00010735
-0.07803480 0.09281374 0.00011355
-0.07664641 0.09219828 0.00010874
-0.07525951 0.09159650 0.00011503
-0.07387393 0.09097294 0.00011018
-0.07248984 0.09036312 0.00011658
-0.07110722 0.08974926 0.00009235
-0.06972608 0.08911293 0.00011819
-0.06834642 0.08850886 0.00011898
-0.06696823 0.08788223 0.00009428
-0.06559138 0.08728836 0.00012062
-0.06421615 0.08674673 0.00011547
-0.06284240 0.08623943 0.00011614
-0.06146998 0.08572917 0.00011682
-0.06009919 0.08523498 0.00009717
-0.05872988 0.08471875 0.00009775
-0.05736204 0.08418008 0.00011894
-0.05599568 0.08365742 0.00011968
-0.05463080 0.08311195 0.00014361
-0.05326740 0.08254331 0.00012127
-0.05190548 0.08199051 0.00014555
-0.05054518 0.08143400 0.00017157
-0.04918636 0.08083358 0.00017283
-0.04782902 0.08016800 0.00017425
-0.04647316 0.07937428 0.00017597
-0.04511893 0.07819991 0.00017858
-0.04376617 0.07660632 0.00020978
-0.04241504 0.07493602 0.00021442
-0.04106524 0.07327237 0.00019563
-0.03971706 0.07163833 0.00019478
-0.03837051 0.07001280 0.00020466
-0.03702529 0.06834908 0.00017757
-0.03568185 0.06669272 0.00018194
-0.03433973 0.06494460 0.00019664
-0.03299939 0.06312285 0.00020228
-0.03166038 0.06119433 0.00023396
-0.03032315 0.05906646 0.00027992
-0.02898739 0.05657418 0.00030607
-0.02765326 0.05327317 0.00036791
-0.02632105 0.04893452 0.00049426
-0.02499002 0.04402766 0.00054957
-0.02366047 0.03892095 0.00056305
-0.02233255 0.03395246 0.00060961
-0.02100625 0.02902718 0.00059831
-0.01968143 0.02423392 0.00066622
-0.01835824 0.01942364 0.00071470
-0.01703653 0.01468662 0.00079244
-0.01571644 0.01012148 0.00093263
-0.01439801 0.00414952 0.00293415
-0.01308110 nan nan
-0.01176578 nan nan
-0.01045207 nan nan
-0.00913993 0.00610638 0.00120574
-0.00782941 0.01120385 0.00062360
-0.00652048 0.01544567 0.00059954
-0.00521317 0.02000156 0.00057674
-0.00390746 0.02429903 0.00071671
-0.00260335 0.02974145 0.00061909
-0.00130087 0.03479488 0.00079456
-0.00000000 0.04343854 0.00029373
