# s/c    cf
1.28119503 -0.01351502
1.27992372 -0.00519057
1.27865242 0.00263393
1.27738111 0.00997999
1.27610981 0.01686846
1.27483850 0.02331959
1.27356719 0.02935300
1.27229589 0.03498771
1.27102458 0.04024214
1.26975328 0.04513415
1.26848197 0.04968102
1.26721067 0.05389947
1.26593936 0.05780567
1.26466806 0.06141527
1.26339675 0.06474337
1.26212545 0.06780459
1.26085414 0.07061302
1.25958283 0.07318227
1.25831153 0.07552546
1.25704022 0.07765524
1.25576892 0.07958382
1.25449761 0.08132292
1.25322631 0.08288385
1.25195500 0.08427748
1.25068370 0.08551426
1.24941239 0.08660422
1.24814109 0.08755701
1.24686978 0.08838185
1.24559847 0.08908762
1.24432717 0.08968280
1.24305586 0.09017551
1.24178456 0.09057353
1.24051325 0.09088427
1.23924195 0.09111483
1.23797064 0.09127195
1.23669934 0.09136208
1.23542803 0.09139135
1.23415673 0.09136558
1.23288542 0.09129029
1.23161411 0.09117075
1.23034281 0.09101191
1.22907150 0.09081848
1.22780020 0.09059489
1.22652889 0.09034532
1.22525759 0.09007372
1.22398628 0.08978379
1.22271498 0.08947900
1.22144367 0.08916259
1.22017237 0.08883759
1.21890106 0.08850684
1.21762975 0.08817294
1.21635845 0.08783834
1.21508714 0.08750527
1.21381584 0.08717578
1.21254453 0.08685178
1.21127323 0.08653496
1.21000192 0.08622691
1.20873062 0.08592901
1.20744453 0.08564253
1.20617322 0.08536859
1.20490192 0.08510815
1.20363061 0.08486207
1.20235931 0.08463108
1.20108800 0.08441579
1.19981670 0.08421669
1.19854539 0.08403417
1.19727408 0.08386851
1.19600278 0.08371992
1.19473147 0.08358849
1.19346017 0.08347424
1.19218886 0.08337710
1.19091756 0.08329694
1.18964625 0.08323353
1.18837495 0.08318662
1.18710364 0.08315585
1.18583234 0.08314084
1.18456103 0.08314113
1.18328972 0.08315623
1.18201842 0.08318561
1.18074711 0.08322867
1.17946103 0.08328482
1.17818972 0.08335340
1.17691841 0.08343373
1.17564711 0.08352512
1.17437580 0.08362685
1.17310450 0.08373817
1.17183319 0.08385834
1.17056189 0.08398660
1.16929058 0.08412217
1.16801928 0.08426428
1.16674797 0.08441215
1.16547667 0.08456501
1.16420536 0.08472208
1.16293405 0.08488261
1.16166275 0.08504583
1.16039144 0.08521100
1.15912014 0.08537739
1.15783405 0.08554428
1.15656274 0.08571098
1.15529144 0.08587681
1.15402013 0.08658666
1.15274883 0.08712489
1.15147752 0.08752942
1.15020622 0.08791728
1.14893491 0.08838024
1.14766361 0.08883390
1.14639230 0.08916423
1.14512100 0.08933106
1.14384969 0.08934485
1.14257838 0.08921227
1.14130708 0.08892987
1.14002099 0.08840043
1.13874969 0.08774042
1.13747838 0.08720159
1.13620707 0.08681165
1.13493577 0.08653611
1.13366446 0.08636586
1.13239316 0.08629163
1.13112185 0.08630358
1.12985055 0.08639255
1.12857924 0.08654072
1.12730794 0.08673671
1.12603663 0.08696444
1.12475054 0.08720019
1.12347924 0.08740527
1.12220793 0.08754592
1.12093663 0.08761656
1.11966532 0.08764050
1.11839402 0.08764541
1.11712271 0.08764935
1.11585141 0.08765911
1.11458010 0.08767700
1.11330879 0.08770322
1.11203749 0.08773551
1.11075140 0.08777309
1.10948010 0.08781395
1.10820879 0.08785620
1.10693748 0.08789751
1.10566618 0.08793632
1.10439487 0.08797186
1.10312357 0.08800416
1.10185226 0.08803375
1.10058096 0.08806064
1.09930965 0.08808437
1.09802356 0.08810435
1.09675226 0.08811948
1.09548095 0.08813019
1.09420965 0.08813604
1.09293834 0.08813646
1.09166704 0.08813129
1.09039573 0.08811983
1.08912443 0.08810073
1.08783834 0.08807363
1.08656703 0.08803961
1.08529573 0.08800096
1.08402442 0.08795579
1.08275312 0.08790512
1.08148181 0.08784826
1.08021050 0.08779766
1.07893920 0.08778709
1.07766789 0.08783203
1.07638181 0.08790803
1.07511050 0.08798284
1.07383919 0.08804015
1.07256789 0.08807113
1.07129658 0.08807382
1.07002528 0.08804678
1.06875397 0.08799217
1.06746788 0.08791665
1.06619658 0.08783100
1.06492527 0.08774536
1.06365397 0.08766391
1.06238266 0.08758539
1.06111136 0.08750506
1.05984005 0.08742957
1.05856875 0.08737325
1.05728266 0.08734701
1.05601135 0.08735313
1.05474005 0.08738376
1.05346874 0.08742800
1.05219744 0.08747740
1.05092613 0.08752661
1.04965483 0.08757200
1.04836874 0.08761094
1.04709743 0.08764043
1.04582613 0.08766165
1.04455482 0.08767972
1.04328352 0.08770091
1.04201221 0.08772649
1.04072612 0.08775556
1.03945482 0.08778884
1.03818351 0.08782699
1.03691221 0.08787149
1.03564090 0.08792560
1.03436960 0.08799516
1.03309829 0.08808609
1.03181220 0.08819650
1.03054090 0.08832113
1.02926959 0.08845563
1.02799829 0.08859670
1.02672698 0.08874094
1.02545567 0.08888183
1.02416959 0.08900707
1.02289828 0.08910405
1.02162698 0.08917312
1.02035567 0.08922794
1.01908436 0.08928600
1.01779828 0.08935669
1.01652697 0.08944047
1.01525567 0.08953631
1.01398436 0.08964265
1.01271305 0.08975788
1.01144175 0.08988030
1.01015566 0.09000899
1.00888436 0.09014253
1.00761305 0.09028056
1.00634174 0.09042207
1.00507044 0.09056682
1.00378435 0.09071688
1.00251305 0.09087534
1.00124174 0.09104528
0.99997043 0.09122521
0.99869913 0.09140695
0.99742782 0.09158033
0.99614174 0.09174019
0.99487043 0.09188985
0.99359912 0.09203517
0.99232782 0.09217389
0.99105651 0.09230196
0.98977043 0.09241714
0.98849912 0.09251645
0.98722781 0.09259979
0.98595651 0.09267009
0.98468520 0.09273227
0.98339912 0.09278924
0.98212781 0.09284709
0.98085651 0.09291258
0.97958520 0.09299395
0.97829911 0.09310213
0.97702781 0.09323964
0.97575650 0.09340361
0.97448520 0.09358292
0.97321389 0.09376598
0.97192780 0.09394343
0.97065650 0.09410624
0.96938519 0.09424692
0.96811389 0.09435590
0.96682780 0.09442604
0.96555649 0.09445982
0.96428519 0.09446968
0.96301388 0.09446504
0.96174258 0.09444807
0.96045649 0.09442278
0.95918518 0.09440545
0.95791388 0.09443960
0.95664257 0.09456479
0.95535648 0.09477002
0.95408518 0.09499972
0.95281387 0.09521358
0.95154257 0.09540206
0.95025648 0.09556339
0.94898517 0.09569903
0.94771387 0.09580635
0.94644256 0.09588327
0.94515647 0.09593062
0.94388517 0.09594948
0.94261386 0.09593733
0.94134256 0.09588966
0.94005647 0.09581525
0.93878516 0.09575612
0.93751386 0.09575029
0.93624255 0.09579987
0.93495647 0.09589182
0.93368516 0.09601019
0.93241385 0.09613479
0.93114255 0.09625385
0.92985646 0.09636619
0.92858516 0.09647193
0.92731385 0.09656880
0.92604254 0.09665064
0.92475646 0.09670571
0.92348515 0.09672234
0.92221385 0.09669739
0.92094254 0.09665428
0.91965645 0.09662216
0.91838515 0.09661744
0.91711384 0.09665012
0.91582775 0.09672179
0.91455645 0.09683363
0.91328514 0.09698010
0.91201384 0.09715849
0.91072775 0.09736055
0.90945644 0.09757417
0.90818514 0.09778537
0.90691383 0.09798131
0.90562774 0.09815855
0.90435644 0.09831601
0.90308513 0.09845517
0.90179905 0.09857847
0.90052774 0.09869011
0.89925643 0.09879257
0.89797035 0.09888851
0.89669904 0.09898007
0.89542774 0.09907191
0.89415643 0.09917340
0.89287034 0.09929331
0.89159904 0.09943600
0.89032773 0.09960483
0.88904164 0.09981293
0.88777034 0.10007352
0.88649903 0.10037621
0.88521294 0.10070090
0.88394164 0.10103947
0.88267033 0.10138888
0.88138424 0.10174275
0.88011294 0.10208717
0.87884163 0.10240513
0.87757033 0.10268319
0.87628424 0.10291043
0.87501293 0.10307941
0.87374163 0.10318955
0.87245554 0.10324346
0.87118424 0.10324826
0.86991293 0.10321602
0.86862684 0.10317359
0.86735554 0.10315963
0.86608423 0.10320347
0.86479814 0.10331163
0.86352684 0.10348367
0.86225553 0.10370302
0.86096944 0.10394171
0.85969814 0.10417726
0.85842683 0.10439466
0.85714075 0.10459089
0.85586944 0.10476139
0.85459813 0.10490906
0.85331205 0.10503160
0.85204074 0.10513451
0.85076944 0.10523070
0.84948335 0.10534875
0.84821204 0.10551763
0.84692595 0.10572853
0.84565465 0.10596012
0.84438334 0.10619158
0.84309725 0.10641021
0.84182595 0.10660895
0.84055464 0.10678419
0.83926856 0.10693691
0.83799725 0.10706827
0.83672594 0.10718012
0.83543986 0.10727529
0.83416855 0.10735949
0.83288246 0.10743883
0.83161116 0.10751951
0.83033985 0.10760689
0.82905376 0.10771190
0.82778246 0.10784429
0.82651115 0.10801707
0.82522507 0.10822806
0.82395376 0.10844021
0.82266767 0.10861571
0.82139637 0.10875113
0.82012506 0.10885896
0.81883897 0.10894543
0.81756767 0.10901565
0.81628158 0.10906993
0.81501027 0.10910939
0.81373897 0.10914085
0.81245288 0.10918064
0.81118157 0.10923871
0.80989549 0.10931044
0.80862418 0.10939391
0.80735288 0.10949290
0.80606679 0.10961754
0.80479548 0.10976857
0.80350939 0.10993291
0.80223809 0.11009536
0.80096678 0.11024402
0.79968070 0.11037452
0.79840939 0.11048459
0.79712330 0.11057179
0.79585200 0.11063724
0.79458069 0.11068600
0.79329460 0.11072562
0.79202330 0.11076459
0.79073721 0.11080695
0.78946590 0.11085584
0.78817982 0.11091286
0.78690851 0.11097923
0.78563720 0.11105637
0.78435112 0.11114837
0.78307981 0.11126359
0.78179372 0.11140012
0.78052242 0.11154363
0.77923633 0.11167722
0.77796502 0.11178583
0.77669372 0.11186339
0.77540763 0.11190816
0.77413633 0.11191859
0.77285024 0.11189263
0.77157893 0.11182797
0.77029284 0.11172846
0.76902154 0.11161785
0.76773545 0.11152984
0.76646414 0.11147269
0.76517806 0.11143505
0.76390675 0.11140876
0.76263545 0.11138854
0.76134936 0.11137129
0.76007805 0.11135563
0.75879196 0.11134178
0.75752066 0.11133096
0.75623457 0.11132547
0.75496327 0.11132749
0.75367718 0.11134023
0.75240587 0.11136621
0.75111978 0.11140840
0.74984848 0.11146907
0.74856239 0.11154656
0.74729108 0.11163512
0.74600500 0.11172525
0.74473369 0.11180799
0.74344760 0.11188021
0.74217630 0.11194287
0.74089021 0.11199795
0.73961890 0.11204810
0.73833282 0.11209514
0.73706151 0.11214136
0.73577542 0.11218883
0.73450412 0.11224653
0.73321803 0.11233261
0.73194672 0.11246812
0.73066064 0.11264866
0.72938933 0.11285005
0.72810324 0.11303544
0.72683194 0.11316945
0.72554585 0.11326341
0.72427454 0.11334526
0.72298845 0.11342758
0.72171715 0.11350812
0.72043106 0.11357504
0.71915976 0.11362157
0.71787367 0.11364293
0.71660236 0.11364380
0.71531627 0.11367053
0.71404497 0.11378257
0.71275888 0.11398421
0.71148758 0.11421875
0.71020149 0.11444697
0.70893018 0.11465816
0.70764409 0.11484933
0.70635801 0.11502977
0.70508670 0.11520746
0.70380061 0.11539134
0.70252931 0.11555431
0.70124322 0.11565774
0.69997191 0.11569900
0.69868582 0.11572864
0.69741452 0.11580086
0.69612843 0.11592288
0.69484234 0.11608101
0.69357104 0.11625168
0.69228495 0.11642253
0.69101364 0.11658906
0.68972756 0.11674801
0.68845625 0.11690073
0.68717016 0.11705026
0.68589886 0.11724122
0.68461277 0.11754758
0.68332668 0.11795101
0.68205538 0.11836323
0.68076929 0.11874807
0.67949798 0.11911029
0.67821189 0.11945218
0.67692581 0.11976930
0.67565450 0.12004317
0.67436841 0.12021919
0.67309711 0.12027786
0.67181102 0.12027949
0.67053971 0.12029171
0.66925363 0.12034976
0.66796754 0.12047808
0.66669623 0.12070124
0.66541014 0.12101259
0.66413884 0.12137470
0.66285275 0.12173120
0.66156666 0.12203124
0.66029536 0.12227889
0.65900927 0.12250079
0.65772318 0.12271350
0.65645188 0.12291224
0.65516579 0.12307563
0.65389448 0.12319195
0.65260839 0.12326234
0.65132231 0.12329544
0.65005100 0.12329667
0.64876491 0.12327247
0.64749361 0.12322944
0.64620752 0.12317416
0.64492143 0.12311302
0.64365012 0.12305086
0.64236404 0.12299267
0.64107795 0.12294744
0.63980664 0.12294929
0.63852056 0.12303702
0.63723447 0.12321248
0.63596316 0.12345552
0.63467707 0.12375445
0.63339099 0.12409206
0.63211968 0.12443839
0.63083359 0.12475535
0.62954750 0.12501449
0.62827620 0.12516811
0.62699011 0.12518315
0.62571880 0.12510699
0.62443272 0.12502055
0.62314663 0.12497698
0.62187532 0.12499139
0.62058924 0.12504380
0.61930315 0.12510593
0.61801706 0.12517361
0.61674575 0.12524395
0.61545967 0.12531461
0.61417358 0.12537292
0.61290227 0.12542593
0.61161618 0.12552925
0.61033010 0.12571762
0.60905879 0.12599916
0.60777270 0.12632135
0.60648661 0.12658168
0.60521531 0.12672861
0.60392922 0.12675036
0.60264313 0.12667523
0.60137183 0.12656156
0.60008574 0.12647085
0.59879965 0.12644446
0.59751356 0.12650918
0.59624226 0.12667899
0.59495617 0.12692834
0.59367008 0.12719033
0.59239878 0.12738868
0.59111269 0.12749092
0.58982660 0.12754712
0.58854051 0.12764816
0.58726921 0.12781793
0.58598312 0.12803227
0.58469703 0.12827958
0.58341094 0.12850569
0.58213964 0.12864046
0.58085355 0.12863845
0.57956746 0.12852318
0.57829616 0.12835838
0.57701007 0.12821153
0.57572398 0.12813494
0.57443789 0.12814022
0.57316659 0.12823247
0.57188050 0.12840438
0.57059441 0.12864259
0.56930832 0.12890306
0.56803702 0.12912469
0.56675093 0.12927528
0.56546484 0.12935417
0.56417875 0.12935086
0.56289266 0.12926842
0.56162136 0.12914545
0.56033527 0.12904577
0.55904918 0.12903446
0.55776309 0.12913983
0.55649179 0.12929960
0.55520570 0.12941307
0.55391961 0.12943094
0.55263352 0.12934732
0.55134744 0.12923679
0.55007613 0.12920362
0.54879004 0.12928522
0.54750395 0.12945829
0.54621787 0.12967916
0.54494656 0.12982955
0.54366047 0.12982172
0.54237438 0.12974162
0.54108830 0.12963950
0.53980221 0.12956414
0.53853090 0.12969074
0.53724481 0.13000287
0.53595873 0.13032484
0.53467264 0.13054251
0.53338655 0.13060037
0.53210046 0.13053319
0.53082916 0.13051792
0.52954307 0.13070336
0.52825698 0.13106582
0.52697089 0.13150200
0.52568480 0.13187541
0.52439872 0.13207495
0.52312741 0.13208152
0.52184132 0.13198026
0.52055524 0.13190772
0.51926915 0.13192326
0.51798306 0.13203326
0.51669697 0.13225751
0.51542567 0.13253937
0.51413958 0.13281275
0.51285349 0.13304287
0.51156740 0.13319653
0.51028131 0.13328026
0.50899523 0.13333246
0.50770914 0.13340254
0.50643783 0.13352731
0.50515174 0.13369420
0.50386566 0.13386637
0.50257957 0.13400474
0.50129348 0.13409188
0.50000739 0.13413214
0.49872130 0.13413660
0.49743522 0.13411979
0.49616391 0.13409990
0.49487782 0.13409887
0.49359173 0.13413072
0.49230565 0.13419942
0.49101956 0.13430326
0.48973347 0.13443619
0.48844738 0.13459402
0.48716129 0.13474732
0.48587521 0.13484088
0.48460390 0.13482358
0.48331781 0.13472338
0.48203172 0.13462718
0.48074564 0.13461626
0.47945955 0.13472266
0.47817346 0.13489024
0.47688737 0.13505586
0.47560128 0.13515536
0.47431520 0.13514972
0.47302911 0.13503338
0.47174302 0.13486462
0.47045693 0.13474015
0.46917084 0.13476614
0.46789954 0.13496762
0.46661345 0.13519185
0.46532736 0.13522326
0.46404127 0.13500545
0.46275519 0.13473431
0.46146910 0.13472550
0.46018301 0.13505998
0.45889692 0.13551300
0.45761083 0.13588575
0.45632474 0.13607295
0.45503866 0.13615554
0.45375257 0.13625010
0.45246648 0.13635225
0.45118039 0.13626359
0.44989430 0.13579919
0.44860822 0.13513515
0.44732213 0.13460820
0.44603604 0.13439779
0.44474995 0.13439562
0.44346386 0.13440723
0.44217778 0.13431969
0.44089169 0.13413474
0.43960560 0.13389752
0.43831951 0.13363813
0.43703342 0.13337917
0.43574734 0.13312331
0.43446125 0.13287439
0.43317516 0.13263927
0.43188907 0.13243735
0.43060298 0.13230401
0.42931690 0.13223973
0.42803081 0.13218779
0.42674472 0.13211308
0.42545863 0.13205652
0.42417254 0.13206095
0.42288645 0.13210415
0.42160037 0.13196065
0.42031428 0.13143509
0.41902819 0.13070042
0.41774210 0.13017783
0.41645601 0.13001045
0.41516993 0.13000113
0.41388384 0.13000327
0.41259775 0.13002218
0.41131166 0.13017055
0.41002557 0.13036234
0.40873949 0.13042787
0.40745340 0.13036484
0.40616731 0.13030758
0.40488122 0.13036493
0.40359513 0.13059099
0.40230905 0.13095178
0.40102296 0.13127717
0.39973687 0.13138379
0.39843600 0.13127063
0.39714991 0.13109305
0.39586382 0.13093629
0.39457773 0.13081816
0.39329165 0.13072699
0.39200556 0.13064327
0.39071947 0.13055658
0.38943338 0.13049616
0.38814729 0.13049694
0.38686121 0.13056248
0.38557512 0.13068310
0.38428903 0.13085570
0.38298816 0.13103759
0.38170207 0.13113918
0.38041598 0.13112307
0.37912989 0.13108800
0.37784381 0.13111417
0.37655772 0.13116882
0.37527163 0.13120884
0.37398554 0.13121800
0.37269945 0.13118528
0.37139858 0.13114148
0.37011250 0.13117306
0.36882641 0.13133525
0.36754032 0.13156764
0.36625423 0.13176244
0.36496814 0.13185995
0.36368206 0.13186460
0.36238118 0.13183070
0.36109510 0.13180326
0.35980901 0.13180364
0.35852292 0.13181162
0.35723683 0.13183904
0.35595074 0.13196984
0.35466466 0.13221155
0.35336379 0.13249776
0.35207770 0.13275094
0.35079161 0.13293229
0.34950552 0.13307548
0.34821943 0.13318343
0.34693335 0.13325098
0.34563247 0.13331165
0.34434639 0.13341409
0.34306030 0.13357897
0.34177421 0.13380283
0.34048812 0.13407764
0.33918725 0.13437901
0.33790116 0.13469971
0.33661508 0.13504277
0.33532899 0.13541603
0.33404290 0.13585724
0.33275681 0.13635871
0.33145594 0.13684415
0.33016985 0.13726840
0.32888376 0.13762504
0.32759768 0.13789554
0.32629681 0.13811143
0.32501072 0.13835183
0.32372463 0.13870952
0.32243854 0.13922852
0.32115245 0.13990461
0.31985158 0.14070859
0.31856549 0.14159578
0.31727941 0.14250588
0.31599332 0.14334937
0.31469245 0.14411679
0.31340636 0.14486824
0.31212027 0.14558443
0.31083418 0.14619170
0.30953331 0.14667110
0.30824722 0.14710024
0.30696114 0.14760922
0.30567505 0.14827048
0.30437418 0.14908962
0.30308809 0.14998690
0.30180200 0.15082446
0.30051591 0.15149497
0.29921504 0.15200333
0.29792895 0.15243608
0.29664287 0.15289810
0.29534200 0.15348639
0.29405591 0.15418574
0.29276982 0.15488551
0.29148373 0.15546459
0.29018286 0.15582050
0.28889677 0.15589425
0.28761068 0.15593467
0.28630981 0.15624941
0.28502373 0.15671666
0.28373764 0.15715939
0.28243677 0.15746110
0.28115068 0.15746944
0.27986459 0.15731692
0.27857850 0.15718247
0.27727763 0.15710629
0.27599154 0.15716434
0.27470546 0.15739047
0.27340459 0.15764819
0.27211850 0.15774281
0.27083241 0.15759183
0.26953154 0.15719555
0.26824545 0.15668435
0.26695936 0.15626493
0.26565849 0.15603058
0.26437240 0.15592134
0.26307153 0.15580568
0.26178545 0.15563334
0.26049936 0.15541486
0.25919849 0.15510789
0.25791240 0.15472366
0.25662631 0.15430137
0.25532544 0.15386067
0.25403935 0.15342353
0.25275326 0.15298350
0.25145239 0.15251016
0.25016630 0.15198565
0.24886543 0.15140614
0.24757935 0.15076750
0.24629326 0.15006681
0.24499239 0.14931004
0.24370630 0.14848914
0.24240543 0.14761768
0.24111934 0.14675539
0.23983325 0.14594641
0.23853238 0.14518966
0.23724629 0.14444336
0.23594542 0.14363769
0.23465933 0.14272129
0.23337325 0.14168989
0.23207238 0.14057148
0.23078629 0.13937819
0.22948542 0.13811910
0.22819933 0.13682760
0.22689846 0.13557395
0.22561237 0.13440535
0.22432628 0.13329872
0.22302541 0.13218288
0.22173932 0.13099817
0.22043845 0.12975768
0.21915236 0.12848532
0.21785149 0.12720802
0.21656541 0.12595657
0.21526454 0.12476101
0.21397845 0.12363157
0.21267758 0.12256144
0.21139149 0.12144584
0.21009062 0.12016158
0.20880453 0.11876187
0.20750366 0.11747379
0.20621757 0.11648918
0.20493148 0.11575962
0.20363061 0.11500721
0.20234452 0.11406707
0.20104365 0.11302861
0.19975757 0.11197380
0.19845669 0.11096949
0.19717061 0.10996675
0.19586974 0.10883909
0.19458365 0.10753197
0.19328278 0.10623892
0.19199669 0.10526209
0.19069582 0.10459795
0.18939495 0.10397578
0.18810886 0.10316208
0.18680799 0.10217969
0.18552190 0.10118139
0.18422103 0.10027491
0.18293494 0.09945375
0.18163407 0.09867665
0.18034798 0.09792174
0.17904711 0.09717818
0.17776102 0.09645234
0.17646015 0.09575014
0.17517407 0.09507854
0.17387319 0.09443164
0.17257232 0.09379737
0.17128624 0.09316451
0.16998537 0.09251587
0.16869928 0.09182836
0.16739841 0.09104234
0.16611232 0.09007031
0.16481145 0.08886628
0.16351058 0.08764111
0.16222449 0.08670582
0.16092362 0.08607120
0.15963753 0.08544225
0.15833666 0.08467010
0.15703579 0.08387087
0.15574970 0.08314377
0.15444883 0.08247609
0.15316274 0.08171364
0.15186187 0.08086786
0.15056100 0.08008581
0.14927491 0.07941093
0.14797404 0.07876694
0.14668795 0.07807656
0.14538708 0.07723969
0.14408621 0.07618261
0.14280012 0.07499265
0.14149925 0.07386017
0.14019838 0.07287815
0.13891229 0.07196655
0.13761142 0.07106163
0.13632534 0.07013886
0.13502447 0.06920079
0.13372359 0.06826261
0.13243751 0.06734234
0.13113664 0.06640402
0.12983577 0.06539637
0.12854968 0.06495195
0.12724881 0.06406908
0.12594794 0.06318761
0.12466185 0.06230782
0.12336098 0.06143001
0.12206011 0.06055449
0.12075924 0.05968156
0.11947315 0.05881155
0.11817228 0.05794478
0.11687141 0.05708159
0.11558532 0.05622233
0.11428445 0.05536733
0.11298358 0.05451695
0.11169749 0.05367154
0.11039662 0.05283148
0.10909575 0.05199710
0.10779488 0.05116879
0.10650879 0.05034691
0.10520792 0.04953182
0.10390705 0.04872388
0.10260618 0.04792347
0.10132009 0.04713094
0.10001922 0.04634666
0.09871835 0.04557097
0.09743226 0.04480423
0.09613139 0.04404679
0.09483052 0.04329897
0.09352965 0.04256111
0.09224356 0.04183353
0.09094269 0.04111653
0.08964182 0.04041043
0.08834095 0.03971550
0.08704008 0.03903201
0.08575399 0.03836024
0.08445312 0.03770041
0.08315225 0.03705276
0.08185138 0.03641749
0.08056529 0.03579480
0.07926442 0.03518485
0.07796355 0.03458778
0.07666268 0.03400371
0.07536180 0.03343276
0.07407572 0.03287498
0.07277485 0.03233042
0.07147398 0.03179909
0.07017310 0.03128098
0.06887223 0.03077605
0.06757136 0.03028420
0.06628528 0.02980533
0.06498440 0.02933929
0.06368353 0.02888587
0.06238266 0.02844486
0.06108179 0.02801598
0.05978092 0.02759891
0.05849483 0.02719331
0.05719396 0.02679875
0.05589309 0.02641480
0.05459222 0.02604094
0.05329135 0.02567663
0.05199048 0.02532125
0.05068961 0.02497415
0.04940352 0.02463460
0.04810265 0.02430183
0.04680178 0.02397500
0.04550091 0.02365320
0.04420004 0.02333548
0.04289917 0.02302079
0.04159830 0.02270804
0.04029743 0.02239606
0.03901134 0.02208361
0.03771047 0.02176936
0.03640960 0.02145192
0.03510873 0.02112983
0.03380786 0.02080152
0.03250698 0.02046535
0.03120611 0.02011962
0.02990524 0.01976250
0.02860437 0.01939211
0.02730350 0.01900644
0.02600263 0.01860342
0.02470176 0.01818087
0.02341567 0.01773651
0.02211480 0.01726795
0.02081393 0.01677271
0.01951306 0.01624822
0.01821219 0.01569176
0.01691132 0.01510053
0.01561045 0.01447161
0.01430958 0.01380197
0.01300871 0.01308845
0.01170784 0.01232779
0.01040697 0.01151657
0.00910609 0.01065128
0.00780522 0.00972827
0.00650435 0.00874376
0.00520348 0.00769383
0.00390261 0.00657444
0.00260174 0.00538139
0.00130087 0.00411034
0.00000000 0.00275684
-0.00000000 0.00883136
-0.00130087 0.00751491
-0.00260335 0.00534432
-0.00390746 0.00440423
-0.00521317 0.00349241
-0.00652048 0.00280596
-0.00782941 0.00212075
-0.00913993 0.00150760
-0.01045207 0.00084904
-0.01176578 0.00035410
-0.01308110 0.00055479
-0.01439801 0.00125970
-0.01571644 0.00194461
-0.01703653 0.00266164
-0.01835824 0.00341457
-0.01968143 0.00420435
-0.02100625 0.00503262
-0.02233255 0.00589147
-0.02366047 0.00677446
-0.02499002 0.00767440
-0.02632105 0.00841829
-0.02765326 0.00862671
-0.02898739 0.00835957
-0.03032315 0.00808690
-0.03166038 0.00798178
-0.03299939 0.00796565
-0.03433973 0.00799207
-0.03568185 0.00804585
-0.03702529 0.00811962
-0.03837051 0.00821241
-0.03971706 0.00832662
-0.04106524 0.00847371
-0.04241504 0.00867523
-0.04376617 0.00887747
-0.04511893 0.00882885
-0.04647316 0.00847565
-0.04782902 0.00811541
-0.04918636 0.00789470
-0.05054518 0.00775799
-0.05190548 0.00766304
-0.05326740 0.00759461
-0.05463080 0.00754179
-0.05599568 0.00749963
-0.05736204 0.00746386
-0.05872988 0.00743259
-0.06009919 0.00740443
-0.06146998 0.00738052
-0.06284240 0.00736639
-0.06421615 0.00738336
-0.06559138 0.00744588
-0.06696823 0.00752437
-0.06834642 0.00758591
-0.06972608 0.00763272
-0.07110722 0.00767481
-0.07248984 0.00771413
-0.07387393 0.00775123
-0.07525951 0.00778663
-0.07664641 0.00782061
-0.07803480 0.00785342
-0.07942466 0.00788519
-0.08081600 0.00791607
-0.08220867 0.00794613
-0.08360282 0.00797545
-0.08499845 0.00800407
-0.08639541 0.00803205
-0.08779384 0.00805942
-0.08919376 0.00808620
-0.09059500 0.00811243
-0.09199772 0.00813814
-0.09340178 0.00816336
-0.09480731 0.00818811
-0.09621417 0.00821244
-0.09762236 0.00823641
-0.09903203 0.00826013
-0.10044304 0.00828374
-0.10185551 0.00830748
-0.10326932 0.00833176
-0.10468446 0.00835729
-0.10610108 0.00838550
-0.10751888 0.00841991
-0.10893816 0.00846208
-0.11035892 0.00850304
-0.11178086 0.00853387
-0.11320413 0.00855731
-0.11462888 0.00857842
-0.11605496 0.00859848
-0.11748222 0.00861775
-0.11891096 0.00863646
-0.12034104 0.00865473
-0.12177229 0.00867267
-0.12320502 0.00869036
-0.12463893 0.00870785
-0.12607433 0.00872520
-0.12751090 0.00874245
-0.12894881 0.00875965
-0.13038804 0.00877683
-0.13182846 0.00879402
-0.13327021 0.00881127
-0.13471344 0.00882861
-0.13615770 0.00884604
-0.13760344 0.00886362
-0.13905022 0.00888137
-0.14049847 0.00889931
-0.14194791 0.00891747
-0.14339867 0.00893587
-0.14485062 0.00895454
-0.14630375 0.00897349
-0.14775822 0.00899276
-0.14921430 0.00901235
-0.15067039 0.00903229
-0.15212944 0.00905261
-0.15358848 0.00907330
-0.15504900 0.00909440
-0.15651101 0.00911592
-0.15797449 0.00913786
-0.15943796 0.00916025
-0.16090440 0.00918308
-0.16237084 0.00920637
-0.16383875 0.00923014
-0.16530667 0.00925437
-0.16677754 0.00927910
-0.16824841 0.00930431
-0.16972223 0.00933002
-0.17119606 0.00935624
-0.17266989 0.00938297
-0.17414667 0.00941022
-0.17562346 0.00943801
-0.17710172 0.00946636
-0.17858146 0.00949530
-0.18006268 0.00952488
-0.18154390 0.00955511
-0.18302659 0.00958605
-0.18451077 0.00961777
-0.18599642 0.00965095
-0.18748355 0.00968600
-0.18897069 0.00972121
-0.19045930 0.00975333
-0.19194791 0.00978035
-0.19343947 0.00980314
-0.19493104 0.00982368
-0.19642408 0.00984291
-0.19791861 0.00986109
-0.19941313 0.00987838
-0.20090913 0.00989490
-0.20240661 0.00991076
-0.20390557 0.00992603
-0.20540453 0.00994080
-0.20690496 0.00995516
-0.20840540 0.00996919
-0.20990879 0.00998300
-0.21141218 0.00999668
-0.21291705 0.01001040
-0.21442193 0.01002430
-0.21592827 0.01003850
-0.21743610 0.01005340
-0.21894541 0.01006930
-0.22045471 0.01008650
-0.22196550 0.01010550
-0.22347628 0.01012710
-0.22499002 0.01015220
-0.22650376 0.01018200
-0.22801750 0.01021810
-0.22953272 0.01026280
-0.23104942 0.01031970
-0.23256759 0.01039430
-0.23408577 0.01049730
-0.23560542 0.01063070
-0.23712508 0.01075700
-0.23864621 0.01084200
-0.24016882 0.01089900
-0.24169143 0.01094810
-0.24321552 0.01099360
-0.24474108 0.01103620
-0.24626665 0.01107700
-0.24779369 0.01111640
-0.24932074 0.01115480
-0.25084926 0.01119250
-0.25237926 0.01122980
-0.25390926 0.01126660
-0.25544074 0.01130330
-0.25697222 0.01133970
-0.25850518 0.01137600
-0.26003962 0.01141230
-0.26157405 0.01144850
-0.26310997 0.01148460
-0.26464588 0.01152060
-0.26618327 0.01155660
-0.26772067 0.01159250
-0.26925954 0.01162830
-0.27079989 0.01166380
-0.27234024 0.01169920
-0.27388059 0.01173430
-0.27542241 0.01176900
-0.27696572 0.01180340
-0.27850902 0.01183720
-0.28005381 0.01187040
-0.28159859 0.01190300
-0.28314485 0.01193480
-0.28469112 0.01196560
-0.28623886 0.01199530
-0.28778808 0.01202380
-0.28933730 0.01205090
-0.29088651 0.01207630
-0.29243721 0.01209990
-0.29398791 0.01212120
-0.29554008 0.01213970
-0.29709226 0.01215470
-0.29864591 0.01216580
-0.30019957 0.01217240
-0.30175470 0.01217250
-0.30330983 0.01217280
-0.30486644 0.01218630
-0.30642305 0.01221330
-0.30798114 0.01224630
-0.30953923 0.01228190
-0.31109731 0.01231950
-0.31265688 0.01235880
-0.31421793 0.01239960
-0.31577749 0.01244150
-0.31734002 0.01248460
-0.31890106 0.01252860
-0.32046358 0.01257360
-0.32202758 0.01261950
-0.32359159 0.01266620
-0.32515559 0.01271370
-0.32672107 0.01276200
-0.32828655 0.01281090
-0.32985350 0.01286060
-0.33142046 0.01291080
-0.33298742 0.01296160
-0.33455586 0.01301290
-0.33612429 0.01306470
-0.33769273 0.01311710
-0.33926264 0.01317000
-0.34083256 0.01322350
-0.34240395 0.01327750
-0.34397534 0.01333200
-0.34554674 0.01338700
-0.34711961 0.01344250
-0.34869248 0.01349840
-0.35026535 0.01355480
-0.35183970 0.01361160
-0.35341405 0.01366870
-0.35498840 0.01372610
-0.35656422 0.01378380
-0.35814005 0.01384160
-0.35971588 0.01389960
-0.36129171 0.01395770
-0.36286901 0.01401560
-0.36444780 0.01407330
-0.36602510 0.01413060
-0.36760388 0.01418690
-0.36918267 0.01424220
-0.37076145 0.01429870
-0.37234172 0.01435950
-0.37392198 0.01442370
-0.37550224 0.01448980
-0.37708398 0.01455720
-0.37866424 0.01462590
-0.38024598 0.01469590
-0.38182920 0.01476700
-0.38341094 0.01483940
-0.38499416 0.01491290
-0.38657738 0.01498750
-0.38816060 0.01506330
-0.38974382 0.01514020
-0.39132851 0.01521830
-0.39291321 0.01529750
-0.39449791 0.01537780
-0.39608261 0.01545920
-0.39766878 0.01554180
-0.39925496 0.01562550
-0.40084113 0.01571030
-0.40242731 0.01579630
-0.40401348 0.01588330
-0.40560114 0.01597140
-0.40718731 0.01606070
-0.40877496 0.01615100
-0.41036262 0.01624240
-0.41195175 0.01633480
-0.41353940 0.01642830
-0.41512853 0.01652280
-0.41671619 0.01661830
-0.41830532 0.01671490
-0.41989445 0.01681240
-0.42148358 0.01691080
-0.42307419 0.01701020
-0.42466333 0.01711040
-0.42625394 0.01721160
-0.42784307 0.01731350
-0.42943368 0.01741630
-0.43102429 0.01751980
-0.43261490 0.01762390
-0.43420551 0.01772880
-0.43579612 0.01783420
-0.43738821 0.01794010
-0.43897882 0.01804660
-0.44057090 0.01815330
-0.44216151 0.01826040
-0.44375360 0.01836770
-0.44534569 0.01847500
-0.44693778 0.01858230
-0.44852839 0.01868940
-0.45012048 0.01879620
-0.45171257 0.01890230
-0.45330613 0.01900770
-0.45489822 0.01911190
-0.45649031 0.01921460
-0.45808240 0.01931540
-0.45967449 0.01941340
-0.46126658 0.01950800
-0.46286014 0.01959600
-0.46445223 0.01967510
-0.46604432 0.01975560
-0.46763788 0.01985910
-0.46922997 0.01999100
-0.47082206 0.02013700
-0.47241563 0.02028720
-0.47400772 0.02043950
-0.47559980 0.02059310
-0.47719337 0.02074750
-0.47878546 0.02090230
-0.48037755 0.02105720
-0.48196964 0.02121210
-0.48356320 0.02136690
-0.48515529 0.02152150
-0.48674738 0.02167590
-0.48833947 0.02183010
-0.48993156 0.02198410
-0.49152364 0.02213790
-0.49311573 0.02229160
-0.49470782 0.02244520
-0.49629843 0.02259870
-0.49789052 0.02275230
-0.49948261 0.02290590
-0.50107322 0.02305960
-0.50266383 0.02321360
-0.50425592 0.02336780
-0.50584653 0.02352240
-0.50743714 0.02367750
-0.50902775 0.02383320
-0.51061836 0.02398950
-0.51220897 0.02414660
-0.51379958 0.02430460
-0.51538871 0.02446370
-0.51697932 0.02462400
-0.51856845 0.02478570
-0.52015758 0.02494900
-0.52174671 0.02511420
-0.52333585 0.02528140
-0.52492498 0.02545110
-0.52651263 0.02562350
-0.52810029 0.02579900
-0.52968942 0.02597810
-0.53127707 0.02616130
-0.53286472 0.02634930
-0.53445090 0.02654280
-0.53603855 0.02674290
-0.53762473 0.02695060
-0.53921090 0.02716770
-0.54079708 0.02739630
-0.54238325 0.02763970
-0.54396943 0.02790400
-0.54555413 0.02819280
-0.54713882 0.02847280
-0.54872352 0.02870700
-0.55030822 0.02890820
-0.55189144 0.02909980
-0.55347466 0.02928890
-0.55505787 0.02947660
-0.55664109 0.02966430
-0.55822283 0.02985270
-0.55980605 0.03004240
-0.56138779 0.03023390
-0.56296805 0.03042750
-0.56454980 0.03062360
-0.56613006 0.03082230
-0.56771032 0.03102400
-0.56929058 0.03122870
-0.57086937 0.03143660
-0.57244815 0.03164790
-0.57402693 0.03186260
-0.57560424 0.03208090
-0.57718302 0.03230290
-0.57875885 0.03252860
-0.58033616 0.03275810
-0.58191198 0.03299140
-0.58348781 0.03322850
-0.58506364 0.03346960
-0.58663799 0.03371450
-0.58821234 0.03396330
-0.58978669 0.03421610
-0.59135956 0.03447260
-0.59293243 0.03473300
-0.59450530 0.03499720
-0.59607669 0.03526510
-0.59764808 0.03553660
-0.59921800 0.03581170
-0.60078939 0.03609020
-0.60235783 0.03637210
-0.60392774 0.03665720
-0.60549618 0.03694530
-0.60706461 0.03723650
-0.60863157 0.03753040
-0.61019853 0.03782700
-0.61176401 0.03812600
-0.61333097 0.03842730
-0.61489497 0.03873060
-0.61646045 0.03903570
-0.61802445 0.03934230
-0.61958697 0.03965030
-0.62114950 0.03995920
-0.62271202 0.04026880
-0.62427306 0.04057880
-0.62583411 0.04088870
-0.62739368 0.04119800
-0.62895324 0.04150640
-0.63051133 0.04181320
-0.63207090 0.04211770
-0.63362751 0.04241910
-0.63518412 0.04271640
-0.63674073 0.04300720
-0.63829586 0.04328770
-0.63985099 0.04355800
-0.64140464 0.04381560
-0.64295830 0.04407710
-0.64451047 0.04437770
-0.64606265 0.04471960
-0.64761335 0.04507890
-0.64916404 0.04544320
-0.65071326 0.04581050
-0.65226248 0.04617980
-0.65381022 0.04655050
-0.65535796 0.04692190
-0.65690570 0.04729380
-0.65845049 0.04766610
-0.65999675 0.04803870
-0.66154005 0.04841150
-0.66308484 0.04878450
-0.66462666 0.04915770
-0.66616849 0.04953110
-0.66771032 0.04990480
-0.66925067 0.05027870
-0.67078954 0.05065310
-0.67232841 0.05102780
-0.67386728 0.05140310
-0.67540467 0.05177890
-0.67694059 0.05215530
-0.67847650 0.05253250
-0.68001094 0.05291040
-0.68154390 0.05328930
-0.68307685 0.05366920
-0.68460833 0.05405020
-0.68613981 0.05443250
-0.68766982 0.05481620
-0.68919982 0.05520140
-0.69072834 0.05558830
-0.69225538 0.05597700
-0.69378243 0.05636790
-0.69530800 0.05676100
-0.69683356 0.05715680
-0.69835765 0.05755540
-0.69988026 0.05795710
-0.70140287 0.05836250
-0.70292400 0.05877190
-0.70444366 0.05918580
-0.70596331 0.05960490
-0.70748148 0.06002990
-0.70899966 0.06046170
-0.71051488 0.06090130
-0.71203158 0.06135000
-0.71354532 0.06180950
-0.71505906 0.06228210
-0.71657132 0.06277030
-0.71808358 0.06327890
-0.71959436 0.06381300
-0.72110367 0.06438950
-0.72261150 0.06499380
-0.72411933 0.06553610
-0.72562567 0.06597350
-0.72713202 0.06635630
-0.72863542 0.06672590
-0.73014029 0.06709200
-0.73164220 0.06745880
-0.73314412 0.06783100
-0.73464307 0.06821200
-0.73614351 0.06860530
-0.73764099 0.06901420
-0.73913847 0.06944160
-0.74063447 0.06989020
-0.74212899 0.07036230
-0.74362352 0.07085980
-0.74511656 0.07138360
-0.74660813 0.07193420
-0.74809822 0.07251120
-0.74958830 0.07311310
-0.75107691 0.07373770
-0.75256405 0.07438210
-0.75405118 0.07504270
-0.75553535 0.07571520
-0.75701953 0.07639570
-0.75850222 0.07707960
-0.75998492 0.07776310
-0.76146466 0.07844240
-0.76294440 0.07911400
-0.76442266 0.07977530
-0.76590093 0.08042380
-0.76737623 0.08105760
-0.76885154 0.08167510
-0.77032537 0.08227510
-0.77179771 0.08285640
-0.77326859 0.08341800
-0.77473946 0.08395880
-0.77620885 0.08447550
-0.77767528 0.08496690
-0.77914320 0.08543940
-0.78060816 0.08589970
-0.78207164 0.08635150
-0.78353512 0.08679780
-0.78499712 0.08724300
-0.78645764 0.08769380
-0.78791669 0.08815210
-0.78937573 0.08861630
-0.79083182 0.08908810
-0.79228791 0.08957040
-0.79374252 0.09006570
-0.79519565 0.09057600
-0.79664730 0.09110350
-0.79809748 0.09164970
-0.79954765 0.09221610
-0.80099487 0.09280340
-0.80244209 0.09341160
-0.80388783 0.09404010
-0.80533209 0.09468750
-0.80677488 0.09535150
-0.80821618 0.09602920
-0.80965749 0.09671750
-0.81109584 0.09741270
-0.81253418 0.09811120
-0.81397106 0.09880970
-0.81540645 0.09950500
-0.81684036 0.10019500
-0.81827280 0.10087600
-0.81970376 0.10154800
-0.82113324 0.10221000
-0.82256272 0.10286000
-0.82398924 0.10349900
-0.82541576 0.10412600
-0.82684081 0.10474200
-0.82826289 0.10534700
-0.82968498 0.10594100
-0.83110559 0.10652100
-0.83252472 0.10708900
-0.83394238 0.10765000
-0.83536003 0.10820500
-0.83677473 0.10875600
-0.83818795 0.10930300
-0.83960116 0.10984700
-0.84101143 0.11038800
-0.84242169 0.11092500
-0.84382899 0.11146100
-0.84523630 0.11199600
-0.84664213 0.11253100
-0.84804648 0.11306700
-0.84944787 0.11360200
-0.85084926 0.11413800
-0.85224918 0.11467300
-0.85364761 0.11520900
-0.85504457 0.11574500
-0.85644005 0.11628100
-0.85783405 0.11681800
-0.85922657 0.11735600
-0.86061762 0.11789400
-0.86200866 0.11843300
-0.86339675 0.11897300
-0.86478336 0.11951500
-0.86616849 0.12005700
-0.86755215 0.12060100
-0.86893580 0.12114600
-0.87031650 0.12169400
-0.87169571 0.12224300
-0.87307345 0.12279400
-0.87445120 0.12334800
-0.87582598 0.12390400
-0.87719928 0.12446300
-0.87857259 0.12502500
-0.87994294 0.12559000
-0.88131181 0.12615900
-0.88267920 0.12673200
-0.88404659 0.12730900
-0.88541103 0.12789000
-0.88677399 0.12847700
-0.88813547 0.12906900
-0.88949695 0.12966600
-0.89085547 0.13027100
-0.89221251 0.13088200
-0.89356808 0.13150000
-0.89492217 0.13212600
-0.89627478 0.13276100
-0.89762591 0.13340600
-0.89897556 0.13406000
-0.90032374 0.13472600
-0.90167044 0.13540300
-0.90301565 0.13609300
-0.90435940 0.13679700
-0.90570166 0.13751600
-0.90704096 0.13825000
-0.90838027 0.13900200
-0.90971810 0.13977000
-0.91105297 0.14055800
-0.91238784 0.14135500
-0.91371975 0.14217100
-0.91505167 0.14308200
-0.91638062 0.14412500
-0.91770810 0.14524100
-0.91903410 0.14638200
-0.92036010 0.14754900
-0.92168315 0.14875400
-0.92300472 0.15000700
-0.92432480 0.15132000
-0.92564341 0.15270200
-0.92695907 0.15416500
-0.92827472 0.15572300
-0.92958890 0.15739000
-0.93090011 0.15918400
-0.93221133 0.16112500
-0.93351959 0.16323700
-0.93482786 0.16554900
-0.93613316 0.16808900
-0.93743699 0.17090900
-0.93873934 0.17400100
-0.94004021 0.17748400
-0.94133960 0.18072200
-0.94263604 0.18345500
-0.94393247 0.18687800
-0.94522743 0.19298700
-0.94651943 0.20189700
-0.94781143 0.22405600
-0.94910048 0.25795800
-0.95038804 0.25891000
-0.95167118 0.15770700
-0.95295431 0.05921260
-0.95423744 0.03922340
-0.95551909 0.03161370
-0.95679779 0.02652090
-0.95807353 0.02008600
-0.95934927 0.01787760
-0.96062353 0.01956100
-0.96189631 0.02491680
-0.96316762 0.02557670
