# s/c    cf
1.28119503 -0.00067243
1.27992372 0.00401360
1.27865242 0.00842363
1.27738111 0.01256925
1.27610981 0.01646173
1.27483850 0.02011199
1.27356719 0.02353064
1.27229589 0.02672796
1.27102458 0.02971393
1.26975328 0.03249821
1.26848197 0.03509017
1.26721067 0.03749889
1.26593936 0.03973314
1.26466806 0.04180144
1.26339675 0.04371200
1.26212545 0.04547277
1.26085414 0.04709144
1.25958283 0.04857543
1.25831153 0.04993191
1.25704022 0.05116781
1.25576892 0.05228978
1.25449761 0.05330427
1.25322631 0.05421748
1.25195500 0.05503537
1.25068370 0.05576370
1.24941239 0.05640799
1.24814109 0.05697355
1.24686978 0.05746549
1.24559847 0.05788871
1.24432717 0.05824791
1.24305586 0.05854760
1.24178456 0.05879210
1.24051325 0.05898553
1.23924195 0.05913185
1.23797064 0.05923483
1.23669934 0.05929809
1.23542803 0.05932504
1.23415673 0.05931898
1.23288542 0.05928302
1.23161411 0.05922012
1.23034281 0.05913309
1.22907150 0.05902461
1.22780020 0.05889720
1.22652889 0.05875325
1.22525759 0.05859502
1.22398628 0.05842464
1.22271498 0.05824411
1.22144367 0.05805532
1.22017237 0.05786002
1.21890106 0.05765987
1.21762975 0.05745642
1.21635845 0.05725109
1.21508714 0.05704522
1.21381584 0.05684005
1.21254453 0.05663671
1.21127323 0.05643625
1.21000192 0.05623963
1.20873062 0.05604772
1.20744453 0.05586132
1.20617322 0.05568112
1.20490192 0.05550778
1.20363061 0.05534186
1.20235931 0.05518385
1.20108800 0.05503417
1.19981670 0.05489321
1.19854539 0.05476126
1.19727408 0.05463857
1.19600278 0.05452533
1.19473147 0.05442170
1.19346017 0.05432775
1.19218886 0.05424354
1.19091756 0.05416907
1.18964625 0.05410430
1.18837495 0.05404916
1.18710364 0.05400352
1.18583234 0.05396725
1.18456103 0.05394017
1.18328972 0.05392206
1.18201842 0.05391269
1.18074711 0.05391181
1.17946103 0.05391912
1.17818972 0.05393433
1.17691841 0.05395711
1.17564711 0.05398713
1.17437580 0.05402403
1.17310450 0.05406745
1.17183319 0.05411701
1.17056189 0.05417232
1.16929058 0.05423299
1.16801928 0.05429862
1.16674797 0.05436881
1.16547667 0.05444314
1.16420536 0.05452122
1.16293405 0.05460263
1.16166275 0.05468698
1.16039144 0.05477384
1.15912014 0.05486284
1.15783405 0.05495356
1.15656274 0.05504563
1.15529144 0.05513867
1.15402013 0.05567988
1.15274883 0.05607708
1.15147752 0.05629982
1.15020622 0.05652068
1.14893491 0.05689320
1.14766361 0.05734110
1.14639230 0.05770128
1.14512100 0.05790694
1.14384969 0.05797937
1.14257838 0.05794519
1.14130708 0.05783768
1.14002099 0.05765204
1.13874969 0.05737354
1.13747838 0.05694167
1.13620707 0.05642455
1.13493577 0.05599883
1.13366446 0.05570008
1.13239316 0.05552970
1.13112185 0.05547335
1.12985055 0.05551528
1.12857924 0.05564441
1.12730794 0.05584135
1.12603663 0.05608840
1.12475054 0.05635006
1.12347924 0.05657656
1.12220793 0.05672686
1.12093663 0.05679469
1.11966532 0.05680584
1.11839402 0.05679225
1.11712271 0.05677657
1.11585141 0.05676901
1.11458010 0.05677268
1.11330879 0.05678848
1.11203749 0.05681416
1.11075140 0.05684860
1.10948010 0.05688943
1.10820879 0.05693414
1.10693748 0.05698005
1.10566618 0.05702514
1.10439487 0.05706881
1.10312357 0.05711078
1.10185226 0.05715177
1.10058096 0.05719131
1.09930965 0.05722881
1.09802356 0.05726338
1.09675226 0.05729339
1.09548095 0.05731901
1.09420965 0.05733932
1.09293834 0.05735350
1.09166704 0.05736077
1.09039573 0.05735980
1.08912443 0.05734852
1.08783834 0.05732635
1.08656703 0.05729454
1.08529573 0.05725432
1.08402442 0.05720371
1.08275312 0.05714138
1.08148181 0.05706855
1.08021050 0.05700662
1.07893920 0.05699780
1.07766789 0.05705831
1.07638181 0.05716142
1.07511050 0.05726964
1.07383919 0.05735987
1.07256789 0.05742076
1.07129658 0.05744678
1.07002528 0.05743535
1.06875397 0.05738819
1.06746788 0.05731307
1.06619658 0.05722229
1.06492527 0.05712698
1.06365397 0.05703148
1.06238266 0.05693368
1.06111136 0.05682869
1.05984005 0.05672663
1.05856875 0.05664618
1.05728266 0.05660134
1.05601135 0.05659510
1.05474005 0.05661903
1.05346874 0.05666030
1.05219744 0.05670883
1.05092613 0.05675779
1.04965483 0.05680152
1.04836874 0.05683592
1.04709743 0.05685665
1.04582613 0.05686518
1.04455482 0.05686716
1.04328352 0.05686921
1.04201221 0.05687249
1.04072612 0.05687690
1.03945482 0.05688250
1.03818351 0.05689115
1.03691221 0.05690434
1.03564090 0.05692782
1.03436960 0.05697030
1.03309829 0.05703761
1.03181220 0.05712929
1.03054090 0.05723880
1.02926959 0.05736170
1.02799829 0.05749380
1.02672698 0.05763048
1.02545567 0.05776209
1.02416959 0.05787147
1.02289828 0.05794369
1.02162698 0.05797953
1.02035567 0.05799557
1.01908436 0.05801219
1.01779828 0.05804077
1.01652697 0.05808336
1.01525567 0.05813933
1.01398436 0.05820702
1.01271305 0.05828458
1.01144175 0.05837043
1.01015566 0.05846291
1.00888436 0.05856172
1.00761305 0.05866528
1.00634174 0.05877258
1.00507044 0.05888454
1.00378435 0.05900347
1.00251305 0.05913524
1.00124174 0.05928283
0.99997043 0.05944575
0.99869913 0.05961294
0.99742782 0.05977238
0.99614174 0.05991923
0.99487043 0.06005633
0.99359912 0.06018917
0.99232782 0.06031486
0.99105651 0.06042856
0.98977043 0.06052619
0.98849912 0.06060395
0.98722781 0.06066080
0.98595651 0.06070048
0.98468520 0.06072779
0.98339912 0.06074753
0.98212781 0.06076735
0.98085651 0.06079700
0.97958520 0.06084842
0.97829911 0.06093550
0.97702781 0.06106242
0.97575650 0.06122702
0.97448520 0.06141521
0.97321389 0.06161337
0.97192780 0.06181008
0.97065650 0.06199154
0.96938519 0.06214732
0.96811389 0.06226305
0.96682780 0.06232979
0.96555649 0.06234956
0.96428519 0.06233585
0.96301388 0.06229645
0.96174258 0.06223560
0.96045649 0.06215862
0.95918518 0.06209198
0.95791388 0.06209471
0.95664257 0.06221250
0.95535648 0.06243275
0.95408518 0.06269015
0.95281387 0.06293904
0.95154257 0.06316310
0.95025648 0.06335821
0.94898517 0.06352420
0.94771387 0.06365569
0.94644256 0.06374962
0.94515647 0.06380550
0.94388517 0.06382023
0.94261386 0.06378968
0.94134256 0.06370671
0.94005647 0.06358555
0.93878516 0.06348266
0.93751386 0.06344178
0.93624255 0.06346978
0.93495647 0.06355277
0.93368516 0.06366963
0.93241385 0.06379677
0.93114255 0.06392038
0.92985646 0.06403777
0.92858516 0.06414799
0.92731385 0.06424642
0.92604254 0.06432289
0.92475646 0.06435957
0.92348515 0.06434090
0.92221385 0.06426408
0.92094254 0.06415870
0.91965645 0.06406000
0.91838515 0.06398881
0.91711384 0.06395996
0.91582775 0.06397697
0.91455645 0.06404226
0.91328514 0.06415099
0.91201384 0.06430114
0.91072775 0.06448192
0.90945644 0.06467784
0.90818514 0.06487178
0.90691383 0.06504718
0.90562774 0.06519859
0.90435644 0.06532315
0.90308513 0.06542188
0.90179905 0.06549677
0.90052774 0.06555222
0.89925643 0.06558983
0.89797035 0.06561269
0.89669904 0.06562357
0.89542774 0.06562832
0.89415643 0.06563925
0.89287034 0.06566727
0.89159904 0.06571965
0.89032773 0.06580493
0.88904164 0.06594157
0.88777034 0.06614486
0.88649903 0.06640269
0.88521294 0.06669486
0.88394164 0.06701345
0.88267033 0.06735343
0.88138424 0.06770697
0.88011294 0.06805545
0.87884163 0.06837772
0.87757033 0.06865342
0.87628424 0.06886671
0.87501293 0.06900608
0.87374163 0.06906628
0.87245554 0.06904862
0.87118424 0.06896028
0.86991293 0.06881876
0.86862684 0.06866082
0.86735554 0.06853443
0.86608423 0.06847599
0.86479814 0.06849798
0.86352684 0.06860367
0.86225553 0.06877117
0.86096944 0.06896616
0.85969814 0.06916161
0.85842683 0.06933666
0.85714075 0.06948523
0.85586944 0.06960055
0.85459813 0.06968429
0.85331205 0.06973280
0.85204074 0.06975369
0.85076944 0.06976739
0.84948335 0.06981170
0.84821204 0.06992127
0.84692595 0.07008676
0.84565465 0.07028394
0.84438334 0.07048742
0.84309725 0.07067937
0.84182595 0.07084990
0.84055464 0.07099363
0.83926856 0.07111042
0.83799725 0.07120062
0.83672594 0.07126572
0.83543986 0.07130901
0.83416855 0.07133697
0.83288246 0.07135698
0.83161116 0.07137650
0.83033985 0.07140435
0.82905376 0.07145509
0.82778246 0.07154584
0.82651115 0.07169413
0.82522507 0.07189278
0.82395376 0.07209588
0.82266767 0.07225980
0.82139637 0.07237769
0.82012506 0.07246076
0.81883897 0.07251689
0.81756767 0.07254973
0.81628158 0.07255986
0.81501027 0.07254843
0.81373897 0.07252534
0.81245288 0.07251087
0.81118157 0.07251588
0.80989549 0.07253721
0.80862418 0.07257470
0.80735288 0.07263438
0.80606679 0.07272994
0.80479548 0.07286214
0.80350939 0.07301461
0.80223809 0.07316894
0.80096678 0.07331029
0.79968070 0.07343121
0.79840939 0.07352821
0.79712330 0.07359654
0.79585200 0.07363793
0.79458069 0.07365888
0.79329460 0.07366777
0.79202330 0.07367596
0.79073721 0.07368845
0.78946590 0.07370999
0.78817982 0.07374313
0.78690851 0.07379030
0.78563720 0.07385506
0.78435112 0.07394456
0.78307981 0.07407064
0.78179372 0.07423060
0.78052242 0.07440575
0.77923633 0.07457563
0.77796502 0.07472096
0.77669372 0.07483221
0.77540763 0.07490528
0.77413633 0.07493620
0.77285024 0.07491962
0.77157893 0.07485108
0.77029284 0.07473736
0.76902154 0.07461026
0.76773545 0.07450860
0.76646414 0.07444200
0.76517806 0.07439939
0.76390675 0.07437056
0.76263545 0.07434808
0.76134936 0.07432753
0.76007805 0.07430686
0.75879196 0.07428590
0.75752066 0.07426629
0.75623457 0.07425030
0.75496327 0.07424157
0.75367718 0.07424333
0.75240587 0.07425997
0.75111978 0.07429637
0.74984848 0.07435475
0.74856239 0.07443414
0.74729108 0.07452645
0.74600500 0.07462047
0.74473369 0.07470339
0.74344760 0.07477163
0.74217630 0.07482540
0.74089021 0.07486549
0.73961890 0.07489541
0.73833282 0.07491658
0.73706151 0.07493183
0.73577542 0.07494505
0.73450412 0.07497016
0.73321803 0.07503475
0.73194672 0.07516303
0.73066064 0.07534992
0.72938933 0.07556348
0.72810324 0.07575381
0.72683194 0.07588397
0.72554585 0.07596532
0.72427454 0.07602858
0.72298845 0.07608854
0.72171715 0.07614223
0.72043106 0.07617333
0.71915976 0.07617130
0.71787367 0.07612752
0.71660236 0.07605127
0.71531627 0.07600841
0.71404497 0.07606893
0.71275888 0.07623656
0.71148758 0.07644845
0.71020149 0.07665707
0.70893018 0.07684667
0.70764409 0.07701474
0.70635801 0.07717089
0.70508670 0.07732637
0.70380061 0.07748813
0.70252931 0.07761443
0.70124322 0.07766232
0.69997191 0.07763246
0.69868582 0.07758482
0.69741452 0.07758329
0.69612843 0.07763713
0.69484234 0.07773168
0.69357104 0.07783993
0.69228495 0.07794312
0.69101364 0.07803419
0.68972756 0.07810726
0.68845625 0.07816483
0.68717016 0.07821680
0.68589886 0.07832990
0.68461277 0.07858984
0.68332668 0.07896599
0.68205538 0.07936542
0.68076929 0.07974477
0.67949798 0.08010339
0.67821189 0.08044228
0.67692581 0.08075195
0.67565450 0.08099935
0.67436841 0.08111399
0.67309711 0.08108131
0.67181102 0.08097277
0.67053971 0.08086522
0.66925363 0.08081231
0.66796754 0.08085147
0.66669623 0.08101664
0.66541014 0.08129922
0.66413884 0.08165100
0.66285275 0.08200413
0.66156666 0.08229858
0.66029536 0.08254026
0.65900927 0.08275764
0.65772318 0.08296930
0.65645188 0.08316664
0.65516579 0.08332417
0.65389448 0.08342779
0.65260839 0.08347488
0.65132231 0.08347414
0.65005100 0.08343049
0.64876491 0.08335096
0.64749361 0.08324218
0.64620752 0.08311081
0.64492143 0.08296350
0.64365012 0.08280468
0.64236404 0.08264165
0.64107795 0.08249043
0.63980664 0.08239616
0.63852056 0.08240560
0.63723447 0.08252565
0.63596316 0.08273668
0.63467707 0.08303073
0.63339099 0.08338291
0.63211968 0.08375255
0.63083359 0.08409621
0.62954750 0.08436770
0.62827620 0.08450152
0.62699011 0.08446342
0.62571880 0.08431240
0.62443272 0.08414140
0.62314663 0.08401543
0.62187532 0.08395831
0.62058924 0.08394521
0.61930315 0.08394394
0.61801706 0.08395166
0.61674575 0.08396030
0.61545967 0.08396533
0.61417358 0.08395296
0.61290227 0.08394088
0.61161618 0.08399574
0.61033010 0.08416611
0.60905879 0.08445712
0.60777270 0.08479338
0.60648661 0.08505567
0.60521531 0.08517874
0.60392922 0.08513715
0.60264313 0.08496871
0.60137183 0.08474541
0.60008574 0.08454008
0.59879965 0.08441313
0.59751356 0.08440418
0.59624226 0.08453102
0.59495617 0.08476193
0.59367008 0.08500946
0.59239878 0.08517777
0.59111269 0.08523534
0.58982660 0.08524767
0.58854051 0.08531300
0.58726921 0.08547067
0.58598312 0.08569569
0.58469703 0.08596270
0.58341094 0.08620127
0.58213964 0.08632234
0.58085355 0.08627117
0.57956746 0.08607227
0.57829616 0.08580479
0.57701007 0.08554869
0.57572398 0.08537355
0.57443789 0.08529992
0.57316659 0.08533844
0.57188050 0.08548864
0.57059441 0.08572776
0.56930832 0.08599816
0.56803702 0.08623136
0.56675093 0.08638309
0.56546484 0.08644483
0.56417875 0.08639831
0.56289266 0.08624967
0.56162136 0.08605318
0.56033527 0.08588517
0.55904918 0.08583798
0.55776309 0.08593195
0.55649179 0.08608360
0.55520570 0.08618077
0.55391961 0.08615056
0.55263352 0.08599108
0.55134744 0.08580016
0.55007613 0.08569616
0.54879004 0.08573947
0.54750395 0.08589940
0.54621787 0.08609760
0.54494656 0.08620092
0.54366047 0.08611332
0.54237438 0.08592701
0.54108830 0.08569566
0.53980221 0.08551930
0.53853090 0.08559565
0.53724481 0.08587821
0.53595873 0.08617387
0.53467264 0.08633247
0.53338655 0.08628201
0.53210046 0.08608726
0.53082916 0.08596029
0.52954307 0.08608803
0.52825698 0.08643918
0.52697089 0.08687849
0.52568480 0.08724206
0.52439872 0.08738206
0.52312741 0.08727998
0.52184132 0.08704448
0.52055524 0.08683365
0.51926915 0.08672628
0.51798306 0.08675149
0.51669697 0.08692133
0.51542567 0.08716674
0.51413958 0.08741433
0.51285349 0.08761047
0.51156740 0.08771350
0.51028131 0.08773287
0.50899523 0.08771816
0.50770914 0.08772866
0.50643783 0.08781376
0.50515174 0.08795458
0.50386566 0.08810497
0.50257957 0.08821911
0.50129348 0.08827169
0.50000739 0.08826440
0.49872130 0.08821018
0.49743522 0.08812786
0.49616391 0.08803952
0.49487782 0.08797622
0.49359173 0.08795463
0.49230565 0.08798611
0.49101956 0.08806777
0.48973347 0.08819556
0.48844738 0.08835900
0.48716129 0.08850866
0.48587521 0.08857758
0.48460390 0.08850528
0.48331781 0.08833353
0.48203172 0.08817291
0.48074564 0.08812197
0.47945955 0.08822224
0.47817346 0.08840566
0.47688737 0.08858997
0.47560128 0.08869048
0.47431520 0.08865086
0.47302911 0.08847354
0.47174302 0.08823537
0.47045693 0.08807170
0.46917084 0.08810596
0.46789954 0.08833614
0.46661345 0.08857231
0.46532736 0.08855553
0.46404127 0.08822290
0.46275519 0.08784732
0.46146910 0.08781150
0.46018301 0.08819771
0.45889692 0.08875099
0.45761083 0.08922590
0.45632474 0.08951930
0.45503866 0.08971889
0.45375257 0.08993928
0.45246648 0.09014812
0.45118039 0.09006912
0.44989430 0.08953327
0.44860822 0.08878143
0.44732213 0.08820446
0.44603604 0.08801204
0.44474995 0.08806679
0.44346386 0.08815206
0.44217778 0.08813167
0.44089169 0.08799842
0.43960560 0.08780091
0.43831951 0.08757293
0.43703342 0.08734263
0.43574734 0.08711382
0.43446125 0.08689175
0.43317516 0.08668739
0.43188907 0.08653091
0.43060298 0.08646412
0.42931690 0.08648501
0.42803081 0.08652696
0.42674472 0.08657155
0.42545863 0.08665503
0.42417254 0.08680823
0.42288645 0.08695892
0.42160037 0.08681056
0.42031428 0.08619419
0.41902819 0.08535056
0.41774210 0.08474906
0.41645601 0.08454005
0.41516993 0.08451649
0.41388384 0.08452430
0.41259775 0.08457874
0.41131166 0.08477433
0.41002557 0.08499347
0.40873949 0.08506336
0.40745340 0.08499239
0.40616731 0.08493442
0.40488122 0.08503199
0.40359513 0.08534661
0.40230905 0.08581476
0.40102296 0.08622052
0.39973687 0.08636602
0.39843600 0.08626904
0.39714991 0.08608481
0.39586382 0.08591096
0.39457773 0.08577654
0.39329165 0.08566631
0.39200556 0.08555573
0.39071947 0.08543918
0.38943338 0.08535386
0.38814729 0.08533797
0.38686121 0.08540094
0.38557512 0.08553733
0.38428903 0.08573565
0.38298816 0.08593870
0.38170207 0.08604009
0.38041598 0.08600929
0.37912989 0.08595867
0.37784381 0.08595802
0.37655772 0.08597822
0.37527163 0.08597511
0.37398554 0.08592044
0.37269945 0.08580799
0.37139858 0.08569033
0.37011250 0.08567473
0.36882641 0.08581037
0.36754032 0.08602228
0.36625423 0.08618967
0.36496814 0.08623501
0.36368206 0.08616438
0.36238118 0.08603936
0.36109510 0.08590663
0.35980901 0.08579055
0.35852292 0.08567534
0.35723683 0.08559605
0.35595074 0.08564015
0.35466466 0.08580717
0.35336379 0.08601883
0.35207770 0.08618005
0.35079161 0.08624864
0.34950552 0.08624747
0.34821943 0.08617534
0.34693335 0.08605780
0.34563247 0.08593254
0.34434639 0.08584477
0.34306030 0.08582595
0.34177421 0.08586790
0.34048812 0.08595830
0.33918725 0.08606883
0.33790116 0.08618589
0.33661508 0.08631708
0.33532899 0.08648837
0.33404290 0.08674204
0.33275681 0.08705564
0.33145594 0.08734527
0.33016985 0.08754479
0.32888376 0.08763604
0.32759768 0.08760166
0.32629681 0.08748278
0.32501072 0.08737984
0.32372463 0.08740729
0.32243854 0.08762706
0.32115245 0.08803943
0.31985158 0.08861791
0.31856549 0.08930221
0.31727941 0.09001694
0.31599332 0.09067271
0.31469245 0.09125785
0.31340636 0.09181175
0.31212027 0.09230277
0.31083418 0.09266185
0.30953331 0.09288489
0.30824722 0.09306147
0.30696114 0.09334139
0.30567505 0.09381780
0.30437418 0.09448959
0.30308809 0.09526022
0.30180200 0.09596109
0.30051591 0.09648077
0.29921504 0.09683013
0.29792895 0.09710786
0.29664287 0.09745436
0.29534200 0.09797735
0.29405591 0.09864741
0.29276982 0.09933166
0.29148373 0.09986713
0.29018286 0.10013968
0.28889677 0.10014031
0.28761068 0.10015278
0.28630981 0.10045026
0.28502373 0.10090572
0.28373764 0.10136770
0.28243677 0.10168389
0.28115068 0.10168659
0.27986459 0.10150046
0.27857850 0.10130965
0.27727763 0.10120536
0.27599154 0.10129684
0.27470546 0.10160656
0.27340459 0.10197146
0.27211850 0.10214528
0.27083241 0.10202557
0.26953154 0.10162451
0.26824545 0.10109707
0.26695936 0.10068683
0.26565849 0.10050061
0.26437240 0.10047918
0.26307153 0.10048368
0.26178545 0.10045186
0.26049936 0.10036468
0.25919849 0.10017869
0.25791240 0.09991260
0.25662631 0.09960648
0.25532544 0.09929269
0.25403935 0.09900135
0.25275326 0.09872817
0.25145239 0.09844197
0.25016630 0.09812140
0.24886543 0.09774230
0.24757935 0.09729784
0.24629326 0.09678728
0.24499239 0.09621471
0.24370630 0.09558147
0.24240543 0.09491426
0.24111934 0.09427743
0.23983325 0.09371752
0.23853238 0.09323404
0.23724629 0.09277088
0.23594542 0.09225323
0.23465933 0.09162124
0.23337325 0.09086516
0.23207238 0.09000058
0.23078629 0.08903380
0.22948542 0.08798620
0.22819933 0.08690657
0.22689846 0.08589242
0.22561237 0.08499353
0.22432628 0.08417278
0.22302541 0.08334682
0.22173932 0.08244039
0.22043845 0.08146653
0.21915236 0.08045076
0.21785149 0.07942942
0.21656541 0.07844773
0.21526454 0.07753941
0.21397845 0.07671784
0.21267758 0.07593778
0.21139149 0.07505844
0.21009062 0.07396124
0.20880453 0.07272815
0.20750366 0.07164740
0.20621757 0.07095904
0.20493148 0.07057702
0.20363061 0.07016906
0.20234452 0.06955524
0.20104365 0.06882267
0.19975757 0.06807492
0.19845669 0.06736304
0.19717061 0.06661334
0.19586974 0.06568275
0.19458365 0.06452991
0.19328278 0.06344130
0.19199669 0.06274589
0.19069582 0.06240863
0.18939495 0.06211424
0.18810886 0.06159216
0.18680799 0.06088023
0.18552190 0.06014536
0.18422103 0.05951595
0.18293494 0.05899306
0.18163407 0.05853431
0.18034798 0.05811488
0.17904711 0.05771753
0.17776102 0.05735116
0.17646015 0.05702452
0.17517407 0.05674663
0.17387319 0.05651224
0.17257232 0.05631047
0.17128624 0.05612406
0.16998537 0.05593080
0.16869928 0.05567448
0.16739841 0.05527162
0.16611232 0.05461679
0.16481145 0.05369565
0.16351058 0.05280345
0.16222449 0.05226200
0.16092362 0.05205022
0.15963753 0.05185136
0.15833666 0.05151161
0.15703579 0.05115206
0.15574970 0.05087940
0.15444883 0.05065830
0.15316274 0.05033805
0.15186187 0.04995345
0.15056100 0.04965716
0.14927491 0.04949202
0.14797404 0.04937334
0.14668795 0.04919077
0.14538708 0.04881578
0.14408621 0.04818142
0.14280012 0.04740981
0.14149925 0.04671259
0.14019838 0.04617349
0.13891229 0.04571907
0.13761142 0.04527979
0.13632534 0.04481998
0.13502447 0.04434272
0.13372359 0.04386767
0.13243751 0.04340867
0.13113664 0.04292108
0.12983577 0.04234365
0.12854968 0.04210711
0.12724881 0.04163471
0.12594794 0.04115889
0.12466185 0.04067976
0.12336098 0.04019748
0.12206011 0.03971222
0.12075924 0.03922416
0.11947315 0.03873352
0.11817228 0.03824051
0.11687141 0.03774540
0.11558532 0.03724845
0.11428445 0.03674993
0.11298358 0.03625016
0.11169749 0.03574945
0.11039662 0.03524814
0.10909575 0.03474656
0.10779488 0.03424509
0.10650879 0.03374411
0.10520792 0.03324399
0.10390705 0.03274514
0.10260618 0.03224797
0.10132009 0.03175290
0.10001922 0.03126034
0.09871835 0.03077075
0.09743226 0.03028454
0.09613139 0.02980218
0.09483052 0.02932409
0.09352965 0.02885074
0.09224356 0.02838256
0.09094269 0.02792000
0.08964182 0.02746350
0.08834095 0.02701351
0.08704008 0.02657046
0.08575399 0.02613477
0.08445312 0.02570685
0.08315225 0.02528712
0.08185138 0.02487595
0.08056529 0.02447374
0.07926442 0.02408084
0.07796355 0.02369759
0.07666268 0.02332431
0.07536180 0.02296131
0.07407572 0.02260885
0.07277485 0.02226719
0.07147398 0.02193655
0.07017310 0.02161711
0.06887223 0.02130903
0.06757136 0.02101243
0.06628528 0.02072738
0.06498440 0.02045395
0.06368353 0.02019211
0.06238266 0.01994183
0.06108179 0.01970301
0.05978092 0.01947552
0.05849483 0.01925915
0.05719396 0.01905365
0.05589309 0.01885871
0.05459222 0.01867396
0.05329135 0.01849898
0.05199048 0.01833325
0.05068961 0.01817621
0.04940352 0.01802722
0.04810265 0.01788556
0.04680178 0.01775043
0.04550091 0.01762097
0.04420004 0.01749619
0.04289917 0.01737507
0.04159830 0.01725645
0.04029743 0.01713911
0.03901134 0.01702172
0.03771047 0.01690284
0.03640960 0.01678093
0.03510873 0.01665436
0.03380786 0.01652138
0.03250698 0.01638011
0.03120611 0.01622856
0.02990524 0.01606463
0.02860437 0.01588609
0.02730350 0.01569058
0.02600263 0.01547559
0.02470176 0.01523851
0.02341567 0.01497655
0.02211480 0.01468679
0.02081393 0.01436619
0.01951306 0.01401151
0.01821219 0.01361939
0.01691132 0.01318630
0.01561045 0.01270853
0.01430958 0.01218222
0.01300871 0.01160333
0.01170784 0.01096765
0.01040697 0.01027078
0.00910609 0.00950813
0.00780522 0.00867493
0.00650435 0.00776622
0.00520348 0.00677683
0.00390261 0.00570138
0.00260174 0.00453431
0.00130087 0.00326981
0.00000000 0.00190188
-0.00000000 0.00808905
-0.00130087 0.00707761
-0.00260335 0.00489008
-0.00390746 0.00401911
-0.00521317 0.00312426
-0.00652048 0.00246865
-0.00782941 0.00181381
-0.00913993 0.00122404
-0.01045207 0.00063883
-0.01176578 0.00022364
-0.01308110 0.00043604
-0.01439801 0.00106634
-0.01571644 0.00170886
-0.01703653 0.00238467
-0.01835824 0.00308822
-0.01968143 0.00383609
-0.02100625 0.00461613
-0.02233255 0.00542878
-0.02366047 0.00625325
-0.02499002 0.00706809
-0.02632105 0.00769259
-0.02765326 0.00779509
-0.02898739 0.00744424
-0.03032315 0.00708193
-0.03166038 0.00688334
-0.03299939 0.00678427
-0.03433973 0.00673847
-0.03568185 0.00672825
-0.03702529 0.00674312
-0.03837051 0.00678055
-0.03971706 0.00684099
-0.04106524 0.00693432
-0.04241504 0.00707123
-0.04376617 0.00719298
-0.04511893 0.00708479
-0.04647316 0.00669026
-0.04782902 0.00626371
-0.04918636 0.00596318
-0.05054518 0.00575869
-0.05190548 0.00561161
-0.05326740 0.00550282
-0.05463080 0.00541747
-0.05599568 0.00534789
-0.05736204 0.00528813
-0.05872988 0.00523518
-0.06009919 0.00518732
-0.06146998 0.00514547
-0.06284240 0.00511555
-0.06421615 0.00511447
-0.06559138 0.00515410
-0.06696823 0.00521345
-0.06834642 0.00526313
-0.06972608 0.00529897
-0.07110722 0.00532739
-0.07248984 0.00535068
-0.07387393 0.00537000
-0.07525951 0.00538631
-0.07664641 0.00540020
-0.07803480 0.00541215
-0.07942466 0.00542250
-0.08081600 0.00543154
-0.08220867 0.00543944
-0.08360282 0.00544635
-0.08499845 0.00545238
-0.08639541 0.00545763
-0.08779384 0.00546218
-0.08919376 0.00546610
-0.09059500 0.00546945
-0.09199772 0.00547228
-0.09340178 0.00547464
-0.09480731 0.00547661
-0.09621417 0.00547825
-0.09762236 0.00547963
-0.09903203 0.00548087
-0.10044304 0.00548214
-0.10185551 0.00548372
-0.10326932 0.00548604
-0.10468446 0.00548985
-0.10610108 0.00549664
-0.10751888 0.00550911
-0.10893816 0.00552819
-0.11035892 0.00554731
-0.11178086 0.00555862
-0.11320413 0.00556247
-0.11462888 0.00556272
-0.11605496 0.00556110
-0.11748222 0.00555830
-0.11891096 0.00555481
-0.12034104 0.00555090
-0.12177229 0.00554678
-0.12320502 0.00554255
-0.12463893 0.00553833
-0.12607433 0.00553418
-0.12751090 0.00553016
-0.12894881 0.00552631
-0.13038804 0.00552268
-0.13182846 0.00551929
-0.13327021 0.00551617
-0.13471344 0.00551334
-0.13615770 0.00551084
-0.13760344 0.00550869
-0.13905022 0.00550690
-0.14049847 0.00550549
-0.14194791 0.00550450
-0.14339867 0.00550393
-0.14485062 0.00550381
-0.14630375 0.00550415
-0.14775822 0.00550497
-0.14921430 0.00550628
-0.15067039 0.00550809
-0.15212944 0.00551042
-0.15358848 0.00551328
-0.15504900 0.00551667
-0.15651101 0.00552061
-0.15797449 0.00552511
-0.15943796 0.00553017
-0.16090440 0.00553579
-0.16237084 0.00554199
-0.16383875 0.00554876
-0.16530667 0.00555611
-0.16677754 0.00556404
-0.16824841 0.00557255
-0.16972223 0.00558165
-0.17119606 0.00559134
-0.17266989 0.00560161
-0.17414667 0.00561248
-0.17562346 0.00562396
-0.17710172 0.00563605
-0.17858146 0.00564878
-0.18006268 0.00566219
-0.18154390 0.00567630
-0.18302659 0.00569119
-0.18451077 0.00570699
-0.18599642 0.00572412
-0.18748355 0.00574275
-0.18897069 0.00576147
-0.19045930 0.00577758
-0.19194791 0.00578907
-0.19343947 0.00579612
-0.19493104 0.00580020
-0.19642408 0.00580239
-0.19791861 0.00580322
-0.19941313 0.00580303
-0.20090913 0.00580206
-0.20240661 0.00580047
-0.20390557 0.00579842
-0.20540453 0.00579601
-0.20690496 0.00579337
-0.20840540 0.00579060
-0.20990879 0.00578782
-0.21141218 0.00578515
-0.21291705 0.00578274
-0.21442193 0.00578077
-0.21592827 0.00577947
-0.21743610 0.00577911
-0.21894541 0.00578003
-0.22045471 0.00578269
-0.22196550 0.00578764
-0.22347628 0.00579564
-0.22499002 0.00580767
-0.22650376 0.00582502
-0.22801750 0.00584949
-0.22953272 0.00588356
-0.23104942 0.00593064
-0.23256759 0.00599643
-0.23408577 0.00608853
-0.23560542 0.00620642
-0.23712508 0.00632329
-0.23864621 0.00640862
-0.24016882 0.00646382
-0.24169143 0.00650399
-0.24321552 0.00653576
-0.24474108 0.00656196
-0.24626665 0.00658467
-0.24779369 0.00660501
-0.24932074 0.00662387
-0.25084926 0.00664179
-0.25237926 0.00665915
-0.25390926 0.00667621
-0.25544074 0.00669316
-0.25697222 0.00671013
-0.25850518 0.00672721
-0.26003962 0.00674445
-0.26157405 0.00676187
-0.26310997 0.00677949
-0.26464588 0.00679729
-0.26618327 0.00681524
-0.26772067 0.00683332
-0.26925954 0.00685148
-0.27079989 0.00686966
-0.27234024 0.00688781
-0.27388059 0.00690586
-0.27542241 0.00692372
-0.27696572 0.00694132
-0.27850902 0.00695857
-0.28005381 0.00697536
-0.28159859 0.00699156
-0.28314485 0.00700707
-0.28469112 0.00702173
-0.28623886 0.00703538
-0.28778808 0.00704785
-0.28933730 0.00705893
-0.29088651 0.00706838
-0.29243721 0.00707592
-0.29398791 0.00708122
-0.29554008 0.00708370
-0.29709226 0.00708280
-0.29864591 0.00707791
-0.30019957 0.00706851
-0.30175470 0.00705437
-0.30330983 0.00704081
-0.30486644 0.00703819
-0.30642305 0.00704932
-0.30798114 0.00706917
-0.30953923 0.00709383
-0.31109731 0.00712178
-0.31265688 0.00715209
-0.31421793 0.00718420
-0.31577749 0.00721771
-0.31734002 0.00725238
-0.31890106 0.00728801
-0.32046358 0.00732447
-0.32202758 0.00736166
-0.32359159 0.00739952
-0.32515559 0.00743797
-0.32672107 0.00747698
-0.32828655 0.00751652
-0.32985350 0.00755654
-0.33142046 0.00759703
-0.33298742 0.00763796
-0.33455586 0.00767933
-0.33612429 0.00772110
-0.33769273 0.00776327
-0.33926264 0.00780580
-0.34083256 0.00784867
-0.34240395 0.00789188
-0.34397534 0.00793539
-0.34554674 0.00797918
-0.34711961 0.00802322
-0.34869248 0.00806749
-0.35026535 0.00811194
-0.35183970 0.00815653
-0.35341405 0.00820123
-0.35498840 0.00824598
-0.35656422 0.00829072
-0.35814005 0.00833538
-0.35971588 0.00837986
-0.36129171 0.00842407
-0.36286901 0.00846786
-0.36444780 0.00851107
-0.36602510 0.00855343
-0.36760388 0.00859465
-0.36918267 0.00863475
-0.37076145 0.00867566
-0.37234172 0.00872004
-0.37392198 0.00876796
-0.37550224 0.00881799
-0.37708398 0.00886941
-0.37866424 0.00892198
-0.38024598 0.00897552
-0.38182920 0.00902992
-0.38341094 0.00908513
-0.38499416 0.00914109
-0.38657738 0.00919778
-0.38816060 0.00925517
-0.38974382 0.00931324
-0.39132851 0.00937198
-0.39291321 0.00943138
-0.39449791 0.00949143
-0.39608261 0.00955213
-0.39766878 0.00961346
-0.39925496 0.00967542
-0.40084113 0.00973800
-0.40242731 0.00980121
-0.40401348 0.00986502
-0.40560114 0.00992945
-0.40718731 0.00999447
-0.40877496 0.01006010
-0.41036262 0.01012630
-0.41195175 0.01019300
-0.41353940 0.01026030
-0.41512853 0.01032820
-0.41671619 0.01039650
-0.41830532 0.01046530
-0.41989445 0.01053470
-0.42148358 0.01060440
-0.42307419 0.01067460
-0.42466333 0.01074520
-0.42625394 0.01081620
-0.42784307 0.01088740
-0.42943368 0.01095900
-0.43102429 0.01103090
-0.43261490 0.01110290
-0.43420551 0.01117510
-0.43579612 0.01124740
-0.43738821 0.01131960
-0.43897882 0.01139180
-0.44057090 0.01146370
-0.44216151 0.01153550
-0.44375360 0.01160700
-0.44534569 0.01167800
-0.44693778 0.01174860
-0.44852839 0.01181840
-0.45012048 0.01188730
-0.45171257 0.01195520
-0.45330613 0.01202170
-0.45489822 0.01208650
-0.45649031 0.01214920
-0.45808240 0.01220930
-0.45967449 0.01226610
-0.46126658 0.01231830
-0.46286014 0.01236350
-0.46445223 0.01240080
-0.46604432 0.01244010
-0.46763788 0.01250110
-0.46922997 0.01259160
-0.47082206 0.01270060
-0.47241563 0.01281600
-0.47400772 0.01293340
-0.47559980 0.01305110
-0.47719337 0.01316800
-0.47878546 0.01328350
-0.48037755 0.01339750
-0.48196964 0.01350980
-0.48356320 0.01362050
-0.48515529 0.01372950
-0.48674738 0.01383700
-0.48833947 0.01394310
-0.48993156 0.01404790
-0.49152364 0.01415150
-0.49311573 0.01425390
-0.49470782 0.01435530
-0.49629843 0.01445580
-0.49789052 0.01455540
-0.49948261 0.01465450
-0.50107322 0.01475310
-0.50266383 0.01485130
-0.50425592 0.01494930
-0.50584653 0.01504710
-0.50743714 0.01514500
-0.50902775 0.01524300
-0.51061836 0.01534120
-0.51220897 0.01543990
-0.51379958 0.01553900
-0.51538871 0.01563890
-0.51697932 0.01573970
-0.51856845 0.01584150
-0.52015758 0.01594450
-0.52174671 0.01604910
-0.52333585 0.01615550
-0.52492498 0.01626390
-0.52651263 0.01637470
-0.52810029 0.01648830
-0.52968942 0.01660520
-0.53127707 0.01672590
-0.53286472 0.01685110
-0.53445090 0.01698170
-0.53603855 0.01711860
-0.53762473 0.01726320
-0.53921090 0.01741720
-0.54079708 0.01758280
-0.54238325 0.01776420
-0.54396943 0.01796630
-0.54555413 0.01818860
-0.54713882 0.01840130
-0.54872352 0.01856730
-0.55030822 0.01869150
-0.55189144 0.01879880
-0.55347466 0.01890090
-0.55505787 0.01900140
-0.55664109 0.01910250
-0.55822283 0.01920520
-0.55980605 0.01931030
-0.56138779 0.01941820
-0.56296805 0.01952900
-0.56454980 0.01964310
-0.56613006 0.01976040
-0.56771032 0.01988110
-0.56929058 0.02000530
-0.57086937 0.02013280
-0.57244815 0.02026390
-0.57402693 0.02039840
-0.57560424 0.02053630
-0.57718302 0.02067770
-0.57875885 0.02082250
-0.58033616 0.02097070
-0.58191198 0.02112230
-0.58348781 0.02127710
-0.58506364 0.02143520
-0.58663799 0.02159660
-0.58821234 0.02176100
-0.58978669 0.02192850
-0.59135956 0.02209900
-0.59293243 0.02227240
-0.59450530 0.02244840
-0.59607669 0.02262690
-0.59764808 0.02280780
-0.59921800 0.02299100
-0.60078939 0.02317630
-0.60235783 0.02336390
-0.60392774 0.02355350
-0.60549618 0.02374490
-0.60706461 0.02393810
-0.60863157 0.02413290
-0.61019853 0.02432900
-0.61176401 0.02452640
-0.61333097 0.02472490
-0.61489497 0.02492420
-0.61646045 0.02512410
-0.61802445 0.02532450
-0.61958697 0.02552490
-0.62114950 0.02572530
-0.62271202 0.02592530
-0.62427306 0.02612450
-0.62583411 0.02632260
-0.62739368 0.02651910
-0.62895324 0.02671370
-0.63051133 0.02690560
-0.63207090 0.02709430
-0.63362751 0.02727880
-0.63518412 0.02745800
-0.63674073 0.02762940
-0.63829586 0.02778930
-0.63985099 0.02793690
-0.64140464 0.02807340
-0.64295830 0.02821560
-0.64451047 0.02839690
-0.64606265 0.02862410
-0.64761335 0.02887420
-0.64916404 0.02912960
-0.65071326 0.02938560
-0.65226248 0.02964050
-0.65381022 0.02989350
-0.65535796 0.03014440
-0.65690570 0.03039310
-0.65845049 0.03063980
-0.65999675 0.03088460
-0.66154005 0.03112760
-0.66308484 0.03136920
-0.66462666 0.03160940
-0.66616849 0.03184850
-0.66771032 0.03208670
-0.66925067 0.03232420
-0.67078954 0.03256110
-0.67232841 0.03279760
-0.67386728 0.03303390
-0.67540467 0.03327000
-0.67694059 0.03350610
-0.67847650 0.03374240
-0.68001094 0.03397900
-0.68154390 0.03421600
-0.68307685 0.03445360
-0.68460833 0.03469180
-0.68613981 0.03493090
-0.68766982 0.03517090
-0.68919982 0.03541210
-0.69072834 0.03565450
-0.69225538 0.03589840
-0.69378243 0.03614390
-0.69530800 0.03639120
-0.69683356 0.03664060
-0.69835765 0.03689200
-0.69988026 0.03714570
-0.70140287 0.03740200
-0.70292400 0.03766160
-0.70444366 0.03792500
-0.70596331 0.03819290
-0.70748148 0.03846610
-0.70899966 0.03874530
-0.71051488 0.03903160
-0.71203158 0.03932640
-0.71354532 0.03963140
-0.71505906 0.03994920
-0.71657132 0.04028230
-0.71808358 0.04063630
-0.71959436 0.04101880
-0.72110367 0.04144050
-0.72261150 0.04188290
-0.72411933 0.04226110
-0.72562567 0.04252270
-0.72713202 0.04271160
-0.72863542 0.04288220
-0.73014029 0.04305280
-0.73164220 0.04322990
-0.73314412 0.04341820
-0.73464307 0.04362080
-0.73614351 0.04384070
-0.73764099 0.04408030
-0.73913847 0.04434180
-0.74063447 0.04462720
-0.74212899 0.04493800
-0.74362352 0.04527510
-0.74511656 0.04563890
-0.74660813 0.04602860
-0.74809822 0.04644310
-0.74958830 0.04688000
-0.75107691 0.04733610
-0.75256405 0.04780770
-0.75405118 0.04829040
-0.75553535 0.04877960
-0.75701953 0.04926990
-0.75850222 0.04975690
-0.75998492 0.05023670
-0.76146466 0.05070610
-0.76294440 0.05116250
-0.76442266 0.05160340
-0.76590093 0.05202740
-0.76737623 0.05243330
-0.76885154 0.05282030
-0.77032537 0.05318790
-0.77179771 0.05353600
-0.77326859 0.05386400
-0.77473946 0.05417120
-0.77620885 0.05445520
-0.77767528 0.05471560
-0.77914320 0.05495890
-0.78060816 0.05519350
-0.78207164 0.05542410
-0.78353512 0.05565440
-0.78499712 0.05588890
-0.78645764 0.05613360
-0.78791669 0.05639080
-0.78937573 0.05665830
-0.79083182 0.05693650
-0.79228791 0.05722770
-0.79374252 0.05753420
-0.79519565 0.05785740
-0.79664730 0.05819910
-0.79809748 0.05856030
-0.79954765 0.05894180
-0.80099487 0.05934380
-0.80244209 0.05976580
-0.80388783 0.06020630
-0.80533209 0.06066310
-0.80677488 0.06113350
-0.80821618 0.06161390
-0.80965749 0.06210050
-0.81109584 0.06258950
-0.81253418 0.06307710
-0.81397106 0.06355990
-0.81540645 0.06403500
-0.81684036 0.06450010
-0.81827280 0.06495360
-0.81970376 0.06539400
-0.82113324 0.06582060
-0.82256272 0.06623340
-0.82398924 0.06663340
-0.82541576 0.06702130
-0.82684081 0.06739800
-0.82826289 0.06776440
-0.82968498 0.06812040
-0.83110559 0.06846480
-0.83252472 0.06879870
-0.83394238 0.06912660
-0.83536003 0.06945200
-0.83677473 0.06977610
-0.83818795 0.07009950
-0.83960116 0.07042230
-0.84101143 0.07074460
-0.84242169 0.07106600
-0.84382899 0.07138720
-0.84523630 0.07171010
-0.84664213 0.07203540
-0.84804648 0.07236260
-0.84944787 0.07269110
-0.85084926 0.07302080
-0.85224918 0.07335150
-0.85364761 0.07368330
-0.85504457 0.07401600
-0.85644005 0.07434970
-0.85783405 0.07468440
-0.85922657 0.07502010
-0.86061762 0.07535680
-0.86200866 0.07569460
-0.86339675 0.07603340
-0.86478336 0.07637330
-0.86616849 0.07671440
-0.86755215 0.07705680
-0.86893580 0.07740040
-0.87031650 0.07774540
-0.87169571 0.07809190
-0.87307345 0.07844000
-0.87445120 0.07878970
-0.87582598 0.07914130
-0.87719928 0.07949480
-0.87857259 0.07985040
-0.87994294 0.08020830
-0.88131181 0.08056850
-0.88267920 0.08093140
-0.88404659 0.08129710
-0.88541103 0.08166580
-0.88677399 0.08203790
-0.88813547 0.08241340
-0.88949695 0.08279280
-0.89085547 0.08317630
-0.89221251 0.08356430
-0.89356808 0.08395710
-0.89492217 0.08435510
-0.89627478 0.08475870
-0.89762591 0.08516840
-0.89897556 0.08558470
-0.90032374 0.08600800
-0.90167044 0.08643880
-0.90301565 0.08687780
-0.90435940 0.08732540
-0.90570166 0.08778220
-0.90704096 0.08824860
-0.90838027 0.08872540
-0.90971810 0.08921170
-0.91105297 0.08970680
-0.91238784 0.09020380
-0.91371975 0.09071540
-0.91505167 0.09131370
-0.91638062 0.09204050
-0.91770810 0.09283940
-0.91903410 0.09364700
-0.92036010 0.09445340
-0.92168315 0.09527130
-0.92300472 0.09611270
-0.92432480 0.09698880
-0.92564341 0.09791000
-0.92695907 0.09888690
-0.92827472 0.09993010
-0.92958890 0.10105200
-0.93090011 0.10226500
-0.93221133 0.10358700
-0.93351959 0.10503300
-0.93482786 0.10662800
-0.93613316 0.10838400
-0.93743699 0.11035300
-0.93873934 0.11249900
-0.94004021 0.11483100
-0.94133960 0.11676400
-0.94263604 0.11806500
-0.94393247 0.11964100
-0.94522743 0.12402800
-0.94651943 0.13174100
-0.94781143 0.15239400
-0.94910048 0.18022800
-0.95038804 0.16721600
-0.95167118 0.07279120
-0.95295431 0.02402160
-0.95423744 0.03662770
-0.95551909 0.02572160
-0.95679779 0.02178420
-0.95807353 0.01905700
-0.95934927 0.01853480
-0.96062353 0.02124350
-0.96189631 0.02829260
-0.96316762 0.03158000
