# s/c    cf
1.28119503 0.00385564
1.27992372 0.00798096
1.27865242 0.01172998
1.27738111 0.01512227
1.27610981 0.01817673
1.27483850 0.02091165
1.27356719 0.02334467
1.27229589 0.02549282
1.27102458 0.02737255
1.26975328 0.02899970
1.26848197 0.03038956
1.26721067 0.03155683
1.26593936 0.03251569
1.26466806 0.03327976
1.26339675 0.03386215
1.26212545 0.03427544
1.26085414 0.03453173
1.25958283 0.03464260
1.25831153 0.03461918
1.25704022 0.03447212
1.25576892 0.03421160
1.25449761 0.03384739
1.25322631 0.03338879
1.25195500 0.03284470
1.25068370 0.03222359
1.24941239 0.03153354
1.24814109 0.03078223
1.24686978 0.02997697
1.24559847 0.02912469
1.24432717 0.02823197
1.24305586 0.02730501
1.24178456 0.02634971
1.24051325 0.02537162
1.23924195 0.02437595
1.23797064 0.02336763
1.23669934 0.02235126
1.23542803 0.02133118
1.23415673 0.02031140
1.23288542 0.01929570
1.23161411 0.01828757
1.23034281 0.01729024
1.22907150 0.01630670
1.22780020 0.01533969
1.22652889 0.01439175
1.22525759 0.01346515
1.22398628 0.01256197
1.22271498 0.01168408
1.22144367 0.01083315
1.22017237 0.01001067
1.21890106 0.00921792
1.21762975 0.00845602
1.21635845 0.00772592
1.21508714 0.00702841
1.21381584 0.00636413
1.21254453 0.00573355
1.21127323 0.00513703
1.21000192 0.00457478
1.20873062 0.00404687
1.20744453 0.00355329
1.20617322 0.00309387
1.20490192 0.00266836
1.20363061 0.00227641
1.20235931 0.00191756
1.20108800 0.00159127
1.19981670 0.00129692
1.19854539 0.00103380
1.19727408 0.00080114
1.19600278 0.00059810
1.19473147 0.00042378
1.19346017 0.00027721
1.19218886 0.00015740
1.19091756 0.00006328
1.18964625 -0.00000623
1.18837495 -0.00005227
1.18710364 -0.00007601
1.18583234 -0.00007862
1.18456103 -0.00006133
1.18328972 -0.00002535
1.18201842 0.00002805
1.18074711 0.00009764
1.17946103 0.00018214
1.17818972 0.00028030
1.17691841 0.00039085
1.17564711 0.00051254
1.17437580 0.00064412
1.17310450 0.00078435
1.17183319 0.00093201
1.17056189 0.00108589
1.16929058 0.00124481
1.16801928 0.00140760
1.16674797 0.00157314
1.16547667 0.00174031
1.16420536 0.00190805
1.16293405 0.00207530
1.16166275 0.00224107
1.16039144 0.00240438
1.15912014 0.00256430
1.15783405 0.00271995
1.15656274 0.00287049
1.15529144 0.00301510
1.15402013 0.00352180
1.15274883 0.00387790
1.15147752 0.00405674
1.15020622 0.00418640
1.14893491 0.00440672
1.14766361 0.00469106
1.14639230 0.00489697
1.14512100 0.00496186
1.14384969 0.00491622
1.14257838 0.00479394
1.14130708 0.00460860
1.14002099 0.00433879
1.13874969 0.00396452
1.13747838 0.00345776
1.13620707 0.00288790
1.13493577 0.00237936
1.13366446 0.00196305
1.13239316 0.00164359
1.13112185 0.00141639
1.12985055 0.00126981
1.12857924 0.00118987
1.12730794 0.00115943
1.12603663 0.00116163
1.12475054 0.00117653
1.12347924 0.00118590
1.12220793 0.00118289
1.12093663 0.00117022
1.11966532 0.00115347
1.11839402 0.00113655
1.11712271 0.00112427
1.11585141 0.00111887
1.11458010 0.00112091
1.11330879 0.00113221
1.11203749 0.00115188
1.11075140 0.00117970
1.10948010 0.00121438
1.10820879 0.00125419
1.10693748 0.00129639
1.10566618 0.00133738
1.10439487 0.00137267
1.10312357 0.00139732
1.10185226 0.00140705
1.10058096 0.00139998
1.09930965 0.00137733
1.09802356 0.00134258
1.09675226 0.00130006
1.09548095 0.00125400
1.09420965 0.00120801
1.09293834 0.00116440
1.09166704 0.00112372
1.09039573 0.00108543
1.08912443 0.00104897
1.08783834 0.00101389
1.08656703 0.00097982
1.08529573 0.00094664
1.08402442 0.00091456
1.08275312 0.00088416
1.08148181 0.00085671
1.08021050 0.00083464
1.07893920 0.00081990
1.07766789 0.00081143
1.07638181 0.00080554
1.07511050 0.00079857
1.07383919 0.00078826
1.07256789 0.00077375
1.07129658 0.00075490
1.07002528 0.00073209
1.06875397 0.00070618
1.06746788 0.00067843
1.06619658 0.00065030
1.06492527 0.00062300
1.06365397 0.00059731
1.06238266 0.00057357
1.06111136 0.00055238
1.05984005 0.00053537
1.05856875 0.00052477
1.05728266 0.00052196
1.05601135 0.00052675
1.05474005 0.00053783
1.05346874 0.00055365
1.05219744 0.00057300
1.05092613 0.00059490
1.04965483 0.00061834
1.04836874 0.00064238
1.04709743 0.00066646
1.04582613 0.00069047
1.04455482 0.00071471
1.04328352 0.00073948
1.04201221 0.00076510
1.04072612 0.00079183
1.03945482 0.00082003
1.03818351 0.00085021
1.03691221 0.00088303
1.03564090 0.00091946
1.03436960 0.00096055
1.03309829 0.00100679
1.03181220 0.00105768
1.03054090 0.00111215
1.02926959 0.00116908
1.02799829 0.00122743
1.02672698 0.00128604
1.02545567 0.00134339
1.02416959 0.00139767
1.02289828 0.00144797
1.02162698 0.00149520
1.02035567 0.00154160
1.01908436 0.00158932
1.01779828 0.00163964
1.01652697 0.00169307
1.01525567 0.00174963
1.01398436 0.00180915
1.01271305 0.00187132
1.01144175 0.00193589
1.01015566 0.00200272
1.00888436 0.00207176
1.00761305 0.00214307
1.00634174 0.00221688
1.00507044 0.00229361
1.00378435 0.00237387
1.00251305 0.00245812
1.00124174 0.00254605
0.99997043 0.00263613
0.99869913 0.00272583
0.99742782 0.00281250
0.99614174 0.00289422
0.99487043 0.00296991
0.99359912 0.00303899
0.99232782 0.00310106
0.99105651 0.00315586
0.98977043 0.00320322
0.98849912 0.00324315
0.98722781 0.00327638
0.98595651 0.00330447
0.98468520 0.00332953
0.98339912 0.00335398
0.98212781 0.00338079
0.98085651 0.00341337
0.97958520 0.00345525
0.97829911 0.00350858
0.97702781 0.00357328
0.97575650 0.00364670
0.97448520 0.00372455
0.97321389 0.00380261
0.97192780 0.00387723
0.97065650 0.00394567
0.96938519 0.00400586
0.96811389 0.00405620
0.96682780 0.00409663
0.96555649 0.00412803
0.96428519 0.00415290
0.96301388 0.00417251
0.96174258 0.00419020
0.96045649 0.00420949
0.95918518 0.00423790
0.95791388 0.00428693
0.95664257 0.00436117
0.95535648 0.00445363
0.95408518 0.00455272
0.95281387 0.00465001
0.95154257 0.00473966
0.95025648 0.00481962
0.94898517 0.00488799
0.94771387 0.00494410
0.94644256 0.00498767
0.94515647 0.00502003
0.94388517 0.00504287
0.94261386 0.00505911
0.94134256 0.00507269
0.94005647 0.00509400
0.93878516 0.00513686
0.93751386 0.00520769
0.93624255 0.00529780
0.93495647 0.00539601
0.93368516 0.00549466
0.93241385 0.00558807
0.93114255 0.00567485
0.92985646 0.00575350
0.92858516 0.00582401
0.92731385 0.00588525
0.92604254 0.00593578
0.92475646 0.00597275
0.92348515 0.00599462
0.92221385 0.00600415
0.92094254 0.00601165
0.91965645 0.00602906
0.91838515 0.00606503
0.91711384 0.00612453
0.91582775 0.00620825
0.91455645 0.00631473
0.91328514 0.00644017
0.91201384 0.00657970
0.91072775 0.00672763
0.90945644 0.00687747
0.90818514 0.00702300
0.90691383 0.00716016
0.90562774 0.00728702
0.90435644 0.00740355
0.90308513 0.00751047
0.90179905 0.00760987
0.90052774 0.00770368
0.89925643 0.00779508
0.89797035 0.00788729
0.89669904 0.00798431
0.89542774 0.00809221
0.89415643 0.00821696
0.89287034 0.00836403
0.89159904 0.00853486
0.89032773 0.00872795
0.88904164 0.00893857
0.88777034 0.00916195
0.88649903 0.00939162
0.88521294 0.00962237
0.88394164 0.00985072
0.88267033 0.01007271
0.88138424 0.01028441
0.88011294 0.01048045
0.87884163 0.01065646
0.87757033 0.01080884
0.87628424 0.01093573
0.87501293 0.01103763
0.87374163 0.01111780
0.87245554 0.01118304
0.87118424 0.01124240
0.86991293 0.01130635
0.86862684 0.01138502
0.86735554 0.01148507
0.86608423 0.01160901
0.86479814 0.01175751
0.86352684 0.01192679
0.86225553 0.01210893
0.86096944 0.01229326
0.85969814 0.01246994
0.85842683 0.01263397
0.85714075 0.01278246
0.85586944 0.01291503
0.85459813 0.01303262
0.85331205 0.01313768
0.85204074 0.01323541
0.85076944 0.01333592
0.84948335 0.01345317
0.84821204 0.01359463
0.84692595 0.01375711
0.84565465 0.01393075
0.84438334 0.01410658
0.84309725 0.01427855
0.84182595 0.01444231
0.84055464 0.01459646
0.83926856 0.01474043
0.83799725 0.01487486
0.83672594 0.01500057
0.83543986 0.01511889
0.83416855 0.01523140
0.83288246 0.01533978
0.83161116 0.01544570
0.83033985 0.01555072
0.82905376 0.01565622
0.82778246 0.01576305
0.82651115 0.01587078
0.82522507 0.01597651
0.82395376 0.01607588
0.82266767 0.01616632
0.82139637 0.01624804
0.82012506 0.01632258
0.81883897 0.01639144
0.81756767 0.01645589
0.81628158 0.01651744
0.81501027 0.01657832
0.81373897 0.01664350
0.81245288 0.01671952
0.81118157 0.01680869
0.80989549 0.01690941
0.80862418 0.01701803
0.80735288 0.01713209
0.80606679 0.01724960
0.80479548 0.01736687
0.80350939 0.01747946
0.80223809 0.01758240
0.80096678 0.01767205
0.79968070 0.01774621
0.79840939 0.01780428
0.79712330 0.01784832
0.79585200 0.01788223
0.79458069 0.01791137
0.79329460 0.01794164
0.79202330 0.01797719
0.79073721 0.01802081
0.78946590 0.01807351
0.78817982 0.01813547
0.78690851 0.01820587
0.78563720 0.01828410
0.78435112 0.01836929
0.78307981 0.01846070
0.78179372 0.01855188
0.78052242 0.01863408
0.77923633 0.01869990
0.77796502 0.01874344
0.77669372 0.01876312
0.77540763 0.01875809
0.77413633 0.01872967
0.77285024 0.01867951
0.77157893 0.01861181
0.77029284 0.01853380
0.76902154 0.01845767
0.76773545 0.01839477
0.76646414 0.01834716
0.76517806 0.01831177
0.76390675 0.01828474
0.76263545 0.01826336
0.76134936 0.01824597
0.76007805 0.01823163
0.75879196 0.01822018
0.75752066 0.01821192
0.75623457 0.01820755
0.75496327 0.01820788
0.75367718 0.01821376
0.75240587 0.01822592
0.75111978 0.01824471
0.74984848 0.01826985
0.74856239 0.01830021
0.74729108 0.01833385
0.74600500 0.01836877
0.74473369 0.01840379
0.74344760 0.01843907
0.74217630 0.01847575
0.74089021 0.01851553
0.73961890 0.01856027
0.73833282 0.01861223
0.73706151 0.01867372
0.73577542 0.01874829
0.73450412 0.01884032
0.73321803 0.01895684
0.73194672 0.01909707
0.73066064 0.01925173
0.72938933 0.01940462
0.72810324 0.01953442
0.72683194 0.01963133
0.72554585 0.01969748
0.72427454 0.01974720
0.72298845 0.01979076
0.72171715 0.01983056
0.72043106 0.01986720
0.71915976 0.01990034
0.71787367 0.01993448
0.71660236 0.01998336
0.71531627 0.02007472
0.71404497 0.02022669
0.71275888 0.02042505
0.71148758 0.02063946
0.71020149 0.02084889
0.70893018 0.02104326
0.70764409 0.02122158
0.70635801 0.02138368
0.70508670 0.02153051
0.70380061 0.02166022
0.70252931 0.02176281
0.70124322 0.02183430
0.69997191 0.02188750
0.69868582 0.02195187
0.69741452 0.02205305
0.69612843 0.02219541
0.69484234 0.02236719
0.69357104 0.02255503
0.69228495 0.02274791
0.69101364 0.02294026
0.68972756 0.02313064
0.68845625 0.02331971
0.68717016 0.02351408
0.68589886 0.02373973
0.68461277 0.02402143
0.68332668 0.02434800
0.68205538 0.02468644
0.68076929 0.02501735
0.67949798 0.02533178
0.67821189 0.02562319
0.67692581 0.02588676
0.67565450 0.02610328
0.67436841 0.02625776
0.67309711 0.02635132
0.67181102 0.02642218
0.67053971 0.02651644
0.66925363 0.02665519
0.66796754 0.02684933
0.66669623 0.02709700
0.66541014 0.02738466
0.66413884 0.02768470
0.66285275 0.02796664
0.66156666 0.02821028
0.66029536 0.02841663
0.65900927 0.02859701
0.65772318 0.02875962
0.65645188 0.02890248
0.65516579 0.02901819
0.65389448 0.02910316
0.65260839 0.02915750
0.65132231 0.02918491
0.65005100 0.02918933
0.64876491 0.02917538
0.64749361 0.02914849
0.64620752 0.02911343
0.64492143 0.02907620
0.64365012 0.02904182
0.64236404 0.02901559
0.64107795 0.02901048
0.63980664 0.02904967
0.63852056 0.02915238
0.63723447 0.02931820
0.63596316 0.02953328
0.63467707 0.02978082
0.63339099 0.03003979
0.63211968 0.03028472
0.63083359 0.03049194
0.62954750 0.03064231
0.62827620 0.03071104
0.62699011 0.03070014
0.62571880 0.03064567
0.62443272 0.03059681
0.62314663 0.03059031
0.62187532 0.03062697
0.62058924 0.03069047
0.61930315 0.03076147
0.61801706 0.03083076
0.61674575 0.03089521
0.61545967 0.03095185
0.61417358 0.03100003
0.61290227 0.03105822
0.61161618 0.03115921
0.61033010 0.03131983
0.60905879 0.03152987
0.60777270 0.03174605
0.60648661 0.03191838
0.60521531 0.03201594
0.60392922 0.03203418
0.60264313 0.03199379
0.60137183 0.03193562
0.60008574 0.03190521
0.59879965 0.03193057
0.59751356 0.03202386
0.59624226 0.03217755
0.59495617 0.03236377
0.59367008 0.03253976
0.59239878 0.03267181
0.59111269 0.03275363
0.58982660 0.03282353
0.58854051 0.03292408
0.58726921 0.03306313
0.58598312 0.03322296
0.58469703 0.03337736
0.58341094 0.03349201
0.58213964 0.03352886
0.58085355 0.03346953
0.57956746 0.03332843
0.57829616 0.03315567
0.57701007 0.03301097
0.57572398 0.03293475
0.57443789 0.03294207
0.57316659 0.03302582
0.57188050 0.03317103
0.57059441 0.03334579
0.56930832 0.03351269
0.56803702 0.03364222
0.56675093 0.03371348
0.56546484 0.03372579
0.56417875 0.03367406
0.56289266 0.03357298
0.56162136 0.03345484
0.56033527 0.03336103
0.55904918 0.03333204
0.55776309 0.03336387
0.55649179 0.03341293
0.55520570 0.03342602
0.55391961 0.03337686
0.55263352 0.03327436
0.55134744 0.03317855
0.55007613 0.03314974
0.54879004 0.03320573
0.54750395 0.03331515
0.54621787 0.03342723
0.54494656 0.03348495
0.54366047 0.03345932
0.54237438 0.03339015
0.54108830 0.03331824
0.53980221 0.03331437
0.53853090 0.03344115
0.53724481 0.03365183
0.53595873 0.03386038
0.53467264 0.03399320
0.53338655 0.03402743
0.53210046 0.03401272
0.53082916 0.03405611
0.52954307 0.03424238
0.52825698 0.03452823
0.52697089 0.03482983
0.52568480 0.03507499
0.52439872 0.03519619
0.52312741 0.03519903
0.52184132 0.03514574
0.52055524 0.03512036
0.51926915 0.03517583
0.51798306 0.03531736
0.51669697 0.03553041
0.51542567 0.03576949
0.51413958 0.03599716
0.51285349 0.03618420
0.51156740 0.03631928
0.51028131 0.03641140
0.50899523 0.03649003
0.50770914 0.03658849
0.50643783 0.03672232
0.50515174 0.03687694
0.50386566 0.03702599
0.50257957 0.03714828
0.50129348 0.03723171
0.50000739 0.03728182
0.49872130 0.03730751
0.49743522 0.03732386
0.49616391 0.03734894
0.49487782 0.03739804
0.49359173 0.03748093
0.49230565 0.03759711
0.49101956 0.03774029
0.48973347 0.03790141
0.48844738 0.03806560
0.48716129 0.03820798
0.48587521 0.03829734
0.48460390 0.03831115
0.48331781 0.03827494
0.48203172 0.03825272
0.48074564 0.03830207
0.47945955 0.03843090
0.47817346 0.03859815
0.47688737 0.03875217
0.47560128 0.03885618
0.47431520 0.03889112
0.47302911 0.03886967
0.47174302 0.03884159
0.47045693 0.03887556
0.46917084 0.03902500
0.46789954 0.03926093
0.46661345 0.03947934
0.46532736 0.03955569
0.46404127 0.03945768
0.46275519 0.03936990
0.46146910 0.03951653
0.46018301 0.03988989
0.45889692 0.04031827
0.45761083 0.04067324
0.45632474 0.04091435
0.45503866 0.04108090
0.45375257 0.04120850
0.45246648 0.04127872
0.45118039 0.04114767
0.44989430 0.04074405
0.44860822 0.04023266
0.44732213 0.03986134
0.44603604 0.03974414
0.44474995 0.03975862
0.44346386 0.03976886
0.44217778 0.03969746
0.44089169 0.03954174
0.43960560 0.03934294
0.43831951 0.03913442
0.43703342 0.03893493
0.43574734 0.03874976
0.43446125 0.03858219
0.43317516 0.03843736
0.43188907 0.03832920
0.43060298 0.03827097
0.42931690 0.03825394
0.42803081 0.03825049
0.42674472 0.03825358
0.42545863 0.03827612
0.42417254 0.03832255
0.42288645 0.03834186
0.42160037 0.03813846
0.42031428 0.03762365
0.41902819 0.03698809
0.41774210 0.03654177
0.41645601 0.03638859
0.41516993 0.03637598
0.41388384 0.03638992
0.41259775 0.03644783
0.41131166 0.03660746
0.41002557 0.03678787
0.40873949 0.03687785
0.40745340 0.03689343
0.40616731 0.03694580
0.40488122 0.03711943
0.40359513 0.03744592
0.40230905 0.03785575
0.40102296 0.03818904
0.39973687 0.03831633
0.39843600 0.03824022
0.39714991 0.03808965
0.39586382 0.03795694
0.39457773 0.03786745
0.39329165 0.03781217
0.39200556 0.03777180
0.39071947 0.03774575
0.38943338 0.03776448
0.38814729 0.03785569
0.38686121 0.03801559
0.38557512 0.03822472
0.38428903 0.03845285
0.38298816 0.03864305
0.38170207 0.03871937
0.38041598 0.03867066
0.37912989 0.03860110
0.37784381 0.03859479
0.37655772 0.03864483
0.37527163 0.03871628
0.37398554 0.03878174
0.37269945 0.03882434
0.37139858 0.03886339
0.37011250 0.03895442
0.36882641 0.03913621
0.36754032 0.03936480
0.36625423 0.03955510
0.36496814 0.03966533
0.36368206 0.03970224
0.36238118 0.03970961
0.36109510 0.03972912
0.35980901 0.03976998
0.35852292 0.03981124
0.35723683 0.03986623
0.35595074 0.03999577
0.35466466 0.04021370
0.35336379 0.04047749
0.35207770 0.04073746
0.35079161 0.04097726
0.34950552 0.04119354
0.34821943 0.04136419
0.34693335 0.04148019
0.34563247 0.04156593
0.34434639 0.04166892
0.34306030 0.04182033
0.34177421 0.04203336
0.34048812 0.04230903
0.33918725 0.04264228
0.33790116 0.04302490
0.33661508 0.04344485
0.33532899 0.04389382
0.33404290 0.04437635
0.33275681 0.04487196
0.33145594 0.04534056
0.33016985 0.04575903
0.32888376 0.04612590
0.32759768 0.04645327
0.32629681 0.04677472
0.32501072 0.04714811
0.32372463 0.04763425
0.32243854 0.04827292
0.32115245 0.04906307
0.31985158 0.04997402
0.31856549 0.05095933
0.31727941 0.05194389
0.31599332 0.05285947
0.31469245 0.05372025
0.31340636 0.05459503
0.31212027 0.05546319
0.31083418 0.05624259
0.30953331 0.05691521
0.30824722 0.05756008
0.30696114 0.05830116
0.30567505 0.05920020
0.30437418 0.06024869
0.30308809 0.06136368
0.30180200 0.06242491
0.30051591 0.06336766
0.29921504 0.06420123
0.29792895 0.06498820
0.29664287 0.06581043
0.29534200 0.06673120
0.29405591 0.06772490
0.29276982 0.06870465
0.29148373 0.06957090
0.29018286 0.07025106
0.28889677 0.07075266
0.28761068 0.07129814
0.28630981 0.07206397
0.28502373 0.07293701
0.28373764 0.07374586
0.28243677 0.07433967
0.28115068 0.07469804
0.27986459 0.07500213
0.27857850 0.07537554
0.27727763 0.07583524
0.27599154 0.07640250
0.27470546 0.07705133
0.27340459 0.07767798
0.27211850 0.07814596
0.27083241 0.07841821
0.26953154 0.07852792
0.26824545 0.07858362
0.26695936 0.07874223
0.26565849 0.07904386
0.26437240 0.07942464
0.26307153 0.07979139
0.26178545 0.08010025
0.26049936 0.08036078
0.25919849 0.08057545
0.25791240 0.08076046
0.25662631 0.08092849
0.25532544 0.08109185
0.25403935 0.08125084
0.25275326 0.08138720
0.25145239 0.08146989
0.25016630 0.08149323
0.24886543 0.08147250
0.24757935 0.08141451
0.24629326 0.08131571
0.24499239 0.08116392
0.24370630 0.08094628
0.24240543 0.08067824
0.24111934 0.08041804
0.23983325 0.08020526
0.23853238 0.08003248
0.23724629 0.07985187
0.23594542 0.07959373
0.23465933 0.07921340
0.23337325 0.07871412
0.23207238 0.07813105
0.23078629 0.07749576
0.22948542 0.07682531
0.22819933 0.07613782
0.22689846 0.07547352
0.22561237 0.07486336
0.22432628 0.07428792
0.22302541 0.07369323
0.22173932 0.07304437
0.22043845 0.07234725
0.21915236 0.07162381
0.21785149 0.07089878
0.21656541 0.07019853
0.21526454 0.06953664
0.21397845 0.06891355
0.21267758 0.06830144
0.21139149 0.06763426
0.21009062 0.06687377
0.20880453 0.06607329
0.20750366 0.06538532
0.20621757 0.06494992
0.20493148 0.06468466
0.20363061 0.06436290
0.20234452 0.06389834
0.20104365 0.06335261
0.19975757 0.06278220
0.19845669 0.06220788
0.19717061 0.06159170
0.19586974 0.06088449
0.19458365 0.06008404
0.19328278 0.05936191
0.19199669 0.05890012
0.19069582 0.05865641
0.18939495 0.05842064
0.18810886 0.05802866
0.18680799 0.05753631
0.18552190 0.05704533
0.18422103 0.05662478
0.18293494 0.05628205
0.18163407 0.05598703
0.18034798 0.05571869
0.17904711 0.05546927
0.17776102 0.05524397
0.17646015 0.05505003
0.17517407 0.05489047
0.17387319 0.05475665
0.17257232 0.05463256
0.17128624 0.05449647
0.16998537 0.05432036
0.16869928 0.05406143
0.16739841 0.05366639
0.16611232 0.05308494
0.16481145 0.05232722
0.16351058 0.05161779
0.16222449 0.05117882
0.16092362 0.05098976
0.15963753 0.05082379
0.15833666 0.05055331
0.15703579 0.05026811
0.15574970 0.05004525
0.15444883 0.04985229
0.15316274 0.04958506
0.15186187 0.04927500
0.15056100 0.04903115
0.14927491 0.04888046
0.14797404 0.04874520
0.14668795 0.04852804
0.14538708 0.04812897
0.14408621 0.04752316
0.14280012 0.04681463
0.14149925 0.04615863
0.14019838 0.04563674
0.13891229 0.04519203
0.13761142 0.04475921
0.13632534 0.04430884
0.13502447 0.04384141
0.13372359 0.04337251
0.13243751 0.04290920
0.13113664 0.04240959
0.12983577 0.04182157
0.12854968 0.04158767
0.12724881 0.04112027
0.12594794 0.04064926
0.12466185 0.04017483
0.12336098 0.03969723
0.12206011 0.03921669
0.12075924 0.03873347
0.11947315 0.03824786
0.11817228 0.03776014
0.11687141 0.03727061
0.11558532 0.03677960
0.11428445 0.03628743
0.11298358 0.03579443
0.11169749 0.03530098
0.11039662 0.03480741
0.10909575 0.03431412
0.10779488 0.03382147
0.10650879 0.03332985
0.10520792 0.03283967
0.10390705 0.03235132
0.10260618 0.03186521
0.10132009 0.03138176
0.10001922 0.03090136
0.09871835 0.03042445
0.09743226 0.02995143
0.09613139 0.02948273
0.09483052 0.02901876
0.09352965 0.02855993
0.09224356 0.02810666
0.09094269 0.02765934
0.08964182 0.02721838
0.08834095 0.02678416
0.08704008 0.02635707
0.08575399 0.02593748
0.08445312 0.02552575
0.08315225 0.02512222
0.08185138 0.02472723
0.08056529 0.02434108
0.07926442 0.02396408
0.07796355 0.02359651
0.07666268 0.02323861
0.07536180 0.02289062
0.07407572 0.02255276
0.07277485 0.02222519
0.07147398 0.02190807
0.07017310 0.02160153
0.06887223 0.02130566
0.06757136 0.02102052
0.06628528 0.02074611
0.06498440 0.02048244
0.06368353 0.02022944
0.06238266 0.01998701
0.06108179 0.01975502
0.05978092 0.01953327
0.05849483 0.01932152
0.05719396 0.01911949
0.05589309 0.01892684
0.05459222 0.01874318
0.05329135 0.01856805
0.05199048 0.01840094
0.05068961 0.01824127
0.04940352 0.01808842
0.04810265 0.01794167
0.04680178 0.01780025
0.04550091 0.01766331
0.04420004 0.01752994
0.04289917 0.01739914
0.04159830 0.01726983
0.04029743 0.01714085
0.03901134 0.01701096
0.03771047 0.01687883
0.03640960 0.01674304
0.03510873 0.01660207
0.03380786 0.01645432
0.03250698 0.01629806
0.03120611 0.01613150
0.02990524 0.01595272
0.02860437 0.01575969
0.02730350 0.01555028
0.02600263 0.01532224
0.02470176 0.01507321
0.02341567 0.01480070
0.02211480 0.01450211
0.02081393 0.01417470
0.01951306 0.01381561
0.01821219 0.01342185
0.01691132 0.01299028
0.01561045 0.01251763
0.01430958 0.01200050
0.01300871 0.01143531
0.01170784 0.01081836
0.01040697 0.01014580
0.00910609 0.00941360
0.00780522 0.00861757
0.00650435 0.00775340
0.00520348 0.00681655
0.00390261 0.00580236
0.00260174 0.00470596
0.00130087 0.00352233
0.00000000 0.00224626
-0.00000000 0.00807216
-0.00130087 0.00706288
-0.00260335 0.00488136
-0.00390746 0.00401242
-0.00521317 0.00311974
-0.00652048 0.00246555
-0.00782941 0.00181239
-0.00913993 0.00122424
-0.01045207 0.00064075
-0.01176578 0.00022447
-0.01308110 0.00043282
-0.01439801 0.00106102
-0.01571644 0.00170157
-0.01703653 0.00237544
-0.01835824 0.00307730
-0.01968143 0.00382323
-0.02100625 0.00460136
-0.02233255 0.00541188
-0.02366047 0.00623425
-0.02499002 0.00704707
-0.02632105 0.00767043
-0.02765326 0.00777377
-0.02898739 0.00742536
-0.03032315 0.00706542
-0.03166038 0.00686847
-0.03299939 0.00677052
-0.03433973 0.00672550
-0.03568185 0.00671577
-0.03702529 0.00673092
-0.03837051 0.00676842
-0.03971706 0.00682873
-0.04106524 0.00692168
-0.04241504 0.00705803
-0.04376617 0.00717931
-0.04511893 0.00707129
-0.04647316 0.00667776
-0.04782902 0.00625239
-0.04918636 0.00595267
-0.05054518 0.00574859
-0.05190548 0.00560164
-0.05326740 0.00549271
-0.05463080 0.00540703
-0.05599568 0.00533699
-0.05736204 0.00527666
-0.05872988 0.00522308
-0.06009919 0.00517455
-0.06146998 0.00513197
-0.06284240 0.00510126
-0.06421615 0.00509925
-0.06559138 0.00513777
-0.06696823 0.00519586
-0.06834642 0.00524431
-0.06972608 0.00527898
-0.07110722 0.00530628
-0.07248984 0.00532848
-0.07387393 0.00534672
-0.07525951 0.00536197
-0.07664641 0.00537479
-0.07803480 0.00538568
-0.07942466 0.00539497
-0.08081600 0.00540293
-0.08220867 0.00540974
-0.08360282 0.00541555
-0.08499845 0.00542047
-0.08639541 0.00542460
-0.08779384 0.00542802
-0.08919376 0.00543079
-0.09059500 0.00543297
-0.09199772 0.00543462
-0.09340178 0.00543580
-0.09480731 0.00543655
-0.09621417 0.00543696
-0.09762236 0.00543710
-0.09903203 0.00543707
-0.10044304 0.00543706
-0.10185551 0.00543733
-0.10326932 0.00543833
-0.10468446 0.00544078
-0.10610108 0.00544617
-0.10751888 0.00545717
-0.10893816 0.00547467
-0.11035892 0.00549220
-0.11178086 0.00550199
-0.11320413 0.00550438
-0.11462888 0.00550317
-0.11605496 0.00550007
-0.11748222 0.00549576
-0.11891096 0.00549073
-0.12034104 0.00548525
-0.12177229 0.00547952
-0.12320502 0.00547366
-0.12463893 0.00546776
-0.12607433 0.00546191
-0.12751090 0.00545614
-0.12894881 0.00545051
-0.13038804 0.00544507
-0.13182846 0.00543983
-0.13327021 0.00543483
-0.13471344 0.00543008
-0.13615770 0.00542562
-0.13760344 0.00542147
-0.13905022 0.00541764
-0.14049847 0.00541417
-0.14194791 0.00541107
-0.14339867 0.00540835
-0.14485062 0.00540604
-0.14630375 0.00540414
-0.14775822 0.00540268
-0.14921430 0.00540168
-0.15067039 0.00540113
-0.15212944 0.00540105
-0.15358848 0.00540146
-0.15504900 0.00540236
-0.15651101 0.00540376
-0.15797449 0.00540567
-0.15943796 0.00540809
-0.16090440 0.00541102
-0.16237084 0.00541447
-0.16383875 0.00541845
-0.16530667 0.00542295
-0.16677754 0.00542797
-0.16824841 0.00543352
-0.16972223 0.00543960
-0.17119606 0.00544620
-0.17266989 0.00545334
-0.17414667 0.00546101
-0.17562346 0.00546923
-0.17710172 0.00547800
-0.17858146 0.00548735
-0.18006268 0.00549730
-0.18154390 0.00550790
-0.18302659 0.00551919
-0.18451077 0.00553130
-0.18599642 0.00554465
-0.18748355 0.00555937
-0.18897069 0.00557410
-0.19045930 0.00558621
-0.19194791 0.00559378
-0.19343947 0.00559694
-0.19493104 0.00559708
-0.19642408 0.00559527
-0.19791861 0.00559200
-0.19941313 0.00558760
-0.20090913 0.00558232
-0.20240661 0.00557634
-0.20390557 0.00556978
-0.20540453 0.00556277
-0.20690496 0.00555544
-0.20840540 0.00554787
-0.20990879 0.00554020
-0.21141218 0.00553256
-0.21291705 0.00552509
-0.21442193 0.00551798
-0.21592827 0.00551145
-0.21743610 0.00550577
-0.21894541 0.00550130
-0.22045471 0.00549847
-0.22196550 0.00549786
-0.22347628 0.00550018
-0.22499002 0.00550642
-0.22650376 0.00551785
-0.22801750 0.00553621
-0.22953272 0.00556390
-0.23104942 0.00560419
-0.23256759 0.00566247
-0.23408577 0.00574589
-0.23560542 0.00585377
-0.23712508 0.00596102
-0.23864621 0.00603905
-0.24016882 0.00608867
-0.24169143 0.00612359
-0.24321552 0.00614998
-0.24474108 0.00617051
-0.24626665 0.00618722
-0.24779369 0.00620125
-0.24932074 0.00621351
-0.25084926 0.00622454
-0.25237926 0.00623478
-0.25390926 0.00624452
-0.25544074 0.00625395
-0.25697222 0.00626323
-0.25850518 0.00627244
-0.26003962 0.00628165
-0.26157405 0.00629088
-0.26310997 0.00630015
-0.26464588 0.00630946
-0.26618327 0.00631877
-0.26772067 0.00632806
-0.26925954 0.00633730
-0.27079989 0.00634640
-0.27234024 0.00635530
-0.27388059 0.00636397
-0.27542241 0.00637233
-0.27696572 0.00638029
-0.27850902 0.00638776
-0.28005381 0.00639463
-0.28159859 0.00640080
-0.28314485 0.00640610
-0.28469112 0.00641041
-0.28623886 0.00641357
-0.28778808 0.00641540
-0.28933730 0.00641571
-0.29088651 0.00641426
-0.29243721 0.00641078
-0.29398791 0.00640497
-0.29554008 0.00639627
-0.29709226 0.00638418
-0.29864591 0.00636820
-0.30019957 0.00634785
-0.30175470 0.00632309
-0.30330983 0.00629877
-0.30486644 0.00628407
-0.30642305 0.00628167
-0.30798114 0.00628738
-0.30953923 0.00629780
-0.31109731 0.00631155
-0.31265688 0.00632774
-0.31421793 0.00634579
-0.31577749 0.00636530
-0.31734002 0.00638600
-0.31890106 0.00640767
-0.32046358 0.00643017
-0.32202758 0.00645338
-0.32359159 0.00647722
-0.32515559 0.00650163
-0.32672107 0.00652654
-0.32828655 0.00655193
-0.32985350 0.00657776
-0.33142046 0.00660399
-0.33298742 0.00663062
-0.33455586 0.00665760
-0.33612429 0.00668493
-0.33769273 0.00671257
-0.33926264 0.00674049
-0.34083256 0.00676870
-0.34240395 0.00679716
-0.34397534 0.00682585
-0.34554674 0.00685476
-0.34711961 0.00688385
-0.34869248 0.00691310
-0.35026535 0.00694248
-0.35183970 0.00697195
-0.35341405 0.00700147
-0.35498840 0.00703099
-0.35656422 0.00706046
-0.35814005 0.00708981
-0.35971588 0.00711897
-0.36129171 0.00714784
-0.36286901 0.00717629
-0.36444780 0.00720421
-0.36602510 0.00723137
-0.36760388 0.00725753
-0.36918267 0.00728281
-0.37076145 0.00730887
-0.37234172 0.00733794
-0.37392198 0.00737020
-0.37550224 0.00740456
-0.37708398 0.00744044
-0.37866424 0.00747762
-0.38024598 0.00751591
-0.38182920 0.00755523
-0.38341094 0.00759549
-0.38499416 0.00763665
-0.38657738 0.00767867
-0.38816060 0.00772151
-0.38974382 0.00776515
-0.39132851 0.00780959
-0.39291321 0.00785479
-0.39449791 0.00790075
-0.39608261 0.00794745
-0.39766878 0.00799488
-0.39925496 0.00804303
-0.40084113 0.00809188
-0.40242731 0.00814143
-0.40401348 0.00819166
-0.40560114 0.00824255
-0.40718731 0.00829409
-0.40877496 0.00834626
-0.41036262 0.00839905
-0.41195175 0.00845242
-0.41353940 0.00850637
-0.41512853 0.00856088
-0.41671619 0.00861591
-0.41830532 0.00867144
-0.41989445 0.00872744
-0.42148358 0.00878389
-0.42307419 0.00884074
-0.42466333 0.00889797
-0.42625394 0.00895553
-0.42784307 0.00901339
-0.42943368 0.00907150
-0.43102429 0.00912982
-0.43261490 0.00918828
-0.43420551 0.00924684
-0.43579612 0.00930542
-0.43738821 0.00936397
-0.43897882 0.00942240
-0.44057090 0.00948063
-0.44216151 0.00953856
-0.44375360 0.00959607
-0.44534569 0.00965306
-0.44693778 0.00970938
-0.44852839 0.00976488
-0.45012048 0.00981936
-0.45171257 0.00987260
-0.45330613 0.00992434
-0.45489822 0.00997427
-0.45649031 0.01002200
-0.45808240 0.01006700
-0.45967449 0.01010860
-0.46126658 0.01014590
-0.46286014 0.01017690
-0.46445223 0.01020130
-0.46604432 0.01022760
-0.46763788 0.01027200
-0.46922997 0.01034180
-0.47082206 0.01042900
-0.47241563 0.01052400
-0.47400772 0.01062250
-0.47559980 0.01072250
-0.47719337 0.01082270
-0.47878546 0.01092220
-0.48037755 0.01102060
-0.48196964 0.01111760
-0.48356320 0.01121290
-0.48515529 0.01130670
-0.48674738 0.01139880
-0.48833947 0.01148920
-0.48993156 0.01157820
-0.49152364 0.01166570
-0.49311573 0.01175180
-0.49470782 0.01183660
-0.49629843 0.01192030
-0.49789052 0.01200300
-0.49948261 0.01208470
-0.50107322 0.01216560
-0.50266383 0.01224580
-0.50425592 0.01232550
-0.50584653 0.01240470
-0.50743714 0.01248360
-0.50902775 0.01256220
-0.51061836 0.01264080
-0.51220897 0.01271950
-0.51379958 0.01279850
-0.51538871 0.01287780
-0.51697932 0.01295770
-0.51856845 0.01303840
-0.52015758 0.01312010
-0.52174671 0.01320300
-0.52333585 0.01328740
-0.52492498 0.01337370
-0.52651263 0.01346210
-0.52810029 0.01355320
-0.52968942 0.01364730
-0.53127707 0.01374500
-0.53286472 0.01384720
-0.53445090 0.01395440
-0.53603855 0.01406800
-0.53762473 0.01418890
-0.53921090 0.01431910
-0.54079708 0.01446050
-0.54238325 0.01461670
-0.54396943 0.01479200
-0.54555413 0.01498470
-0.54713882 0.01516990
-0.54872352 0.01531620
-0.55030822 0.01542460
-0.55189144 0.01551420
-0.55347466 0.01559550
-0.55505787 0.01567260
-0.55664109 0.01574810
-0.55822283 0.01582370
-0.55980605 0.01590020
-0.56138779 0.01597850
-0.56296805 0.01605900
-0.56454980 0.01614200
-0.56613006 0.01622770
-0.56771032 0.01631640
-0.56929058 0.01640800
-0.57086937 0.01650280
-0.57244815 0.01660060
-0.57402693 0.01670170
-0.57560424 0.01680600
-0.57718302 0.01691340
-0.57875885 0.01702410
-0.58033616 0.01713790
-0.58191198 0.01725490
-0.58348781 0.01737500
-0.58506364 0.01749810
-0.58663799 0.01762420
-0.58821234 0.01775320
-0.58978669 0.01788510
-0.59135956 0.01801980
-0.59293243 0.01815710
-0.59450530 0.01829700
-0.59607669 0.01843930
-0.59764808 0.01858390
-0.59921800 0.01873080
-0.60078939 0.01887960
-0.60235783 0.01903040
-0.60392774 0.01918290
-0.60549618 0.01933700
-0.60706461 0.01949240
-0.60863157 0.01964910
-0.61019853 0.01980670
-0.61176401 0.01996520
-0.61333097 0.02012420
-0.61489497 0.02028360
-0.61646045 0.02044310
-0.61802445 0.02060240
-0.61958697 0.02076130
-0.62114950 0.02091940
-0.62271202 0.02107650
-0.62427306 0.02123210
-0.62583411 0.02138590
-0.62739368 0.02153740
-0.62895324 0.02168610
-0.63051133 0.02183140
-0.63207090 0.02197260
-0.63362751 0.02210880
-0.63518412 0.02223870
-0.63674073 0.02236020
-0.63829586 0.02247020
-0.63985099 0.02256780
-0.64140464 0.02265510
-0.64295830 0.02274730
-0.64451047 0.02287210
-0.64606265 0.02303750
-0.64761335 0.02322650
-0.64916404 0.02342400
-0.65071326 0.02362450
-0.65226248 0.02382530
-0.65381022 0.02402500
-0.65535796 0.02422260
-0.65690570 0.02441800
-0.65845049 0.02461080
-0.65999675 0.02480120
-0.66154005 0.02498910
-0.66308484 0.02517470
-0.66462666 0.02535810
-0.66616849 0.02553960
-0.66771032 0.02571910
-0.66925067 0.02589700
-0.67078954 0.02607330
-0.67232841 0.02624820
-0.67386728 0.02642180
-0.67540467 0.02659440
-0.67694059 0.02676610
-0.67847650 0.02693690
-0.68001094 0.02710700
-0.68154390 0.02727670
-0.68307685 0.02744600
-0.68460833 0.02761500
-0.68613981 0.02778390
-0.68766982 0.02795300
-0.68919982 0.02812220
-0.69072834 0.02829190
-0.69225538 0.02846220
-0.69378243 0.02863340
-0.69530800 0.02880570
-0.69683356 0.02897920
-0.69835765 0.02915450
-0.69988026 0.02933170
-0.70140287 0.02951130
-0.70292400 0.02969370
-0.70444366 0.02987950
-0.70596331 0.03006930
-0.70748148 0.03026390
-0.70899966 0.03046410
-0.71051488 0.03067120
-0.71203158 0.03088640
-0.71354532 0.03111160
-0.71505906 0.03134920
-0.71657132 0.03160190
-0.71808358 0.03187460
-0.71959436 0.03217440
-0.72110367 0.03250850
-0.72261150 0.03285770
-0.72411933 0.03315320
-0.72562567 0.03334790
-0.72713202 0.03346940
-0.72863542 0.03356210
-0.73014029 0.03364560
-0.73164220 0.03372890
-0.73314412 0.03381890
-0.73464307 0.03392030
-0.73614351 0.03403690
-0.73764099 0.03417220
-0.73913847 0.03432890
-0.74063447 0.03450950
-0.74212899 0.03471600
-0.74362352 0.03494970
-0.74511656 0.03521120
-0.74660813 0.03550030
-0.74809822 0.03581570
-0.74958830 0.03615530
-0.75107691 0.03651610
-0.75256405 0.03689410
-0.75405118 0.03728500
-0.75553535 0.03768370
-0.75701953 0.03808530
-0.75850222 0.03848490
-0.75998492 0.03887780
-0.76146466 0.03925990
-0.76294440 0.03962790
-0.76442266 0.03997880
-0.76590093 0.04031040
-0.76737623 0.04062120
-0.76885154 0.04090990
-0.77032537 0.04117590
-0.77179771 0.04141850
-0.77326859 0.04163720
-0.77473946 0.04183110
-0.77620885 0.04199850
-0.77767528 0.04213950
-0.77914320 0.04225940
-0.78060816 0.04236580
-0.78207164 0.04246420
-0.78353512 0.04255900
-0.78499712 0.04265520
-0.78645764 0.04275880
-0.78791669 0.04287260
-0.78937573 0.04299620
-0.79083182 0.04313040
-0.79228791 0.04327760
-0.79374252 0.04344010
-0.79519565 0.04361970
-0.79664730 0.04381840
-0.79809748 0.04403760
-0.79954765 0.04427810
-0.80099487 0.04454050
-0.80244209 0.04482440
-0.80388783 0.04512840
-0.80533209 0.04545050
-0.80677488 0.04578790
-0.80821618 0.04613710
-0.80965749 0.04649410
-0.81109584 0.04685470
-0.81253418 0.04721470
-0.81397106 0.04757020
-0.81540645 0.04791770
-0.81684036 0.04825470
-0.81827280 0.04857870
-0.81970376 0.04888840
-0.82113324 0.04918300
-0.82256272 0.04946210
-0.82398924 0.04972590
-0.82541576 0.04997470
-0.82684081 0.05020940
-0.82826289 0.05043070
-0.82968498 0.05063860
-0.83110559 0.05083240
-0.83252472 0.05101340
-0.83394238 0.05118540
-0.83536003 0.05135160
-0.83677473 0.05151400
-0.83818795 0.05167340
-0.83960116 0.05183050
-0.84101143 0.05198550
-0.84242169 0.05213860
-0.84382899 0.05229040
-0.84523630 0.05244270
-0.84664213 0.05259630
-0.84804648 0.05275110
-0.84944787 0.05290680
-0.85084926 0.05306330
-0.85224918 0.05322070
-0.85364761 0.05337880
-0.85504457 0.05353780
-0.85644005 0.05369750
-0.85783405 0.05385810
-0.85922657 0.05401960
-0.86061762 0.05418200
-0.86200866 0.05434530
-0.86339675 0.05450960
-0.86478336 0.05467500
-0.86616849 0.05484160
-0.86755215 0.05500940
-0.86893580 0.05517840
-0.87031650 0.05534900
-0.87169571 0.05552100
-0.87307345 0.05569470
-0.87445120 0.05587020
-0.87582598 0.05604760
-0.87719928 0.05622710
-0.87857259 0.05640890
-0.87994294 0.05659300
-0.88131181 0.05677990
-0.88267920 0.05696950
-0.88404659 0.05716230
-0.88541103 0.05735840
-0.88677399 0.05755810
-0.88813547 0.05776170
-0.88949695 0.05796940
-0.89085547 0.05818180
-0.89221251 0.05839900
-0.89356808 0.05862160
-0.89492217 0.05884990
-0.89627478 0.05908430
-0.89762591 0.05932550
-0.89897556 0.05957380
-0.90032374 0.05982990
-0.90167044 0.06009430
-0.90301565 0.06036760
-0.90435940 0.06065050
-0.90570166 0.06094370
-0.90704096 0.06124750
-0.90838027 0.06156290
-0.90971810 0.06188980
-0.91105297 0.06222710
-0.91238784 0.06257220
-0.91371975 0.06293970
-0.91505167 0.06338200
-0.91638062 0.06393390
-0.91770810 0.06456250
-0.91903410 0.06522040
-0.92036010 0.06589300
-0.92168315 0.06658540
-0.92300472 0.06730550
-0.92432480 0.06806230
-0.92564341 0.06886500
-0.92695907 0.06972340
-0.92827472 0.07064830
-0.92958890 0.07165150
-0.93090011 0.07274610
-0.93221133 0.07394760
-0.93351959 0.07527180
-0.93482786 0.07674160
-0.93613316 0.07836800
-0.93743699 0.08018760
-0.93873934 0.08218380
-0.94004021 0.08429980
-0.94133960 0.08608160
-0.94263604 0.08747740
-0.94393247 0.08902610
-0.94522743 0.09305380
-0.94651943 0.10043000
-0.94781143 0.11872500
-0.94910048 0.14176800
-0.95038804 0.12892300
-0.95167118 0.05418320
-0.95295431 0.01607670
-0.95423744 0.02485240
-0.95551909 0.01676280
-0.95679779 0.01425680
-0.95807353 0.01372880
-0.95934927 0.01555020
-0.96062353 0.01992080
-0.96189631 0.02708690
-0.96316762 0.03208240
