# s/c   M_is_mean    M_is_std
0.00000000 0.01791498 0.00156344
0.00130087 0.02876891 0.00077607
0.00260174 0.03681159 0.00046094
0.00390261 0.04361902 0.00027834
0.00520348 0.04968562 0.00015838
0.00650435 0.05524166 0.00007679
0.00780522 0.06041572 0.00003489
0.00910609 0.06528793 0.00005375
0.01040697 0.06991206 0.00008407
0.01170784 0.07432631 0.00010901
0.01300871 0.07855896 0.00012823
0.01430958 0.08263175 0.00014266
0.01561045 0.08656186 0.00015321
0.01691132 0.09036325 0.00016066
0.01821219 0.09404748 0.00016561
0.01951306 0.09762435 0.00016859
0.02081393 0.10110228 0.00016999
0.02211480 0.10448866 0.00017015
0.02341567 0.10779003 0.00016936
0.02470176 0.11101225 0.00016784
0.02600263 0.11416067 0.00016578
0.02730350 0.11724019 0.00016334
0.02860437 0.12025534 0.00016066
0.02990524 0.12321036 0.00015785
0.03120611 0.12610920 0.00015502
0.03250698 0.12895562 0.00015223
0.03380786 0.13175320 0.00014958
0.03510873 0.13450532 0.00014711
0.03640960 0.13721525 0.00014489
0.03771047 0.13988611 0.00014298
0.03901134 0.14252092 0.00014140
0.04029743 0.14512259 0.00014021
0.04159830 0.14769393 0.00013945
0.04289917 0.15023767 0.00013913
0.04420004 0.15275644 0.00013930
0.04550091 0.15525282 0.00013998
0.04680178 0.15772929 0.00014117
0.04810265 0.16018827 0.00014289
0.04940352 0.16263212 0.00014514
0.05068961 0.16506310 0.00014793
0.05199048 0.16748344 0.00015124
0.05329135 0.16989528 0.00015505
0.05459222 0.17230071 0.00015936
0.05589309 0.17470174 0.00016413
0.05719396 0.17710032 0.00016935
0.05849483 0.17949835 0.00017497
0.05978092 0.18189764 0.00018098
0.06108179 0.18429995 0.00018734
0.06238266 0.18670698 0.00019402
0.06368353 0.18912034 0.00020099
0.06498440 0.19154161 0.00020821
0.06628528 0.19397227 0.00021564
0.06757136 0.19641375 0.00022327
0.06887223 0.19886742 0.00023106
0.07017310 0.20133457 0.00023898
0.07147398 0.20381642 0.00024700
0.07277485 0.20631414 0.00025509
0.07407572 0.20882882 0.00026323
0.07536180 0.21136149 0.00027139
0.07666268 0.21391313 0.00027955
0.07796355 0.21648462 0.00028768
0.07926442 0.21907680 0.00029577
0.08056529 0.22169044 0.00030379
0.08185138 0.22432625 0.00031173
0.08315225 0.22698488 0.00031956
0.08445312 0.22966690 0.00032728
0.08575399 0.23237285 0.00033486
0.08704008 0.23510319 0.00034230
0.08834095 0.23785833 0.00034957
0.08964182 0.24063861 0.00035668
0.09094269 0.24344434 0.00036361
0.09224356 0.24627575 0.00037035
0.09352965 0.24913304 0.00037689
0.09483052 0.25201634 0.00038323
0.09613139 0.25492574 0.00038937
0.09743226 0.25786129 0.00039530
0.09871835 0.26082299 0.00040101
0.10001922 0.26381077 0.00040651
0.10132009 0.26682456 0.00041180
0.10260618 0.26986422 0.00041687
0.10390705 0.27292957 0.00042174
0.10520792 0.27602042 0.00042639
0.10650879 0.27913651 0.00043084
0.10779488 0.28227757 0.00043508
0.10909575 0.28544327 0.00043913
0.11039662 0.28863329 0.00044299
0.11169749 0.29184725 0.00044666
0.11298358 0.29508474 0.00045016
0.11428445 0.29834535 0.00045348
0.11558532 0.30162861 0.00045664
0.11687141 0.30493407 0.00045964
0.11817228 0.30826121 0.00046250
0.11947315 0.31160953 0.00046522
0.12075924 0.31497850 0.00046782
0.12206011 0.31836756 0.00047029
0.12336098 0.32177615 0.00047266
0.12466185 0.32520369 0.00047493
0.12594794 0.32864958 0.00047711
0.12724881 0.33211322 0.00047922
0.12854968 0.33559401 0.00048125
0.12983577 0.34098064 0.00048159
0.13113664 0.34468093 0.00047757
0.13243751 0.34835335 0.00047331
0.13372359 0.35201868 0.00047176
0.13502447 0.35568721 0.00047319
0.13632534 0.35935104 0.00047440
0.13761142 0.36300383 0.00047533
0.13891229 0.36664918 0.00047429
0.14019838 0.37032884 0.00047364
0.14149925 0.37411704 0.00048610
0.14280012 0.37803479 0.00051497
0.14408621 0.38200757 0.00054605
0.14538708 0.38590615 0.00055543
0.14668795 0.38966396 0.00054270
0.14797404 0.39329630 0.00052482
0.14927491 0.39684744 0.00050946
0.15056100 0.40038758 0.00050366
0.15186187 0.40395695 0.00051039
0.15316274 0.40751995 0.00051854
0.15444883 0.41102807 0.00051834
0.15574970 0.41449658 0.00051688
0.15703579 0.41797468 0.00052259
0.15833666 0.42144419 0.00053015
0.15963753 0.42484959 0.00053000
0.16092362 0.42817960 0.00051812
0.16222449 0.43155834 0.00051452
0.16351058 0.43514855 0.00055065
0.16481145 0.43892592 0.00061522
0.16611232 0.44275816 0.00066932
0.16739841 0.44653950 0.00068962
0.16869928 0.45023039 0.00068302
0.16998537 0.45383929 0.00066658
0.17128624 0.45737970 0.00064827
0.17257232 0.46086697 0.00063264
0.17387319 0.46431489 0.00062071
0.17517407 0.46773626 0.00061249
0.17646015 0.47114222 0.00060753
0.17776102 0.47454015 0.00060504
0.17904711 0.47793206 0.00060349
0.18034798 0.48132159 0.00060222
0.18163407 0.48471317 0.00060140
0.18293494 0.48812570 0.00060441
0.18422103 0.49159723 0.00061766
0.18552190 0.49515025 0.00064697
0.18680799 0.49876159 0.00068528
0.18810886 0.50234874 0.00070440
0.18939495 0.50583507 0.00068984
0.19069582 0.50923157 0.00065646
0.19199669 0.51266629 0.00063548
0.19328278 0.51630789 0.00066396
0.19458365 0.52014557 0.00072917
0.19586974 0.52405823 0.00078631
0.19717061 0.52798124 0.00081473
0.19845669 0.53190003 0.00082100
0.19975757 0.53584685 0.00082708
0.20104365 0.53982229 0.00083645
0.20234452 0.54376645 0.00083009
0.20363061 0.54763710 0.00080096
0.20493148 0.55141211 0.00075546
0.20621757 0.55517730 0.00071472
0.20750366 0.55911205 0.00071394
0.20880453 0.56324593 0.00075194
0.21009062 0.56749505 0.00079870
0.21139149 0.57177479 0.00082460
0.21267758 0.57604164 0.00082451
0.21397845 0.58032003 0.00081525
0.21526454 0.58464485 0.00080830
0.21656541 0.58903688 0.00081084
0.21785149 0.59350380 0.00082264
0.21915236 0.59803675 0.00083999
0.22043845 0.60261591 0.00085819
0.22173932 0.60721379 0.00087006
0.22302541 0.61181263 0.00087326
0.22432628 0.61640978 0.00086943
0.22561237 0.62103108 0.00086554
0.22689846 0.62572595 0.00087709
0.22819933 0.63050592 0.00090827
0.22948542 0.63534778 0.00095108
0.23078629 0.64022513 0.00099539
0.23207238 0.64510990 0.00103041
0.23337325 0.64997475 0.00105007
0.23465933 0.65479523 0.00105607
0.23594542 0.65955271 0.00105206
0.23724629 0.66424359 0.00104116
0.23853238 0.66888583 0.00102843
0.23983325 0.67350791 0.00101807
0.24111934 0.67813393 0.00101324
0.24240543 0.68277269 0.00101623
0.24370630 0.68741290 0.00102677
0.24499239 0.69203516 0.00104313
0.24629326 0.69662748 0.00106239
0.24757935 0.70117887 0.00107913
0.24886543 0.70567380 0.00108708
0.25016630 0.71010570 0.00108541
0.25145239 0.71447298 0.00107827
0.25275326 0.71877935 0.00107202
0.25403935 0.72304320 0.00107525
0.25532544 0.72727563 0.00109004
0.25662631 0.73147655 0.00111381
0.25791240 0.73563734 0.00114118
0.25919849 0.73973596 0.00116176
0.26049936 0.74375052 0.00116759
0.26178545 0.74766718 0.00115829
0.26307153 0.75148572 0.00113935
0.26437240 0.75522139 0.00111960
0.26565849 0.75892602 0.00111294
0.26695936 0.76267263 0.00113187
0.26824545 0.76647947 0.00117768
0.26953154 0.77030096 0.00123416
0.27083241 0.77405493 0.00127484
0.27211850 0.77765380 0.00128497
0.27340459 0.78106897 0.00126558
0.27470546 0.78433493 0.00123358
0.27599154 0.78753152 0.00121538
0.27727763 0.79073451 0.00122642
0.27857850 0.79396168 0.00126503
0.27986459 0.79718907 0.00131329
0.28115068 0.80036839 0.00134568
0.28243677 0.80342118 0.00135064
0.28373764 0.80627976 0.00133358
0.28502373 0.80897811 0.00131330
0.28630981 0.81160573 0.00131258
0.28761068 0.81424635 0.00133928
0.28889677 0.81690636 0.00138471
0.29018286 0.81948520 0.00142677
0.29148373 0.82188905 0.00144293
0.29276982 0.82410074 0.00143479
0.29405591 0.82614909 0.00141523
0.29534200 0.82808581 0.00139784
0.29664287 0.82997498 0.00139891
0.29792895 0.83183632 0.00142017
0.29921504 0.83363984 0.00145295
0.30051591 0.83533200 0.00148475
0.30180200 0.83686170 0.00150270
0.30308809 0.83822247 0.00150736
0.30437418 0.83945810 0.00151065
0.30567505 0.84063367 0.00152351
0.30696114 0.84180864 0.00155155
0.30824722 0.84299695 0.00159429
0.30953331 0.84416823 0.00164602
0.31083418 0.84527193 0.00170030
0.31212027 0.84627114 0.00174946
0.31340636 0.84716005 0.00178521
0.31469245 0.84794013 0.00180491
0.31599332 0.84859889 0.00180778
0.31727941 0.84911857 0.00179830
0.31856549 0.84950842 0.00178607
0.31985158 0.84981041 0.00177940
0.32115245 0.85007336 0.00178301
0.32243854 0.85034953 0.00180004
0.32372463 0.85069528 0.00183795
0.32501072 0.85112788 0.00189694
0.32629681 0.85162605 0.00196838
0.32759768 0.85215545 0.00204072
0.32888376 0.85267409 0.00210056
0.33016985 0.85314537 0.00213964
0.33145594 0.85355232 0.00216076
0.33275681 0.85389630 0.00217045
0.33404290 0.85419677 0.00217970
0.33532899 0.85448442 0.00220053
0.33661508 0.85477496 0.00223365
0.33790116 0.85506791 0.00227443
0.33918725 0.85535778 0.00231478
0.34048812 0.85564816 0.00234991
0.34177421 0.85594926 0.00238004
0.34306030 0.85627344 0.00240752
0.34434639 0.85663520 0.00243613
0.34563247 0.85704136 0.00246932
0.34693335 0.85749068 0.00251358
0.34821943 0.85796218 0.00256697
0.34950552 0.85843480 0.00262669
0.35079161 0.85889985 0.00269136
0.35207770 0.85933038 0.00274632
0.35336379 0.85971221 0.00278635
0.35466466 0.86006713 0.00281748
0.35595074 0.86043280 0.00284628
0.35723683 0.86084313 0.00288089
0.35852292 0.86130629 0.00292335
0.35980901 0.86181487 0.00297263
0.36109510 0.86236713 0.00302783
0.36238118 0.86296148 0.00308681
0.36368206 0.86357791 0.00314582
0.36496814 0.86417697 0.00319873
0.36625423 0.86472445 0.00324168
0.36754032 0.86521608 0.00327644
0.36882641 0.86568236 0.00330973
0.37011250 0.86617494 0.00335147
0.37139858 0.86672838 0.00340841
0.37269945 0.86732952 0.00347896
0.37398554 0.86794732 0.00355549
0.37527163 0.86856610 0.00363159
0.37655772 0.86918301 0.00370064
0.37784381 0.86980730 0.00375541
0.37912989 0.87045497 0.00379687
0.38041598 0.87111900 0.00382957
0.38170207 0.87175732 0.00385486
0.38298816 0.87233284 0.00387650
0.38428903 0.87285416 0.00390152
0.38557512 0.87335738 0.00393569
0.38686121 0.87387406 0.00398146
0.38814729 0.87442716 0.00403636
0.38943338 0.87503184 0.00409737
0.39071947 0.87569055 0.00416209
0.39200556 0.87639305 0.00422735
0.39329165 0.87713089 0.00429195
0.39457773 0.87790945 0.00435676
0.39586382 0.87873739 0.00442093
0.39714991 0.87961987 0.00448547
0.39843600 0.88052721 0.00455114
0.39973687 0.88137812 0.00461012
0.40102296 0.88209998 0.00465462
0.40230905 0.88268746 0.00468860
0.40359513 0.88321716 0.00473287
0.40488122 0.88377190 0.00479621
0.40616731 0.88438332 0.00487139
0.40745340 0.88504355 0.00495300
0.40873949 0.88569641 0.00502941
0.41002557 0.88628743 0.00509187
0.41131166 0.88682879 0.00514654
0.41259775 0.88736826 0.00520285
0.41388384 0.88792620 0.00526111
0.41516993 0.88849611 0.00531775
0.41645601 0.88913300 0.00537824
0.41774210 0.88995152 0.00545719
0.41902819 0.89102436 0.00556107
0.42031428 0.89226854 0.00567152
0.42160037 0.89349929 0.00575859
0.42288645 0.89463593 0.00581463
0.42417254 0.89570268 0.00585698
0.42545863 0.89674499 0.00590628
0.42674472 0.89778426 0.00596290
0.42803081 0.89881462 0.00601812
0.42931690 0.89983979 0.00607176
0.43060298 0.90088116 0.00612849
0.43188907 0.90196647 0.00619463
0.43317516 0.90310738 0.00627050
0.43446125 0.90430018 0.00635239
0.43574734 0.90553970 0.00643758
0.43703342 0.90682287 0.00652510
0.43831951 0.90814030 0.00661140
0.43960560 0.90948415 0.00669579
0.44089169 0.91083355 0.00677708
0.44217778 0.91214768 0.00685164
0.44346386 0.91339953 0.00691547
0.44474995 0.91460748 0.00697162
0.44603604 0.91586297 0.00704212
0.44732213 0.91727744 0.00714118
0.44860822 0.91890255 0.00726498
0.44989430 0.92066295 0.00739652
0.45118039 0.92237355 0.00750128
0.45246648 0.92395411 0.00756947
0.45375257 0.92544105 0.00762350
0.45503866 0.92685712 0.00768065
0.45632474 0.92818649 0.00773498
0.45761083 0.92937223 0.00776923
0.45889692 0.93039235 0.00778265
0.46018301 0.93132120 0.00779824
0.46146910 0.93227268 0.00783746
0.46275519 0.93336541 0.00790677
0.46404127 0.93460260 0.00799608
0.46532736 0.93582847 0.00807774
0.46661345 0.93695958 0.00814064
0.46789954 0.93802089 0.00819584
0.46917084 0.93908140 0.00826662
0.47045693 0.94021127 0.00836439
0.47174302 0.94141795 0.00848141
0.47302911 0.94266795 0.00860925
0.47431520 0.94391290 0.00873449
0.47560128 0.94510533 0.00884608
0.47688737 0.94622432 0.00894485
0.47817346 0.94727860 0.00903613
0.47945955 0.94830281 0.00912855
0.48074564 0.94933835 0.00923035
0.48203172 0.95041962 0.00934571
0.48331781 0.95154723 0.00947413
0.48460390 0.95267211 0.00960431
0.48587521 0.95375450 0.00972802
0.48716129 0.95478326 0.00984435
0.48844738 0.95576309 0.00995581
0.48973347 0.95671117 0.01006874
0.49101956 0.95764693 0.01018900
0.49230565 0.95858481 0.01031740
0.49359173 0.95953616 0.01045332
0.49487782 0.96051146 0.01059681
0.49616391 0.96151292 0.01074563
0.49743522 0.96253584 0.01089769
0.49872130 0.96356890 0.01105060
0.50000739 0.96459451 0.01120080
0.50129348 0.96559556 0.01134606
0.50257957 0.96655847 0.01148409
0.50386566 0.96747447 0.01161389
0.50515174 0.96834900 0.01173860
0.50643783 0.96920496 0.01186359
0.50770914 0.97006156 0.01199263
0.50899523 0.97092490 0.01212561
0.51028131 0.97178286 0.01225880
0.51156740 0.97260256 0.01238440
0.51285349 0.97335958 0.01249813
0.51413958 0.97404488 0.01259987
0.51542567 0.97466550 0.01269276
0.51669697 0.97525265 0.01278609
0.51798306 0.97584791 0.01288885
0.51926915 0.97649118 0.01300399
0.52055524 0.97720372 0.01313047
0.52184132 0.97798196 0.01326572
0.52312741 0.97877855 0.01339866
0.52439872 0.97950885 0.01351311
0.52568480 0.98011880 0.01359535
0.52697089 0.98059742 0.01364704
0.52825698 0.98098010 0.01368892
0.52954307 0.98135294 0.01373841
0.53082916 0.98178486 0.01380670
0.53210046 0.98229217 0.01389207
0.53338655 0.98282256 0.01397504
0.53467264 0.98329120 0.01404112
0.53595873 0.98366364 0.01408335
0.53724481 0.98396190 0.01410653
0.53853090 0.98425704 0.01413606
0.53980221 0.98463124 0.01418754
0.54108830 0.98511022 0.01425356
0.54237438 0.98566443 0.01432305
0.54366047 0.98624103 0.01438435
0.54494656 0.98679524 0.01442590
0.54621787 0.98730213 0.01444318
0.54750395 0.98777469 0.01444650
0.54879004 0.98826825 0.01445205
0.55007613 0.98882235 0.01446444
0.55134744 0.98945445 0.01448369
0.55263352 0.99015212 0.01450409
0.55391961 0.99086176 0.01451266
0.55520570 0.99153659 0.01450407
0.55649179 0.99216457 0.01447976
0.55776309 0.99276910 0.01444804
0.55904918 0.99340195 0.01442302
0.56033527 0.99410075 0.01441099
0.56162136 0.99486757 0.01440903
0.56289266 0.99568048 0.01441082
0.56417875 0.99650051 0.01440882
0.56546484 0.99729703 0.01439767
0.56675093 0.99805062 0.01437569
0.56803702 0.99874621 0.01434063
0.56930832 0.99937838 0.01429430
0.57059441 0.99996117 0.01424663
0.57188050 1.00052652 0.01420501
0.57316659 1.00110761 0.01417426
0.57443789 1.00173509 0.01415465
0.57572398 1.00243790 0.01414343
0.57701007 1.00323053 0.01413803
0.57829616 1.00410976 0.01413673
0.57956746 1.00504541 0.01413771
0.58085355 1.00597260 0.01412983
0.58213964 1.00684085 0.01410486
0.58341094 1.00763025 0.01406089
0.58469703 1.00833936 0.01400066
0.58598312 1.00898774 0.01393508
0.58726921 1.00960720 0.01387373
0.58854051 1.01022204 0.01381926
0.58982660 1.01084197 0.01377251
0.59111269 1.01145211 0.01372709
0.59239878 1.01201069 0.01367099
0.59367008 1.01248870 0.01360124
0.59495617 1.01289676 0.01352317
0.59624226 1.01328161 0.01344974
0.59751356 1.01369439 0.01339081
0.59879965 1.01417309 0.01334745
0.60008574 1.01473720 0.01331797
0.60137183 1.01538503 0.01329884
0.60264313 1.01609303 0.01328577
0.60392922 1.01680750 0.01326714
0.60521531 1.01747872 0.01323510
0.60648661 1.01807177 0.01318378
0.60777270 1.01856691 0.01310770
0.60905879 1.01899319 0.01302167
0.61033010 1.01939928 0.01293803
0.61161618 1.01982195 0.01285947
0.61290227 1.02028043 0.01278762
0.61417358 1.02077198 0.01271857
0.61545967 1.02128461 0.01265051
0.61674575 1.02181272 0.01258402
0.61801706 1.02236491 0.01252122
0.61930315 1.02294360 0.01246342
0.62058924 1.02355105 0.01241133
0.62187532 1.02420445 0.01236727
0.62314663 1.02492235 0.01233375
0.62443272 1.02571508 0.01231004
0.62571880 1.02657304 0.01229164
0.62699011 1.02745528 0.01226977
0.62827620 1.02830060 0.01223181
0.62954750 1.02906839 0.01217101
0.63083359 1.02975015 0.01209025
0.63211968 1.03034709 0.01199403
0.63339099 1.03087001 0.01188807
0.63467707 1.03134525 0.01178141
0.63596316 1.03179946 0.01167912
0.63723447 1.03225982 0.01158345
0.63852056 1.03276107 0.01149781
0.63980664 1.03333260 0.01142389
0.64107795 1.03398941 0.01136154
0.64236404 1.03473003 0.01130782
0.64365012 1.03554438 0.01125919
0.64492143 1.03642621 0.01121522
0.64620752 1.03737085 0.01117484
0.64749361 1.03837017 0.01113657
0.64876491 1.03941524 0.01109974
0.65005100 1.04049492 0.01106272
0.65132231 1.04159664 0.01102407
0.65260839 1.04270569 0.01098149
0.65389448 1.04380679 0.01093257
0.65516579 1.04488529 0.01087456
0.65645188 1.04592937 0.01080594
0.65772318 1.04693614 0.01072925
0.65900927 1.04790831 0.01064836
0.66029536 1.04884004 0.01056434
0.66156666 1.04971195 0.01047282
0.66285275 1.05051077 0.01037037
0.66413884 1.05124299 0.01025931
0.66541014 1.05193872 0.01014892
0.66669623 1.05264385 0.01005035
0.66796754 1.05340046 0.00996969
0.66925363 1.05423600 0.00990963
0.67053971 1.05515804 0.00986723
0.67181102 1.05615860 0.00983886
0.67309711 1.05720603 0.00981881
0.67436841 1.05824013 0.00979195
0.67565450 1.05921662 0.00975007
0.67692581 1.06012286 0.00969607
0.67821189 1.06095667 0.00963320
0.67949798 1.06171608 0.00956358
0.68076929 1.06239436 0.00948766
0.68205538 1.06298736 0.00940403
0.68332668 1.06350393 0.00931512
0.68461277 1.06397944 0.00923346
0.68589886 1.06446221 0.00917402
0.68717016 1.06497515 0.00914062
0.68845625 1.06550976 0.00912770
0.68972756 1.06605107 0.00912952
0.69101364 1.06659148 0.00914365
0.69228495 1.06712516 0.00916854
0.69357104 1.06764837 0.00920205
0.69484234 1.06816741 0.00924577
0.69612843 1.06869357 0.00930110
0.69741452 1.06924358 0.00936978
0.69868582 1.06982736 0.00945181
0.69997191 1.07043266 0.00954110
0.70124322 1.07102758 0.00962794
0.70252931 1.07157535 0.00970359
0.70380061 1.07206401 0.00976905
0.70508670 1.07250379 0.00983045
0.70635801 1.07290494 0.00989032
0.70764409 1.07326933 0.00994676
0.70893018 1.07359642 0.00999881
0.71020149 1.07388154 0.01004373
0.71148758 1.07412241 0.01008048
0.71275888 1.07433986 0.01011970
0.71404497 1.07456442 0.01017115
0.71531627 1.07482537 0.01024048
0.71660236 1.07513377 0.01032520
0.71787367 1.07547154 0.01041385
0.71915976 1.07581461 0.01049795
0.72043106 1.07614709 0.01057376
0.72171715 1.07645980 0.01064090
0.72298845 1.07674809 0.01070065
0.72427454 1.07700928 0.01075485
0.72554585 1.07723716 0.01080367
0.72683194 1.07741905 0.01084254
0.72810324 1.07754269 0.01086577
0.72938933 1.07760670 0.01087108
0.73066064 1.07762506 0.01086531
0.73194672 1.07762319 0.01086068
0.73321803 1.07762238 0.01086193
0.73450412 1.07763274 0.01087015
0.73577542 1.07765535 0.01088340
0.73706151 1.07768620 0.01089725
0.73833282 1.07772122 0.01090932
0.73961890 1.07775677 0.01091765
0.74089021 1.07778870 0.01092082
0.74217630 1.07781288 0.01091746
0.74344760 1.07782407 0.01090576
0.74473369 1.07781611 0.01088415
0.74600500 1.07778631 0.01085251
0.74729108 1.07773600 0.01081232
0.74856239 1.07767044 0.01076645
0.74984848 1.07759798 0.01071819
0.75111978 1.07752705 0.01067008
0.75240587 1.07746472 0.01062358
0.75367718 1.07741609 0.01057909
0.75496327 1.07738471 0.01053647
0.75623457 1.07737300 0.01049527
0.75752066 1.07738254 0.01045490
0.75879196 1.07741440 0.01041476
0.76007805 1.07746950 0.01037429
0.76134936 1.07754905 0.01033312
0.76263545 1.07765597 0.01029149
0.76390675 1.07779445 0.01024969
0.76517806 1.07797083 0.01020875
0.76646414 1.07819686 0.01017164
0.76773545 1.07848524 0.01014124
0.76902154 1.07884263 0.01011940
0.77029284 1.07926269 0.01010381
0.77157893 1.07972582 0.01008817
0.77285024 1.08020983 0.01006736
0.77413633 1.08069733 0.01003880
0.77540763 1.08117556 0.01000156
0.77669372 1.08163363 0.00995518
0.77796502 1.08206204 0.00989942
0.77923633 1.08245573 0.00983481
0.78052242 1.08281530 0.00976403
0.78179372 1.08314825 0.00969152
0.78307981 1.08347000 0.00962270
0.78435112 1.08379398 0.00956196
0.78563720 1.08412749 0.00950959
0.78690851 1.08447532 0.00946450
0.78817982 1.08484120 0.00942569
0.78946590 1.08522854 0.00939159
0.79073721 1.08563999 0.00936060
0.79202330 1.08607673 0.00933076
0.79329460 1.08653795 0.00930001
0.79458069 1.08701932 0.00926590
0.79585200 1.08751116 0.00922540
0.79712330 1.08800290 0.00917678
0.79840939 1.08848481 0.00911933
0.79968070 1.08894727 0.00905267
0.80096678 1.08938355 0.00897767
0.80223809 1.08979022 0.00889527
0.80350939 1.09016977 0.00880781
0.80479548 1.09053204 0.00871864
0.80606679 1.09089308 0.00863289
0.80735288 1.09127065 0.00855612
0.80862418 1.09167304 0.00848784
0.80989549 1.09210305 0.00842643
0.81118157 1.09256596 0.00837181
0.81245288 1.09306757 0.00832353
0.81373897 1.09361064 0.00828089
0.81501027 1.09419052 0.00824102
0.81628158 1.09479775 0.00820083
0.81756767 1.09542323 0.00815786
0.81883897 1.09605883 0.00811092
0.82012506 1.09669631 0.00805825
0.82139637 1.09732230 0.00799539
0.82266767 1.09791959 0.00791889
0.82395376 1.09847630 0.00782646
0.82522507 1.09899539 0.00772187
0.82651115 1.09949953 0.00761633
0.82778246 1.10001622 0.00751925
0.82905376 1.10056270 0.00743442
0.83033985 1.10114701 0.00736255
0.83161116 1.10177009 0.00730251
0.83288246 1.10242896 0.00725229
0.83416855 1.10311836 0.00721035
0.83543986 1.10383021 0.00717473
0.83672594 1.10455455 0.00714295
0.83799725 1.10528050 0.00711267
0.83926856 1.10599734 0.00708165
0.84055464 1.10669480 0.00704799
0.84182595 1.10736326 0.00700964
0.84309725 1.10799499 0.00696511
0.84438334 1.10858716 0.00691454
0.84565465 1.10914346 0.00685913
0.84692595 1.10967682 0.00680237
0.84821204 1.11020973 0.00674995
0.84948335 1.11076562 0.00670630
0.85076944 1.11135608 0.00667251
0.85204074 1.11197542 0.00664516
0.85331205 1.11260655 0.00661853
0.85459813 1.11323258 0.00658981
0.85586944 1.11384079 0.00655688
0.85714075 1.11442102 0.00651753
0.85842683 1.11496486 0.00646997
0.85969814 1.11546963 0.00641398
0.86096944 1.11593778 0.00635031
0.86225553 1.11638220 0.00628227
0.86352684 1.11683285 0.00622055
0.86479814 1.11732406 0.00617308
0.86608423 1.11789240 0.00614559
0.86735554 1.11856165 0.00614325
0.86862684 1.11933530 0.00616509
0.86991293 1.12019831 0.00620479
0.87118424 1.12112208 0.00625257
0.87245554 1.12207564 0.00629995
0.87374163 1.12302422 0.00633987
0.87501293 1.12393962 0.00636640
0.87628424 1.12479839 0.00637433
0.87757033 1.12558160 0.00635980
0.87884163 1.12627828 0.00632167
0.88011294 1.12688314 0.00626086
0.88138424 1.12739793 0.00618112
0.88267033 1.12782882 0.00608803
0.88394164 1.12818413 0.00598713
0.88521294 1.12847396 0.00588336
0.88649903 1.12871070 0.00578172
0.88777034 1.12891498 0.00568900
0.88904164 1.12911339 0.00561329
0.89032773 1.12932160 0.00555803
0.89159904 1.12954461 0.00552068
0.89287034 1.12978582 0.00549755
0.89415643 1.13004780 0.00548552
0.89542774 1.13033046 0.00548160
0.89669904 1.13062969 0.00548285
0.89797035 1.13093945 0.00548747
0.89925643 1.13125325 0.00549395
0.90052774 1.13156370 0.00550079
0.90179905 1.13186296 0.00550749
0.90308513 1.13214311 0.00551267
0.90435644 1.13239521 0.00551419
0.90562774 1.13261084 0.00551038
0.90691383 1.13278251 0.00549949
0.90818514 1.13290618 0.00548109
0.90945644 1.13298178 0.00545612
0.91072775 1.13301458 0.00542736
0.91201384 1.13301846 0.00540046
0.91328514 1.13300740 0.00537910
0.91455645 1.13299555 0.00536543
0.91582775 1.13299976 0.00536159
0.91711384 1.13303596 0.00536841
0.91838515 1.13311815 0.00538597
0.91965645 1.13325439 0.00541379
0.92094254 1.13344350 0.00544997
0.92221385 1.13367024 0.00548951
0.92348515 1.13390879 0.00552607
0.92475646 1.13413823 0.00555419
0.92604254 1.13434804 0.00557178
0.92731385 1.13453469 0.00557956
0.92858516 1.13469893 0.00557921
0.92985646 1.13484214 0.00557227
0.93114255 1.13496646 0.00556007
0.93241385 1.13507453 0.00554329
0.93368516 1.13517357 0.00552384
0.93495647 1.13528329 0.00550895
0.93624255 1.13542821 0.00550550
0.93751386 1.13563059 0.00551827
0.93878516 1.13590918 0.00554993
0.94005647 1.13626746 0.00559638
0.94134256 1.13668861 0.00564901
0.94261386 1.13714814 0.00570047
0.94388517 1.13762528 0.00574616
0.94515647 1.13810523 0.00578408
0.94644256 1.13857485 0.00581345
0.94771387 1.13902115 0.00583242
0.94898517 1.13943319 0.00583965
0.95025648 1.13980092 0.00583436
0.95154257 1.14011484 0.00581508
0.95281387 1.14036605 0.00578067
0.95408518 1.14055435 0.00573291
0.95535648 1.14069842 0.00567890
0.95664257 1.14083951 0.00563193
0.95791388 1.14102656 0.00560523
0.95918518 1.14128862 0.00560149
0.96045649 1.14162695 0.00561442
0.96174258 1.14202850 0.00563783
0.96301388 1.14248010 0.00566807
0.96428519 1.14296854 0.00570221
0.96555649 1.14347875 0.00573758
0.96682780 1.14399251 0.00577020
0.96811389 1.14449034 0.00579536
0.96938519 1.14495791 0.00581038
0.97065650 1.14538720 0.00581484
0.97192780 1.14577409 0.00580957
0.97321389 1.14611772 0.00579605
0.97448520 1.14642371 0.00577730
0.97575650 1.14670133 0.00575679
0.97702781 1.14696384 0.00573816
0.97829911 1.14722730 0.00572482
0.97958520 1.14750438 0.00571812
0.98085651 1.14780286 0.00571780
0.98212781 1.14812446 0.00572225
0.98339912 1.14846716 0.00572995
0.98468520 1.14882735 0.00574009
0.98595651 1.14919818 0.00575050
0.98722781 1.14957245 0.00575993
0.98849912 1.14994272 0.00576751
0.98977043 1.15030164 0.00577179
0.99105651 1.15064409 0.00577230
0.99232782 1.15096668 0.00576929
0.99359912 1.15126734 0.00576345
0.99487043 1.15154347 0.00575560
0.99614174 1.15179094 0.00574545
0.99742782 1.15200355 0.00573146
0.99869913 1.15217775 0.00571333
0.99997043 1.15231673 0.00569261
1.00124174 1.15242607 0.00567150
1.00251305 1.15251169 0.00565178
1.00378435 1.15257802 0.00563397
1.00507044 1.15262654 0.00561738
1.00634174 1.15265746 0.00560110
1.00761305 1.15267085 0.00558445
1.00888436 1.15266732 0.00556721
1.01015566 1.15264807 0.00554948
1.01144175 1.15261484 0.00553171
1.01271305 1.15256989 0.00551453
1.01398436 1.15251610 0.00549886
1.01525567 1.15245684 0.00548581
1.01652697 1.15239585 0.00547675
1.01779828 1.15233631 0.00547294
1.01908436 1.15228003 0.00547542
1.02035567 1.15222509 0.00548365
1.02162698 1.15216148 0.00549306
1.02289828 1.15207491 0.00549758
1.02416959 1.15195281 0.00549188
1.02545567 1.15178908 0.00547355
1.02672698 1.15158506 0.00544385
1.02799829 1.15134548 0.00540517
1.02926959 1.15107681 0.00536019
1.03054090 1.15078502 0.00531103
1.03181220 1.15047716 0.00526003
1.03309829 1.15016217 0.00521009
1.03436960 1.14984852 0.00516390
1.03564090 1.14954110 0.00512252
1.03691221 1.14924016 0.00508555
1.03818351 1.14894373 0.00505220
1.03945482 1.14864778 0.00502095
1.04072612 1.14834847 0.00499136
1.04201221 1.14804250 0.00496315
1.04328352 1.14772597 0.00493570
1.04455482 1.14739540 0.00490878
1.04582613 1.14704687 0.00488155
1.04709743 1.14667679 0.00485284
1.04836874 1.14628271 0.00482161
1.04965483 1.14586494 0.00478773
1.05092613 1.14542859 0.00475208
1.05219744 1.14498023 0.00471531
1.05346874 1.14452731 0.00467758
1.05474005 1.14408002 0.00463949
1.05601135 1.14365112 0.00460204
1.05728266 1.14325600 0.00456696
1.05856875 1.14290692 0.00453478
1.05984005 1.14260864 0.00450528
1.06111136 1.14235692 0.00447705
1.06238266 1.14213895 0.00444623
1.06365397 1.14194539 0.00441378
1.06492527 1.14177156 0.00438275
1.06619658 1.14161096 0.00435511
1.06746788 1.14145554 0.00433322
1.06875397 1.14129468 0.00431797
1.07002528 1.14111688 0.00431014
1.07129658 1.14091106 0.00431054
1.07256789 1.14066768 0.00432121
1.07383919 1.14037940 0.00434456
1.07511050 1.14004199 0.00438544
1.07638181 1.13966229 0.00445456
1.07766789 1.13926148 0.00456733
1.07893920 1.13886763 0.00474145
1.08021050 1.13850288 0.00498752
1.08148181 1.13816934 0.00530342
1.08275312 1.13785524 0.00568117
1.08402442 1.13754890 0.00611342
1.08529573 1.13724015 0.00659314
1.08656703 1.13692108 0.00711415
1.08783834 1.13658559 0.00767008
1.08912443 1.13622800 0.00825403
1.09039573 1.13584266 0.00886084
1.09166704 1.13542272 0.00948749
1.09293834 1.13496028 0.01013210
1.09420965 1.13444658 0.01079313
1.09548095 1.13387275 0.01146864
1.09675226 1.13323101 0.01215659
1.09802356 1.13251450 0.01285446
1.09930965 1.13171794 0.01355913
1.10058096 1.13083914 0.01426881
1.10185226 1.12987636 0.01498085
1.10312357 1.12882833 0.01569208
1.10439487 1.12769519 0.01640009
1.10566618 1.12647760 0.01710222
1.10693748 1.12517764 0.01779628
1.10820879 1.12379914 0.01848044
1.10948010 1.12234798 0.01915350
1.11075140 1.12083199 0.01981482
1.11203749 1.11926052 0.02046439
1.11330879 1.11764422 0.02110278
1.11458010 1.11599436 0.02173098
1.11585141 1.11432262 0.02235047
1.11712271 1.11263675 0.02296151
1.11839402 1.11094053 0.02356445
1.11966532 1.10922661 0.02415843
1.12093663 1.10746714 0.02473795
1.12220793 1.10563139 0.02530012
1.12347924 1.10369758 0.02584520
1.12475054 1.10165868 0.02637343
1.12603663 1.09952486 0.02688683
1.12730794 1.09731323 0.02738764
1.12857924 1.09504229 0.02787935
1.12985055 1.09273101 0.02836375
1.13112185 1.09040063 0.02884453
1.13239316 1.08807510 0.02932645
1.13366446 1.08577895 0.02981021
1.13493577 1.08353299 0.03029798
1.13620707 1.08135891 0.03079095
1.13747838 1.07927243 0.03127193
1.13874969 1.07726827 0.03172452
1.14002099 1.07530363 0.03214520
1.14130708 1.07332942 0.03256328
1.14257838 1.07131962 0.03300856
1.14384969 1.06925151 0.03348771
1.14512100 1.06711579 0.03400901
1.14639230 1.06492831 0.03457877
1.14766361 1.06272361 0.03519583
1.14893491 1.06052105 0.03586069
1.15020622 1.05831122 0.03656918
1.15147752 1.05607793 0.03731199
1.15274883 1.05381156 0.03809385
1.15402013 1.05150112 0.03890710
1.15529144 1.05049081 0.03932077
1.15656274 1.04841538 0.04016360
1.15783405 1.04635441 0.04102387
1.15912014 1.04430905 0.04190007
1.16039144 1.04228045 0.04279047
1.16166275 1.04026965 0.04369320
1.16293405 1.03827767 0.04460624
1.16420536 1.03630545 0.04552742
1.16547667 1.03435390 0.04645443
1.16674797 1.03242384 0.04738486
1.16801928 1.03051604 0.04831618
1.16929058 1.02863121 0.04924578
1.17056189 1.02677001 0.05017096
1.17183319 1.02493301 0.05108894
1.17310450 1.02312076 0.05199689
1.17437580 1.02133369 0.05289193
1.17564711 1.01957222 0.05377113
1.17691841 1.01783668 0.05463152
1.17818972 1.01612735 0.05547012
1.17946103 1.01444443 0.05628394
1.18074711 1.01278806 0.05706996
1.18201842 1.01115834 0.05782517
1.18328972 1.00955529 0.05854659
1.18456103 1.00797886 0.05923122
1.18583234 1.00642895 0.05987611
1.18710364 1.00490541 0.06047834
1.18837495 1.00340800 0.06103503
1.18964625 1.00193645 0.06154334
1.19091756 1.00049042 0.06200049
1.19218886 0.99906950 0.06240377
1.19346017 0.99767324 0.06275054
1.19473147 0.99630112 0.06303824
1.19600278 0.99495258 0.06326438
1.19727408 0.99362699 0.06342660
1.19854539 0.99232367 0.06352261
1.19981670 0.99104189 0.06355025
1.20108800 0.98978087 0.06350750
1.20235931 0.98853976 0.06339243
1.20363061 0.98731769 0.06320327
1.20490192 0.98611371 0.06293841
1.20617322 0.98492684 0.06259637
1.20744453 0.98375604 0.06217585
1.20873062 0.98260023 0.06167572
1.21000192 0.98145827 0.06109505
1.21127323 0.98032899 0.06043307
1.21254453 0.97921115 0.05968923
1.21381584 0.97810350 0.05886321
1.21508714 0.97700470 0.05795487
1.21635845 0.97591339 0.05696434
1.21762975 0.97482817 0.05589195
1.21890106 0.97374756 0.05473831
1.22017237 0.97267006 0.05350428
1.22144367 0.97159413 0.05219097
1.22271498 0.97051815 0.05079979
1.22398628 0.96944047 0.04933242
1.22525759 0.96835941 0.04779084
1.22652889 0.96727320 0.04617734
1.22780020 0.96618004 0.04449452
1.22907150 0.96507809 0.04274531
1.23034281 0.96396544 0.04093298
1.23161411 0.96284012 0.03906112
1.23288542 0.96170013 0.03713370
1.23415673 0.96054338 0.03515504
1.23542803 0.95936776 0.03312986
1.23669934 0.95817107 0.03106324
1.23797064 0.95695107 0.02896068
1.23924195 0.95570546 0.02682809
1.24051325 0.95443186 0.02467179
1.24178456 0.95312786 0.02249857
1.24305586 0.95179096 0.02031566
1.24432717 0.95041861 0.01813079
1.24559847 0.94900821 0.01595221
1.24686978 0.94755710 0.01378873
1.24814109 0.94606253 0.01164984
1.24941239 0.94452174 0.00954592
1.25068370 0.94293189 0.00748867
1.25195500 0.94129009 0.00549258
1.25322631 0.93959342 0.00358062
1.25449761 0.93783891 0.00182191
1.25576892 0.93602354 0.00089585
1.25704022 0.93414428 0.00206764
1.25831153 0.93219806 0.00355276
1.25958283 0.93018181 0.00496261
1.26085414 0.92809245 0.00624494
1.26212545 0.92592690 0.00737566
1.26339675 0.92368208 0.00833583
1.26466806 0.92135495 0.00910774
1.26593936 0.91894250 0.00967376
1.26721067 0.91644176 0.01001611
1.26848197 0.91384984 0.01011674
1.26975328 0.91116390 0.00995750
1.27102458 0.90838119 0.00952050
1.27229589 0.90549907 0.00878907
1.27356719 0.90251498 0.00775008
1.27483850 0.89942649 0.00640109
1.27610981 0.89623132 0.00477724
1.27738111 0.89292728 0.00309673
1.27865242 0.88951235 0.00256872
1.27992372 0.88598462 0.00455344
1.28119503 0.88234234 0.00779090
-0.96316762 0.89487267 0.00272803
-0.96189631 0.89887785 0.00287396
-0.96062353 0.90058872 0.00294924
-0.95934927 0.90180628 0.00305018
-0.95807353 0.90325399 0.00332556
-0.95679779 0.90551428 0.00382244
-0.95551909 0.90977119 0.00506897
-0.95423744 0.91908856 0.00972431
-0.95295431 0.94599380 0.02277045
-0.95167118 0.98295755 0.03271101
-0.95038804 0.98598983 0.03057354
-0.94910048 0.95080137 0.02505369
-0.94781143 0.91667118 0.02141665
-0.94651943 0.89617948 0.01899446
-0.94522743 0.88295440 0.01747092
-0.94393247 0.87337791 0.01617446
-0.94263604 0.86490421 0.01516052
-0.94133960 0.85683004 0.01427675
-0.94004021 0.84894672 0.01347826
-0.93873934 0.84144687 0.01280104
-0.93743699 0.83447773 0.01221446
-0.93613316 0.82800055 0.01170112
-0.93482786 0.82193927 0.01124621
-0.93351959 0.81623121 0.01082961
-0.93221133 0.81083042 0.01045455
-0.93090011 0.80569121 0.01011657
-0.92958890 0.80078091 0.00979929
-0.92827472 0.79606699 0.00950672
-0.92695907 0.79152984 0.00923873
-0.92564341 0.78714671 0.00898685
-0.92432480 0.78290132 0.00875159
-0.92300472 0.77877744 0.00853168
-0.92168315 0.77476849 0.00832467
-0.92036010 0.77085509 0.00812573
-0.91903410 0.76704672 0.00793776
-0.91770810 0.76333690 0.00775059
-0.91638062 0.75973516 0.00757493
-0.91505167 0.75625753 0.00740905
-0.91371975 0.75287830 0.00725463
-0.91238784 0.74956530 0.00710520
-0.91105297 0.74628635 0.00696302
-0.90971810 0.74304462 0.00682095
-0.90838027 0.73983358 0.00669031
-0.90704096 0.73666607 0.00656398
-0.90570166 0.73352594 0.00643771
-0.90435940 0.73041959 0.00631859
-0.90301565 0.72734053 0.00620447
-0.90167044 0.72428870 0.00609322
-0.90032374 0.72126729 0.00599052
-0.89897556 0.71826983 0.00588431
-0.89762591 0.71529625 0.00578519
-0.89627478 0.71234005 0.00568608
-0.89492217 0.70940767 0.00559127
-0.89356808 0.70649582 0.00549999
-0.89221251 0.70360123 0.00540870
-0.89085547 0.70072387 0.00532250
-0.88949695 0.69786368 0.00523904
-0.88813547 0.69501414 0.00515637
-0.88677399 0.69218171 0.00507640
-0.88541103 0.68936308 0.00499804
-0.88404659 0.68656149 0.00492236
-0.88267920 0.68376712 0.00484666
-0.88131181 0.68098318 0.00477178
-0.87994294 0.67821288 0.00470389
-0.87857259 0.67544967 0.00463334
-0.87719928 0.67270331 0.00456539
-0.87582598 0.66995739 0.00449831
-0.87445120 0.66722169 0.00443470
-0.87307345 0.66449945 0.00437016
-0.87169571 0.66178078 0.00430738
-0.87031650 0.65906890 0.00424717
-0.86893580 0.65636709 0.00418783
-0.86755215 0.65366538 0.00413198
-0.86616849 0.65097696 0.00407257
-0.86478336 0.64828853 0.00401665
-0.86339675 0.64560668 0.00396068
-0.86200866 0.64292802 0.00390912
-0.86061762 0.64025917 0.00385306
-0.85922657 0.63759342 0.00380142
-0.85783405 0.63492407 0.00374977
-0.85644005 0.63226436 0.00370156
-0.85504457 0.62960760 0.00364981
-0.85364761 0.62695372 0.00360252
-0.85224918 0.62430267 0.00355418
-0.85084926 0.62165104 0.00350930
-0.84944787 0.61900211 0.00346643
-0.84804648 0.61635583 0.00342250
-0.84664213 0.61370879 0.00337397
-0.84523630 0.61106764 0.00333344
-0.84382899 0.60841544 0.00329396
-0.84242169 0.60577240 0.00324985
-0.84101143 0.60312152 0.00321031
-0.83960116 0.60046608 0.00317313
-0.83818795 0.59781281 0.00313813
-0.83677473 0.59515484 0.00309737
-0.83536003 0.59248863 0.00306120
-0.83394238 0.58982092 0.00302850
-0.83252472 0.58714476 0.00299809
-0.83110559 0.58446692 0.00296534
-0.82968498 0.58177353 0.00293258
-0.82826289 0.57908166 0.00290447
-0.82684081 0.57638782 0.00287163
-0.82541576 0.57368842 0.00284698
-0.82398924 0.57099032 0.00281878
-0.82256272 0.56829345 0.00278935
-0.82113324 0.56560120 0.00276580
-0.81970376 0.56291355 0.00273626
-0.81827280 0.56023393 0.00271618
-0.81684036 0.55756937 0.00269006
-0.81540645 0.55491988 0.00266151
-0.81397106 0.55228549 0.00263523
-0.81253418 0.54967681 0.00261487
-0.81109584 0.54709398 0.00258840
-0.80965749 0.54454065 0.00256302
-0.80821618 0.54201340 0.00253752
-0.80677488 0.53951948 0.00250826
-0.80533209 0.53706262 0.00248126
-0.80388783 0.53463229 0.00245171
-0.80244209 0.53223937 0.00242199
-0.80099487 0.52987688 0.00239578
-0.79954765 0.52753775 0.00236578
-0.79809748 0.52522208 0.00234058
-0.79664730 0.52292639 0.00231032
-0.79519565 0.52065075 0.00228123
-0.79374252 0.51838431 0.00225572
-0.79228791 0.51612711 0.00222514
-0.79083182 0.51387916 0.00219579
-0.78937573 0.51162946 0.00217004
-0.78791669 0.50937796 0.00214562
-0.78645764 0.50712459 0.00212483
-0.78499712 0.50486562 0.00209751
-0.78353512 0.50259351 0.00207810
-0.78207164 0.50030814 0.00205580
-0.78060816 0.49800188 0.00203644
-0.77914320 0.49567826 0.00201925
-0.77767528 0.49333335 0.00200055
-0.77620885 0.49096690 0.00198490
-0.77473946 0.48857114 0.00197141
-0.77326859 0.48616843 0.00195791
-0.77179771 0.48374729 0.00194441
-0.77032537 0.48132647 0.00193613
-0.76885154 0.47889449 0.00192631
-0.76737623 0.47646268 0.00191277
-0.76590093 0.47403861 0.00190290
-0.76442266 0.47161847 0.00189301
-0.76294440 0.46921380 0.00188308
-0.76146466 0.46682469 0.00187310
-0.75998492 0.46446289 0.00186305
-0.75850222 0.46212082 0.00184757
-0.75701953 0.45981422 0.00183734
-0.75553535 0.45753947 0.00182163
-0.75405118 0.45530075 0.00181118
-0.75256405 0.45311020 0.00179668
-0.75107691 0.45095634 0.00178053
-0.74958830 0.44884740 0.00176571
-0.74809822 0.44677581 0.00174678
-0.74660813 0.44474584 0.00173012
-0.74511656 0.44275384 0.00170685
-0.74362352 0.44078803 0.00169138
-0.74212899 0.43886072 0.00167177
-0.74063447 0.43695201 0.00165203
-0.73913847 0.43507011 0.00163772
-0.73764099 0.43319495 0.00161377
-0.73614351 0.43132650 0.00159933
-0.73464307 0.42946483 0.00158482
-0.73314412 0.42759765 0.00157029
-0.73164220 0.42572489 0.00155574
-0.73014029 0.42383409 0.00154118
-0.72863542 0.42192090 0.00153237
-0.72713202 0.41998925 0.00152361
-0.72562567 0.41800974 0.00152287
-0.72411933 0.41599027 0.00151646
-0.72261150 0.41394717 0.00149850
-0.72110367 0.41192220 0.00149026
-0.71959436 0.40994933 0.00147784
-0.71808358 0.40802479 0.00146934
-0.71657132 0.40613204 0.00145838
-0.71505906 0.40427138 0.00144729
-0.71354532 0.40243024 0.00143610
-0.71203158 0.40060451 0.00142304
-0.71051488 0.39879430 0.00141345
-0.70899966 0.39699973 0.00140199
-0.70748148 0.39521663 0.00138446
-0.70596331 0.39344502 0.00137882
-0.70444366 0.39168504 0.00136711
-0.70292400 0.38993238 0.00135533
-0.70140287 0.38818710 0.00134347
-0.69988026 0.38645363 0.00133574
-0.69835765 0.38472326 0.00132373
-0.69683356 0.38300041 0.00131165
-0.69530800 0.38128513 0.00129949
-0.69378243 0.37957747 0.00128725
-0.69225538 0.37787747 0.00128539
-0.69072834 0.37618074 0.00126876
-0.68919982 0.37448723 0.00126059
-0.68766982 0.37280604 0.00125434
-0.68613981 0.37112364 0.00124177
-0.68460833 0.36944909 0.00123973
-0.68307685 0.36778249 0.00122702
-0.68154390 0.36611469 0.00121857
-0.68001094 0.36445947 0.00121208
-0.67847650 0.36280311 0.00119917
-0.67694059 0.36115479 0.00119696
-0.67540467 0.35951465 0.00118389
-0.67386728 0.35787336 0.00117514
-0.67232841 0.35624964 0.00117280
-0.67078954 0.35461545 0.00116606
-0.66925067 0.35299898 0.00115714
-0.66771032 0.35138617 0.00115473
-0.66616849 0.34978184 0.00114121
-0.66462666 0.34818600 0.00113871
-0.66308484 0.34659397 0.00113169
-0.66154005 0.34501537 0.00112912
-0.65999675 0.34343588 0.00111985
-0.65845049 0.34187480 0.00111721
-0.65690570 0.34031777 0.00110996
-0.65535796 0.33876967 0.00110510
-0.65381022 0.33724039 0.00109555
-0.65226248 0.33572520 0.00108805
-0.65071326 0.33421436 0.00107835
-0.64916404 0.33273265 0.00107067
-0.64761335 0.33127045 0.00106073
-0.64606265 0.32983291 0.00105067
-0.64451047 0.32842530 0.00104264
-0.64295830 0.32703284 0.00103930
-0.64140464 0.32565571 0.00102637
-0.63985099 0.32427380 0.00102519
-0.63829586 0.32287190 0.00101475
-0.63674073 0.32146498 0.00101361
-0.63518412 0.32005303 0.00100310
-0.63362751 0.31863594 0.00100197
-0.63207090 0.31721368 0.00099138
-0.63051133 0.31580677 0.00099502
-0.62895324 0.31438953 0.00098433
-0.62739368 0.31298780 0.00097589
-0.62583411 0.31158607 0.00097228
-0.62427306 0.31019481 0.00096863
-0.62271202 0.30880360 0.00096991
-0.62114950 0.30742830 0.00096123
-0.61958697 0.30605314 0.00095748
-0.61802445 0.30468876 0.00095369
-0.61646045 0.30333528 0.00094986
-0.61489497 0.30199279 0.00094598
-0.61333097 0.30065605 0.00093698
-0.61176401 0.29932507 0.00093811
-0.61019853 0.29801619 0.00093408
-0.60863157 0.29670246 0.00093005
-0.60706461 0.29541110 0.00092074
-0.60549618 0.29412588 0.00092179
-0.60392774 0.29285792 0.00091232
-0.60235783 0.29159078 0.00090806
-0.60078939 0.29033557 0.00090374
-0.59921800 0.28910351 0.00090702
-0.59764808 0.28787256 0.00090262
-0.59607669 0.28664831 0.00089281
-0.59450530 0.28544205 0.00088827
-0.59293243 0.28424834 0.00088367
-0.59135956 0.28305600 0.00087122
-0.58978669 0.28188201 0.00087434
-0.58821234 0.28071526 0.00086173
-0.58663799 0.27956146 0.00085929
-0.58506364 0.27841503 0.00085441
-0.58348781 0.27727602 0.00085744
-0.58191198 0.27614457 0.00084451
-0.58033616 0.27502647 0.00084190
-0.57875885 0.27391608 0.00083682
-0.57718302 0.27280177 0.00083171
-0.57560424 0.27171284 0.00082088
-0.57402693 0.27062007 0.00082377
-0.57244815 0.26953530 0.00081033
-0.57086937 0.26845854 0.00080499
-0.56929058 0.26738395 0.00080210
-0.56771032 0.26631751 0.00079666
-0.56613006 0.26525332 0.00079374
-0.56454980 0.26419740 0.00078820
-0.56296805 0.26313776 0.00078265
-0.56138779 0.26208042 0.00077966
-0.55980605 0.26102538 0.00078244
-0.55822283 0.25997270 0.00077678
-0.55664109 0.25891011 0.00077959
-0.55505787 0.25784983 0.00077392
-0.55347466 0.25677950 0.00077678
-0.55189144 0.25569905 0.00077381
-0.55030822 0.25461455 0.00077403
-0.54872352 0.25351346 0.00077701
-0.54713882 0.25238310 0.00077746
-0.54555413 0.25127339 0.00076932
-0.54396943 0.25018453 0.00076363
-0.54238325 0.24913574 0.00076406
-0.54079708 0.24812113 0.00076055
-0.53921090 0.24712194 0.00076087
-0.53762473 0.24615113 0.00075480
-0.53603855 0.24518332 0.00075106
-0.53445090 0.24423784 0.00075367
-0.53286472 0.24329556 0.00074742
-0.53127707 0.24236947 0.00074109
-0.52968942 0.24145320 0.00074361
-0.52810029 0.24054035 0.00073721
-0.52651263 0.23964405 0.00073073
-0.52492498 0.23874473 0.00072422
-0.52333585 0.23784894 0.00072005
-0.52174671 0.23696336 0.00071342
-0.52015758 0.23608805 0.00071581
-0.51856845 0.23520980 0.00071822
-0.51697932 0.23433530 0.00071150
-0.51538871 0.23346455 0.00070718
-0.51379958 0.23260433 0.00070033
-0.51220897 0.23173445 0.00070271
-0.51061836 0.23088193 0.00070506
-0.50902775 0.23003338 0.00069812
-0.50743714 0.22918199 0.00069115
-0.50584653 0.22833455 0.00068662
-0.50425592 0.22748425 0.00068646
-0.50266383 0.22663793 0.00068879
-0.50107322 0.22580948 0.00069109
-0.49948261 0.22497134 0.00068645
-0.49789052 0.22414428 0.00067924
-0.49629843 0.22332139 0.00067906
-0.49470782 0.22249575 0.00067426
-0.49311573 0.22167432 0.00067654
-0.49152364 0.22086422 0.00067636
-0.48993156 0.22005847 0.00067862
-0.48833947 0.21925715 0.00067124
-0.48674738 0.21844598 0.00067352
-0.48515529 0.21766069 0.00066604
-0.48356320 0.21687274 0.00067569
-0.48196964 0.21609663 0.00066071
-0.48037755 0.21532510 0.00067039
-0.47878546 0.21455833 0.00066506
-0.47719337 0.21381082 0.00066495
-0.47559980 0.21307551 0.00065723
-0.47400772 0.21233786 0.00064950
-0.47241563 0.21163451 0.00065149
-0.47082206 0.21093639 0.00064359
-0.46922997 0.21025828 0.00063561
-0.46763788 0.20960776 0.00062956
-0.46604432 0.20898505 0.00063129
-0.46445223 0.20835320 0.00062523
-0.46286014 0.20771212 0.00061695
-0.46126658 0.20706917 0.00062101
-0.45967449 0.20641688 0.00062282
-0.45808240 0.20575514 0.00062237
-0.45649031 0.20509904 0.00060611
-0.45489822 0.20444093 0.00060792
-0.45330613 0.20378086 0.00060974
-0.45171257 0.20312645 0.00060129
-0.45012048 0.20246241 0.00060312
-0.44852839 0.20181935 0.00060490
-0.44693778 0.20115903 0.00059640
-0.44534569 0.20051209 0.00059819
-0.44375360 0.19986321 0.00059999
-0.44216151 0.19922016 0.00059137
-0.44057090 0.19859071 0.00059312
-0.43897882 0.19795161 0.00058665
-0.43738821 0.19731057 0.00058621
-0.43579612 0.19669111 0.00059845
-0.43420551 0.19606202 0.00058968
-0.43261490 0.19544681 0.00059141
-0.43102429 0.19483773 0.00058254
-0.42943368 0.19421891 0.00058428
-0.42784307 0.19360624 0.00057537
-0.42625394 0.19300771 0.00057704
-0.42466333 0.19240744 0.00057872
-0.42307419 0.19181348 0.00056969
-0.42148358 0.19123390 0.00057131
-0.41989445 0.19065267 0.00057294
-0.41830532 0.19006978 0.00057458
-0.41671619 0.18949337 0.00056543
-0.41512853 0.18893159 0.00056700
-0.41353940 0.18836824 0.00056859
-0.41195175 0.18780331 0.00057019
-0.41036262 0.18724504 0.00056090
-0.40877496 0.18670166 0.00056243
-0.40718731 0.18615680 0.00056398
-0.40560114 0.18561875 0.00055457
-0.40401348 0.18507090 0.00055611
-0.40242731 0.18454652 0.00055759
-0.40084113 0.18402913 0.00054807
-0.39925496 0.18350195 0.00054955
-0.39766878 0.18298178 0.00053999
-0.39608261 0.18247704 0.00054140
-0.39449791 0.18197098 0.00054282
-0.39291321 0.18146359 0.00054425
-0.39132851 0.18096338 0.00053456
-0.38974382 0.18047038 0.00052640
-0.38816060 0.17998461 0.00052774
-0.38657738 0.17949760 0.00052909
-0.38499416 0.17901795 0.00051919
-0.38341094 0.17853703 0.00053021
-0.38182920 0.17806356 0.00052182
-0.38024598 0.17759751 0.00052311
-0.37866424 0.17713900 0.00051308
-0.37708398 0.17667065 0.00051436
-0.37550224 0.17622724 0.00051559
-0.37392198 0.17576536 0.00050552
-0.37234172 0.17531979 0.00050674
-0.37076145 0.17489071 0.00049799
-0.36918267 0.17444302 0.00049920
-0.36760388 0.17401188 0.00049894
-0.36602510 0.17357088 0.00050157
-0.36444780 0.17312885 0.00049125
-0.36286901 0.17270347 0.00049240
-0.36129171 0.17225041 0.00049362
-0.35971588 0.17182297 0.00049479
-0.35814005 0.17139452 0.00049596
-0.35656422 0.17094717 0.00048557
-0.35498840 0.17052565 0.00047511
-0.35341405 0.17010310 0.00047763
-0.35183970 0.16967053 0.00047878
-0.35026535 0.16925501 0.00047850
-0.34869248 0.16883854 0.00046924
-0.34711961 0.16841196 0.00048077
-0.34554674 0.16799351 0.00047148
-0.34397534 0.16758317 0.00047258
-0.34240395 0.16718105 0.00046182
-0.34083256 0.16676881 0.00046290
-0.33926264 0.16635560 0.00046400
-0.33769273 0.16595984 0.00046392
-0.33612429 0.16556321 0.00045422
-0.33455586 0.16517491 0.00045524
-0.33298742 0.16476721 0.00044444
-0.33142046 0.16437711 0.00044544
-0.32985350 0.16398613 0.00044646
-0.32828655 0.16360360 0.00044865
-0.32672107 0.16322958 0.00044843
-0.32515559 0.16284539 0.00043750
-0.32359159 0.16247911 0.00043844
-0.32202758 0.16210265 0.00042838
-0.32046358 0.16173477 0.00042931
-0.31890106 0.16136609 0.00043024
-0.31734002 0.16099660 0.00043118
-0.31577749 0.16063584 0.00042000
-0.31421793 0.16029332 0.00042086
-0.31265688 0.15994059 0.00041059
-0.31109731 0.15959665 0.00041144
-0.30953923 0.15925200 0.00041229
-0.30798114 0.15891627 0.00040086
-0.30642305 0.15859907 0.00040163
-0.30486644 0.15828127 0.00040240
-0.30330983 0.15796286 0.00040317
-0.30175470 0.15765356 0.00038154
-0.30019957 0.15731452 0.00039347
-0.29864591 0.15698454 0.00038310
-0.29709226 0.15663441 0.00038392
-0.29554008 0.15628352 0.00038474
-0.29398791 0.15590254 0.00038564
-0.29243721 0.15553050 0.00037386
-0.29088651 0.15515757 0.00037630
-0.28933730 0.15477394 0.00037719
-0.28778808 0.15437953 0.00037653
-0.28623886 0.15399405 0.00037744
-0.28469112 0.15359774 0.00036702
-0.28314485 0.15321037 0.00036791
-0.28159859 0.15281210 0.00036745
-0.28005381 0.15241285 0.00035681
-0.27850902 0.15201254 0.00037069
-0.27696572 0.15160123 0.00035865
-0.27542241 0.15120896 0.00035954
-0.27388059 0.15079555 0.00034750
-0.27234024 0.15039111 0.00036141
-0.27079989 0.14997554 0.00034933
-0.26925954 0.14957918 0.00035021
-0.26772067 0.14916140 0.00035267
-0.26618327 0.14875274 0.00035208
-0.26464588 0.14834301 0.00034121
-0.26310997 0.14792186 0.00035398
-0.26157405 0.14750992 0.00034306
-0.26003962 0.14709685 0.00034271
-0.25850518 0.14667228 0.00034494
-0.25697222 0.14625693 0.00034460
-0.25544074 0.14581959 0.00034559
-0.25390926 0.14541235 0.00034652
-0.25237926 0.14497256 0.00034754
-0.25084926 0.14453148 0.00034856
-0.24932074 0.14411023 0.00033724
-0.24779369 0.14366660 0.00033824
-0.24626665 0.14323223 0.00035160
-0.24474108 0.14276472 0.00033927
-0.24321552 0.14230634 0.00035381
-0.24169143 0.14184658 0.00035423
-0.24016882 0.14136388 0.00035539
-0.23864621 0.14085799 0.00036973
-0.23712508 0.14035041 0.00035783
-0.23560542 0.13985191 0.00034570
-0.23408577 0.13938433 0.00034712
-0.23256759 0.13899171 0.00034807
-0.23104942 0.13860899 0.00033603
-0.22953272 0.13826910 0.00034982
-0.22801750 0.13792846 0.00033695
-0.22650376 0.13759801 0.00033773
-0.22499002 0.13728889 0.00033915
-0.22347628 0.13696802 0.00033923
-0.22196550 0.13664646 0.00032667
-0.22045471 0.13634638 0.00032737
-0.21894541 0.13602336 0.00032778
-0.21743610 0.13569964 0.00031493
-0.21592827 0.13539753 0.00031561
-0.21442193 0.13506109 0.00031637
-0.21291705 0.13474638 0.00030322
-0.21141218 0.13440837 0.00030395
-0.20990879 0.13406953 0.00030470
-0.20840540 0.13372986 0.00030545
-0.20690496 0.13340071 0.00030664
-0.20540453 0.13304800 0.00030696
-0.20390557 0.13270580 0.00030773
-0.20240661 0.13235132 0.00029463
-0.20090913 0.13200737 0.00029538
-0.19941313 0.13162802 0.00029620
-0.19791861 0.13128224 0.00029696
-0.19642408 0.13090085 0.00029780
-0.19493104 0.13051839 0.00029864
-0.19343947 0.13014650 0.00028508
-0.19194791 0.12976188 0.00028590
-0.19045930 0.12936441 0.00030123
-0.18897069 0.12895408 0.00028764
-0.18748355 0.12856600 0.00028848
-0.18599642 0.12817677 0.00028933
-0.18451077 0.12778640 0.00029019
-0.18302659 0.12739487 0.00029106
-0.18154390 0.12701411 0.00027742
-0.18006268 0.12662026 0.00027825
-0.17858146 0.12623721 0.00027911
-0.17710172 0.12586504 0.00027988
-0.17562346 0.12546769 0.00028074
-0.17414667 0.12509333 0.00026663
-0.17266989 0.12470569 0.00028240
-0.17119606 0.12432910 0.00026822
-0.16972223 0.12392696 0.00026907
-0.16824841 0.12356028 0.00026985
-0.16677754 0.12316800 0.00025577
-0.16530667 0.12278677 0.00027150
-0.16383875 0.12241676 0.00027230
-0.16237084 0.12202091 0.00025811
-0.16090440 0.12163618 0.00027400
-0.15943796 0.12125032 0.00025975
-0.15797449 0.12086323 0.00026052
-0.15651101 0.12047496 0.00024584
-0.15504900 0.12009802 0.00024659
-0.15358848 0.11969465 0.00026299
-0.15212944 0.11930267 0.00024819
-0.15067039 0.11892212 0.00024897
-0.14921430 0.11852765 0.00023436
-0.14775822 0.11811905 0.00025062
-0.14630375 0.11773477 0.00025141
-0.14485062 0.11732354 0.00023666
-0.14339867 0.11692375 0.00025311
-0.14194791 0.11652270 0.00023829
-0.14049847 0.11610728 0.00022299
-0.13905022 0.11570340 0.00023993
-0.13760344 0.11528510 0.00022455
-0.13615770 0.11486526 0.00024160
-0.13471344 0.11444394 0.00024251
-0.13327021 0.11402113 0.00022698
-0.13182846 0.11358347 0.00022783
-0.13038804 0.11315749 0.00022948
-0.12894881 0.11272998 0.00021335
-0.12751090 0.11228740 0.00021417
-0.12607433 0.11184311 0.00021500
-0.12463893 0.11139709 0.00021585
-0.12320502 0.11093572 0.00021669
-0.12177229 0.11048612 0.00021755
-0.12034104 0.11000730 0.00021851
-0.11891096 0.10954021 0.00021938
-0.11748222 0.10905733 0.00022038
-0.11605496 0.10857239 0.00020409
-0.11462888 0.10807133 0.00020502
-0.11320413 0.10758197 0.00022329
-0.11178086 0.10706233 0.00020691
-0.11035892 0.10655432 0.00020788
-0.10893816 0.10604393 0.00020886
-0.10751888 0.10553112 0.00020985
-0.10610108 0.10501586 0.00021086
-0.10468446 0.10449810 0.00021189
-0.10326932 0.10399234 0.00019540
-0.10185551 0.10348412 0.00019638
-0.10044304 0.10295882 0.00019737
-0.09903203 0.10246027 0.00019827
-0.09762236 0.10192979 0.00019928
-0.09621417 0.10139658 0.00020031
-0.09480731 0.10084572 0.00018284
-0.09340178 0.10030686 0.00018381
-0.09199772 0.09976514 0.00018479
-0.09059500 0.09920535 0.00018700
-0.08919376 0.09864240 0.00020580
-0.08779384 0.09807635 0.00018791
-0.08639541 0.09750703 0.00019020
-0.08499845 0.09691891 0.00019012
-0.08360282 0.09634287 0.00019246
-0.08220867 0.09576346 0.00017347
-0.08081600 0.09516471 0.00019480
-0.07942466 0.09456226 0.00019478
-0.07803480 0.09395605 0.00017675
-0.07664641 0.09334589 0.00019854
-0.07525951 0.09273185 0.00018192
-0.07387393 0.09211376 0.00018023
-0.07248984 0.09147511 0.00018147
-0.07110722 0.09084855 0.00020391
-0.06972608 0.09021778 0.00018691
-0.06834642 0.08958260 0.00018525
-0.06696823 0.08895984 0.00018951
-0.06559138 0.08834975 0.00019080
-0.06421615 0.08778683 0.00019200
-0.06284240 0.08728920 0.00019004
-0.06146998 0.08678879 0.00017127
-0.06009919 0.08626807 0.00017229
-0.05872988 0.08574423 0.00017333
-0.05736204 0.08521721 0.00017439
-0.05599568 0.08468695 0.00017546
-0.05463080 0.08413560 0.00015348
-0.05326740 0.08359857 0.00015445
-0.05190548 0.08304008 0.00013284
-0.05054518 0.08247785 0.00011220
-0.04918636 0.08189347 0.00008978
-0.04782902 0.08126797 0.00011385
-0.04647316 0.08047008 0.00009511
-0.04511893 0.07928670 0.00009652
-0.04376617 0.07770049 0.00007224
-0.04241504 0.07598295 0.00005584
-0.04106524 0.07424628 0.00005713
-0.03971706 0.07259242 0.00005842
-0.03837051 0.07094263 0.00005174
-0.03702529 0.06927554 0.00005298
-0.03568185 0.06758988 0.00003134
-0.03433973 0.06583869 0.00003216
-0.03299939 0.06399323 0.00003310
-0.03166038 0.06204514 0.00003411
-0.03032315 0.05993450 0.00003532
-0.02898739 0.05746153 0.00007368
-0.02765326 0.05413677 0.00017923
-0.02632105 0.04976067 0.00027915
-0.02499002 0.04472974 0.00031055
-0.02366047 0.03955230 0.00038619
-0.02233255 0.03451040 0.00038320
-0.02100625 0.02941776 0.00043717
-0.01968143 0.02448826 0.00044796
-0.01835824 0.01969074 0.00046595
-0.01703653 0.01485107 0.00050781
-0.01571644 0.00990323 0.00062522
-0.01439801 0.00398910 0.00141037
-0.01308110 nan nan
-0.01176578 nan nan
-0.01045207 nan nan
-0.00913993 0.00505071 0.00115913
-0.00782941 0.01062491 0.00070415
-0.00652048 0.01514982 0.00049797
-0.00521317 0.01976816 0.00038300
-0.00390746 0.02430465 0.00045134
-0.00260335 0.02987113 0.00043052
-0.00130087 0.03502183 0.00065559
-0.00000000 0.04388729 0.00016682
