# s/c   M_is_mean    M_is_std
0.00000000 0.01790289 0.00135285
0.00130087 0.02862840 0.00068803
0.00260174 0.03659091 0.00042632
0.00390261 0.04333050 0.00028268
0.00520348 0.04933510 0.00019754
0.00650435 0.05483271 0.00014922
0.00780522 0.05995087 0.00012625
0.00910609 0.06476915 0.00011920
0.01040697 0.06934103 0.00012019
0.01170784 0.07370448 0.00012427
0.01300871 0.07788768 0.00012916
0.01430958 0.08191226 0.00013403
0.01561045 0.08579534 0.00013876
0.01691132 0.08955083 0.00014349
0.01821219 0.09319024 0.00014840
0.01951306 0.09672333 0.00015368
0.02081393 0.10015849 0.00015944
0.02211480 0.10350308 0.00016573
0.02341567 0.10676360 0.00017256
0.02470176 0.10994589 0.00017987
0.02600263 0.11305527 0.00018758
0.02730350 0.11609661 0.00019561
0.02860437 0.11907440 0.00020383
0.02990524 0.12199285 0.00021215
0.03120611 0.12485590 0.00022046
0.03250698 0.12766727 0.00022869
0.03380786 0.13043049 0.00023674
0.03510873 0.13314894 0.00024455
0.03640960 0.13582583 0.00025206
0.03771047 0.13846426 0.00025922
0.03901134 0.14106722 0.00026600
0.04029743 0.14363758 0.00027236
0.04159830 0.14617813 0.00027828
0.04289917 0.14869155 0.00028374
0.04420004 0.15118045 0.00028875
0.04550091 0.15364736 0.00029329
0.04680178 0.15609475 0.00029736
0.04810265 0.15852500 0.00030098
0.04940352 0.16094042 0.00030415
0.05068961 0.16334325 0.00030689
0.05199048 0.16573569 0.00030922
0.05329135 0.16811984 0.00031114
0.05459222 0.17049776 0.00031269
0.05589309 0.17287143 0.00031389
0.05719396 0.17524278 0.00031477
0.05849483 0.17761365 0.00031534
0.05978092 0.17998585 0.00031565
0.06108179 0.18236109 0.00031571
0.06238266 0.18474104 0.00031556
0.06368353 0.18712731 0.00031522
0.06498440 0.18952141 0.00031474
0.06628528 0.19192483 0.00031413
0.06757136 0.19433895 0.00031343
0.06887223 0.19676512 0.00031268
0.07017310 0.19920460 0.00031190
0.07147398 0.20165861 0.00031112
0.07277485 0.20412827 0.00031037
0.07407572 0.20661466 0.00030969
0.07536180 0.20911880 0.00030910
0.07666268 0.21164162 0.00030862
0.07796355 0.21418401 0.00030830
0.07926442 0.21674678 0.00030814
0.08056529 0.21933068 0.00030819
0.08185138 0.22193642 0.00030846
0.08315225 0.22456461 0.00030897
0.08445312 0.22721582 0.00030975
0.08575399 0.22989058 0.00031082
0.08704008 0.23258933 0.00031219
0.08834095 0.23531247 0.00031389
0.08964182 0.23806034 0.00031593
0.09094269 0.24083322 0.00031833
0.09224356 0.24363136 0.00032109
0.09352965 0.24645492 0.00032422
0.09483052 0.24930405 0.00032775
0.09613139 0.25217883 0.00033166
0.09743226 0.25507930 0.00033598
0.09871835 0.25800544 0.00034070
0.10001922 0.26095721 0.00034583
0.10132009 0.26393452 0.00035137
0.10260618 0.26693722 0.00035732
0.10390705 0.26996515 0.00036367
0.10520792 0.27301810 0.00037042
0.10650879 0.27609582 0.00037757
0.10779488 0.27919803 0.00038512
0.10909575 0.28232443 0.00039305
0.11039662 0.28547468 0.00040136
0.11169749 0.28864839 0.00041003
0.11298358 0.29184519 0.00041907
0.11428445 0.29506464 0.00042845
0.11558532 0.29830629 0.00043817
0.11687141 0.30156969 0.00044822
0.11817228 0.30485434 0.00045858
0.11947315 0.30815972 0.00046923
0.12075924 0.31148532 0.00048018
0.12206011 0.31483059 0.00049139
0.12336098 0.31819497 0.00050286
0.12466185 0.32157788 0.00051456
0.12594794 0.32497875 0.00052650
0.12724881 0.32839696 0.00053864
0.12854968 0.33183192 0.00055098
0.12983577 0.33714343 0.00057979
0.13113664 0.34079413 0.00060165
0.13243751 0.34441808 0.00062123
0.13372359 0.34803511 0.00063666
0.13502447 0.35165527 0.00064897
0.13632534 0.35527094 0.00066048
0.13761142 0.35887604 0.00067086
0.13891229 0.36247386 0.00068200
0.14019838 0.36610444 0.00069526
0.14149925 0.36983877 0.00070541
0.14280012 0.37369711 0.00070931
0.14408621 0.37760825 0.00071454
0.14538708 0.38144813 0.00073671
0.14668795 0.38515280 0.00076688
0.14797404 0.38873656 0.00079020
0.14927491 0.39224158 0.00080773
0.15056100 0.39573503 0.00081786
0.15186187 0.39925560 0.00082025
0.15316274 0.40276944 0.00082284
0.15444883 0.40623034 0.00083148
0.15574970 0.40965278 0.00083959
0.15703579 0.41308381 0.00084171
0.15833666 0.41650625 0.00084135
0.15963753 0.41986722 0.00084370
0.16092362 0.42315607 0.00085331
0.16222449 0.42649127 0.00085837
0.16351058 0.43002813 0.00084121
0.16481145 0.43374271 0.00081340
0.16611232 0.43750897 0.00080210
0.16739841 0.44122619 0.00081922
0.16869928 0.44485655 0.00085116
0.16998537 0.44840823 0.00088365
0.17128624 0.45189401 0.00091299
0.17257232 0.45532871 0.00093689
0.17387319 0.45872546 0.00095579
0.17517407 0.46209677 0.00097031
0.17646015 0.46545327 0.00098123
0.17776102 0.46880233 0.00098945
0.17904711 0.47214597 0.00099626
0.18034798 0.47548756 0.00100213
0.18163407 0.47883134 0.00100765
0.18293494 0.48219529 0.00101183
0.18422103 0.48561541 0.00101154
0.18552190 0.48911316 0.00100217
0.18680799 0.49266686 0.00098737
0.18810886 0.49619859 0.00098547
0.18939495 0.49963541 0.00100319
0.19069582 0.50298763 0.00103027
0.19199669 0.50637732 0.00104876
0.19328278 0.50996385 0.00103516
0.19458365 0.51373633 0.00100082
0.19586974 0.51758024 0.00097940
0.19717061 0.52143467 0.00098409
0.19845669 0.52528575 0.00100580
0.19975757 0.52916427 0.00102590
0.20104365 0.53307109 0.00104209
0.20234452 0.53694900 0.00106577
0.20363061 0.54075849 0.00109940
0.20493148 0.54447849 0.00113965
0.20621757 0.54818998 0.00117516
0.20750366 0.55206287 0.00118520
0.20880453 0.55612388 0.00117336
0.21009062 0.56029367 0.00116141
0.21139149 0.56449303 0.00116985
0.21267758 0.56868091 0.00119752
0.21397845 0.57288043 0.00122960
0.21526454 0.57712458 0.00125999
0.21656541 0.58143278 0.00128491
0.21785149 0.58581179 0.00130548
0.21915236 0.59025314 0.00132468
0.22043845 0.59473830 0.00134492
0.22173932 0.59924094 0.00136957
0.22302541 0.60374455 0.00139923
0.22432628 0.60824632 0.00143317
0.22561237 0.61277010 0.00146781
0.22689846 0.61736246 0.00149432
0.22819933 0.62203339 0.00151168
0.22948542 0.62676108 0.00152557
0.23078629 0.63152103 0.00154187
0.23207238 0.63628681 0.00156634
0.23337325 0.64103295 0.00160066
0.23465933 0.64573614 0.00164180
0.23594542 0.65037825 0.00168673
0.23724629 0.65495577 0.00173313
0.23853238 0.65948548 0.00177782
0.23983325 0.66399427 0.00181957
0.24111934 0.66850521 0.00185799
0.24240543 0.67302625 0.00189222
0.24370630 0.67754630 0.00192309
0.24499239 0.68204670 0.00195124
0.24629326 0.68651590 0.00197742
0.24757935 0.69094404 0.00200480
0.24886543 0.69531625 0.00203665
0.25016630 0.69962688 0.00207282
0.25145239 0.70387415 0.00211090
0.25275326 0.70806062 0.00214745
0.25403935 0.71220331 0.00217725
0.25532544 0.71631220 0.00219958
0.25662631 0.72038714 0.00221636
0.25791240 0.72442044 0.00223065
0.25919849 0.72839231 0.00224920
0.26049936 0.73228263 0.00227649
0.26178545 0.73607868 0.00231047
0.26307153 0.73978017 0.00234714
0.26437240 0.74340061 0.00238342
0.26565849 0.74698776 0.00241195
0.26695936 0.75060947 0.00242632
0.26824545 0.75428322 0.00242577
0.26953154 0.75796707 0.00242165
0.27083241 0.76158447 0.00243175
0.27211850 0.76505367 0.00245949
0.27340459 0.76834783 0.00250164
0.27470546 0.77149868 0.00254798
0.27599154 0.77458033 0.00258074
0.27727763 0.77766188 0.00259499
0.27857850 0.78075997 0.00259422
0.27986459 0.78385401 0.00258919
0.28115068 0.78690092 0.00259865
0.28243677 0.78982756 0.00262554
0.28373764 0.79256836 0.00266308
0.28502373 0.79515380 0.00270022
0.28630981 0.79766686 0.00272176
0.28761068 0.80018616 0.00272383
0.28889677 0.80271933 0.00271411
0.29018286 0.80517295 0.00270910
0.29148373 0.80745898 0.00271976
0.29276982 0.80956220 0.00274080
0.29405591 0.81150974 0.00276515
0.29534200 0.81334905 0.00278516
0.29664287 0.81513955 0.00279130
0.29792895 0.81689803 0.00278476
0.29921504 0.81859630 0.00277133
0.30051591 0.82018532 0.00275812
0.30180200 0.82161756 0.00275249
0.30308809 0.82288736 0.00275319
0.30437418 0.82403592 0.00275284
0.30567505 0.82512428 0.00274594
0.30696114 0.82620761 0.00273068
0.30824722 0.82729937 0.00270795
0.30953331 0.82837177 0.00268043
0.31083418 0.82937727 0.00265089
0.31212027 0.83028162 0.00262368
0.31340636 0.83108130 0.00260421
0.31469245 0.83177909 0.00259326
0.31599332 0.83236447 0.00259164
0.31727941 0.83282117 0.00259635
0.31856549 0.83315757 0.00260041
0.31985158 0.83341228 0.00259942
0.32115245 0.83362976 0.00259206
0.32243854 0.83385753 0.00257706
0.32372463 0.83414477 0.00254921
0.32501072 0.83450698 0.00250787
0.32629681 0.83492621 0.00245859
0.32759768 0.83537169 0.00240996
0.32888376 0.83580658 0.00237228
0.33016985 0.83619810 0.00235132
0.33145594 0.83653165 0.00234391
0.33275681 0.83680856 0.00234525
0.33404290 0.83704539 0.00234679
0.33532899 0.83726988 0.00233794
0.33661508 0.83749502 0.00231923
0.33790116 0.83772010 0.00229510
0.33918725 0.83794292 0.00227129
0.34048812 0.83816808 0.00225259
0.34177421 0.83840556 0.00223958
0.34306030 0.83866758 0.00223003
0.34434639 0.83896602 0.00222073
0.34563247 0.83930448 0.00220873
0.34693335 0.83967975 0.00218761
0.34821943 0.84006958 0.00215917
0.34950552 0.84045396 0.00212620
0.35079161 0.84082700 0.00208990
0.35207770 0.84116762 0.00206286
0.35336379 0.84146508 0.00205022
0.35466466 0.84174096 0.00204685
0.35595074 0.84203007 0.00204677
0.35723683 0.84236151 0.00204230
0.35852292 0.84274070 0.00203041
0.35980901 0.84315809 0.00201259
0.36109510 0.84361141 0.00198991
0.36238118 0.84410053 0.00196375
0.36368206 0.84460826 0.00193775
0.36496814 0.84509873 0.00191861
0.36625423 0.84554184 0.00191017
0.36754032 0.84593409 0.00191089
0.36882641 0.84630295 0.00191413
0.37011250 0.84669508 0.00190916
0.37139858 0.84713905 0.00189003
0.37269945 0.84762190 0.00185819
0.37398554 0.84811667 0.00182109
0.37527163 0.84861083 0.00178547
0.37655772 0.84910460 0.00175690
0.37784381 0.84960964 0.00174243
0.37912989 0.85014307 0.00174092
0.38041598 0.85069900 0.00174816
0.38170207 0.85123699 0.00176366
0.38298816 0.85172025 0.00178499
0.38428903 0.85215327 0.00180580
0.38557512 0.85256560 0.00181891
0.38686121 0.85298483 0.00181999
0.38814729 0.85343082 0.00181105
0.38943338 0.85391729 0.00179492
0.39071947 0.85444765 0.00177408
0.39200556 0.85501307 0.00175234
0.39329165 0.85560661 0.00173167
0.39457773 0.85623448 0.00171129
0.39586382 0.85690600 0.00169154
0.39714991 0.85762711 0.00167097
0.39843600 0.85837080 0.00165048
0.39973687 0.85906099 0.00164164
0.40102296 0.85962973 0.00165321
0.40230905 0.86007218 0.00168105
0.40359513 0.86046018 0.00170467
0.40488122 0.86087074 0.00171003
0.40616731 0.86133314 0.00170112
0.40745340 0.86184074 0.00168514
0.40873949 0.86234218 0.00167509
0.41002557 0.86278721 0.00168172
0.41131166 0.86318786 0.00169955
0.41259775 0.86358885 0.00171864
0.41388384 0.86400835 0.00173718
0.41516993 0.86443781 0.00175744
0.41645601 0.86492498 0.00177076
0.41774210 0.86557339 0.00175689
0.41902819 0.86644908 0.00170710
0.42031428 0.86747447 0.00164167
0.42160037 0.86847806 0.00159923
0.42288645 0.86938655 0.00159335
0.42417254 0.87022373 0.00160789
0.42545863 0.87103455 0.00162276
0.42674472 0.87184071 0.00163386
0.42803081 0.87263739 0.00164760
0.42931690 0.87342837 0.00166450
0.43060298 0.87423197 0.00167959
0.43188907 0.87507239 0.00168539
0.43317516 0.87595891 0.00168117
0.43446125 0.87688742 0.00167020
0.43574734 0.87785368 0.00165514
0.43703342 0.87885582 0.00163776
0.43831951 0.87988641 0.00162052
0.43960560 0.88093935 0.00160561
0.44089169 0.88199586 0.00159669
0.44217778 0.88301772 0.00160005
0.44346386 0.88397755 0.00162052
0.44474995 0.88488925 0.00165225
0.44603604 0.88583436 0.00166943
0.44732213 0.88691517 0.00164829
0.44860822 0.88818041 0.00158715
0.44989430 0.88956046 0.00150798
0.45118039 0.89088495 0.00145443
0.45246648 0.89208226 0.00144234
0.45375257 0.89318877 0.00145074
0.45503866 0.89422765 0.00146416
0.45632474 0.89518753 0.00148776
0.45761083 0.89601806 0.00153902
0.45889692 0.89669991 0.00162125
0.46018301 0.89730290 0.00170799
0.46146910 0.89793028 0.00177019
0.46275519 0.89868920 0.00179312
0.46404127 0.89958018 0.00178458
0.46532736 0.90045619 0.00178204
0.46661345 0.90123964 0.00180403
0.46789954 0.90195270 0.00184009
0.46917084 0.90265777 0.00186628
0.47045693 0.90342005 0.00186554
0.47174302 0.90424726 0.00184219
0.47302911 0.90511063 0.00180763
0.47431520 0.90596829 0.00177819
0.47560128 0.90677892 0.00176698
0.47688737 0.90752623 0.00177528
0.47817346 0.90821979 0.00179756
0.47945955 0.90889229 0.00182188
0.48074564 0.90958176 0.00183715
0.48203172 0.91031944 0.00183703
0.48331781 0.91110543 0.00182207
0.48460390 0.91189330 0.00180622
0.48587521 0.91264596 0.00179990
0.48716129 0.91335207 0.00180497
0.48844738 0.91401479 0.00181916
0.48973347 0.91464928 0.00183579
0.49101956 0.91527243 0.00184804
0.49230565 0.91589698 0.00185331
0.49359173 0.91653314 0.00185079
0.49487782 0.91719025 0.00183965
0.49616391 0.91787045 0.00182115
0.49743522 0.91856981 0.00179748
0.49872130 0.91927826 0.00177178
0.50000739 0.91998060 0.00174774
0.50129348 0.92066204 0.00172854
0.50257957 0.92131107 0.00171661
0.50386566 0.92192063 0.00171242
0.50515174 0.92249624 0.00171313
0.50643783 0.92306034 0.00171202
0.50770914 0.92363104 0.00170476
0.50899523 0.92421450 0.00169110
0.51028131 0.92480068 0.00167445
0.51156740 0.92535964 0.00166320
0.51285349 0.92586922 0.00166223
0.51413958 0.92632060 0.00167207
0.51542567 0.92671899 0.00168957
0.51669697 0.92709108 0.00170668
0.51798306 0.92747417 0.00171466
0.51926915 0.92790461 0.00170749
0.52055524 0.92840201 0.00168416
0.52184132 0.92896392 0.00164952
0.52312741 0.92954886 0.00161453
0.52439872 0.93008160 0.00159266
0.52568480 0.93051425 0.00159231
0.52697089 0.93083918 0.00161235
0.52825698 0.93108916 0.00164297
0.52954307 0.93134204 0.00166923
0.53082916 0.93166074 0.00168071
0.53210046 0.93205953 0.00167844
0.53338655 0.93249003 0.00167223
0.53467264 0.93287555 0.00167422
0.53595873 0.93318423 0.00168851
0.53724481 0.93343384 0.00170930
0.53853090 0.93368525 0.00172829
0.53980221 0.93400877 0.00173537
0.54108830 0.93442514 0.00172721
0.54237438 0.93490420 0.00171135
0.54366047 0.93539498 0.00169712
0.54494656 0.93585665 0.00168715
0.54621787 0.93626639 0.00168170
0.54750395 0.93663535 0.00168151
0.54879004 0.93701420 0.00168049
0.55007613 0.93743942 0.00167498
0.55134744 0.93792769 0.00166636
0.55263352 0.93846881 0.00165558
0.55391961 0.93901605 0.00164505
0.55520570 0.93953032 0.00163640
0.55649179 0.94000228 0.00162944
0.55776309 0.94045251 0.00162382
0.55904918 0.94092646 0.00161867
0.56033527 0.94145578 0.00161275
0.56162136 0.94204091 0.00160627
0.56289266 0.94266142 0.00160006
0.56417875 0.94328244 0.00159462
0.56546484 0.94387698 0.00158978
0.56675093 0.94442756 0.00158539
0.56803702 0.94492111 0.00158008
0.56930832 0.94535315 0.00157386
0.57059441 0.94573613 0.00157034
0.57188050 0.94609901 0.00157057
0.57316659 0.94647141 0.00157441
0.57443789 0.94688030 0.00158005
0.57572398 0.94735121 0.00158484
0.57701007 0.94789729 0.00158759
0.57829616 0.94851636 0.00158904
0.57956746 0.94918226 0.00159104
0.58085355 0.94984103 0.00159000
0.58213964 0.95045040 0.00158230
0.58341094 0.95099399 0.00156609
0.58469703 0.95147245 0.00154269
0.58598312 0.95190401 0.00151895
0.58726921 0.95231823 0.00149961
0.58854051 0.95273761 0.00148531
0.58982660 0.95317230 0.00147690
0.59111269 0.95361183 0.00147058
0.59239878 0.95401986 0.00145813
0.59367008 0.95437285 0.00143859
0.59495617 0.95467845 0.00141528
0.59624226 0.95497048 0.00139433
0.59751356 0.95528947 0.00138114
0.59879965 0.95566201 0.00137499
0.60008574 0.95609978 0.00137470
0.60137183 0.95660104 0.00138011
0.60264313 0.95714555 0.00139103
0.60392922 0.95768779 0.00140064
0.60521531 0.95818780 0.00140330
0.60648661 0.95861886 0.00139372
0.60777270 0.95896716 0.00136646
0.60905879 0.95925889 0.00133277
0.61033010 0.95953626 0.00130189
0.61161618 0.95982980 0.00127523
0.61290227 0.96015422 0.00125380
0.61417358 0.96050439 0.00123396
0.61545967 0.96086598 0.00121307
0.61674575 0.96123211 0.00119271
0.61801706 0.96160406 0.00117449
0.61930315 0.96197989 0.00115893
0.62058924 0.96236055 0.00114691
0.62187532 0.96276002 0.00114131
0.62314663 0.96319488 0.00114528
0.62443272 0.96367516 0.00115913
0.62571880 0.96419570 0.00117974
0.62699011 0.96472381 0.00119767
0.62827620 0.96521024 0.00119957
0.62954750 0.96562410 0.00117758
0.63083359 0.96596001 0.00113388
0.63211968 0.96622055 0.00107245
0.63339099 0.96641583 0.00099895
0.63467707 0.96656840 0.00092422
0.63596316 0.96670053 0.00085408
0.63723447 0.96683363 0.00079133
0.63852056 0.96699492 0.00074074
0.63980664 0.96720558 0.00070453
0.64107795 0.96747448 0.00068316
0.64236404 0.96779758 0.00067511
0.64365012 0.96816280 0.00067634
0.64492143 0.96856220 0.00068592
0.64620752 0.96899028 0.00070397
0.64749361 0.96943917 0.00072863
0.64876491 0.96990121 0.00075836
0.65005100 0.97036750 0.00079079
0.65132231 0.97082882 0.00082349
0.65260839 0.97127494 0.00085327
0.65389448 0.97169545 0.00087732
0.65516579 0.97208095 0.00089309
0.65645188 0.97242508 0.00089957
0.65772318 0.97272828 0.00089961
0.65900927 0.97299522 0.00089655
0.66029536 0.97322323 0.00089088
0.66156666 0.97339659 0.00087930
0.66285275 0.97350490 0.00086169
0.66413884 0.97355142 0.00084262
0.66541014 0.97355743 0.00082877
0.66669623 0.97355918 0.00082630
0.66796754 0.97358448 0.00083569
0.66925363 0.97365232 0.00085493
0.67053971 0.97376996 0.00088247
0.67181102 0.97393199 0.00091601
0.67309711 0.97411567 0.00095226
0.67436841 0.97427446 0.00098698
0.67565450 0.97437607 0.00101651
0.67692581 0.97441471 0.00103992
0.67821189 0.97439214 0.00105834
0.67949798 0.97431048 0.00107339
0.68076929 0.97416940 0.00108677
0.68205538 0.97396835 0.00110181
0.68332668 0.97371783 0.00112244
0.68461277 0.97344844 0.00114840
0.68589886 0.97319739 0.00117455
0.68717016 0.97298010 0.00119760
0.68845625 0.97278506 0.00121887
0.68972756 0.97259790 0.00123885
0.69101364 0.97241198 0.00125713
0.69228495 0.97222243 0.00127408
0.69357104 0.97202665 0.00129022
0.69484234 0.97183095 0.00130490
0.69612843 0.97164555 0.00131761
0.69741452 0.97148546 0.00132730
0.69868582 0.97136122 0.00133301
0.69997191 0.97126495 0.00133802
0.70124322 0.97117441 0.00134672
0.70252931 0.97106409 0.00136100
0.70380061 0.97092637 0.00137938
0.70508670 0.97076734 0.00139858
0.70635801 0.97059223 0.00141660
0.70764409 0.97039997 0.00143440
0.70893018 0.97018631 0.00145274
0.71020149 0.96994572 0.00147294
0.71148758 0.96967607 0.00149556
0.71275888 0.96939404 0.00151543
0.71404497 0.96912506 0.00152758
0.71531627 0.96889445 0.00152889
0.71660236 0.96871148 0.00152213
0.71787367 0.96856210 0.00151492
0.71915976 0.96842994 0.00151136
0.72043106 0.96830415 0.00151336
0.72171715 0.96818041 0.00152023
0.72298845 0.96805810 0.00153016
0.72427454 0.96793676 0.00154160
0.72554585 0.96781165 0.00155312
0.72683194 0.96766987 0.00156661
0.72810324 0.96749977 0.00158430
0.72938933 0.96729729 0.00160700
0.73066064 0.96706988 0.00163162
0.73194672 0.96683732 0.00165066
0.73321803 0.96661529 0.00166178
0.73450412 0.96641044 0.00166533
0.73577542 0.96622356 0.00166304
0.73706151 0.96605134 0.00165823
0.73833282 0.96589096 0.00165273
0.73961890 0.96574018 0.00164798
0.74089021 0.96559648 0.00164519
0.74217630 0.96545750 0.00164526
0.74344760 0.96532060 0.00164894
0.74473369 0.96518221 0.00165763
0.74600500 0.96504112 0.00167144
0.74729108 0.96489852 0.00168948
0.74856239 0.96475756 0.00171035
0.74984848 0.96462297 0.00173204
0.75111978 0.96449904 0.00175306
0.75240587 0.96438876 0.00177242
0.75367718 0.96429369 0.00178965
0.75496327 0.96421457 0.00180470
0.75623457 0.96415107 0.00181779
0.75752066 0.96410236 0.00182930
0.75879196 0.96406741 0.00183963
0.76007805 0.96404497 0.00184926
0.76134936 0.96403421 0.00185864
0.76263545 0.96403499 0.00186801
0.76390675 0.96404829 0.00187746
0.76517806 0.96407668 0.00188672
0.76646414 0.96412566 0.00189497
0.76773545 0.96420266 0.00190098
0.76902154 0.96431188 0.00190411
0.77029284 0.96444877 0.00190652
0.77157893 0.96459986 0.00191193
0.77285024 0.96475071 0.00192202
0.77413633 0.96489141 0.00193681
0.77540763 0.96501443 0.00195567
0.77669372 0.96511317 0.00197787
0.77796502 0.96518257 0.00200271
0.77923633 0.96521961 0.00202970
0.78052242 0.96522471 0.00205767
0.78179372 0.96520422 0.00208451
0.78307981 0.96516812 0.00210848
0.78435112 0.96512488 0.00212827
0.78563720 0.96507990 0.00214380
0.78690851 0.96503599 0.00215585
0.78817982 0.96499525 0.00216513
0.78946590 0.96495987 0.00217244
0.79073721 0.96493148 0.00217864
0.79202330 0.96491106 0.00218449
0.79329460 0.96489785 0.00219089
0.79458069 0.96488917 0.00219848
0.79585200 0.96488020 0.00220785
0.79712330 0.96486335 0.00221997
0.79840939 0.96483220 0.00223445
0.79968070 0.96478240 0.00225068
0.80096678 0.96470998 0.00226862
0.80223809 0.96461371 0.00228762
0.80350939 0.96449474 0.00230721
0.80479548 0.96435841 0.00232595
0.80606679 0.96421477 0.00234073
0.80735288 0.96407033 0.00235024
0.80862418 0.96392862 0.00235436
0.80989549 0.96379200 0.00235361
0.81118157 0.96366310 0.00234888
0.81245288 0.96354620 0.00234042
0.81373897 0.96344288 0.00232908
0.81501027 0.96335004 0.00231637
0.81628158 0.96326178 0.00230414
0.81756767 0.96317250 0.00229327
0.81883897 0.96307804 0.00228413
0.82012506 0.96297472 0.00227721
0.82139637 0.96285597 0.00227348
0.82266767 0.96271359 0.00227503
0.82395376 0.96254177 0.00228341
0.82522507 0.96234365 0.00229719
0.82651115 0.96213190 0.00231244
0.82778246 0.96191989 0.00232536
0.82905376 0.96171599 0.00233341
0.83033985 0.96152120 0.00233640
0.83161116 0.96133365 0.00233485
0.83288246 0.96115106 0.00232908
0.83416855 0.96096984 0.00231983
0.83543986 0.96078581 0.00230782
0.83672594 0.96059394 0.00229399
0.83799725 0.96038926 0.00227913
0.83926856 0.96016710 0.00226384
0.84055464 0.95992316 0.00224867
0.84182595 0.95965363 0.00223423
0.84309725 0.95935566 0.00222108
0.84438334 0.95902946 0.00220965
0.84565465 0.95867956 0.00219987
0.84692595 0.95831515 0.00219139
0.84821204 0.95795190 0.00218237
0.84948335 0.95760428 0.00217118
0.85076944 0.95727869 0.00215740
0.85204074 0.95697057 0.00214192
0.85331205 0.95666517 0.00212756
0.85459813 0.95635250 0.00211447
0.85586944 0.95602606 0.00210251
0.85714075 0.95567907 0.00209233
0.85842683 0.95530681 0.00208435
0.85969814 0.95490736 0.00207861
0.86096944 0.95448183 0.00207529
0.86225553 0.95403655 0.00207344
0.86352684 0.95358967 0.00206794
0.86479814 0.95315934 0.00205539
0.86608423 0.95276001 0.00203309
0.86735554 0.95240318 0.00199882
0.86862684 0.95209065 0.00195466
0.86991293 0.95181472 0.00190550
0.87118424 0.95156116 0.00185736
0.87245554 0.95131275 0.00181456
0.87374163 0.95105332 0.00177856
0.87501293 0.95076934 0.00174958
0.87628424 0.95044883 0.00172727
0.87757033 0.95008361 0.00171109
0.87884163 0.94966944 0.00170064
0.88011294 0.94920619 0.00169558
0.88138424 0.94869709 0.00169570
0.88267033 0.94814742 0.00170057
0.88394164 0.94756517 0.00170904
0.88521294 0.94695571 0.00172047
0.88649903 0.94632556 0.00173390
0.88777034 0.94568685 0.00174556
0.88904164 0.94505152 0.00175141
0.89032773 0.94442885 0.00174933
0.89159904 0.94382409 0.00173994
0.89287034 0.94324052 0.00172506
0.89415643 0.94268076 0.00170604
0.89542774 0.94214445 0.00168448
0.89669904 0.94162841 0.00166168
0.89797035 0.94112785 0.00163892
0.89925643 0.94063753 0.00161717
0.90052774 0.94015288 0.00159646
0.90179905 0.93966943 0.00157719
0.90308513 0.93918228 0.00156023
0.90435644 0.93868624 0.00154651
0.90562774 0.93817668 0.00153707
0.90691383 0.93764950 0.00153306
0.90818514 0.93710281 0.00153483
0.90945644 0.93653750 0.00154229
0.91072775 0.93595777 0.00155384
0.91201384 0.93537335 0.00156519
0.91328514 0.93479351 0.00157424
0.91455645 0.93422677 0.00157889
0.91582775 0.93368260 0.00157669
0.91711384 0.93316976 0.00156604
0.91838515 0.93269437 0.00154590
0.91965645 0.93225987 0.00151578
0.92094254 0.93186440 0.00147624
0.92221385 0.93149424 0.00143259
0.92348515 0.93113385 0.00139015
0.92475646 0.93077104 0.00135274
0.92604254 0.93039831 0.00132225
0.92731385 0.93001433 0.00129776
0.92858516 0.92961914 0.00127805
0.92985646 0.92921299 0.00126196
0.93114255 0.92879541 0.00124891
0.93241385 0.92836588 0.00123846
0.93368516 0.92792636 0.00122913
0.93495647 0.92748405 0.00121668
0.93624255 0.92705132 0.00119518
0.93751386 0.92664243 0.00115995
0.93878516 0.92626979 0.00110878
0.94005647 0.92593651 0.00104448
0.94134256 0.92563186 0.00097489
0.94261386 0.92534021 0.00090758
0.94388517 0.92505011 0.00084636
0.94515647 0.92475449 0.00079215
0.94644256 0.92444772 0.00074538
0.94771387 0.92412407 0.00070641
0.94898517 0.92377923 0.00067479
0.95025648 0.92340970 0.00064999
0.95154257 0.92301210 0.00063230
0.95281387 0.92258320 0.00062279
0.95408518 0.92212350 0.00062263
0.95535648 0.92164532 0.00062944
0.95664257 0.92117171 0.00063569
0.95791388 0.92072780 0.00063208
0.95918518 0.92032626 0.00061456
0.96045649 0.91996222 0.00058649
0.96174258 0.91962411 0.00055320
0.96301388 0.91930238 0.00051809
0.96428519 0.91899036 0.00048342
0.96555649 0.91868076 0.00045166
0.96682780 0.91836470 0.00042505
0.96811389 0.91803348 0.00040458
0.96938519 0.91768157 0.00038934
0.97065650 0.91730695 0.00037786
0.97192780 0.91691008 0.00036924
0.97321389 0.91649292 0.00036363
0.97448520 0.91605951 0.00036183
0.97575650 0.91561720 0.00036335
0.97702781 0.91517416 0.00036723
0.97829911 0.91473870 0.00037162
0.97958520 0.91431693 0.00037442
0.98085651 0.91391128 0.00037479
0.98212781 0.91352128 0.00037270
0.98339912 0.91314326 0.00036893
0.98468520 0.91277358 0.00036434
0.98595651 0.91240861 0.00035969
0.98722781 0.91204385 0.00035600
0.98849912 0.91167509 0.00035430
0.98977043 0.91129861 0.00035560
0.99105651 0.91091206 0.00036048
0.99232782 0.91051452 0.00036915
0.99359912 0.91010570 0.00038166
0.99487043 0.90968541 0.00039810
0.99614174 0.90925287 0.00041895
0.99742782 0.90880576 0.00044590
0.99869913 0.90834310 0.00048007
0.99997043 0.90786802 0.00051993
1.00124174 0.90738465 0.00056348
1.00251305 0.90689692 0.00060883
1.00378435 0.90640767 0.00065469
1.00507044 0.90591781 0.00070095
1.00634174 0.90542760 0.00074772
1.00761305 0.90493720 0.00079502
1.00888436 0.90444707 0.00084261
1.01015566 0.90395767 0.00089027
1.01144175 0.90346984 0.00093748
1.01271305 0.90298477 0.00098350
1.01398436 0.90250372 0.00102761
1.01525567 0.90202829 0.00106884
1.01652697 0.90156033 0.00110608
1.01779828 0.90110186 0.00113806
1.01908436 0.90065425 0.00116387
1.02035567 0.90021651 0.00118411
1.02162698 0.89978357 0.00120198
1.02289828 0.89934738 0.00122255
1.02416959 0.89890102 0.00125014
1.02545567 0.89844188 0.00128623
1.02672698 0.89797148 0.00132967
1.02799829 0.89749287 0.00137835
1.02926959 0.89700916 0.00143034
1.03054090 0.89652340 0.00148373
1.03181220 0.89603931 0.00153634
1.03309829 0.89556092 0.00158585
1.03436960 0.89509228 0.00162994
1.03564090 0.89463585 0.00166727
1.03691221 0.89419097 0.00169846
1.03818351 0.89375668 0.00172425
1.03945482 0.89333221 0.00174511
1.04072612 0.89291669 0.00176157
1.04201221 0.89250947 0.00177396
1.04328352 0.89211014 0.00178249
1.04455482 0.89171820 0.00178738
1.04582613 0.89133199 0.00178968
1.04709743 0.89094878 0.00179111
1.04836874 0.89056586 0.00179349
1.04965483 0.89018179 0.00179782
1.05092613 0.88979666 0.00180406
1.05219744 0.88941119 0.00181201
1.05346874 0.88902722 0.00182070
1.05474005 0.88864832 0.00182809
1.05601135 0.88828039 0.00183070
1.05728266 0.88792995 0.00182466
1.05856875 0.88760274 0.00180668
1.05984005 0.88730104 0.00177553
1.06111136 0.88702041 0.00173417
1.06238266 0.88675712 0.00168496
1.06365397 0.88650990 0.00162855
1.06492527 0.88627752 0.00156561
1.06619658 0.88605882 0.00149686
1.06746788 0.88585038 0.00142444
1.06875397 0.88564663 0.00135191
1.07002528 0.88544119 0.00128327
1.07129658 0.88522814 0.00122218
1.07256789 0.88500282 0.00117130
1.07383919 0.88476183 0.00113249
1.07511050 0.88450366 0.00110626
1.07638181 0.88423211 0.00108945
1.07766789 0.88395778 0.00107526
1.07893920 0.88369532 0.00105487
1.08021050 0.88345474 0.00102285
1.08148181 0.88323579 0.00098022
1.08275312 0.88303278 0.00093093
1.08402442 0.88283944 0.00087914
1.08529573 0.88265316 0.00082661
1.08656703 0.88247253 0.00077425
1.08783834 0.88229543 0.00072344
1.08912443 0.88212013 0.00067534
1.09039573 0.88194499 0.00063113
1.09166704 0.88176913 0.00059157
1.09293834 0.88159195 0.00055730
1.09420965 0.88141289 0.00052875
1.09548095 0.88123169 0.00050617
1.09675226 0.88104805 0.00048963
1.09802356 0.88086151 0.00047905
1.09930965 0.88067171 0.00047407
1.10058096 0.88047877 0.00047388
1.10185226 0.88028287 0.00047793
1.10312357 0.88008396 0.00048557
1.10439487 0.87988192 0.00049601
1.10566618 0.87967665 0.00050863
1.10693748 0.87946824 0.00052276
1.10820879 0.87925720 0.00053788
1.10948010 0.87904456 0.00055362
1.11075140 0.87883175 0.00056988
1.11203749 0.87862043 0.00058668
1.11330879 0.87841250 0.00060431
1.11458010 0.87820962 0.00062328
1.11585141 0.87801357 0.00064427
1.11712271 0.87782557 0.00066823
1.11839402 0.87764394 0.00069547
1.11966532 0.87746283 0.00072476
1.12093663 0.87727038 0.00075185
1.12220793 0.87705067 0.00076995
1.12347924 0.87679094 0.00077368
1.12475054 0.87648810 0.00076315
1.12603663 0.87614973 0.00074351
1.12730794 0.87578964 0.00072144
1.12857924 0.87542323 0.00070105
1.12985055 0.87506698 0.00068488
1.13112185 0.87473801 0.00067243
1.13239316 0.87445512 0.00066088
1.13366446 0.87423665 0.00065132
1.13493577 0.87409487 0.00064767
1.13620707 0.87403891 0.00066717
1.13747838 0.87407149 0.00074578
1.13874969 0.87417351 0.00089923
1.14002099 0.87429687 0.00109415
1.14130708 0.87439418 0.00128301
1.14257838 0.87444146 0.00144215
1.14384969 0.87442515 0.00156322
1.14512100 0.87434078 0.00164370
1.14639230 0.87420143 0.00168185
1.14766361 0.87403483 0.00168575
1.14893491 0.87384902 0.00166466
1.15020622 0.87362951 0.00162446
1.15147752 0.87335757 0.00157114
1.15274883 0.87302493 0.00150040
1.15402013 0.87261485 0.00142419
1.15529144 0.87248244 0.00140050
1.15656274 0.87213800 0.00135103
1.15783405 0.87178611 0.00129903
1.15912014 0.87142735 0.00124498
1.16039144 0.87106233 0.00118941
1.16166275 0.87069171 0.00113292
1.16293405 0.87031619 0.00107617
1.16420536 0.86993651 0.00101989
1.16547667 0.86955342 0.00096491
1.16674797 0.86916774 0.00091214
1.16801928 0.86878029 0.00086256
1.16929058 0.86839195 0.00081722
1.17056189 0.86800361 0.00077718
1.17183319 0.86761618 0.00074346
1.17310450 0.86723061 0.00071695
1.17437580 0.86684786 0.00069824
1.17564711 0.86646892 0.00068757
1.17691841 0.86609478 0.00068471
1.17818972 0.86572645 0.00068902
1.17946103 0.86536497 0.00069946
1.18074711 0.86501136 0.00071478
1.18201842 0.86466666 0.00073360
1.18328972 0.86433192 0.00075457
1.18456103 0.86400815 0.00077641
1.18583234 0.86369641 0.00079798
1.18710364 0.86339772 0.00081832
1.18837495 0.86311309 0.00083660
1.18964625 0.86284351 0.00085219
1.19091756 0.86258998 0.00086462
1.19218886 0.86235345 0.00087360
1.19346017 0.86213485 0.00087904
1.19473147 0.86193509 0.00088108
1.19600278 0.86175502 0.00088011
1.19727408 0.86159548 0.00087683
1.19854539 0.86145726 0.00087230
1.19981670 0.86134108 0.00086800
1.20108800 0.86124764 0.00086584
1.20235931 0.86117755 0.00086821
1.20363061 0.86113140 0.00087788
1.20490192 0.86110967 0.00089777
1.20617322 0.86111279 0.00093074
1.20744453 0.86114112 0.00097916
1.20873062 0.86119491 0.00104473
1.21000192 0.86127436 0.00112828
1.21127323 0.86137954 0.00122992
1.21254453 0.86151045 0.00134916
1.21381584 0.86166697 0.00148515
1.21508714 0.86184887 0.00163687
1.21635845 0.86205581 0.00180319
1.21762975 0.86228732 0.00198301
1.21890106 0.86254281 0.00217519
1.22017237 0.86282155 0.00237866
1.22144367 0.86312266 0.00259231
1.22271498 0.86344514 0.00281507
1.22398628 0.86378779 0.00304580
1.22525759 0.86414930 0.00328335
1.22652889 0.86452815 0.00352653
1.22780020 0.86492267 0.00377407
1.22907150 0.86533098 0.00402463
1.23034281 0.86575104 0.00427682
1.23161411 0.86618059 0.00452912
1.23288542 0.86661719 0.00477994
1.23415673 0.86705815 0.00502759
1.23542803 0.86750058 0.00527026
1.23669934 0.86794138 0.00550605
1.23797064 0.86837718 0.00573291
1.23924195 0.86880437 0.00594870
1.24051325 0.86921912 0.00615113
1.24178456 0.86961730 0.00633780
1.24305586 0.86999453 0.00650616
1.24432717 0.87034615 0.00665354
1.24559847 0.87066721 0.00677713
1.24686978 0.87095248 0.00687397
1.24814109 0.87119640 0.00694099
1.24941239 0.87139313 0.00697497
1.25068370 0.87153649 0.00697257
1.25195500 0.87161998 0.00693037
1.25322631 0.87163678 0.00684481
1.25449761 0.87157970 0.00671233
1.25576892 0.87144122 0.00652933
1.25704022 0.87121346 0.00629235
1.25831153 0.87088815 0.00599815
1.25958283 0.87045669 0.00564404
1.26085414 0.86991006 0.00522839
1.26212545 0.86923887 0.00475163
1.26339675 0.86843335 0.00421837
1.26466806 0.86748329 0.00364227
1.26593936 0.86637810 0.00305778
1.26721067 0.86510677 0.00254823
1.26848197 0.86365787 0.00229074
1.26975328 0.86201951 0.00250636
1.27102458 0.86017938 0.00322522
1.27229589 0.85812472 0.00430909
1.27356719 0.85584231 0.00564938
1.27483850 0.85331842 0.00719559
1.27610981 0.85053887 0.00892786
1.27738111 0.84748893 0.01084028
1.27865242 0.84415335 0.01293356
1.27992372 0.84051632 0.01521192
1.28119503 0.83656142 0.01768159
-0.96316762 0.84761987 0.01292267
-0.96189631 0.85156179 0.01321569
-0.96062353 0.85266796 0.01267626
-0.95934927 0.85363110 0.01252274
-0.95807353 0.85490196 0.01212585
-0.95679779 0.85710662 0.01130291
-0.95551909 0.86124517 0.00928843
-0.95423744 0.86999388 0.00425507
-0.95295431 0.89500420 0.00908350
-0.95167118 0.92835542 0.01641696
-0.95038804 0.93124805 0.01454152
-0.94910048 0.90154350 0.01068317
-0.94781143 0.87256167 0.00868972
-0.94651943 0.85531864 0.00747171
-0.94522743 0.84416014 0.00668891
-0.94393247 0.83610760 0.00594471
-0.94263604 0.82889146 0.00537298
-0.94133960 0.82196376 0.00489327
-0.94004021 0.81513270 0.00448127
-0.93873934 0.80860167 0.00415531
-0.93743699 0.80250032 0.00388493
-0.93613316 0.79681380 0.00365049
-0.93482786 0.79147027 0.00344501
-0.93351959 0.78642553 0.00326248
-0.93221133 0.78163655 0.00309886
-0.93090011 0.77706872 0.00295125
-0.92958890 0.77269340 0.00281783
-0.92827472 0.76848443 0.00269702
-0.92695907 0.76442468 0.00258571
-0.92564341 0.76049707 0.00248489
-0.92432480 0.75668243 0.00239012
-0.92300472 0.75297062 0.00230461
-0.92168315 0.74935815 0.00222813
-0.92036010 0.74583454 0.00215617
-0.91903410 0.74238935 0.00208676
-0.91770810 0.73903300 0.00201965
-0.91638062 0.73577249 0.00195833
-0.91505167 0.73261481 0.00189814
-0.91371975 0.72954610 0.00183681
-0.91238784 0.72652800 0.00178145
-0.91105297 0.72354656 0.00173062
-0.90971810 0.72059126 0.00168099
-0.90838027 0.71766208 0.00163605
-0.90704096 0.71476248 0.00159189
-0.90570166 0.71188894 0.00155324
-0.90435940 0.70904143 0.00151487
-0.90301565 0.70621644 0.00147726
-0.90167044 0.70341744 0.00144450
-0.90032374 0.70064090 0.00141191
-0.89897556 0.69787979 0.00138024
-0.89762591 0.69513758 0.00135294
-0.89627478 0.69241777 0.00132153
-0.89492217 0.68970978 0.00129968
-0.89356808 0.68701710 0.00126915
-0.89221251 0.68433970 0.00124682
-0.89085547 0.68167402 0.00122562
-0.88949695 0.67902004 0.00120016
-0.88813547 0.67637772 0.00117882
-0.88677399 0.67374704 0.00116147
-0.88541103 0.67112795 0.00114557
-0.88404659 0.66851690 0.00112394
-0.88267920 0.66591738 0.00110390
-0.88131181 0.66331871 0.00108770
-0.87994294 0.66073508 0.00106842
-0.87857259 0.65815576 0.00105620
-0.87719928 0.65558073 0.00104093
-0.87582598 0.65302065 0.00102422
-0.87445120 0.65045762 0.00100770
-0.87307345 0.64789875 0.00099641
-0.87169571 0.64535115 0.00098033
-0.87031650 0.64280763 0.00096954
-0.86893580 0.64026814 0.00095687
-0.86755215 0.63772904 0.00094655
-0.86616849 0.63519749 0.00093653
-0.86478336 0.63266983 0.00092443
-0.86339675 0.63013882 0.00091249
-0.86200866 0.62761521 0.00090072
-0.86061762 0.62509537 0.00089425
-0.85922657 0.62257562 0.00088285
-0.85783405 0.62005954 0.00086894
-0.85644005 0.61753980 0.00086301
-0.85504457 0.61503091 0.00085216
-0.85364761 0.61251096 0.00084377
-0.85224918 0.61000177 0.00083844
-0.85084926 0.60748869 0.00082516
-0.84944787 0.60497530 0.00082230
-0.84804648 0.60246522 0.00080925
-0.84664213 0.59994736 0.00080148
-0.84523630 0.59743637 0.00079383
-0.84382899 0.59491746 0.00078300
-0.84242169 0.59239792 0.00077557
-0.84101143 0.58987398 0.00076829
-0.83960116 0.58734927 0.00076281
-0.83818795 0.58481256 0.00075224
-0.83677473 0.58227864 0.00074686
-0.83536003 0.57973251 0.00073640
-0.83394238 0.57718901 0.00073113
-0.83252472 0.57463311 0.00071861
-0.83110559 0.57206841 0.00071337
-0.82968498 0.56949855 0.00070819
-0.82826289 0.56691968 0.00069933
-0.82684081 0.56433922 0.00069188
-0.82541576 0.56175331 0.00068444
-0.82398924 0.55916943 0.00067551
-0.82256272 0.55658372 0.00067700
-0.82113324 0.55400372 0.00066952
-0.81970376 0.55142559 0.00066056
-0.81827280 0.54885309 0.00065829
-0.81684036 0.54629386 0.00065231
-0.81540645 0.54375177 0.00064853
-0.81397106 0.54121916 0.00064631
-0.81253418 0.53871150 0.00064251
-0.81109584 0.53622889 0.00063714
-0.80965749 0.53377144 0.00063486
-0.80821618 0.53134315 0.00063480
-0.80677488 0.52894029 0.00063095
-0.80533209 0.52657079 0.00063094
-0.80388783 0.52423875 0.00062706
-0.80244209 0.52193260 0.00062172
-0.80099487 0.51964853 0.00062044
-0.79954765 0.51739850 0.00062060
-0.79809748 0.51516687 0.00061426
-0.79664730 0.51295373 0.00061456
-0.79519565 0.51075916 0.00060855
-0.79374252 0.50857131 0.00060280
-0.79228791 0.50639018 0.00060338
-0.79083182 0.50421577 0.00059802
-0.78937573 0.50204809 0.00058902
-0.78791669 0.49987106 0.00058921
-0.78645764 0.49768860 0.00057979
-0.78499712 0.49550870 0.00057567
-0.78353512 0.49330703 0.00056687
-0.78207164 0.49109962 0.00055810
-0.78060816 0.48886601 0.00055422
-0.77914320 0.48661820 0.00055064
-0.77767528 0.48434783 0.00054214
-0.77620885 0.48205466 0.00053346
-0.77473946 0.47973845 0.00052509
-0.77326859 0.47740719 0.00052169
-0.77179771 0.47506071 0.00051312
-0.77032537 0.47271128 0.00050478
-0.76885154 0.47035464 0.00049649
-0.76737623 0.46799904 0.00049360
-0.76590093 0.46564444 0.00049030
-0.76442266 0.46329919 0.00048763
-0.76294440 0.46096334 0.00047962
-0.76146466 0.45864540 0.00047166
-0.75998492 0.45634972 0.00047501
-0.75850222 0.45408500 0.00047190
-0.75701953 0.45183865 0.00046879
-0.75553535 0.44963225 0.00047142
-0.75405118 0.44746185 0.00046834
-0.75256405 0.44532772 0.00046981
-0.75107691 0.44323451 0.00046671
-0.74958830 0.44118689 0.00046689
-0.74809822 0.43917217 0.00046713
-0.74660813 0.43719500 0.00046854
-0.74511656 0.43526006 0.00046882
-0.74362352 0.43335451 0.00046437
-0.74212899 0.43147858 0.00045891
-0.74063447 0.42961922 0.00045936
-0.73913847 0.42778543 0.00045411
-0.73764099 0.42595961 0.00044900
-0.73614351 0.42413733 0.00044974
-0.73464307 0.42232756 0.00044489
-0.73314412 0.42051242 0.00044021
-0.73164220 0.41868284 0.00043590
-0.73014029 0.41683865 0.00042600
-0.72863542 0.41497969 0.00041624
-0.72713202 0.41309216 0.00041194
-0.72562567 0.41117119 0.00040229
-0.72411933 0.40919811 0.00039850
-0.72261150 0.40720908 0.00040532
-0.72110367 0.40524076 0.00040709
-0.71959436 0.40331645 0.00040848
-0.71808358 0.40143656 0.00040441
-0.71657132 0.39959220 0.00040033
-0.71505906 0.39777435 0.00040165
-0.71354532 0.39597858 0.00040297
-0.71203158 0.39419568 0.00039830
-0.71051488 0.39243517 0.00039360
-0.70899966 0.39068306 0.00038889
-0.70748148 0.38894416 0.00038459
-0.70596331 0.38721379 0.00038544
-0.70444366 0.38549681 0.00038671
-0.70292400 0.38377895 0.00038196
-0.70140287 0.38208421 0.00037719
-0.69988026 0.38038867 0.00037826
-0.69835765 0.37870200 0.00037367
-0.69683356 0.37701940 0.00036889
-0.69530800 0.37534089 0.00037013
-0.69378243 0.37367626 0.00036534
-0.69225538 0.37201582 0.00036657
-0.69072834 0.37035467 0.00036177
-0.68919982 0.36869771 0.00036300
-0.68766982 0.36705490 0.00035818
-0.68613981 0.36541143 0.00035331
-0.68460833 0.36377225 0.00034843
-0.68307685 0.36213740 0.00034964
-0.68154390 0.36051192 0.00035086
-0.68001094 0.35889085 0.00034589
-0.67847650 0.35727422 0.00034092
-0.67694059 0.35566205 0.00034212
-0.67540467 0.35405437 0.00033707
-0.67386728 0.35246143 0.00033826
-0.67232841 0.35086285 0.00032689
-0.67078954 0.34927398 0.00032806
-0.66925067 0.34768976 0.00032293
-0.66771032 0.34610502 0.00032409
-0.66616849 0.34453536 0.00031886
-0.66462666 0.34297570 0.00032010
-0.66308484 0.34142088 0.00032125
-0.66154005 0.33986568 0.00031591
-0.65999675 0.33832591 0.00031066
-0.65845049 0.33679644 0.00030541
-0.65690570 0.33527203 0.00031292
-0.65535796 0.33376340 0.00030763
-0.65381022 0.33226535 0.00030236
-0.65226248 0.33077259 0.00030987
-0.65071326 0.32930139 0.00029778
-0.64916404 0.32785192 0.00030564
-0.64761335 0.32641356 0.00030644
-0.64606265 0.32500277 0.00030097
-0.64451047 0.32361984 0.00030181
-0.64295830 0.32227053 0.00030284
-0.64140464 0.32091660 0.00029038
-0.63985099 0.31955244 0.00029139
-0.63829586 0.31818904 0.00029242
-0.63674073 0.31680969 0.00028672
-0.63518412 0.31541977 0.00028776
-0.63362751 0.31403603 0.00028185
-0.63207090 0.31264159 0.00027607
-0.63051133 0.31125894 0.00027698
-0.62895324 0.30987119 0.00027109
-0.62739368 0.30849535 0.00027210
-0.62583411 0.30712581 0.00027311
-0.62427306 0.30575691 0.00026706
-0.62271202 0.30440014 0.00026819
-0.62114950 0.30304409 0.00026228
-0.61958697 0.30170034 0.00026299
-0.61802445 0.30036320 0.00026424
-0.61646045 0.29902688 0.00025832
-0.61489497 0.29770899 0.00025928
-0.61333097 0.29640383 0.00026024
-0.61176401 0.29509972 0.00025374
-0.61019853 0.29380851 0.00025525
-0.60863157 0.29253035 0.00024860
-0.60706461 0.29125938 0.00024952
-0.60549618 0.28999569 0.00024345
-0.60392774 0.28875138 0.00024434
-0.60235783 0.28750852 0.00024614
-0.60078939 0.28628533 0.00024614
-0.59921800 0.28506983 0.00024794
-0.59764808 0.28386211 0.00023399
-0.59607669 0.28266836 0.00023484
-0.59450530 0.28147641 0.00024266
-0.59293243 0.28030483 0.00023654
-0.59135956 0.27913522 0.00023740
-0.58978669 0.27798003 0.00023825
-0.58821234 0.27683941 0.00023909
-0.58663799 0.27570100 0.00023179
-0.58506364 0.27457107 0.00023261
-0.58348781 0.27345603 0.00023343
-0.58191198 0.27234971 0.00022713
-0.58033616 0.27124582 0.00022793
-0.57875885 0.27015076 0.00022766
-0.57718302 0.26907743 0.00022845
-0.57560424 0.26799394 0.00022195
-0.57402693 0.26692594 0.00022178
-0.57244815 0.26586066 0.00022256
-0.57086937 0.26480462 0.00021586
-0.56929058 0.26374488 0.00021582
-0.56771032 0.26270100 0.00022490
-0.56613006 0.26164691 0.00021734
-0.56454980 0.26060882 0.00020980
-0.56296805 0.25956709 0.00021117
-0.56138779 0.25853491 0.00021191
-0.55980605 0.25749244 0.00021203
-0.55822283 0.25645290 0.00021279
-0.55664109 0.25541635 0.00019785
-0.55505787 0.25436932 0.00019857
-0.55347466 0.25331847 0.00019930
-0.55189144 0.25225697 0.00019233
-0.55030822 0.25119149 0.00018548
-0.54872352 0.25010834 0.00018619
-0.54713882 0.24900729 0.00018868
-0.54555413 0.24791565 0.00018942
-0.54396943 0.24684734 0.00019240
-0.54238325 0.24580954 0.00019313
-0.54079708 0.24480957 0.00019383
-0.53921090 0.24383387 0.00019727
-0.53762473 0.24287568 0.00018830
-0.53603855 0.24192816 0.00018896
-0.53445090 0.24099847 0.00018961
-0.53286472 0.24007970 0.00020003
-0.53127707 0.23917199 0.00019091
-0.52968942 0.23826830 0.00018889
-0.52810029 0.23737581 0.00019221
-0.52651263 0.23648031 0.00018299
-0.52492498 0.23559613 0.00018361
-0.52333585 0.23472340 0.00019417
-0.52174671 0.23384050 0.00018486
-0.52015758 0.23299093 0.00018547
-0.51856845 0.23211667 0.00018610
-0.51697932 0.23126139 0.00018672
-0.51538871 0.23041059 0.00017727
-0.51379958 0.22955693 0.00018090
-0.51220897 0.22870778 0.00017847
-0.51061836 0.22786318 0.00017907
-0.50902775 0.22703063 0.00017242
-0.50743714 0.22618782 0.00018027
-0.50584653 0.22534965 0.00017359
-0.50425592 0.22453120 0.00016720
-0.50266383 0.22370246 0.00017475
-0.50107322 0.22287851 0.00016833
-0.49948261 0.22205936 0.00016890
-0.49789052 0.22123744 0.00016947
-0.49629843 0.22043568 0.00017003
-0.49470782 0.21962357 0.00016392
-0.49311573 0.21881641 0.00016447
-0.49152364 0.21801423 0.00017176
-0.48993156 0.21721710 0.00016558
-0.48833947 0.21642507 0.00016613
-0.48674738 0.21563816 0.00017138
-0.48515529 0.21486428 0.00017195
-0.48356320 0.21408783 0.00017252
-0.48196964 0.21333243 0.00017308
-0.48037755 0.21257457 0.00017365
-0.47878546 0.21181421 0.00017422
-0.47719337 0.21107522 0.00017478
-0.47559980 0.21034980 0.00016942
-0.47400772 0.20963809 0.00017589
-0.47241563 0.20894021 0.00017643
-0.47082206 0.20824018 0.00017698
-0.46922997 0.20758647 0.00017749
-0.46763788 0.20694707 0.00017313
-0.46604432 0.20632209 0.00017849
-0.46445223 0.20570351 0.00017409
-0.46286014 0.20507504 0.00016310
-0.46126658 0.20443658 0.00016357
-0.45967449 0.20379626 0.00016405
-0.45808240 0.20315408 0.00016453
-0.45649031 0.20251001 0.00016502
-0.45489822 0.20185575 0.00015872
-0.45330613 0.20120783 0.00015919
-0.45171257 0.20055797 0.00015967
-0.45012048 0.19992289 0.00015525
-0.44852839 0.19926914 0.00015573
-0.44693778 0.19863865 0.00015619
-0.44534569 0.19798940 0.00016160
-0.44375360 0.19735511 0.00016208
-0.44216151 0.19671892 0.00016257
-0.44057090 0.19608934 0.00015103
-0.43897882 0.19546639 0.00016354
-0.43738821 0.19485017 0.00016402
-0.43579612 0.19423213 0.00016451
-0.43420551 0.19361225 0.00016500
-0.43261490 0.19299917 0.00015328
-0.43102429 0.19240161 0.00015372
-0.42943368 0.19180230 0.00015417
-0.42784307 0.19120124 0.00015463
-0.42625394 0.19060716 0.00016090
-0.42466333 0.19002012 0.00015553
-0.42307419 0.18944018 0.00015597
-0.42148358 0.18885856 0.00015642
-0.41989445 0.18828412 0.00016276
-0.41830532 0.18770804 0.00015066
-0.41671619 0.18714809 0.00015109
-0.41512853 0.18658657 0.00015151
-0.41353940 0.18603240 0.00015865
-0.41195175 0.18548567 0.00015236
-0.41036262 0.18493740 0.00016552
-0.40877496 0.18439664 0.00016597
-0.40718731 0.18386345 0.00015362
-0.40560114 0.18331971 0.00015405
-0.40401348 0.18280176 0.00015446
-0.40242731 0.18228242 0.00015487
-0.40084113 0.18176168 0.00015529
-0.39925496 0.18123954 0.00015571
-0.39766878 0.18074357 0.00015611
-0.39608261 0.18023709 0.00015043
-0.39449791 0.17973852 0.00015082
-0.39291321 0.17924790 0.00015734
-0.39132851 0.17874672 0.00015776
-0.38974382 0.17826286 0.00015200
-0.38816060 0.17778709 0.00015238
-0.38657738 0.17730076 0.00014572
-0.38499416 0.17683193 0.00015316
-0.38341094 0.17636192 0.00015977
-0.38182920 0.17590018 0.00015393
-0.38024598 0.17543729 0.00014718
-0.37866424 0.17497322 0.00016097
-0.37708398 0.17453652 0.00015506
-0.37550224 0.17407972 0.00015545
-0.37392198 0.17363135 0.00014235
-0.37234172 0.17319144 0.00015620
-0.37076145 0.17276007 0.00015657
-0.36918267 0.17232768 0.00015694
-0.36760388 0.17189427 0.00015732
-0.36602510 0.17146949 0.00014405
-0.36444780 0.17103401 0.00014440
-0.36286901 0.17059748 0.00014475
-0.36129171 0.17016962 0.00015336
-0.35971588 0.16975050 0.00014544
-0.35814005 0.16932061 0.00015409
-0.35656422 0.16889950 0.00014613
-0.35498840 0.16846754 0.00015483
-0.35341405 0.16804440 0.00014684
-0.35183970 0.16763012 0.00014718
-0.35026535 0.16721486 0.00014753
-0.34869248 0.16679862 0.00014788
-0.34711961 0.16639133 0.00015666
-0.34554674 0.16598310 0.00014311
-0.34397534 0.16556392 0.00014346
-0.34240395 0.16517377 0.00014378
-0.34083256 0.16477269 0.00015813
-0.33926264 0.16436065 0.00014446
-0.33769273 0.16396777 0.00014479
-0.33612429 0.16357401 0.00014512
-0.33455586 0.16317933 0.00014545
-0.33298742 0.16279389 0.00015537
-0.33142046 0.16241778 0.00014610
-0.32985350 0.16203061 0.00015607
-0.32828655 0.16165280 0.00014676
-0.32672107 0.16127415 0.00014273
-0.32515559 0.16090490 0.00014305
-0.32359159 0.16053485 0.00014336
-0.32202758 0.16016398 0.00014368
-0.32046358 0.15979230 0.00014400
-0.31890106 0.15944049 0.00015848
-0.31734002 0.15907758 0.00014461
-0.31577749 0.15873467 0.00014491
-0.31421793 0.15838063 0.00014218
-0.31265688 0.15803628 0.00014248
-0.31109731 0.15769121 0.00014278
-0.30953923 0.15736638 0.00015700
-0.30798114 0.15704093 0.00015518
-0.30642305 0.15671484 0.00014363
-0.30486644 0.15640917 0.00015578
-0.30330983 0.15609238 0.00015608
-0.30175470 0.15578557 0.00014287
-0.30019957 0.15545695 0.00014315
-0.29864591 0.15511703 0.00014346
-0.29709226 0.15477641 0.00013051
-0.29554008 0.15442437 0.00013079
-0.29398791 0.15405015 0.00014440
-0.29243721 0.15369653 0.00014472
-0.29088651 0.15332063 0.00013256
-0.28933730 0.15294384 0.00013201
-0.28778808 0.15256614 0.00014574
-0.28623886 0.15217672 0.00014610
-0.28469112 0.15178635 0.00014646
-0.28314485 0.15140591 0.00013416
-0.28159859 0.15101363 0.00013450
-0.28005381 0.15062037 0.00013483
-0.27850902 0.15022612 0.00013517
-0.27696572 0.14983087 0.00013552
-0.27542241 0.14943463 0.00013586
-0.27388059 0.14902631 0.00014906
-0.27234024 0.14861693 0.00013569
-0.27079989 0.14821757 0.00013604
-0.26925954 0.14780603 0.00013730
-0.26772067 0.14740456 0.00013766
-0.26618327 0.14700203 0.00013802
-0.26464588 0.14659844 0.00013838
-0.26310997 0.14619378 0.00013875
-0.26157405 0.14578804 0.00013912
-0.26003962 0.14536991 0.00012499
-0.25850518 0.14496195 0.00012533
-0.25697222 0.14453011 0.00014029
-0.25544074 0.14411986 0.00014067
-0.25390926 0.14369706 0.00012639
-0.25237926 0.14328452 0.00012674
-0.25084926 0.14284780 0.00014188
-0.24932074 0.14242136 0.00012748
-0.24779369 0.14199368 0.00011342
-0.24626665 0.14155313 0.00012824
-0.24474108 0.14109961 0.00012863
-0.24321552 0.14065637 0.00012904
-0.24169143 0.14018835 0.00011603
-0.24016882 0.13970703 0.00012989
-0.23864621 0.13922413 0.00013245
-0.23712508 0.13872776 0.00013291
-0.23560542 0.13822967 0.00013337
-0.23408577 0.13777751 0.00014695
-0.23256759 0.13738368 0.00014735
-0.23104942 0.13701275 0.00013452
-0.22953272 0.13666483 0.00014810
-0.22801750 0.13634016 0.00014844
-0.22650376 0.13601473 0.00014879
-0.22499002 0.13570066 0.00013359
-0.22347628 0.13538585 0.00014845
-0.22196550 0.13508252 0.00013418
-0.22045471 0.13476631 0.00014911
-0.21894541 0.13446162 0.00013478
-0.21743610 0.13414404 0.00011982
-0.21592827 0.13382569 0.00013538
-0.21442193 0.13350664 0.00012161
-0.21291705 0.13319913 0.00013600
-0.21141218 0.13286626 0.00013633
-0.20990879 0.13253259 0.00013666
-0.20840540 0.13221051 0.00012276
-0.20690496 0.13187523 0.00012307
-0.20540453 0.13153912 0.00012337
-0.20390557 0.13117717 0.00014025
-0.20240661 0.13082681 0.00012402
-0.20090913 0.13048808 0.00012433
-0.19941313 0.13011071 0.00012468
-0.19791861 0.12977017 0.00012500
-0.19642408 0.12939078 0.00012535
-0.19493104 0.12902301 0.00011214
-0.19343947 0.12864148 0.00011246
-0.19194791 0.12825884 0.00011278
-0.19045930 0.12787510 0.00011311
-0.18897069 0.12747737 0.00012718
-0.18748355 0.12709134 0.00012755
-0.18599642 0.12670416 0.00012793
-0.18451077 0.12631583 0.00012832
-0.18302659 0.12593935 0.00011480
-0.18154390 0.12554872 0.00011515
-0.18006268 0.12518305 0.00012944
-0.17858146 0.12480325 0.00011582
-0.17710172 0.12440916 0.00011617
-0.17562346 0.12404023 0.00013060
-0.17414667 0.12365702 0.00011686
-0.17266989 0.12327262 0.00013534
-0.17119606 0.12290040 0.00011756
-0.16972223 0.12254041 0.00011789
-0.16824841 0.12213922 0.00011827
-0.16677754 0.12177705 0.00011861
-0.16530667 0.12137340 0.00011900
-0.16383875 0.12100899 0.00011935
-0.16237084 0.12062995 0.00012569
-0.16090440 0.12024977 0.00010705
-0.15943796 0.11986839 0.00012045
-0.15797449 0.11948583 0.00012686
-0.15651101 0.11910209 0.00010806
-0.15504900 0.11871712 0.00012159
-0.15358848 0.11833093 0.00012806
-0.15212944 0.11794353 0.00010909
-0.15067039 0.11756877 0.00010943
-0.14921430 0.11716493 0.00012931
-0.14775822 0.11677376 0.00011016
-0.14630375 0.11639533 0.00011050
-0.14485062 0.11598751 0.00013058
-0.14339867 0.11559245 0.00011125
-0.14194791 0.11519604 0.00012028
-0.14049847 0.11478409 0.00011202
-0.13905022 0.11438495 0.00012112
-0.13760344 0.11397013 0.00011280
-0.13615770 0.11356820 0.00012197
-0.13471344 0.11313602 0.00012242
-0.13327021 0.11271671 0.00011402
-0.13182846 0.11231040 0.00012330
-0.13038804 0.11187347 0.00012377
-0.12894881 0.11143486 0.00012425
-0.12751090 0.11099456 0.00012473
-0.12607433 0.11056732 0.00011619
-0.12463893 0.11012363 0.00011665
-0.12320502 0.10966330 0.00012621
-0.12177229 0.10921602 0.00012671
-0.12034104 0.10875196 0.00010604
-0.11891096 0.10830099 0.00010647
-0.11748222 0.10781790 0.00012832
-0.11605496 0.10734793 0.00010740
-0.11462888 0.10684538 0.00010789
-0.11320413 0.10637117 0.00012067
-0.11178086 0.10586408 0.00012123
-0.11035892 0.10535460 0.00012181
-0.10893816 0.10482717 0.00010076
-0.10751888 0.10432833 0.00012298
-0.10610108 0.10382718 0.00011096
-0.10468446 0.10330786 0.00011151
-0.10326932 0.10281765 0.00012475
-0.10185551 0.10230924 0.00011258
-0.10044304 0.10179834 0.00010370
-0.09903203 0.10130097 0.00011368
-0.09762236 0.10076888 0.00011426
-0.09621417 0.10023401 0.00011486
-0.09480731 0.09971268 0.00010582
-0.09340178 0.09917222 0.00010639
-0.09199772 0.09862885 0.00010696
-0.09059500 0.09808252 0.00010755
-0.08919376 0.09753319 0.00010814
-0.08779384 0.09698080 0.00010875
-0.08639541 0.09640841 0.00011934
-0.08499845 0.09583269 0.00009604
-0.08360282 0.09525351 0.00011069
-0.08220867 0.09468804 0.00011134
-0.08081600 0.09408467 0.00009779
-0.07942466 0.09349483 0.00011273
-0.07803480 0.09288383 0.00009904
-0.07664641 0.09230409 0.00009965
-0.07525951 0.09166752 0.00010033
-0.07387393 0.09108015 0.00010097
-0.07248984 0.09043509 0.00010168
-0.07110722 0.08982171 0.00007678
-0.06972608 0.08918590 0.00010308
-0.06834642 0.08856399 0.00007785
-0.06696823 0.08795620 0.00007838
-0.06559138 0.08736282 0.00010520
-0.06421615 0.08680293 0.00010587
-0.06284240 0.08629595 0.00010648
-0.06146998 0.08580498 0.00009653
-0.06009919 0.08529215 0.00009711
-0.05872988 0.08477627 0.00009769
-0.05736204 0.08425726 0.00009828
-0.05599568 0.08373508 0.00009889
-0.05463080 0.08319012 0.00012034
-0.05326740 0.08264162 0.00012731
-0.05190548 0.08206974 0.00012196
-0.05054518 0.08153373 0.00012275
-0.04918636 0.08093405 0.00012365
-0.04782902 0.08030969 0.00014856
-0.04647316 0.07951737 0.00015003
-0.04511893 0.07832435 0.00017830
-0.04376617 0.07677566 0.00018678
-0.04241504 0.07506581 0.00021405
-0.04106524 0.07338298 0.00019019
-0.03971706 0.07175149 0.00016921
-0.03837051 0.07010546 0.00017315
-0.03702529 0.06849123 0.00017720
-0.03568185 0.06676559 0.00018175
-0.03433973 0.06506926 0.00018645
-0.03299939 0.06325108 0.00019178
-0.03166038 0.06130024 0.00019785
-0.03032315 0.05920350 0.00025400
-0.02898739 0.05674561 0.00030515
-0.02765326 0.05342454 0.00040973
-0.02632105 0.04913249 0.00049226
-0.02499002 0.04413773 0.00054819
-0.02366047 0.03904537 0.00056124
-0.02233255 0.03404809 0.00057674
-0.02100625 0.02908204 0.00063332
-0.01968143 0.02423392 0.00066622
-0.01835824 0.01942364 0.00071470
-0.01703653 0.01479143 0.00087601
-0.01571644 0.01012148 0.00093263
-0.01439801 0.00414952 0.00293415
-0.01308110 nan nan
-0.01176578 nan nan
-0.01045207 nan nan
-0.00913993 0.00610638 0.00120574
-0.00782941 0.01120385 0.00062360
-0.00652048 0.01533378 0.00075777
-0.00521317 0.01992198 0.00052952
-0.00390746 0.02429903 0.00071671
-0.00260335 0.02974145 0.00061909
-0.00130087 0.03484050 0.00082870
-0.00000000 0.04358703 0.00031559
