# s/c   cf_mean    cf_std
0.00000000 0.00238145 0.00024345
0.00130087 0.00384621 0.00026185
0.00260174 0.00520844 0.00028742
0.00390261 0.00647395 0.00031959
0.00520348 0.00764833 0.00035785
0.00650435 0.00873699 0.00040171
0.00780522 0.00974514 0.00045073
0.00910609 0.01067780 0.00050450
0.01040697 0.01153981 0.00056262
0.01170784 0.01233581 0.00062473
0.01300871 0.01307029 0.00069048
0.01430958 0.01374755 0.00075954
0.01561045 0.01437171 0.00083159
0.01691132 0.01494675 0.00090636
0.01821219 0.01547646 0.00098356
0.01951306 0.01596450 0.00106295
0.02081393 0.01641436 0.00114429
0.02211480 0.01682937 0.00122735
0.02341567 0.01721274 0.00131194
0.02470176 0.01756750 0.00139787
0.02600263 0.01789657 0.00148496
0.02730350 0.01820273 0.00157307
0.02860437 0.01848861 0.00166204
0.02990524 0.01875673 0.00175176
0.03120611 0.01900947 0.00184210
0.03250698 0.01924909 0.00193296
0.03380786 0.01947774 0.00202426
0.03510873 0.01969745 0.00211591
0.03640960 0.01991013 0.00220786
0.03771047 0.02011758 0.00230003
0.03901134 0.02032151 0.00239240
0.04029743 0.02052351 0.00248492
0.04159830 0.02072508 0.00257757
0.04289917 0.02092761 0.00267032
0.04420004 0.02113242 0.00276318
0.04550091 0.02134071 0.00285614
0.04680178 0.02155362 0.00294920
0.04810265 0.02177217 0.00304239
0.04940352 0.02199734 0.00313571
0.05068961 0.02223001 0.00322921
0.05199048 0.02247096 0.00332290
0.05329135 0.02272094 0.00341683
0.05459222 0.02298061 0.00351104
0.05589309 0.02325055 0.00360558
0.05719396 0.02353128 0.00370050
0.05849483 0.02382327 0.00379585
0.05978092 0.02412691 0.00389170
0.06108179 0.02444256 0.00398811
0.06238266 0.02477048 0.00408514
0.06368353 0.02511093 0.00418286
0.06498440 0.02546407 0.00428135
0.06628528 0.02583005 0.00438066
0.06757136 0.02620894 0.00448088
0.06887223 0.02660079 0.00458208
0.07017310 0.02700561 0.00468434
0.07147398 0.02742336 0.00478774
0.07277485 0.02785395 0.00489234
0.07407572 0.02829728 0.00499823
0.07536180 0.02875320 0.00510548
0.07666268 0.02922154 0.00521418
0.07796355 0.02970209 0.00532439
0.07926442 0.03019463 0.00543619
0.08056529 0.03069889 0.00554965
0.08185138 0.03121460 0.00566485
0.08315225 0.03174144 0.00578186
0.08445312 0.03227911 0.00590075
0.08575399 0.03282726 0.00602158
0.08704008 0.03338553 0.00614442
0.08834095 0.03395355 0.00626933
0.08964182 0.03453093 0.00639638
0.09094269 0.03511729 0.00652561
0.09224356 0.03571221 0.00665709
0.09352965 0.03631529 0.00679087
0.09483052 0.03692609 0.00692699
0.09613139 0.03754420 0.00706549
0.09743226 0.03816917 0.00720644
0.09871835 0.03880059 0.00734985
0.10001922 0.03943801 0.00749576
0.10132009 0.04008100 0.00764422
0.10260618 0.04072912 0.00779523
0.10390705 0.04138194 0.00794883
0.10520792 0.04203903 0.00810504
0.10650879 0.04269997 0.00826387
0.10779488 0.04336435 0.00842533
0.10909575 0.04403174 0.00858943
0.11039662 0.04470174 0.00875618
0.11169749 0.04537396 0.00892556
0.11298358 0.04604801 0.00909758
0.11428445 0.04672352 0.00927222
0.11558532 0.04740012 0.00944947
0.11687141 0.04807745 0.00962931
0.11817228 0.04875518 0.00981173
0.11947315 0.04943298 0.00999668
0.12075924 0.05011054 0.01018414
0.12206011 0.05078756 0.01037408
0.12336098 0.05146375 0.01056645
0.12466185 0.05213885 0.01076121
0.12594794 0.05281261 0.01095831
0.12724881 0.05348480 0.01115769
0.12854968 0.05415520 0.01135932
0.12983577 0.05482176 0.01156272
0.13113664 0.05555035 0.01178031
0.13243751 0.05623979 0.01200682
0.13372359 0.05693324 0.01223571
0.13502447 0.05763088 0.01246338
0.13632534 0.05831067 0.01269183
0.13761142 0.05897242 0.01292096
0.13891229 0.05964872 0.01314553
0.14019838 0.06041453 0.01336247
0.14149925 0.06134863 0.01357811
0.14280012 0.06235505 0.01378942
0.14408621 0.06322209 0.01399615
0.14538708 0.06383221 0.01421321
0.14668795 0.06424811 0.01445448
0.14797404 0.06459291 0.01471083
0.14927491 0.06497387 0.01496618
0.15056100 0.06548063 0.01521664
0.15186187 0.06607022 0.01545861
0.15316274 0.06658708 0.01568601
0.15444883 0.06700084 0.01591058
0.15574970 0.06746563 0.01614422
0.15703579 0.06801183 0.01637547
0.15833666 0.06853376 0.01660214
0.15963753 0.06890832 0.01682018
0.16092362 0.06929974 0.01703066
0.16222449 0.07002701 0.01724227
0.16351058 0.07110491 0.01743800
0.16481145 0.07220952 0.01760114
0.16611232 0.07306166 0.01776117
0.16739841 0.07368083 0.01794127
0.16869928 0.07415726 0.01814691
0.16998537 0.07456073 0.01837316
0.17128624 0.07493425 0.01860598
0.17257232 0.07530039 0.01884053
0.17387319 0.07567550 0.01907206
0.17517407 0.07607467 0.01929939
0.17646015 0.07650959 0.01952156
0.17776102 0.07698092 0.01973773
0.17904711 0.07748603 0.01994866
0.18034798 0.07802060 0.02015446
0.18163407 0.07859819 0.02035479
0.18293494 0.07924006 0.02054887
0.18422103 0.07998098 0.02073944
0.18552190 0.08081173 0.02093363
0.18680799 0.08161233 0.02112501
0.18810886 0.08223218 0.02130376
0.18939495 0.08264362 0.02148468
0.19069582 0.08309827 0.02167585
0.19199669 0.08388802 0.02188174
0.19328278 0.08504439 0.02208363
0.19458365 0.08625891 0.02225473
0.19586974 0.08728185 0.02241080
0.19717061 0.08815155 0.02257008
0.19845669 0.08898806 0.02275301
0.19975757 0.08985216 0.02295770
0.20104365 0.09069182 0.02316649
0.20234452 0.09141654 0.02337642
0.20363061 0.09193705 0.02358001
0.20493148 0.09241951 0.02379805
0.20621757 0.09318850 0.02402900
0.20750366 0.09432922 0.02425314
0.20880453 0.09561535 0.02446849
0.21009062 0.09677480 0.02466481
0.21139149 0.09772467 0.02484864
0.21267758 0.09857867 0.02504836
0.21397845 0.09948353 0.02526955
0.21526454 0.10048810 0.02549544
0.21656541 0.10156871 0.02572166
0.21785149 0.10268096 0.02594480
0.21915236 0.10378672 0.02616738
0.22043845 0.10485295 0.02639158
0.22173932 0.10585206 0.02661725
0.22302541 0.10677296 0.02684216
0.22432628 0.10768185 0.02707056
0.22561237 0.10866282 0.02730328
0.22689846 0.10975866 0.02754066
0.22819933 0.11091480 0.02777851
0.22948542 0.11201672 0.02801018
0.23078629 0.11301667 0.02823580
0.23207238 0.11392340 0.02846107
0.23337325 0.11475700 0.02869113
0.23465933 0.11550283 0.02892650
0.23594542 0.11613337 0.02916887
0.23724629 0.11665771 0.02941757
0.23853238 0.11713665 0.02967270
0.23983325 0.11764852 0.02993134
0.24111934 0.11823449 0.03018685
0.24240543 0.11888729 0.03043803
0.24370630 0.11954959 0.03068644
0.24499239 0.12014737 0.03093310
0.24629326 0.12064419 0.03118092
0.24757935 0.12104491 0.03142603
0.24886543 0.12136593 0.03166607
0.25016630 0.12164345 0.03190376
0.25145239 0.12192070 0.03214418
0.25275326 0.12219432 0.03238664
0.25403935 0.12245011 0.03263099
0.25532544 0.12268876 0.03287688
0.25662631 0.12289650 0.03311858
0.25791240 0.12304885 0.03335534
0.25919849 0.12311114 0.03357745
0.26049936 0.12307608 0.03378662
0.26178545 0.12300639 0.03399890
0.26307153 0.12292874 0.03421015
0.26437240 0.12287565 0.03441805
0.26565849 0.12292929 0.03463388
0.26695936 0.12313368 0.03485464
0.26824545 0.12344914 0.03506844
0.26953154 0.12372562 0.03526529
0.27083241 0.12379540 0.03543531
0.27211850 0.12358500 0.03559585
0.27340459 0.12316696 0.03576408
0.27470546 0.12276745 0.03595106
0.27599154 0.12254071 0.03616165
0.27727763 0.12245939 0.03637336
0.27857850 0.12241567 0.03657237
0.27986459 0.12231555 0.03674923
0.28115068 0.12212970 0.03689071
0.28243677 0.12183889 0.03702653
0.28373764 0.12144137 0.03718456
0.28502373 0.12091581 0.03735063
0.28630981 0.12036358 0.03752576
0.28761068 0.11998289 0.03772294
0.28889677 0.11976328 0.03790935
0.29018286 0.11944190 0.03804764
0.29148373 0.11882867 0.03816852
0.29276982 0.11799572 0.03829427
0.29405591 0.11711450 0.03842844
0.29534200 0.11635088 0.03857623
0.29664287 0.11576437 0.03872623
0.29792895 0.11527923 0.03886763
0.29921504 0.11476344 0.03899547
0.30051591 0.11409299 0.03910402
0.30180200 0.11323578 0.03920122
0.30308809 0.11226149 0.03929885
0.30437418 0.11130106 0.03940009
0.30567505 0.11047823 0.03950385
0.30696114 0.10984964 0.03959974
0.30824722 0.10937547 0.03968015
0.30953331 0.10895883 0.03974955
0.31083418 0.10846950 0.03981346
0.31212027 0.10779814 0.03987102
0.31340636 0.10696010 0.03991794
0.31469245 0.10606933 0.03996267
0.31599332 0.10518987 0.04001078
0.31727941 0.10427023 0.04005645
0.31856549 0.10331699 0.04010832
0.31985158 0.10242746 0.04016469
0.32115245 0.10170345 0.04022065
0.32243854 0.10118960 0.04026996
0.32372463 0.10088514 0.04031391
0.32501072 0.10072889 0.04035512
0.32629681 0.10061333 0.04038311
0.32759768 0.10043963 0.04039393
0.32888376 0.10016701 0.04038887
0.33016985 0.09980403 0.04038161
0.33145594 0.09936261 0.04037533
0.33275681 0.09890068 0.04037432
0.33404290 0.09850365 0.04039403
0.33532899 0.09819138 0.04042764
0.33661508 0.09790294 0.04045992
0.33790116 0.09759677 0.04048446
0.33918725 0.09727234 0.04049939
0.34048812 0.09696421 0.04050561
0.34177421 0.09671668 0.04050680
0.34306030 0.09656239 0.04050455
0.34434639 0.09652137 0.04050270
0.34563247 0.09659329 0.04050393
0.34693335 0.09672787 0.04051607
0.34821943 0.09682478 0.04053290
0.34950552 0.09680889 0.04054771
0.35079161 0.09666625 0.04056199
0.35207770 0.09640613 0.04056399
0.35336379 0.09607984 0.04056059
0.35466466 0.09577944 0.04055941
0.35595074 0.09559768 0.04056248
0.35723683 0.09560628 0.04057741
0.35852292 0.09573397 0.04059173
0.35980901 0.09585802 0.04059836
0.36109510 0.09596276 0.04060630
0.36238118 0.09606660 0.04061549
0.36368206 0.09615001 0.04062295
0.36496814 0.09614866 0.04062361
0.36625423 0.09602885 0.04062017
0.36754032 0.09582937 0.04061939
0.36882641 0.09565641 0.04062609
0.37011250 0.09562971 0.04064936
0.37139858 0.09576752 0.04068491
0.37269945 0.09593444 0.04071273
0.37398554 0.09602059 0.04072859
0.37527163 0.09602032 0.04073776
0.37655772 0.09595507 0.04073560
0.37784381 0.09586790 0.04072208
0.37912989 0.09582545 0.04070449
0.38041598 0.09586965 0.04069188
0.38170207 0.09590671 0.04068211
0.38298816 0.09583753 0.04068058
0.38428903 0.09571015 0.04070063
0.38557512 0.09560352 0.04073879
0.38686121 0.09554054 0.04078221
0.38814729 0.09552956 0.04082290
0.38943338 0.09558613 0.04085876
0.39071947 0.09571144 0.04088803
0.39200556 0.09586765 0.04090891
0.39329165 0.09601954 0.04092235
0.39457773 0.09617375 0.04093283
0.39586382 0.09635418 0.04093993
0.39714991 0.09657488 0.04094430
0.39843600 0.09680614 0.04095010
0.39973687 0.09694441 0.04096073
0.40102296 0.09682532 0.04096672
0.40230905 0.09646210 0.04097524
0.40359513 0.09606098 0.04100822
0.40488122 0.09582715 0.04106861
0.40616731 0.09579035 0.04112953
0.40745340 0.09585227 0.04117072
0.40873949 0.09589525 0.04119061
0.41002557 0.09580082 0.04119216
0.41131166 0.09558449 0.04118671
0.41259775 0.09542453 0.04119675
0.41388384 0.09543198 0.04121728
0.41516993 0.09552244 0.04122760
0.41645601 0.09570882 0.04123674
0.41774210 0.09611920 0.04125451
0.41902819 0.09687928 0.04127918
0.42031428 0.09781521 0.04129419
0.42160037 0.09851328 0.04127544
0.42288645 0.09876825 0.04123477
0.42417254 0.09875413 0.04121862
0.42545863 0.09874092 0.04123535
0.42674472 0.09877765 0.04126841
0.42803081 0.09883721 0.04129760
0.42931690 0.09893561 0.04132381
0.43060298 0.09912630 0.04136243
0.43188907 0.09940907 0.04140689
0.43317516 0.09974420 0.04144858
0.43446125 0.10010358 0.04148612
0.43574734 0.10046490 0.04151738
0.43703342 0.10082247 0.04154388
0.43831951 0.10117069 0.04156537
0.43960560 0.10150900 0.04158262
0.44089169 0.10182567 0.04159680
0.44217778 0.10210789 0.04161356
0.44346386 0.10233419 0.04163693
0.44474995 0.10248630 0.04165599
0.44603604 0.10265274 0.04167931
0.44732213 0.10302416 0.04173073
0.44860822 0.10373349 0.04180233
0.44989430 0.10459408 0.04186900
0.45118039 0.10523005 0.04189414
0.45246648 0.10542354 0.04187915
0.45375257 0.10533556 0.04187246
0.45503866 0.10520282 0.04189802
0.45632474 0.10503021 0.04194270
0.45761083 0.10472132 0.04197110
0.45889692 0.10426167 0.04198632
0.46018301 0.10379310 0.04202027
0.46146910 0.10350365 0.04208469
0.46275519 0.10359012 0.04218638
0.46404127 0.10398357 0.04228745
0.46532736 0.10433362 0.04235775
0.46661345 0.10439535 0.04239869
0.46789954 0.10423953 0.04242282
0.46917084 0.10410506 0.04247079
0.47045693 0.10415535 0.04256169
0.47174302 0.10436229 0.04266515
0.47302911 0.10458270 0.04274567
0.47431520 0.10470817 0.04280136
0.47560128 0.10469859 0.04283631
0.47688737 0.10457610 0.04286452
0.47817346 0.10440131 0.04289825
0.47945955 0.10424132 0.04294065
0.48074564 0.10415942 0.04299298
0.48203172 0.10421127 0.04305825
0.48331781 0.10436543 0.04312674
0.48460390 0.10452912 0.04318960
0.48587521 0.10460112 0.04323854
0.48716129 0.10454555 0.04327293
0.48844738 0.10441360 0.04330539
0.48973347 0.10426473 0.04334684
0.49101956 0.10413829 0.04339846
0.49230565 0.10404550 0.04345539
0.49359173 0.10399394 0.04351614
0.49487782 0.10398688 0.04357778
0.49616391 0.10401860 0.04363862
0.49743522 0.10407223 0.04369662
0.49872130 0.10412145 0.04374915
0.50000739 0.10414191 0.04379687
0.50129348 0.10411427 0.04384000
0.50257957 0.10402591 0.04387791
0.50386566 0.10387154 0.04391127
0.50515174 0.10367214 0.04394206
0.50643783 0.10346882 0.04397790
0.50770914 0.10330451 0.04402231
0.50899523 0.10319556 0.04407412
0.51028131 0.10310495 0.04412334
0.51156740 0.10297643 0.04416293
0.51285349 0.10277579 0.04419174
0.51413958 0.10250815 0.04421446
0.51542567 0.10219744 0.04423616
0.51669697 0.10187498 0.04425534
0.51798306 0.10160588 0.04428514
0.51926915 0.10145590 0.04432978
0.52055524 0.10141818 0.04437335
0.52184132 0.10147688 0.04441550
0.52312741 0.10155565 0.04445559
0.52439872 0.10150348 0.04447223
0.52568480 0.10121928 0.04445663
0.52697089 0.10071712 0.04442037
0.52825698 0.10013831 0.04438622
0.52954307 0.09963973 0.04438310
0.53082916 0.09934198 0.04441248
0.53210046 0.09928143 0.04446216
0.53338655 0.09929322 0.04450466
0.53467264 0.09918411 0.04451206
0.53595873 0.09889615 0.04449293
0.53724481 0.09849137 0.04446027
0.53853090 0.09810591 0.04443170
0.53980221 0.09792016 0.04444489
0.54108830 0.09797844 0.04448409
0.54237438 0.09810360 0.04449744
0.54366047 0.09820219 0.04449763
0.54494656 0.09821310 0.04448321
0.54621787 0.09805018 0.04443404
0.54750395 0.09779670 0.04437816
0.54879004 0.09757744 0.04434379
0.55007613 0.09746264 0.04432595
0.55134744 0.09748695 0.04431885
0.55263352 0.09760568 0.04431466
0.55391961 0.09770453 0.04429443
0.55520570 0.09769006 0.04425429
0.55649179 0.09756603 0.04420133
0.55776309 0.09740277 0.04414828
0.55904918 0.09731255 0.04411501
0.56033527 0.09735893 0.04410263
0.56162136 0.09751538 0.04409645
0.56289266 0.09770311 0.04408577
0.56417875 0.09784881 0.04406414
0.56546484 0.09790178 0.04403030
0.56675093 0.09785141 0.04398933
0.56803702 0.09771208 0.04394575
0.56930832 0.09748863 0.04389876
0.57059441 0.09721891 0.04385385
0.57188050 0.09696800 0.04382494
0.57316659 0.09679334 0.04381344
0.57443789 0.09672254 0.04380839
0.57572398 0.09676689 0.04380425
0.57701007 0.09692329 0.04379440
0.57829616 0.09717109 0.04378074
0.57956746 0.09744287 0.04375950
0.58085355 0.09765042 0.04373041
0.58213964 0.09771274 0.04368899
0.58341094 0.09760450 0.04363071
0.58469703 0.09737264 0.04356896
0.58598312 0.09709912 0.04351619
0.58726921 0.09684498 0.04348070
0.58854051 0.09663637 0.04345493
0.58982660 0.09649975 0.04343850
0.59111269 0.09640586 0.04342621
0.59239878 0.09626363 0.04339590
0.59367008 0.09602990 0.04334840
0.59495617 0.09576507 0.04330321
0.59624226 0.09554598 0.04327077
0.59751356 0.09543053 0.04325327
0.59879965 0.09543925 0.04324611
0.60008574 0.09555863 0.04323967
0.60137183 0.09575727 0.04323050
0.60264313 0.09597704 0.04321249
0.60392922 0.09613926 0.04318348
0.60521531 0.09616472 0.04313398
0.60648661 0.09601664 0.04306224
0.60777270 0.09571811 0.04297543
0.60905879 0.09535026 0.04288865
0.61033010 0.09504538 0.04282814
0.61161618 0.09487114 0.04278892
0.61290227 0.09482273 0.04275931
0.61417358 0.09486650 0.04273177
0.61545967 0.09494219 0.04269810
0.61674575 0.09502482 0.04266213
0.61801706 0.09511717 0.04262941
0.61930315 0.09521473 0.04259847
0.62058924 0.09531120 0.04256736
0.62187532 0.09541013 0.04253414
0.62314663 0.09554266 0.04250256
0.62443272 0.09573523 0.04247361
0.62571880 0.09597721 0.04244307
0.62699011 0.09620374 0.04240447
0.62827620 0.09632874 0.04234947
0.62954750 0.09629289 0.04227443
0.63083359 0.09611767 0.04219233
0.63211968 0.09586000 0.04211551
0.63339099 0.09555918 0.04204591
0.63467707 0.09526302 0.04199161
0.63596316 0.09501887 0.04195491
0.63723447 0.09486400 0.04193294
0.63852056 0.09482224 0.04192281
0.63980664 0.09492076 0.04192461
0.64107795 0.09515074 0.04193429
0.64236404 0.09546144 0.04194111
0.64365012 0.09579988 0.04193944
0.64492143 0.09614633 0.04193247
0.64620752 0.09649234 0.04192208
0.64749361 0.09682813 0.04190876
0.64876491 0.09714407 0.04189325
0.65005100 0.09742846 0.04187493
0.65132231 0.09767015 0.04185390
0.65260839 0.09785884 0.04182962
0.65389448 0.09798127 0.04180052
0.65516579 0.09803164 0.04176635
0.65645188 0.09801565 0.04172970
0.65772318 0.09795099 0.04169681
0.65900927 0.09786695 0.04167497
0.66029536 0.09776811 0.04166359
0.66156666 0.09764196 0.04165826
0.66285275 0.09746384 0.04164956
0.66413884 0.09723519 0.04163524
0.66541014 0.09701731 0.04162944
0.66669623 0.09687936 0.04164584
0.66796754 0.09685413 0.04168499
0.66925363 0.09692627 0.04173575
0.67053971 0.09706286 0.04178625
0.67181102 0.09723924 0.04183506
0.67309711 0.09741989 0.04187996
0.67436841 0.09752615 0.04191271
0.67565450 0.09748594 0.04192216
0.67692581 0.09731082 0.04191787
0.67821189 0.09705265 0.04191887
0.67949798 0.09673882 0.04192517
0.68076929 0.09636985 0.04193509
0.68205538 0.09594180 0.04194238
0.68332668 0.09548774 0.04195041
0.68461277 0.09510171 0.04198010
0.68589886 0.09487500 0.04204704
0.68717016 0.09479124 0.04213535
0.68845625 0.09475103 0.04221698
0.68972756 0.09469990 0.04228729
0.69101364 0.09463106 0.04235230
0.69228495 0.09453935 0.04241213
0.69357104 0.09442721 0.04246790
0.69484234 0.09430140 0.04252154
0.69612843 0.09418247 0.04257502
0.69741452 0.09409585 0.04263325
0.69868582 0.09405572 0.04269815
0.69997191 0.09404454 0.04276464
0.70124322 0.09400026 0.04281910
0.70252931 0.09389211 0.04285994
0.70380061 0.09375028 0.04290087
0.70508670 0.09360708 0.04294731
0.70635801 0.09346559 0.04299483
0.70764409 0.09330443 0.04303469
0.70893018 0.09311479 0.04306644
0.71020149 0.09289332 0.04309041
0.71148758 0.09264255 0.04310860
0.71275888 0.09237678 0.04312352
0.71404497 0.09213636 0.04314460
0.71531627 0.09198060 0.04318624
0.71660236 0.09191717 0.04323951
0.71787367 0.09188761 0.04328447
0.71915976 0.09183439 0.04331174
0.72043106 0.09174334 0.04332555
0.72171715 0.09162145 0.04333237
0.72298845 0.09148299 0.04333712
0.72427454 0.09134665 0.04334530
0.72554585 0.09121833 0.04335751
0.72683194 0.09107826 0.04336749
0.72810324 0.09089422 0.04336598
0.72938933 0.09065114 0.04334746
0.73066064 0.09038019 0.04332373
0.73194672 0.09012679 0.04330625
0.73321803 0.08991770 0.04329901
0.73450412 0.08975804 0.04329925
0.73577542 0.08962845 0.04329727
0.73706151 0.08950948 0.04328903
0.73833282 0.08939147 0.04327350
0.73961890 0.08927046 0.04325193
0.74089021 0.08914215 0.04322434
0.74217630 0.08900296 0.04319151
0.74344760 0.08884948 0.04315357
0.74473369 0.08867987 0.04311076
0.74600500 0.08849966 0.04306562
0.74729108 0.08832118 0.04302135
0.74856239 0.08815915 0.04298111
0.74984848 0.08802429 0.04294589
0.75111978 0.08792060 0.04291483
0.75240587 0.08784775 0.04288641
0.75367718 0.08780290 0.04285911
0.75496327 0.08778219 0.04283170
0.75623457 0.08778226 0.04280339
0.75752066 0.08779967 0.04277360
0.75879196 0.08783164 0.04274196
0.76007805 0.08787602 0.04270821
0.76134936 0.08793287 0.04267260
0.76263545 0.08800383 0.04263545
0.76390675 0.08809329 0.04259760
0.76517806 0.08820778 0.04255990
0.76646414 0.08835703 0.04252431
0.76773545 0.08855057 0.04249325
0.76902154 0.08878685 0.04246675
0.77029284 0.08904362 0.04243984
0.77157893 0.08928320 0.04240507
0.77285024 0.08948376 0.04236246
0.77413633 0.08963878 0.04231514
0.77540763 0.08974725 0.04226554
0.77669372 0.08981135 0.04221615
0.77796502 0.08983078 0.04216668
0.77923633 0.08981358 0.04211943
0.78052242 0.08977439 0.04207706
0.78179372 0.08973129 0.04204251
0.78307981 0.08969742 0.04201627
0.78435112 0.08968862 0.04199951
0.78563720 0.08970968 0.04199091
0.78690851 0.08975082 0.04198447
0.78817982 0.08980786 0.04197839
0.78946590 0.08987795 0.04197141
0.79073721 0.08995959 0.04196278
0.79202330 0.09005039 0.04195169
0.79329460 0.09014557 0.04193754
0.79458069 0.09023847 0.04191944
0.79585200 0.09031883 0.04189650
0.79712330 0.09037957 0.04187000
0.79840939 0.09041729 0.04184186
0.79968070 0.09042904 0.04181341
0.80096678 0.09041322 0.04178449
0.80223809 0.09037456 0.04175637
0.80350939 0.09032788 0.04173041
0.80479548 0.09030065 0.04171349
0.80606679 0.09031189 0.04170652
0.80735288 0.09036162 0.04170712
0.80862418 0.09043911 0.04171129
0.80989549 0.09053225 0.04171366
0.81118157 0.09064084 0.04171531
0.81245288 0.09076990 0.04171670
0.81373897 0.09092353 0.04171957
0.81501027 0.09108941 0.04172066
0.81628158 0.09124561 0.04171563
0.81756767 0.09138009 0.04170505
0.81883897 0.09148775 0.04168950
0.82012506 0.09156227 0.04166968
0.82139637 0.09159179 0.04164318
0.82266767 0.09156023 0.04160520
0.82395376 0.09147552 0.04156019
0.82522507 0.09138833 0.04152409
0.82651115 0.09135375 0.04151007
0.82778246 0.09138744 0.04151523
0.82905376 0.09147580 0.04153134
0.83033985 0.09160113 0.04155228
0.83161116 0.09174920 0.04157527
0.83288246 0.09190793 0.04159860
0.83416855 0.09206596 0.04162083
0.83543986 0.09221159 0.04164062
0.83672594 0.09233409 0.04165661
0.83799725 0.09242636 0.04166872
0.83926856 0.09248372 0.04167700
0.84055464 0.09250249 0.04168163
0.84182595 0.09248018 0.04168228
0.84309725 0.09241647 0.04167925
0.84438334 0.09231717 0.04167346
0.84565465 0.09219529 0.04166703
0.84692595 0.09207265 0.04166363
0.84821204 0.09197944 0.04166752
0.84948335 0.09194692 0.04168370
0.85076944 0.09198544 0.04171199
0.85204074 0.09206532 0.04174219
0.85331205 0.09214382 0.04176602
0.85459813 0.09219789 0.04178244
0.85586944 0.09221982 0.04179226
0.85714075 0.09220764 0.04179720
0.85842683 0.09216166 0.04179714
0.85969814 0.09208712 0.04179339
0.86096944 0.09199413 0.04178646
0.86225553 0.09190605 0.04178153
0.86352684 0.09186103 0.04178537
0.86479814 0.09190221 0.04180807
0.86608423 0.09205873 0.04185503
0.86735554 0.09231389 0.04191822
0.86862684 0.09261716 0.04198385
0.86991293 0.09291780 0.04203819
0.87118424 0.09318361 0.04207712
0.87245554 0.09339081 0.04210016
0.87374163 0.09352593 0.04210997
0.87501293 0.09357760 0.04210827
0.87628424 0.09353517 0.04209502
0.87757033 0.09340092 0.04207261
0.87884163 0.09318247 0.04204342
0.88011294 0.09289610 0.04201175
0.88138424 0.09256303 0.04198345
0.88267033 0.09220548 0.04196283
0.88394164 0.09184288 0.04195364
0.88521294 0.09148957 0.04195559
0.88649903 0.09116049 0.04196992
0.88777034 0.09087855 0.04200220
0.88904164 0.09065610 0.04205300
0.89032773 0.09047648 0.04211214
0.89159904 0.09032095 0.04216951
0.89287034 0.09019056 0.04222397
0.89415643 0.09009074 0.04227613
0.89542774 0.09001893 0.04232503
0.89669904 0.08996398 0.04236886
0.89797035 0.08991459 0.04240702
0.89925643 0.08986102 0.04244026
0.90052774 0.08979787 0.04246938
0.90179905 0.08971849 0.04249494
0.90308513 0.08961651 0.04251634
0.90435644 0.08948692 0.04253335
0.90562774 0.08932423 0.04254577
0.90691383 0.08912703 0.04255337
0.90818514 0.08889681 0.04255666
0.90945644 0.08863926 0.04255680
0.91072775 0.08837137 0.04255761
0.91201384 0.08811222 0.04256309
0.91328514 0.08788059 0.04257523
0.91455645 0.08769145 0.04259368
0.91582775 0.08755270 0.04261700
0.91711384 0.08747373 0.04264423
0.91838515 0.08745726 0.04267374
0.91965645 0.08750020 0.04270401
0.92094254 0.08759100 0.04273376
0.92221385 0.08770194 0.04275945
0.92348515 0.08779467 0.04277503
0.92475646 0.08783764 0.04277541
0.92604254 0.08782632 0.04276315
0.92731385 0.08777906 0.04274557
0.92858516 0.08771278 0.04272788
0.92985646 0.08763816 0.04271268
0.93114255 0.08755922 0.04270073
0.93241385 0.08748091 0.04269294
0.93368516 0.08741209 0.04269267
0.93495647 0.08737316 0.04270796
0.93624255 0.08737298 0.04273918
0.93751386 0.08740561 0.04277550
0.93878516 0.08749017 0.04281657
0.94005647 0.08764401 0.04286461
0.94134256 0.08783262 0.04290638
0.94261386 0.08800110 0.04292989
0.94388517 0.08812730 0.04293770
0.94515647 0.08821162 0.04293566
0.94644256 0.08825204 0.04292658
0.94771387 0.08824483 0.04291101
0.94898517 0.08818759 0.04288911
0.95025648 0.08808080 0.04286256
0.95154257 0.08792632 0.04283050
0.95281387 0.08772450 0.04279179
0.95408518 0.08748800 0.04274841
0.95535648 0.08725648 0.04271312
0.95664257 0.08709060 0.04270405
0.95791388 0.08703723 0.04272943
0.95918518 0.08710251 0.04278291
0.96045649 0.08724146 0.04284556
0.96174258 0.08739832 0.04290419
0.96301388 0.08754400 0.04295604
0.96428519 0.08766900 0.04300337
0.96555649 0.08776099 0.04304379
0.96682780 0.08780329 0.04307250
0.96811389 0.08778942 0.04308962
0.96938519 0.08771915 0.04309686
0.97065650 0.08760004 0.04309893
0.97192780 0.08744294 0.04309867
0.97321389 0.08725912 0.04309948
0.97448520 0.08706022 0.04310329
0.97575650 0.08686261 0.04311238
0.97702781 0.08668469 0.04312971
0.97829911 0.08654249 0.04315622
0.97958520 0.08644535 0.04319165
0.98085651 0.08639050 0.04323316
0.98212781 0.08636585 0.04327737
0.98339912 0.08635776 0.04332227
0.98468520 0.08635316 0.04336704
0.98595651 0.08634349 0.04341229
0.98722781 0.08631997 0.04345877
0.98849912 0.08627368 0.04350501
0.98977043 0.08619894 0.04355115
0.99105651 0.08609357 0.04359840
0.99232782 0.08596056 0.04364827
0.99359912 0.08580244 0.04370284
0.99487043 0.08561931 0.04376227
0.99614174 0.08540481 0.04382274
0.99742782 0.08515548 0.04388118
0.99869913 0.08487588 0.04393733
0.99997043 0.08457801 0.04399353
1.00124174 0.08427772 0.04405303
1.00251305 0.08398661 0.04411684
1.00378435 0.08370857 0.04418418
1.00507044 0.08344032 0.04425262
1.00634174 0.08317683 0.04432048
1.00761305 0.08291479 0.04438717
1.00888436 0.08265306 0.04445294
1.01015566 0.08239172 0.04451826
1.01144175 0.08213147 0.04458364
1.01271305 0.08187323 0.04464949
1.01398436 0.08161824 0.04471622
1.01525567 0.08136820 0.04478430
1.01652697 0.08112509 0.04485431
1.01779828 0.08089008 0.04492667
1.01908436 0.08066266 0.04500165
1.02035567 0.08043600 0.04507656
1.02162698 0.08019782 0.04514702
1.02289828 0.07993365 0.04520905
1.02416959 0.07963027 0.04525927
1.02545567 0.07928676 0.04529873
1.02672698 0.07891801 0.04533309
1.02799829 0.07854170 0.04536722
1.02926959 0.07816723 0.04540245
1.03054090 0.07780065 0.04543918
1.03181220 0.07744722 0.04547769
1.03309829 0.07711204 0.04551835
1.03436960 0.07680229 0.04556270
1.03564090 0.07651902 0.04561053
1.03691221 0.07625407 0.04565899
1.03818351 0.07599531 0.04570499
1.03945482 0.07573653 0.04574820
1.04072612 0.07547293 0.04578858
1.04201221 0.07519991 0.04582526
1.04328352 0.07491601 0.04585909
1.04455482 0.07461809 0.04588936
1.04582613 0.07430239 0.04591379
1.04709743 0.07396614 0.04593022
1.04836874 0.07361004 0.04593784
1.04965483 0.07323876 0.04593662
1.05092613 0.07285946 0.04592715
1.05219744 0.07248414 0.04591177
1.05346874 0.07212441 0.04589261
1.05474005 0.07178746 0.04587095
1.05601135 0.07148182 0.04584846
1.05728266 0.07121707 0.04582752
1.05856875 0.07099963 0.04580903
1.05984005 0.07082787 0.04579382
1.06111136 0.07068014 0.04577479
1.06238266 0.07053017 0.04574693
1.06365397 0.07036299 0.04570822
1.06492527 0.07017349 0.04566030
1.06619658 0.06996102 0.04560693
1.06746788 0.06971860 0.04554451
1.06875397 0.06943642 0.04547147
1.07002528 0.06910474 0.04538742
1.07129658 0.06871910 0.04529220
1.07256789 0.06828203 0.04518320
1.07383919 0.06779913 0.04505517
1.07511050 0.06727975 0.04490476
1.07638181 0.06674012 0.04473118
1.07766789 0.06621006 0.04454040
1.07893920 0.06573672 0.04434626
1.08021050 0.06535381 0.04415611
1.08148181 0.06504425 0.04395963
1.08275312 0.06476073 0.04373990
1.08402442 0.06447316 0.04349292
1.08529573 0.06417288 0.04322267
1.08656703 0.06385627 0.04293411
1.08783834 0.06351818 0.04263001
1.08912443 0.06315280 0.04231236
1.09039573 0.06275523 0.04198320
1.09166704 0.06232336 0.04164445
1.09293834 0.06185725 0.04129876
1.09420965 0.06135659 0.04094795
1.09548095 0.06082058 0.04059348
1.09675226 0.06024913 0.04023629
1.09802356 0.05964303 0.03987737
1.09930965 0.05900586 0.03951796
1.10058096 0.05834191 0.03915950
1.10185226 0.05765686 0.03880355
1.10312357 0.05695595 0.03845077
1.10439487 0.05624248 0.03810110
1.10566618 0.05552057 0.03775438
1.10693748 0.05479418 0.03741039
1.10820879 0.05406877 0.03706932
1.10948010 0.05335090 0.03673178
1.11075140 0.05264816 0.03639869
1.11203749 0.05196776 0.03607097
1.11330879 0.05131609 0.03574927
1.11458010 0.05069848 0.03543418
1.11585141 0.05011923 0.03512695
1.11712271 0.04957227 0.03483618
1.11839402 0.04904961 0.03456762
1.11966532 0.04853581 0.03431541
1.12093663 0.04800314 0.03406883
1.12220793 0.04740743 0.03381101
1.12347924 0.04671565 0.03352938
1.12475054 0.04594944 0.03323188
1.12603663 0.04515969 0.03293801
1.12730794 0.04439095 0.03266030
1.12857924 0.04366633 0.03240125
1.12985055 0.04300373 0.03216113
1.13112185 0.04241653 0.03193899
1.13239316 0.04191766 0.03173398
1.13366446 0.04152063 0.03154703
1.13493577 0.04123365 0.03137779
1.13620707 0.04106285 0.03122757
1.13747838 0.04096507 0.03111561
1.13874969 0.04089801 0.03107684
1.14002099 0.04081379 0.03104791
1.14130708 0.04068199 0.03095398
1.14257838 0.04053101 0.03081053
1.14384969 0.04033312 0.03062817
1.14512100 0.04002712 0.03041450
1.14639230 0.03958779 0.03017883
1.14766361 0.03908179 0.02990960
1.14893491 0.03864959 0.02959868
1.15020622 0.03835485 0.02928420
1.15147752 0.03807384 0.02899851
1.15274883 0.03766431 0.02873875
1.15402013 0.03719406 0.02847744
1.15529144 0.03703604 0.02830700
1.15656274 0.03689703 0.02814113
1.15783405 0.03677834 0.02798077
1.15912014 0.03668002 0.02782588
1.16039144 0.03660206 0.02767640
1.16166275 0.03654444 0.02753231
1.16293405 0.03650712 0.02739358
1.16420536 0.03649000 0.02726016
1.16547667 0.03649297 0.02713206
1.16674797 0.03651587 0.02700924
1.16801928 0.03655852 0.02689171
1.16929058 0.03662071 0.02677948
1.17056189 0.03670218 0.02667256
1.17183319 0.03680266 0.02657099
1.17310450 0.03692182 0.02647481
1.17437580 0.03705932 0.02638408
1.17564711 0.03721478 0.02629888
1.17691841 0.03738776 0.02621927
1.17818972 0.03757784 0.02614538
1.17946103 0.03778450 0.02607730
1.18074711 0.03800725 0.02601516
1.18201842 0.03824552 0.02595910
1.18328972 0.03849873 0.02590925
1.18456103 0.03876625 0.02586579
1.18583234 0.03904742 0.02582885
1.18710364 0.03934156 0.02579862
1.18837495 0.03964793 0.02577525
1.18964625 0.03996578 0.02575892
1.19091756 0.04029432 0.02574979
1.19218886 0.04063271 0.02574802
1.19346017 0.04098010 0.02575375
1.19473147 0.04133558 0.02576712
1.19600278 0.04169824 0.02578826
1.19727408 0.04206710 0.02581727
1.19854539 0.04244117 0.02585421
1.19981670 0.04281943 0.02589915
1.20108800 0.04320081 0.02595209
1.20235931 0.04358421 0.02601302
1.20363061 0.04396852 0.02608187
1.20490192 0.04435257 0.02615853
1.20617322 0.04473517 0.02624287
1.20744453 0.04511510 0.02633465
1.20873062 0.04549112 0.02643363
1.21000192 0.04586194 0.02653947
1.21127323 0.04622624 0.02665178
1.21254453 0.04658268 0.02677009
1.21381584 0.04692990 0.02689388
1.21508714 0.04726649 0.02702254
1.21635845 0.04759102 0.02715537
1.21762975 0.04790203 0.02729159
1.21890106 0.04819805 0.02743037
1.22017237 0.04847756 0.02757074
1.22144367 0.04873902 0.02771167
1.22271498 0.04898086 0.02785202
1.22398628 0.04920151 0.02799057
1.22525759 0.04939935 0.02812599
1.22652889 0.04957273 0.02825684
1.22780020 0.04972001 0.02838160
1.22907150 0.04983949 0.02849861
1.23034281 0.04992947 0.02860613
1.23161411 0.04998823 0.02870228
1.23288542 0.05001402 0.02878509
1.23415673 0.05000506 0.02885245
1.23542803 0.04995958 0.02890215
1.23669934 0.04987577 0.02893184
1.23797064 0.04975180 0.02893904
1.23924195 0.04958585 0.02892114
1.24051325 0.04937604 0.02887542
1.24178456 0.04912052 0.02879899
1.24305586 0.04881741 0.02868883
1.24432717 0.04846479 0.02854177
1.24559847 0.04806077 0.02835451
1.24686978 0.04760342 0.02812357
1.24814109 0.04709081 0.02784532
1.24941239 0.04652100 0.02751598
1.25068370 0.04589204 0.02713159
1.25195500 0.04520197 0.02668801
1.25322631 0.04444884 0.02618094
1.25449761 0.04363066 0.02560589
1.25576892 0.04274546 0.02495820
1.25704022 0.04179128 0.02423300
1.25831153 0.04076613 0.02342522
1.25958283 0.03966802 0.02252961
1.26085414 0.03849499 0.02154072
1.26212545 0.03724504 0.02045287
1.26339675 0.03591621 0.01926020
1.26466806 0.03450651 0.01795664
1.26593936 0.03301399 0.01653592
1.26721067 0.03143667 0.01499162
1.26848197 0.02977261 0.01331718
1.26975328 0.02801986 0.01150607
1.27102458 0.02617647 0.00955208
1.27229589 0.02424053 0.00745026
1.27356719 0.02221012 0.00520064
1.27483850 0.02008334 0.00283219
1.27610981 0.01785831 0.00095700
1.27738111 0.01553315 0.00292906
1.27865242 0.01310603 0.00585359
1.27992372 0.01057510 0.00903717
1.28119503 0.00793856 0.01244950
-0.96316762 0.03193037 0.00336752
-0.96189631 0.02972617 0.00109639
-0.96062353 0.02423323 0.00043599
-0.95934927 0.02152113 0.00116265
-0.95807353 0.02163353 0.00269077
-0.95679779 0.02518267 0.00513532
-0.95551909 0.03043057 0.00682115
-0.95423744 0.04360687 0.00738883
-0.95295431 0.04102903 0.02103982
-0.95167118 0.11582913 0.05013146
-0.95038804 0.23053200 0.05873340
-0.94910048 0.24144467 0.05093723
-0.94781143 0.20453467 0.04692780
-0.94651943 0.17751833 0.04587074
-0.94522743 0.16643900 0.04530186
-0.94393247 0.15957133 0.04431286
-0.94263604 0.15621733 0.04328054
-0.94133960 0.15348400 0.04254020
-0.94004021 0.15018800 0.04180268
-0.93873934 0.14656933 0.04114984
-0.93743699 0.14329403 0.04063642
-0.93613316 0.14032360 0.04017213
-0.93482786 0.13767397 0.03974847
-0.93351959 0.13528067 0.03935922
-0.93221133 0.13311633 0.03899573
-0.93090011 0.13114450 0.03865524
-0.92958890 0.12933787 0.03833380
-0.92827472 0.12767243 0.03802876
-0.92695907 0.12612763 0.03773830
-0.92564341 0.12468520 0.03746106
-0.92432480 0.12333023 0.03719592
-0.92300472 0.12204817 0.03694286
-0.92168315 0.12082513 0.03670041
-0.92036010 0.11964917 0.03646899
-0.91903410 0.11850727 0.03624795
-0.91770810 0.11738507 0.03603365
-0.91638062 0.11629217 0.03581874
-0.91505167 0.11529290 0.03560035
-0.91371975 0.11444570 0.03538803
-0.91238784 0.11370507 0.03518284
-0.91105297 0.11298980 0.03497644
-0.90971810 0.11228410 0.03477104
-0.90838027 0.11159657 0.03457064
-0.90704096 0.11092640 0.03437340
-0.90570166 0.11027327 0.03417840
-0.90435940 0.10963707 0.03398657
-0.90301565 0.10901630 0.03379684
-0.90167044 0.10841000 0.03360869
-0.90032374 0.10781753 0.03342301
-0.89897556 0.10723730 0.03323885
-0.89762591 0.10666940 0.03305643
-0.89627478 0.10611223 0.03287529
-0.89492217 0.10556527 0.03269572
-0.89356808 0.10502827 0.03251753
-0.89221251 0.10449980 0.03234013
-0.89085547 0.10397963 0.03216373
-0.88949695 0.10346737 0.03198862
-0.88813547 0.10296207 0.03181408
-0.88677399 0.10246377 0.03164075
-0.88541103 0.10197157 0.03146794
-0.88404659 0.10148513 0.03129585
-0.88267920 0.10100433 0.03112459
-0.88131181 0.10052857 0.03095392
-0.87994294 0.10005737 0.03078347
-0.87857259 0.09959080 0.03061387
-0.87719928 0.09912813 0.03044430
-0.87582598 0.09866947 0.03027536
-0.87445120 0.09821467 0.03010711
-0.87307345 0.09776303 0.02993876
-0.87169571 0.09731463 0.02977087
-0.87031650 0.09686947 0.02960348
-0.86893580 0.09642667 0.02943585
-0.86755215 0.09598690 0.02926882
-0.86616849 0.09554937 0.02910167
-0.86478336 0.09511430 0.02893486
-0.86339675 0.09468137 0.02876797
-0.86200866 0.09425047 0.02860107
-0.86061762 0.09382150 0.02843423
-0.85922657 0.09339450 0.02826744
-0.85783405 0.09296937 0.02810076
-0.85644005 0.09254577 0.02793375
-0.85504457 0.09212370 0.02776644
-0.85364761 0.09170343 0.02759928
-0.85224918 0.09128463 0.02743187
-0.85084926 0.09086700 0.02726375
-0.84944787 0.09045120 0.02709578
-0.84804648 0.09003660 0.02692710
-0.84664213 0.08962360 0.02675808
-0.84523630 0.08921223 0.02658811
-0.84382899 0.08880343 0.02641796
-0.84242169 0.08839583 0.02624724
-0.84101143 0.08798747 0.02607586
-0.83960116 0.08757747 0.02590377
-0.83818795 0.08716620 0.02573145
-0.83677473 0.08675293 0.02555813
-0.83536003 0.08633773 0.02538444
-0.83394238 0.08591977 0.02521042
-0.83252472 0.08549757 0.02503645
-0.83110559 0.08506743 0.02486298
-0.82968498 0.08462413 0.02468937
-0.82826289 0.08416700 0.02451672
-0.82684081 0.08369727 0.02434500
-0.82541576 0.08321483 0.02417423
-0.82398924 0.08271923 0.02400529
-0.82256272 0.08220920 0.02383767
-0.82113324 0.08168480 0.02367204
-0.81970376 0.08114603 0.02350847
-0.81827280 0.08059323 0.02334732
-0.81684036 0.08002723 0.02318857
-0.81540645 0.07944957 0.02303251
-0.81397106 0.07886237 0.02287894
-0.81253418 0.07826843 0.02272788
-0.81109584 0.07767117 0.02257897
-0.80965749 0.07707503 0.02243250
-0.80821618 0.07648400 0.02228773
-0.80677488 0.07590247 0.02214434
-0.80533209 0.07533437 0.02200168
-0.80388783 0.07478403 0.02186017
-0.80244209 0.07425363 0.02171841
-0.80099487 0.07374610 0.02157705
-0.79954765 0.07326207 0.02143508
-0.79809748 0.07280190 0.02129226
-0.79664730 0.07236537 0.02114880
-0.79519565 0.07195097 0.02100410
-0.79374252 0.07155737 0.02085823
-0.79228791 0.07118240 0.02071121
-0.79083182 0.07082393 0.02056274
-0.78937573 0.07047947 0.02041286
-0.78791669 0.07014587 0.02026139
-0.78645764 0.06982230 0.02010776
-0.78499712 0.06951050 0.01995236
-0.78353512 0.06920783 0.01979557
-0.78207164 0.06890743 0.01963713
-0.78060816 0.06860393 0.01947744
-0.77914320 0.06829333 0.01931711
-0.77767528 0.06797043 0.01915706
-0.77620885 0.06762653 0.01899790
-0.77473946 0.06725477 0.01883955
-0.77326859 0.06685567 0.01868249
-0.77179771 0.06643217 0.01852737
-0.77032537 0.06598517 0.01837426
-0.76885154 0.06551570 0.01822342
-0.76737623 0.06502430 0.01807509
-0.76590093 0.06451200 0.01792966
-0.76442266 0.06397997 0.01778735
-0.76294440 0.06342993 0.01764830
-0.76146466 0.06286403 0.01751263
-0.75998492 0.06228517 0.01738057
-0.75850222 0.06169670 0.01725186
-0.75701953 0.06110290 0.01712654
-0.75553535 0.06050867 0.01700414
-0.75405118 0.05991920 0.01688432
-0.75256405 0.05933960 0.01676676
-0.75107691 0.05877500 0.01665089
-0.74958830 0.05822993 0.01653620
-0.74809822 0.05770840 0.01642229
-0.74660813 0.05721357 0.01630856
-0.74511656 0.05674770 0.01619465
-0.74362352 0.05631183 0.01608013
-0.74212899 0.05590617 0.01596462
-0.74063447 0.05553003 0.01584783
-0.73913847 0.05518190 0.01572953
-0.73764099 0.05485963 0.01560947
-0.73614351 0.05456067 0.01548753
-0.73464307 0.05428207 0.01536361
-0.73314412 0.05402060 0.01523761
-0.73164220 0.05377250 0.01510977
-0.73014029 0.05353370 0.01498034
-0.72863542 0.05329843 0.01485035
-0.72713202 0.05305963 0.01472186
-0.72562567 0.05279937 0.01460016
-0.72411933 0.05246393 0.01448908
-0.72261150 0.05200547 0.01438046
-0.72110367 0.05147807 0.01427039
-0.71959436 0.05097523 0.01416574
-0.71808358 0.05051667 0.01406375
-0.71657132 0.05008883 0.01396013
-0.71505906 0.04968417 0.01385620
-0.71354532 0.04929690 0.01375228
-0.71203158 0.04892397 0.01364843
-0.71051488 0.04856267 0.01354478
-0.70899966 0.04821107 0.01344152
-0.70748148 0.04786767 0.01333856
-0.70596331 0.04753113 0.01323608
-0.70444366 0.04720060 0.01313399
-0.70292400 0.04687510 0.01303240
-0.70140287 0.04655400 0.01293137
-0.69988026 0.04623660 0.01283086
-0.69835765 0.04592250 0.01273086
-0.69683356 0.04561143 0.01263141
-0.69530800 0.04530297 0.01253242
-0.69378243 0.04499680 0.01243395
-0.69225538 0.04469267 0.01233605
-0.69072834 0.04439030 0.01223862
-0.68919982 0.04408957 0.01214172
-0.68766982 0.04379013 0.01204535
-0.68613981 0.04349183 0.01194951
-0.68460833 0.04319460 0.01185422
-0.68307685 0.04289820 0.01175953
-0.68154390 0.04260243 0.01166536
-0.68001094 0.04230727 0.01157181
-0.67847650 0.04201243 0.01147884
-0.67694059 0.04171797 0.01138651
-0.67540467 0.04142357 0.01129484
-0.67386728 0.04112917 0.01120386
-0.67232841 0.04083467 0.01111354
-0.67078954 0.04053990 0.01102399
-0.66925067 0.04024470 0.01093528
-0.66771032 0.03994897 0.01084742
-0.66616849 0.03965257 0.01076041
-0.66462666 0.03935537 0.01067439
-0.66308484 0.03905710 0.01058943
-0.66154005 0.03875780 0.01050551
-0.65999675 0.03845720 0.01042280
-0.65845049 0.03815527 0.01034138
-0.65690570 0.03785173 0.01026127
-0.65535796 0.03754673 0.01018266
-0.65381022 0.03724020 0.01010550
-0.65226248 0.03693240 0.01002985
-0.65071326 0.03662380 0.00995565
-0.64916404 0.03631527 0.00988258
-0.64761335 0.03600887 0.00981002
-0.64606265 0.03570887 0.00973621
-0.64451047 0.03543253 0.00965905
-0.64295830 0.03520477 0.00958041
-0.64140464 0.03501940 0.00950339
-0.63985099 0.03483950 0.00942561
-0.63829586 0.03464677 0.00934692
-0.63674073 0.03444093 0.00926960
-0.63518412 0.03422250 0.00919316
-0.63362751 0.03399573 0.00911772
-0.63207090 0.03376313 0.00904342
-0.63051133 0.03352610 0.00896994
-0.62895324 0.03328550 0.00889739
-0.62739368 0.03304217 0.00882573
-0.62583411 0.03279680 0.00875490
-0.62427306 0.03254987 0.00868483
-0.62271202 0.03230197 0.00861561
-0.62114950 0.03205340 0.00854720
-0.61958697 0.03180463 0.00847957
-0.61802445 0.03155593 0.00841274
-0.61646045 0.03130773 0.00834675
-0.61489497 0.03106017 0.00828149
-0.61333097 0.03081367 0.00821707
-0.61176401 0.03056837 0.00815334
-0.61019853 0.03032453 0.00809046
-0.60863157 0.03008240 0.00802837
-0.60706461 0.02984220 0.00796694
-0.60549618 0.02960403 0.00790629
-0.60392774 0.02936820 0.00784634
-0.60235783 0.02913477 0.00778712
-0.60078939 0.02890400 0.00772858
-0.59921800 0.02867593 0.00767074
-0.59764808 0.02845077 0.00761354
-0.59607669 0.02822853 0.00755701
-0.59450530 0.02800933 0.00750111
-0.59293243 0.02779337 0.00744575
-0.59135956 0.02758077 0.00739099
-0.58978669 0.02737167 0.00733673
-0.58821234 0.02716613 0.00728300
-0.58663799 0.02696413 0.00722969
-0.58506364 0.02676590 0.00717684
-0.58348781 0.02657137 0.00712434
-0.58191198 0.02638063 0.00707222
-0.58033616 0.02619367 0.00702043
-0.57875885 0.02601050 0.00696893
-0.57718302 0.02583127 0.00691764
-0.57560424 0.02565573 0.00686659
-0.57402693 0.02548407 0.00681566
-0.57244815 0.02531623 0.00676487
-0.57086937 0.02515210 0.00671414
-0.56929058 0.02499167 0.00666342
-0.56771032 0.02483497 0.00661267
-0.56613006 0.02468173 0.00656187
-0.56454980 0.02453190 0.00651092
-0.56296805 0.02438540 0.00645982
-0.56138779 0.02424203 0.00640851
-0.55980605 0.02410150 0.00635704
-0.55822283 0.02396340 0.00630536
-0.55664109 0.02382727 0.00625354
-0.55505787 0.02369227 0.00620175
-0.55347466 0.02355723 0.00615032
-0.55189144 0.02341997 0.00609993
-0.55030822 0.02327720 0.00605185
-0.54872352 0.02311790 0.00600839
-0.54713882 0.02291607 0.00596888
-0.54555413 0.02266413 0.00592813
-0.54396943 0.02240210 0.00588727
-0.54238325 0.02216360 0.00584926
-0.54079708 0.02194797 0.00581152
-0.53921090 0.02174933 0.00577329
-0.53762473 0.02156357 0.00573495
-0.53603855 0.02138810 0.00569647
-0.53445090 0.02122120 0.00565797
-0.53286472 0.02106137 0.00561951
-0.53127707 0.02090747 0.00558120
-0.52968942 0.02075860 0.00554295
-0.52810029 0.02061403 0.00550484
-0.52651263 0.02047317 0.00546697
-0.52492498 0.02033540 0.00542928
-0.52333585 0.02020040 0.00539182
-0.52174671 0.02006770 0.00535454
-0.52015758 0.01993700 0.00531752
-0.51856845 0.01980800 0.00528072
-0.51697932 0.01968047 0.00524419
-0.51538871 0.01955410 0.00520794
-0.51379958 0.01942877 0.00517197
-0.51220897 0.01930430 0.00513627
-0.51061836 0.01918043 0.00510083
-0.50902775 0.01905713 0.00506567
-0.50743714 0.01893413 0.00503090
-0.50584653 0.01881137 0.00499642
-0.50425592 0.01868870 0.00496234
-0.50266383 0.01856600 0.00492852
-0.50107322 0.01844317 0.00489514
-0.49948261 0.01832000 0.00486217
-0.49789052 0.01819650 0.00482961
-0.49629843 0.01807247 0.00479748
-0.49470782 0.01794783 0.00476586
-0.49311573 0.01782240 0.00473483
-0.49152364 0.01769613 0.00470431
-0.48993156 0.01756890 0.00467435
-0.48833947 0.01744067 0.00464506
-0.48674738 0.01731133 0.00461650
-0.48515529 0.01718080 0.00458858
-0.48356320 0.01704900 0.00456140
-0.48196964 0.01691593 0.00453497
-0.48037755 0.01678160 0.00450932
-0.47878546 0.01664610 0.00448452
-0.47719337 0.01650947 0.00446042
-0.47559980 0.01637220 0.00443699
-0.47400772 0.01623470 0.00441413
-0.47241563 0.01609820 0.00439141
-0.47082206 0.01596420 0.00436829
-0.46922997 0.01583677 0.00434347
-0.46763788 0.01572797 0.00431656
-0.46604432 0.01565073 0.00428986
-0.46445223 0.01559740 0.00426457
-0.46286014 0.01554603 0.00423899
-0.46126658 0.01548587 0.00421254
-0.45967449 0.01541810 0.00418632
-0.45808240 0.01534573 0.00416057
-0.45649031 0.01526980 0.00413527
-0.45489822 0.01519120 0.00411039
-0.45330613 0.01511047 0.00408581
-0.45171257 0.01502803 0.00406169
-0.45012048 0.01494427 0.00403781
-0.44852839 0.01485947 0.00401432
-0.44693778 0.01477383 0.00399108
-0.44534569 0.01468763 0.00396820
-0.44375360 0.01460093 0.00394562
-0.44216151 0.01451397 0.00392330
-0.44057090 0.01442683 0.00390126
-0.43897882 0.01433970 0.00387951
-0.43738821 0.01425257 0.00385798
-0.43579612 0.01416553 0.00383680
-0.43420551 0.01407873 0.00381589
-0.43261490 0.01399217 0.00379523
-0.43102429 0.01390600 0.00377486
-0.42943368 0.01382019 0.00375473
-0.42784307 0.01373489 0.00373483
-0.42625394 0.01365012 0.00371520
-0.42466333 0.01356588 0.00369582
-0.42307419 0.01348227 0.00367666
-0.42148358 0.01339934 0.00365779
-0.41989445 0.01331705 0.00363911
-0.41830532 0.01323549 0.00362070
-0.41671619 0.01315464 0.00360249
-0.41512853 0.01307455 0.00358452
-0.41353940 0.01299524 0.00356678
-0.41195175 0.01291677 0.00354930
-0.41036262 0.01283915 0.00353201
-0.40877496 0.01276231 0.00351492
-0.40718731 0.01268639 0.00349810
-0.40560114 0.01261134 0.00348146
-0.40401348 0.01253717 0.00346503
-0.40242731 0.01246390 0.00344882
-0.40084113 0.01239155 0.00343280
-0.39925496 0.01232012 0.00341697
-0.39766878 0.01224962 0.00340134
-0.39608261 0.01218008 0.00338593
-0.39449791 0.01211147 0.00337070
-0.39291321 0.01204384 0.00335565
-0.39132851 0.01197715 0.00334076
-0.38974382 0.01191144 0.00332608
-0.38816060 0.01184668 0.00331151
-0.38657738 0.01178296 0.00329718
-0.38499416 0.01172023 0.00328299
-0.38341094 0.01165852 0.00326892
-0.38182920 0.01159787 0.00325500
-0.38024598 0.01153830 0.00324117
-0.37866424 0.01147990 0.00322747
-0.37708398 0.01142272 0.00321382
-0.37550224 0.01136691 0.00320018
-0.37392198 0.01131270 0.00318645
-0.37234172 0.01126075 0.00317256
-0.37076145 0.01121264 0.00315863
-0.36918267 0.01116866 0.00314512
-0.36760388 0.01112583 0.00313187
-0.36602510 0.01108176 0.00311853
-0.36444780 0.01103657 0.00310533
-0.36286901 0.01099056 0.00309228
-0.36129171 0.01094405 0.00307942
-0.35971588 0.01089718 0.00306673
-0.35814005 0.01085009 0.00305420
-0.35656422 0.01080291 0.00304188
-0.35498840 0.01075570 0.00302970
-0.35341405 0.01070855 0.00301770
-0.35183970 0.01066149 0.00300584
-0.35026535 0.01061458 0.00299415
-0.34869248 0.01056791 0.00298264
-0.34711961 0.01052141 0.00297122
-0.34554674 0.01047522 0.00295999
-0.34397534 0.01042936 0.00294896
-0.34240395 0.01038376 0.00293801
-0.34083256 0.01033856 0.00292727
-0.33926264 0.01029370 0.00291665
-0.33769273 0.01024925 0.00290621
-0.33612429 0.01020515 0.00289588
-0.33455586 0.01016149 0.00288572
-0.33298742 0.01011828 0.00287573
-0.33142046 0.01007554 0.00286589
-0.32985350 0.01003328 0.00285621
-0.32828655 0.00999150 0.00284666
-0.32672107 0.00995027 0.00283728
-0.32515559 0.00990959 0.00282806
-0.32359159 0.00986946 0.00281894
-0.32202758 0.00982997 0.00280998
-0.32046358 0.00979117 0.00280117
-0.31890106 0.00975309 0.00279245
-0.31734002 0.00971582 0.00278379
-0.31577749 0.00967955 0.00277524
-0.31421793 0.00964434 0.00276663
-0.31265688 0.00961051 0.00275800
-0.31109731 0.00957839 0.00274919
-0.30953923 0.00954848 0.00274007
-0.30798114 0.00952156 0.00273029
-0.30642305 0.00949904 0.00271947
-0.30486644 0.00948509 0.00270736
-0.30330983 0.00948623 0.00269514
-0.30175470 0.00950034 0.00268413
-0.30019957 0.00951496 0.00267298
-0.29864591 0.00952362 0.00266104
-0.29709226 0.00952714 0.00264917
-0.29554008 0.00952613 0.00263736
-0.29398791 0.00952130 0.00262570
-0.29243721 0.00951324 0.00261412
-0.29088651 0.00950264 0.00260265
-0.28933730 0.00948983 0.00259127
-0.28778808 0.00947517 0.00258000
-0.28623886 0.00945887 0.00256877
-0.28469112 0.00944119 0.00255762
-0.28314485 0.00942228 0.00254650
-0.28159859 0.00940234 0.00253541
-0.28005381 0.00938154 0.00252437
-0.27850902 0.00935998 0.00251332
-0.27696572 0.00933781 0.00250229
-0.27542241 0.00931514 0.00249128
-0.27388059 0.00929204 0.00248023
-0.27234024 0.00926862 0.00246914
-0.27079989 0.00924499 0.00245806
-0.26925954 0.00922118 0.00244692
-0.26772067 0.00919730 0.00243577
-0.26618327 0.00917336 0.00242454
-0.26464588 0.00914944 0.00241324
-0.26310997 0.00912555 0.00240186
-0.26157405 0.00910175 0.00239043
-0.26003962 0.00907800 0.00237885
-0.25850518 0.00905435 0.00236722
-0.25697222 0.00903076 0.00235549
-0.25544074 0.00900721 0.00234368
-0.25390926 0.00898352 0.00233171
-0.25237926 0.00895967 0.00231968
-0.25084926 0.00893535 0.00230744
-0.24932074 0.00891043 0.00229523
-0.24779369 0.00888461 0.00228320
-0.24626665 0.00885742 0.00227147
-0.24474108 0.00882802 0.00226023
-0.24321552 0.00879550 0.00224990
-0.24169143 0.00875788 0.00224101
-0.24016882 0.00871280 0.00223465
-0.23864621 0.00865357 0.00223226
-0.23712508 0.00856104 0.00223172
-0.23560542 0.00842879 0.00222693
-0.23408577 0.00829267 0.00221924
-0.23256759 0.00818707 0.00221357
-0.23104942 0.00811180 0.00220856
-0.22953272 0.00805713 0.00220274
-0.22801750 0.00801664 0.00219630
-0.22650376 0.00798639 0.00218922
-0.22499002 0.00796372 0.00218170
-0.22347628 0.00794666 0.00217383
-0.22196550 0.00793373 0.00216558
-0.22045471 0.00792398 0.00215716
-0.21894541 0.00791650 0.00214848
-0.21743610 0.00791076 0.00213965
-0.21592827 0.00790624 0.00213066
-0.21442193 0.00790260 0.00212155
-0.21291705 0.00789954 0.00211233
-0.21141218 0.00789679 0.00210297
-0.20990879 0.00789422 0.00209355
-0.20840540 0.00789164 0.00208401
-0.20690496 0.00788892 0.00207438
-0.20540453 0.00788597 0.00206470
-0.20390557 0.00788268 0.00205499
-0.20240661 0.00787892 0.00204520
-0.20090913 0.00787456 0.00203535
-0.19941313 0.00786952 0.00202550
-0.19791861 0.00786361 0.00201571
-0.19642408 0.00785666 0.00200603
-0.19493104 0.00784830 0.00199651
-0.19343947 0.00783808 0.00198733
-0.19194791 0.00782476 0.00197857
-0.19045930 0.00780654 0.00197008
-0.18897069 0.00778291 0.00196152
-0.18748355 0.00775610 0.00195280
-0.18599642 0.00772940 0.00194415
-0.18451077 0.00770455 0.00193570
-0.18302659 0.00768120 0.00192725
-0.18154390 0.00765886 0.00191881
-0.18006268 0.00763736 0.00191035
-0.17858146 0.00761656 0.00190182
-0.17710172 0.00759652 0.00189334
-0.17562346 0.00757711 0.00188477
-0.17414667 0.00755837 0.00187622
-0.17266989 0.00754023 0.00186761
-0.17119606 0.00752275 0.00185904
-0.16972223 0.00750583 0.00185036
-0.16824841 0.00748952 0.00184168
-0.16677754 0.00747383 0.00183299
-0.16530667 0.00745873 0.00182425
-0.16383875 0.00744419 0.00181544
-0.16237084 0.00743026 0.00180661
-0.16090440 0.00741690 0.00179772
-0.15943796 0.00740413 0.00178878
-0.15797449 0.00739192 0.00177979
-0.15651101 0.00738028 0.00177073
-0.15504900 0.00736920 0.00176162
-0.15358848 0.00735866 0.00175244
-0.15212944 0.00734865 0.00174319
-0.15067039 0.00733916 0.00173387
-0.14921430 0.00733018 0.00172447
-0.14775822 0.00732169 0.00171500
-0.14630375 0.00731367 0.00170544
-0.14485062 0.00730610 0.00169580
-0.14339867 0.00729898 0.00168608
-0.14194791 0.00729228 0.00167626
-0.14049847 0.00728598 0.00166635
-0.13905022 0.00728006 0.00165634
-0.13760344 0.00727449 0.00164624
-0.13615770 0.00726924 0.00163602
-0.13471344 0.00726430 0.00162571
-0.13327021 0.00725964 0.00161528
-0.13182846 0.00725523 0.00160475
-0.13038804 0.00725103 0.00159409
-0.12894881 0.00724703 0.00158332
-0.12751090 0.00724318 0.00157242
-0.12607433 0.00723944 0.00156141
-0.12463893 0.00723578 0.00155027
-0.12320502 0.00723213 0.00153901
-0.12177229 0.00722844 0.00152765
-0.12034104 0.00722460 0.00151620
-0.11891096 0.00722051 0.00150466
-0.11748222 0.00721597 0.00149310
-0.11605496 0.00721076 0.00148159
-0.11462888 0.00720443 0.00147024
-0.11320413 0.00719634 0.00145932
-0.11178086 0.00718471 0.00144911
-0.11035892 0.00716467 0.00143918
-0.10893816 0.00713486 0.00142831
-0.10751888 0.00710458 0.00141683
-0.10610108 0.00708219 0.00140578
-0.10468446 0.00706642 0.00139484
-0.10326932 0.00705390 0.00138365
-0.10185551 0.00704295 0.00137231
-0.10044304 0.00703274 0.00136085
-0.09903203 0.00702280 0.00134930
-0.09762236 0.00701285 0.00133768
-0.09621417 0.00700268 0.00132600
-0.09480731 0.00699219 0.00131429
-0.09340178 0.00698128 0.00130255
-0.09199772 0.00696990 0.00129080
-0.09059500 0.00695799 0.00127904
-0.08919376 0.00694550 0.00126728
-0.08779384 0.00693240 0.00125554
-0.08639541 0.00691863 0.00124382
-0.08499845 0.00690412 0.00123216
-0.08360282 0.00688882 0.00122057
-0.08220867 0.00687262 0.00120909
-0.08081600 0.00685543 0.00119775
-0.07942466 0.00683710 0.00118659
-0.07803480 0.00681747 0.00117567
-0.07664641 0.00679627 0.00116507
-0.07525951 0.00677324 0.00115488
-0.07387393 0.00674791 0.00114523
-0.07248984 0.00671976 0.00113629
-0.07110722 0.00668784 0.00112834
-0.06972608 0.00665103 0.00112174
-0.06834642 0.00660683 0.00111686
-0.06696823 0.00654642 0.00111218
-0.06559138 0.00647186 0.00110424
-0.06421615 0.00641757 0.00109390
-0.06284240 0.00641065 0.00108508
-0.06146998 0.00643681 0.00107677
-0.06009919 0.00647531 0.00106718
-0.05872988 0.00651953 0.00105678
-0.05736204 0.00656820 0.00104548
-0.05599568 0.00662319 0.00103303
-0.05463080 0.00668728 0.00101890
-0.05326740 0.00676645 0.00100216
-0.05190548 0.00686814 0.00098123
-0.05054518 0.00700736 0.00095376
-0.04918636 0.00720415 0.00091700
-0.04782902 0.00750372 0.00087126
-0.04647316 0.00795101 0.00082848
-0.04511893 0.00837451 0.00079939
-0.04376617 0.00847103 0.00076821
-0.04241504 0.00830217 0.00073115
-0.04106524 0.00812335 0.00070199
-0.03971706 0.00799784 0.00067689
-0.03837051 0.00790934 0.00065065
-0.03702529 0.00784579 0.00062298
-0.03568185 0.00780581 0.00059309
-0.03433973 0.00779161 0.00056026
-0.03299939 0.00781350 0.00052261
-0.03166038 0.00788986 0.00047815
-0.03032315 0.00807249 0.00042517
-0.02898739 0.00844109 0.00036917
-0.02765326 0.00880676 0.00031642
-0.02632105 0.00866519 0.00026239
-0.02499002 0.00794049 0.00021084
-0.02366047 0.00702064 0.00017885
-0.02233255 0.00610241 0.00015982
-0.02100625 0.00520141 0.00014671
-0.01968143 0.00433634 0.00013199
-0.01835824 0.00350827 0.00012071
-0.01703653 0.00272680 0.00010472
-0.01571644 0.00197674 0.00009350
-0.01439801 0.00126324 0.00008161
-0.01308110 0.00054880 0.00005503
-0.01176578 0.00027599 0.00006962
-0.01045207 0.00072447 0.00010460
-0.00913993 0.00139321 0.00013161
-0.00782941 0.00204031 0.00013605
-0.00652048 0.00276138 0.00014358
-0.00521317 0.00348029 0.00015316
-0.00390746 0.00445566 0.00015130
-0.00260335 0.00542151 0.00017575
-0.00130087 0.00779606 0.00014010
-0.00000000 0.00900818 0.00026609
