# s/c   cf_mean    cf_std
0.00000000 0.00214233 0.00031686
0.00130087 0.00349544 0.00030236
0.00260174 0.00475273 0.00029956
0.00390261 0.00591963 0.00030746
0.00520348 0.00700141 0.00032476
0.00650435 0.00800314 0.00035011
0.00780522 0.00892970 0.00038231
0.00910609 0.00978580 0.00042042
0.01040697 0.01057597 0.00046369
0.01170784 0.01130458 0.00051156
0.01300871 0.01197581 0.00056357
0.01430958 0.01259371 0.00061934
0.01561045 0.01316213 0.00067854
0.01691132 0.01368480 0.00074087
0.01821219 0.01416528 0.00080604
0.01951306 0.01460698 0.00087379
0.02081393 0.01501317 0.00094387
0.02211480 0.01538697 0.00101602
0.02341567 0.01573138 0.00109003
0.02470176 0.01604924 0.00116568
0.02600263 0.01634327 0.00124278
0.02730350 0.01661607 0.00132112
0.02860437 0.01687010 0.00140054
0.02990524 0.01710770 0.00148087
0.03120611 0.01733111 0.00156196
0.03250698 0.01754244 0.00164369
0.03380786 0.01774367 0.00172592
0.03510873 0.01793671 0.00180855
0.03640960 0.01812334 0.00189148
0.03771047 0.01830523 0.00197463
0.03901134 0.01848397 0.00205791
0.04029743 0.01866104 0.00214127
0.04159830 0.01883783 0.00222466
0.04289917 0.01901565 0.00230803
0.04420004 0.01919569 0.00239136
0.04550091 0.01937908 0.00247462
0.04680178 0.01956687 0.00255779
0.04810265 0.01976002 0.00264088
0.04940352 0.01995941 0.00272388
0.05068961 0.02016586 0.00280681
0.05199048 0.02038010 0.00288969
0.05329135 0.02060279 0.00297253
0.05459222 0.02083456 0.00305538
0.05589309 0.02107592 0.00313827
0.05719396 0.02132735 0.00322124
0.05849483 0.02158929 0.00330434
0.05978092 0.02186207 0.00338761
0.06108179 0.02214602 0.00347113
0.06238266 0.02244137 0.00355494
0.06368353 0.02274834 0.00363911
0.06498440 0.02306708 0.00372370
0.06628528 0.02339771 0.00380879
0.06757136 0.02374028 0.00389445
0.06887223 0.02409482 0.00398075
0.07017310 0.02446132 0.00406776
0.07147398 0.02483973 0.00415556
0.07277485 0.02522997 0.00424422
0.07407572 0.02563191 0.00433383
0.07536180 0.02604541 0.00442447
0.07666268 0.02647028 0.00451621
0.07796355 0.02690633 0.00460913
0.07926442 0.02735332 0.00470330
0.08056529 0.02781100 0.00479881
0.08185138 0.02827909 0.00489573
0.08315225 0.02875729 0.00499414
0.08445312 0.02924529 0.00509411
0.08575399 0.02974277 0.00519571
0.08704008 0.03024936 0.00529901
0.08834095 0.03076472 0.00540409
0.08964182 0.03128847 0.00551100
0.09094269 0.03182023 0.00561982
0.09224356 0.03235961 0.00573060
0.09352965 0.03290621 0.00584340
0.09483052 0.03345962 0.00595828
0.09613139 0.03401944 0.00607530
0.09743226 0.03458524 0.00619450
0.09871835 0.03515662 0.00631593
0.10001922 0.03573316 0.00643963
0.10132009 0.03631445 0.00656564
0.10260618 0.03690006 0.00669401
0.10390705 0.03748958 0.00682476
0.10520792 0.03808262 0.00695792
0.10650879 0.03867875 0.00709352
0.10779488 0.03927759 0.00723157
0.10909575 0.03987874 0.00737211
0.11039662 0.04048181 0.00751513
0.11169749 0.04108644 0.00766065
0.11298358 0.04169225 0.00780867
0.11428445 0.04229889 0.00795919
0.11558532 0.04290602 0.00811221
0.11687141 0.04351329 0.00826772
0.11817228 0.04412039 0.00842571
0.11947315 0.04472701 0.00858616
0.12075924 0.04533286 0.00874905
0.12206011 0.04593765 0.00891434
0.12336098 0.04654112 0.00908202
0.12466185 0.04714302 0.00925205
0.12594794 0.04774311 0.00942438
0.12724881 0.04834119 0.00959897
0.12854968 0.04893704 0.00977578
0.12983577 0.04952881 0.00995441
0.13113664 0.05018423 0.01014165
0.13243751 0.05080230 0.01033796
0.13372359 0.05142114 0.01053725
0.13502447 0.05204219 0.01073614
0.13632534 0.05264629 0.01093619
0.13761142 0.05323381 0.01113730
0.13891229 0.05383216 0.01133516
0.14019838 0.05450825 0.01152705
0.14149925 0.05532953 0.01171799
0.14280012 0.05621100 0.01190474
0.14408621 0.05697250 0.01208636
0.14538708 0.05751031 0.01227709
0.14668795 0.05787607 0.01249052
0.14797404 0.05817638 0.01271901
0.14927491 0.05850430 0.01294837
0.15056100 0.05893872 0.01317440
0.15186187 0.05944305 0.01339290
0.15316274 0.05988557 0.01359863
0.15444883 0.06023975 0.01380210
0.15574970 0.06063609 0.01401359
0.15703579 0.06110176 0.01422313
0.15833666 0.06154672 0.01442800
0.15963753 0.06186622 0.01462565
0.16092362 0.06220194 0.01481744
0.16222449 0.06282422 0.01501010
0.16351058 0.06374625 0.01518798
0.16481145 0.06469499 0.01533570
0.16611232 0.06542940 0.01547985
0.16739841 0.06596421 0.01564088
0.16869928 0.06637436 0.01582458
0.16998537 0.06671886 0.01602690
0.17128624 0.06703540 0.01623506
0.17257232 0.06734394 0.01644492
0.17387319 0.06765977 0.01665196
0.17517407 0.06799659 0.01685507
0.17646015 0.06836535 0.01705321
0.17776102 0.06876725 0.01724561
0.17904711 0.06920019 0.01743275
0.18034798 0.06966047 0.01761478
0.18163407 0.07015886 0.01779128
0.18293494 0.07071378 0.01796156
0.18422103 0.07135476 0.01812784
0.18552190 0.07207387 0.01829521
0.18680799 0.07276928 0.01845868
0.18810886 0.07331430 0.01861181
0.18939495 0.07368455 0.01876803
0.19069582 0.07409249 0.01893289
0.19199669 0.07478524 0.01910780
0.19328278 0.07579050 0.01927586
0.19458365 0.07684905 0.01941579
0.19586974 0.07775026 0.01954261
0.19717061 0.07852434 0.01967299
0.19845669 0.07926989 0.01982320
0.19975757 0.08004003 0.01999042
0.20104365 0.08079071 0.02016030
0.20234452 0.08144412 0.02033101
0.20363061 0.08192819 0.02049703
0.20493148 0.08238128 0.02067416
0.20621757 0.08307489 0.02086040
0.20750366 0.08408305 0.02103916
0.20880453 0.08521672 0.02120753
0.21009062 0.08624795 0.02135873
0.21139149 0.08710451 0.02150018
0.21267758 0.08788056 0.02165538
0.21397845 0.08870051 0.02182800
0.21526454 0.08960667 0.02200366
0.21656541 0.09057728 0.02217837
0.21785149 0.09157529 0.02234959
0.21915236 0.09256788 0.02251976
0.22043845 0.09352690 0.02269065
0.22173932 0.09442946 0.02286245
0.22302541 0.09526558 0.02303343
0.22432628 0.09609028 0.02320722
0.22561237 0.09697354 0.02338457
0.22689846 0.09795147 0.02356566
0.22819933 0.09897779 0.02374633
0.22948542 0.09995679 0.02392112
0.23078629 0.10085001 0.02409119
0.23207238 0.10166426 0.02426115
0.23337325 0.10241605 0.02443520
0.23465933 0.10309203 0.02461384
0.23594542 0.10366660 0.02479792
0.23724629 0.10414712 0.02498728
0.23853238 0.10458488 0.02518224
0.23983325 0.10504865 0.02538070
0.24111934 0.10557394 0.02557707
0.24240543 0.10615535 0.02576985
0.24370630 0.10674301 0.02596032
0.24499239 0.10727226 0.02614930
0.24629326 0.10771162 0.02633935
0.24757935 0.10806697 0.02652760
0.24886543 0.10835373 0.02671211
0.25016630 0.10860177 0.02689514
0.25145239 0.10884761 0.02708089
0.25275326 0.10908429 0.02726913
0.25403935 0.10929969 0.02745973
0.25532544 0.10949499 0.02765262
0.25662631 0.10966084 0.02784279
0.25791240 0.10977755 0.02802894
0.25919849 0.10981875 0.02820285
0.26049936 0.10977988 0.02836572
0.26178545 0.10971082 0.02853041
0.26307153 0.10963443 0.02869455
0.26437240 0.10957394 0.02885739
0.26565849 0.10959554 0.02902906
0.26695936 0.10973774 0.02920725
0.26824545 0.10997253 0.02938039
0.26953154 0.11017786 0.02953814
0.27083241 0.11021278 0.02967186
0.27211850 0.11001118 0.02979565
0.27340459 0.10963234 0.02992508
0.27470546 0.10926136 0.03007232
0.27599154 0.10902347 0.03024330
0.27727763 0.10890015 0.03041856
0.27857850 0.10880572 0.03058393
0.27986459 0.10866688 0.03072942
0.28115068 0.10846550 0.03084384
0.28243677 0.10818170 0.03095156
0.28373764 0.10779676 0.03107723
0.28502373 0.10729117 0.03121162
0.28630981 0.10675360 0.03135685
0.28761068 0.10635486 0.03152332
0.28889677 0.10609571 0.03168185
0.29018286 0.10575730 0.03179909
0.29148373 0.10517389 0.03189802
0.29276982 0.10440416 0.03199915
0.29405591 0.10359120 0.03210894
0.29534200 0.10286948 0.03223272
0.29664287 0.10228994 0.03236209
0.29792895 0.10179228 0.03248642
0.29921504 0.10126595 0.03259866
0.30051591 0.10061119 0.03269416
0.30180200 0.09979991 0.03277846
0.30308809 0.09888687 0.03286285
0.30437418 0.09798157 0.03295133
0.30567505 0.09718834 0.03304444
0.30696114 0.09655881 0.03313313
0.30824722 0.09606273 0.03320878
0.30953331 0.09562017 0.03327479
0.31083418 0.09511995 0.03333455
0.31212027 0.09446735 0.03338744
0.31340636 0.09367901 0.03343056
0.31469245 0.09285423 0.03347075
0.31599332 0.09204592 0.03351191
0.31727941 0.09120939 0.03354940
0.31856549 0.09034557 0.03359162
0.31985158 0.08953399 0.03363886
0.32115245 0.08885704 0.03368895
0.32243854 0.08834885 0.03373720
0.32372463 0.08800944 0.03378457
0.32501072 0.08779135 0.03383052
0.32629681 0.08761029 0.03386518
0.32759768 0.08739132 0.03388281
0.32888376 0.08709942 0.03388459
0.33016985 0.08674078 0.03388178
0.33145594 0.08632481 0.03387637
0.33275681 0.08589517 0.03387580
0.33404290 0.08551509 0.03389219
0.33532899 0.08519983 0.03392214
0.33661508 0.08490357 0.03395253
0.33790116 0.08459314 0.03397641
0.33918725 0.08427314 0.03399123
0.34048812 0.08397560 0.03399718
0.34177421 0.08373671 0.03399801
0.34306030 0.08358029 0.03399509
0.34434639 0.08351954 0.03399328
0.34563247 0.08354707 0.03399619
0.34693335 0.08361674 0.03400911
0.34821943 0.08364546 0.03402683
0.34950552 0.08357524 0.03404433
0.35079161 0.08340012 0.03405970
0.35207770 0.08313569 0.03406251
0.35336379 0.08282717 0.03405879
0.35466466 0.08254637 0.03405536
0.35595074 0.08236736 0.03405580
0.35723683 0.08234160 0.03406705
0.35852292 0.08240890 0.03407942
0.35980901 0.08246736 0.03408663
0.36109510 0.08250480 0.03409501
0.36238118 0.08253997 0.03410342
0.36368206 0.08256129 0.03410992
0.36496814 0.08251723 0.03410942
0.36625423 0.08237748 0.03410269
0.36754032 0.08217199 0.03409784
0.36882641 0.08198130 0.03409947
0.37011250 0.08190248 0.03411755
0.37139858 0.08194970 0.03414800
0.37269945 0.08201522 0.03417156
0.37398554 0.08201628 0.03418546
0.37527163 0.08195224 0.03419186
0.37655772 0.08184479 0.03418818
0.37784381 0.08173302 0.03417378
0.37912989 0.08167414 0.03415393
0.38041598 0.08169852 0.03413679
0.38170207 0.08172115 0.03412021
0.38298816 0.08164915 0.03410941
0.38428903 0.08151479 0.03411724
0.38557512 0.08138129 0.03414133
0.38686121 0.08127164 0.03417137
0.38814729 0.08119814 0.03420051
0.38943338 0.08117722 0.03422562
0.39071947 0.08121389 0.03424542
0.39200556 0.08127774 0.03425737
0.39329165 0.08134009 0.03426235
0.39457773 0.08140722 0.03426413
0.39586382 0.08150080 0.03426281
0.39714991 0.08163294 0.03425914
0.39843600 0.08177930 0.03425624
0.39973687 0.08184779 0.03425638
0.40102296 0.08169644 0.03425141
0.40230905 0.08133577 0.03424774
0.40359513 0.08093786 0.03426576
0.40488122 0.08067842 0.03430862
0.40616731 0.08058634 0.03435355
0.40745340 0.08058284 0.03438272
0.40873949 0.08057068 0.03439395
0.41002557 0.08044751 0.03438867
0.41131166 0.08022410 0.03437589
0.41259775 0.08004901 0.03437562
0.41388384 0.08001367 0.03438393
0.41516993 0.08004305 0.03438354
0.41645601 0.08013940 0.03438124
0.41774210 0.08040953 0.03438670
0.41902819 0.08096788 0.03439913
0.42031428 0.08167283 0.03440364
0.42160037 0.08217772 0.03437641
0.42288645 0.08230735 0.03432630
0.42417254 0.08220604 0.03429403
0.42545863 0.08210543 0.03428869
0.42674472 0.08204851 0.03429816
0.42803081 0.08201373 0.03430469
0.42931690 0.08201124 0.03430925
0.43060298 0.08207708 0.03432335
0.43188907 0.08221131 0.03434252
0.43317516 0.08238359 0.03435979
0.43446125 0.08257179 0.03437292
0.43574734 0.08276059 0.03438036
0.43703342 0.08294726 0.03438335
0.43831951 0.08312948 0.03438155
0.43960560 0.08330775 0.03437566
0.44089169 0.08347181 0.03436653
0.44217778 0.08360656 0.03435773
0.44346386 0.08368737 0.03435201
0.44474995 0.08369561 0.03434055
0.44603604 0.08370745 0.03433261
0.44732213 0.08388700 0.03435026
0.44860822 0.08435298 0.03438892
0.44989430 0.08495176 0.03442453
0.45118039 0.08536837 0.03442247
0.45246648 0.08542023 0.03438158
0.45375257 0.08524258 0.03434487
0.45503866 0.08503481 0.03433663
0.45632474 0.08480341 0.03434592
0.45761083 0.08447173 0.03434295
0.45889692 0.08402262 0.03432780
0.46018301 0.08356794 0.03432767
0.46146910 0.08326324 0.03435524
0.46275519 0.08326936 0.03441846
0.46404127 0.08352945 0.03448476
0.46532736 0.08375115 0.03452292
0.46661345 0.08372692 0.03452879
0.46789954 0.08351378 0.03451594
0.46917084 0.08331026 0.03452258
0.47045693 0.08325698 0.03456635
0.47174302 0.08333636 0.03462260
0.47302911 0.08343455 0.03466084
0.47431520 0.08346321 0.03467720
0.47560128 0.08339031 0.03467468
0.47688737 0.08323304 0.03466488
0.47817346 0.08304048 0.03465843
0.47945955 0.08286634 0.03465954
0.48074564 0.08276161 0.03467004
0.48203172 0.08277194 0.03469363
0.48331781 0.08287011 0.03472129
0.48460390 0.08297786 0.03474374
0.48587521 0.08300929 0.03475197
0.48716129 0.08293376 0.03474548
0.48844738 0.08279298 0.03473617
0.48973347 0.08263529 0.03473321
0.49101956 0.08249506 0.03473945
0.49230565 0.08238268 0.03475089
0.49359173 0.08230469 0.03476600
0.49487782 0.08226511 0.03478317
0.49616391 0.08225917 0.03480016
0.49743522 0.08227427 0.03481546
0.49872130 0.08228864 0.03482607
0.50000739 0.08228346 0.03483214
0.50129348 0.08224293 0.03483384
0.50257957 0.08215684 0.03483042
0.50386566 0.08202146 0.03482266
0.50515174 0.08185474 0.03481300
0.50643783 0.08169074 0.03480860
0.50770914 0.08156509 0.03481354
0.50899523 0.08149229 0.03482704
0.51028131 0.08144032 0.03484004
0.51156740 0.08136357 0.03484528
0.51285349 0.08123131 0.03484147
0.51413958 0.08104403 0.03483177
0.51542567 0.08081981 0.03482164
0.51669697 0.08058526 0.03481136
0.51798306 0.08039366 0.03481219
0.51926915 0.08030071 0.03482957
0.52055524 0.08030433 0.03485085
0.52184132 0.08039096 0.03487462
0.52312741 0.08050042 0.03489744
0.52439872 0.08050947 0.03489860
0.52568480 0.08033669 0.03486862
0.52697089 0.07999365 0.03481788
0.52825698 0.07959428 0.03476877
0.52954307 0.07926493 0.03474727
0.53082916 0.07910418 0.03475846
0.53210046 0.07913990 0.03479287
0.53338655 0.07923591 0.03482336
0.53467264 0.07923478 0.03482239
0.53595873 0.07908527 0.03479509
0.53724481 0.07883496 0.03475473
0.53853090 0.07859409 0.03472029
0.53980221 0.07850438 0.03472525
0.54108830 0.07860114 0.03475848
0.54237438 0.07874578 0.03477551
0.54366047 0.07885984 0.03478113
0.54494656 0.07889536 0.03477244
0.54621787 0.07878523 0.03473247
0.54750395 0.07859856 0.03468553
0.54879004 0.07843589 0.03465622
0.55007613 0.07835733 0.03464367
0.55134744 0.07839115 0.03464431
0.55263352 0.07850050 0.03464860
0.55391961 0.07859651 0.03463913
0.55520570 0.07860337 0.03460949
0.55649179 0.07852239 0.03456545
0.55776309 0.07840904 0.03452088
0.55904918 0.07834774 0.03449308
0.56033527 0.07838832 0.03448590
0.56162136 0.07851164 0.03448675
0.56289266 0.07865450 0.03448495
0.56417875 0.07875994 0.03447277
0.56546484 0.07878801 0.03444763
0.56675093 0.07873148 0.03441448
0.56803702 0.07860165 0.03437634
0.56930832 0.07840187 0.03433346
0.57059441 0.07816449 0.03429130
0.57188050 0.07794060 0.03426205
0.57316659 0.07777576 0.03424846
0.57443789 0.07769274 0.03424334
0.57572398 0.07769900 0.03424264
0.57701007 0.07779237 0.03424091
0.57829616 0.07795679 0.03423901
0.57956746 0.07814058 0.03423164
0.58085355 0.07827708 0.03421639
0.58213964 0.07830319 0.03418735
0.58341094 0.07819958 0.03414194
0.58469703 0.07800347 0.03409147
0.58598312 0.07777665 0.03404892
0.58726921 0.07756888 0.03402157
0.58854051 0.07740135 0.03400477
0.58982660 0.07729439 0.03399983
0.59111269 0.07722466 0.03399885
0.59239878 0.07712395 0.03398483
0.59367008 0.07695335 0.03395493
0.59495617 0.07675226 0.03392662
0.59624226 0.07657416 0.03391050
0.59751356 0.07646205 0.03391077
0.59879965 0.07643278 0.03392483
0.60008574 0.07647614 0.03394364
0.60137183 0.07657360 0.03396488
0.60264313 0.07668197 0.03398042
0.60392922 0.07674672 0.03398652
0.60521531 0.07671047 0.03397377
0.60648661 0.07654714 0.03394006
0.60777270 0.07627436 0.03389024
0.60905879 0.07595465 0.03383879
0.61033010 0.07568402 0.03380945
0.61161618 0.07550907 0.03379976
0.61290227 0.07542422 0.03380104
0.61417358 0.07540018 0.03380635
0.61545967 0.07538822 0.03380735
0.61674575 0.07536875 0.03380657
0.61801706 0.07534311 0.03380776
0.61930315 0.07530729 0.03380925
0.62058924 0.07526305 0.03381128
0.62187532 0.07521323 0.03381065
0.62314663 0.07518478 0.03381133
0.62443272 0.07520108 0.03381625
0.62571880 0.07525456 0.03382017
0.62699011 0.07530047 0.03381785
0.62827620 0.07527435 0.03379882
0.62954750 0.07513310 0.03375975
0.63083359 0.07489448 0.03371267
0.63211968 0.07459838 0.03366617
0.63339099 0.07427325 0.03362448
0.63467707 0.07395432 0.03359302
0.63596316 0.07367481 0.03357485
0.63723447 0.07345848 0.03356878
0.63852056 0.07331996 0.03357300
0.63980664 0.07327474 0.03358863
0.64107795 0.07331448 0.03361281
0.64236404 0.07339919 0.03363563
0.64365012 0.07349212 0.03365232
0.64492143 0.07357971 0.03366469
0.64620752 0.07365641 0.03367305
0.64749361 0.07371952 0.03367900
0.64876491 0.07376264 0.03368202
0.65005100 0.07378065 0.03368181
0.65132231 0.07376756 0.03367779
0.65260839 0.07371820 0.03366956
0.65389448 0.07362568 0.03365506
0.65516579 0.07348722 0.03363419
0.65645188 0.07330817 0.03360848
0.65772318 0.07310292 0.03358273
0.65900927 0.07289222 0.03356373
0.66029536 0.07267864 0.03355066
0.66156666 0.07245059 0.03354089
0.66285275 0.07218496 0.03352697
0.66413884 0.07188101 0.03350845
0.66541014 0.07157839 0.03349790
0.66669623 0.07132734 0.03350743
0.66796754 0.07115235 0.03353731
0.66925363 0.07104345 0.03357789
0.67053971 0.07098309 0.03361889
0.67181102 0.07095585 0.03365753
0.67309711 0.07093761 0.03369050
0.67436841 0.07087219 0.03371091
0.67565450 0.07070725 0.03370925
0.67692581 0.07045276 0.03369389
0.67821189 0.07014895 0.03367918
0.67949798 0.06981722 0.03366668
0.68076929 0.06945992 0.03365368
0.68205538 0.06907415 0.03363388
0.68332668 0.06868262 0.03361189
0.68461277 0.06834591 0.03360495
0.68589886 0.06812495 0.03362964
0.68717016 0.06800264 0.03367398
0.68845625 0.06790790 0.03371619
0.68972756 0.06780070 0.03375018
0.69101364 0.06767674 0.03377930
0.69228495 0.06753698 0.03380390
0.69357104 0.06738424 0.03382464
0.69484234 0.06722579 0.03384150
0.69612843 0.06707885 0.03385747
0.69741452 0.06696235 0.03387468
0.69868582 0.06688977 0.03389508
0.69997191 0.06685133 0.03391478
0.70124322 0.06680139 0.03392100
0.70252931 0.06671664 0.03391462
0.70380061 0.06661070 0.03390807
0.70508670 0.06650239 0.03391000
0.70635801 0.06638934 0.03391803
0.70764409 0.06625749 0.03392617
0.70893018 0.06610225 0.03393276
0.71020149 0.06592022 0.03393665
0.71148758 0.06571665 0.03393876
0.71275888 0.06550324 0.03394010
0.71404497 0.06531421 0.03394786
0.71531627 0.06519597 0.03397182
0.71660236 0.06515517 0.03400599
0.71787367 0.06514642 0.03403308
0.71915976 0.06512696 0.03404476
0.72043106 0.06508728 0.03404415
0.72171715 0.06503216 0.03403611
0.72298845 0.06497264 0.03402590
0.72427454 0.06491915 0.03401904
0.72554585 0.06487367 0.03401834
0.72683194 0.06481788 0.03401962
0.72810324 0.06472476 0.03401635
0.72938933 0.06458341 0.03400464
0.73066064 0.06441643 0.03399342
0.73194672 0.06425923 0.03399098
0.73321803 0.06413481 0.03400072
0.73450412 0.06404792 0.03401968
0.73577542 0.06398553 0.03403912
0.73706151 0.06393343 0.03405485
0.73833282 0.06388487 0.03406529
0.73961890 0.06383678 0.03407073
0.74089021 0.06378702 0.03407112
0.74217630 0.06373293 0.03406618
0.74344760 0.06367284 0.03405586
0.74473369 0.06360588 0.03404031
0.74600500 0.06353423 0.03402100
0.74729108 0.06346480 0.03400140
0.74856239 0.06340479 0.03398475
0.74984848 0.06335921 0.03397287
0.75111978 0.06332910 0.03396590
0.75240587 0.06331318 0.03396290
0.75367718 0.06330878 0.03396269
0.75496327 0.06331326 0.03396434
0.75623457 0.06332410 0.03396691
0.75752066 0.06333891 0.03396972
0.75879196 0.06335574 0.03397210
0.76007805 0.06337314 0.03397361
0.76134936 0.06339068 0.03397407
0.76263545 0.06340916 0.03397373
0.76390675 0.06343068 0.03397306
0.76517806 0.06345897 0.03397308
0.76646414 0.06349993 0.03397558
0.76773545 0.06355983 0.03398227
0.76902154 0.06364061 0.03399322
0.77029284 0.06373059 0.03400310
0.77157893 0.06380748 0.03400506
0.77285024 0.06385655 0.03399737
0.77413633 0.06387463 0.03398217
0.77540763 0.06386203 0.03396193
0.77669372 0.06381986 0.03393814
0.77796502 0.06374835 0.03391150
0.77923633 0.06365226 0.03388395
0.78052242 0.06353912 0.03385886
0.78179372 0.06341993 0.03383912
0.78307981 0.06330447 0.03382647
0.78435112 0.06320370 0.03382256
0.78563720 0.06312163 0.03382579
0.78690851 0.06305164 0.03383194
0.78817982 0.06299123 0.03383907
0.78946590 0.06293873 0.03384600
0.79073721 0.06289379 0.03385201
0.79202330 0.06285492 0.03385633
0.79329460 0.06281986 0.03385817
0.79458069 0.06278432 0.03385666
0.79585200 0.06274214 0.03385045
0.79712330 0.06268918 0.03384034
0.79840939 0.06262215 0.03382762
0.79968070 0.06253783 0.03381266
0.80096678 0.06243564 0.03379634
0.80223809 0.06231735 0.03377923
0.80350939 0.06219210 0.03376519
0.80479548 0.06207193 0.03375896
0.80606679 0.06196765 0.03376418
0.80735288 0.06187997 0.03377951
0.80862418 0.06180168 0.03379918
0.80989549 0.06172962 0.03382029
0.81118157 0.06166438 0.03384151
0.81245288 0.06161080 0.03386343
0.81373897 0.06157198 0.03388695
0.81501027 0.06154068 0.03390872
0.81628158 0.06150350 0.03392470
0.81756767 0.06145366 0.03393395
0.81883897 0.06138994 0.03393711
0.82012506 0.06130883 0.03393297
0.82139637 0.06120581 0.03391962
0.82266767 0.06107309 0.03389279
0.82395376 0.06091398 0.03385443
0.82522507 0.06075472 0.03381948
0.82651115 0.06062251 0.03380204
0.82778246 0.06052207 0.03380265
0.82905376 0.06044439 0.03381566
0.83033985 0.06038042 0.03383657
0.83161116 0.06032179 0.03386121
0.83288246 0.06026342 0.03388769
0.83416855 0.06020044 0.03391400
0.83543986 0.06012803 0.03393821
0.83672594 0.06004180 0.03395855
0.83799725 0.05993926 0.03397430
0.83926856 0.05981896 0.03398517
0.84055464 0.05967987 0.03399080
0.84182595 0.05952123 0.03399100
0.84309725 0.05934344 0.03398525
0.84438334 0.05915003 0.03397486
0.84565465 0.05894920 0.03396165
0.84692595 0.05875333 0.03394914
0.84821204 0.05858008 0.03394259
0.84948335 0.05844723 0.03394667
0.85076944 0.05836060 0.03396339
0.85204074 0.05829776 0.03398322
0.85331205 0.05823274 0.03399939
0.85459813 0.05815100 0.03400988
0.85586944 0.05804719 0.03401489
0.85714075 0.05792220 0.03401649
0.85842683 0.05777432 0.03401403
0.85969814 0.05760641 0.03400898
0.86096944 0.05742354 0.03400244
0.86225553 0.05723817 0.03399856
0.86352684 0.05707129 0.03400412
0.86479814 0.05694901 0.03402852
0.86608423 0.05688495 0.03407551
0.86735554 0.05687060 0.03413851
0.86862684 0.05688293 0.03420450
0.86991293 0.05689886 0.03426118
0.87118424 0.05690252 0.03430263
0.87245554 0.05688242 0.03432758
0.87374163 0.05682926 0.03433635
0.87501293 0.05673518 0.03432950
0.87628424 0.05659582 0.03430827
0.87757033 0.05641067 0.03427419
0.87884163 0.05618429 0.03423028
0.88011294 0.05592598 0.03418082
0.88138424 0.05564818 0.03413103
0.88267033 0.05536358 0.03408575
0.88394164 0.05508299 0.03404823
0.88521294 0.05481386 0.03402036
0.88649903 0.05456167 0.03400298
0.88777034 0.05433678 0.03400077
0.88904164 0.05414596 0.03401517
0.89032773 0.05398192 0.03403800
0.89159904 0.05383762 0.03406229
0.89287034 0.05371468 0.03408639
0.89415643 0.05361581 0.03411091
0.89542774 0.05353751 0.03413455
0.89669904 0.05347182 0.03415565
0.89797035 0.05340993 0.03417264
0.89925643 0.05334634 0.03418590
0.90052774 0.05327725 0.03419564
0.90179905 0.05319920 0.03420186
0.90308513 0.05310969 0.03420483
0.90435644 0.05300526 0.03420366
0.90562774 0.05288381 0.03419824
0.90691383 0.05274431 0.03418839
0.90818514 0.05258796 0.03417461
0.90945644 0.05241833 0.03415784
0.91072775 0.05224571 0.03414177
0.91201384 0.05208202 0.03412993
0.91328514 0.05193831 0.03412492
0.91455645 0.05182204 0.03412775
0.91582775 0.05173654 0.03413762
0.91711384 0.05168605 0.03415492
0.91838515 0.05166993 0.03417854
0.91965645 0.05168610 0.03420778
0.92094254 0.05172541 0.03424029
0.92221385 0.05177309 0.03427232
0.92348515 0.05180497 0.03429634
0.92475646 0.05180163 0.03430679
0.92604254 0.05176338 0.03430578
0.92731385 0.05169977 0.03429828
0.92858516 0.05162224 0.03428933
0.92985646 0.05153648 0.03428118
0.93114255 0.05144448 0.03427412
0.93241385 0.05134803 0.03426907
0.93368516 0.05125176 0.03426789
0.93495647 0.05116721 0.03427723
0.93624255 0.05109974 0.03429691
0.93751386 0.05104853 0.03432154
0.93878516 0.05102824 0.03435385
0.94005647 0.05104966 0.03439571
0.94134256 0.05109148 0.03443684
0.94261386 0.05111848 0.03446424
0.94388517 0.05111950 0.03447764
0.94515647 0.05109601 0.03448036
0.94644256 0.05104813 0.03447443
0.94771387 0.05097592 0.03446032
0.94898517 0.05087761 0.03443791
0.95025648 0.05075478 0.03440775
0.95154257 0.05060861 0.03437013
0.95281387 0.05043804 0.03432282
0.95408518 0.05025068 0.03426884
0.95535648 0.05006805 0.03421788
0.95664257 0.04992400 0.03418555
0.95791388 0.04984614 0.03418207
0.95918518 0.04983447 0.03420352
0.96045649 0.04986129 0.03423554
0.96174258 0.04989241 0.03426458
0.96301388 0.04991406 0.03428733
0.96428519 0.04992205 0.03430370
0.96555649 0.04991052 0.03431194
0.96682780 0.04987267 0.03430828
0.96811389 0.04980476 0.03429195
0.96938519 0.04970885 0.03426448
0.97065650 0.04958998 0.03422883
0.97192780 0.04945540 0.03418826
0.97321389 0.04931128 0.03414514
0.97448520 0.04916505 0.03410216
0.97575650 0.04902428 0.03406179
0.97702781 0.04889835 0.03402717
0.97829911 0.04879598 0.03400112
0.97958520 0.04871973 0.03398367
0.98085651 0.04866722 0.03397338
0.98212781 0.04863002 0.03396645
0.98339912 0.04860053 0.03396052
0.98468520 0.04857227 0.03395380
0.98595651 0.04854007 0.03394500
0.98722781 0.04850063 0.03393368
0.98849912 0.04845021 0.03391879
0.98977043 0.04838638 0.03389975
0.99105651 0.04830931 0.03387709
0.99232782 0.04822168 0.03385248
0.99359912 0.04812703 0.03382792
0.99487043 0.04802624 0.03380392
0.99614174 0.04791524 0.03377755
0.99742782 0.04778990 0.03374595
0.99869913 0.04765281 0.03370996
0.99997043 0.04751037 0.03367231
1.00124174 0.04737098 0.03363651
1.00251305 0.04724142 0.03360511
1.00378435 0.04712300 0.03357800
1.00507044 0.04701391 0.03355380
1.00634174 0.04691103 0.03353108
1.00761305 0.04681276 0.03350913
1.00888436 0.04671854 0.03348808
1.01015566 0.04662885 0.03346831
1.01144175 0.04654406 0.03345008
1.01271305 0.04646471 0.03343384
1.01398436 0.04639161 0.03341994
1.01525567 0.04632573 0.03340893
1.01652697 0.04626837 0.03340147
1.01779828 0.04622063 0.03339822
1.01908436 0.04618253 0.03339942
1.02035567 0.04614883 0.03340222
1.02162698 0.04610956 0.03340125
1.02289828 0.04605586 0.03339237
1.02416959 0.04598149 0.03337283
1.02545567 0.04588691 0.03334338
1.02672698 0.04578092 0.03330893
1.02799829 0.04567354 0.03327444
1.02926959 0.04557033 0.03324221
1.03054090 0.04547403 0.03321310
1.03181220 0.04538752 0.03318831
1.03309829 0.04531355 0.03316890
1.03436960 0.04525599 0.03315671
1.03564090 0.04521552 0.03315197
1.03691221 0.04518821 0.03315248
1.03818351 0.04516904 0.03315585
1.03945482 0.04515479 0.03316087
1.04072612 0.04514429 0.03316725
1.04201221 0.04513640 0.03317468
1.04328352 0.04513096 0.03318341
1.04455482 0.04512635 0.03319272
1.04582613 0.04511789 0.03319990
1.04709743 0.04510100 0.03320236
1.04836874 0.04507404 0.03319922
1.04965483 0.04503725 0.03319044
1.05092613 0.04499267 0.03317676
1.05219744 0.04494524 0.03316056
1.05346874 0.04490167 0.03314516
1.05474005 0.04486821 0.03313353
1.05601135 0.04485109 0.03312872
1.05728266 0.04485565 0.03313316
1.05856875 0.04488630 0.03314901
1.05984005 0.04494146 0.03317524
1.06111136 0.04501417 0.03320834
1.06238266 0.04509246 0.03324243
1.06365397 0.04516980 0.03327469
1.06492527 0.04524750 0.03330662
1.06619658 0.04532344 0.03333731
1.06746788 0.04539237 0.03336397
1.06875397 0.04544662 0.03338251
1.07002528 0.04548044 0.03339002
1.07129658 0.04549157 0.03338562
1.07256789 0.04548038 0.03336975
1.07383919 0.04544857 0.03334337
1.07511050 0.04539804 0.03330720
1.07638181 0.04533683 0.03326540
1.07766789 0.04527866 0.03322471
1.07893920 0.04524647 0.03319724
1.08021050 0.04525809 0.03319179
1.08148181 0.04530368 0.03320111
1.08275312 0.04535895 0.03321194
1.08402442 0.04540957 0.03322155
1.08529573 0.04545340 0.03323153
1.08656703 0.04549209 0.03323970
1.08783834 0.04552847 0.03324421
1.08912443 0.04555854 0.03324783
1.09039573 0.04557699 0.03325618
1.09166704 0.04558342 0.03326993
1.09293834 0.04558009 0.03328838
1.09420965 0.04556927 0.03330927
1.09548095 0.04555321 0.03332969
1.09675226 0.04553336 0.03334652
1.09802356 0.04551060 0.03335718
1.09930965 0.04548583 0.03336025
1.10058096 0.04546086 0.03335553
1.10185226 0.04543670 0.03334302
1.10312357 0.04541408 0.03332290
1.10439487 0.04539353 0.03329555
1.10566618 0.04537453 0.03326117
1.10693748 0.04535723 0.03322042
1.10820879 0.04534184 0.03317422
1.10948010 0.04532933 0.03312396
1.11075140 0.04532089 0.03307119
1.11203749 0.04531779 0.03301758
1.11330879 0.04532060 0.03296429
1.11458010 0.04532999 0.03291261
1.11585141 0.04534671 0.03286413
1.11712271 0.04536913 0.03281928
1.11839402 0.04539496 0.03277833
1.11966532 0.04541695 0.03273923
1.12093663 0.04542013 0.03269588
1.12220793 0.04538235 0.03263827
1.12347924 0.04528643 0.03255900
1.12475054 0.04514688 0.03246311
1.12603663 0.04500280 0.03236187
1.12730794 0.04488867 0.03226155
1.12857924 0.04482538 0.03216292
1.12985055 0.04482925 0.03206406
1.13112185 0.04491466 0.03196489
1.13239316 0.04509323 0.03186423
1.13366446 0.04537243 0.03176378
1.13493577 0.04575270 0.03166811
1.13620707 0.04621433 0.03159261
1.13747838 0.04666683 0.03159177
1.13874969 0.04705522 0.03168401
1.14002099 0.04733371 0.03178056
1.14130708 0.04748278 0.03183666
1.14257838 0.04755246 0.03188054
1.14384969 0.04752736 0.03191387
1.14512100 0.04736803 0.03193519
1.14639230 0.04704698 0.03194903
1.14766361 0.04662439 0.03194966
1.14893491 0.04624393 0.03192624
1.15020622 0.04597129 0.03189572
1.15147752 0.04567928 0.03187843
1.15274883 0.04522843 0.03188177
1.15402013 0.04469073 0.03188652
1.15529144 0.04454995 0.03190985
1.15656274 0.04440599 0.03193375
1.15783405 0.04426100 0.03195909
1.15912014 0.04411569 0.03198565
1.16039144 0.04397076 0.03201320
1.16166275 0.04382696 0.03204148
1.16293405 0.04368504 0.03207024
1.16420536 0.04354578 0.03209920
1.16547667 0.04340997 0.03212806
1.16674797 0.04327841 0.03215653
1.16801928 0.04315193 0.03218428
1.16929058 0.04303134 0.03221099
1.17056189 0.04291750 0.03223631
1.17183319 0.04281123 0.03225990
1.17310450 0.04271339 0.03228138
1.17437580 0.04262481 0.03230039
1.17564711 0.04254634 0.03231652
1.17691841 0.04247881 0.03232940
1.17818972 0.04242305 0.03233860
1.17946103 0.04237986 0.03234373
1.18074711 0.04235006 0.03234436
1.18201842 0.04233442 0.03234006
1.18328972 0.04233371 0.03233041
1.18456103 0.04234865 0.03231496
1.18583234 0.04237996 0.03229328
1.18710364 0.04242831 0.03226493
1.18837495 0.04249434 0.03222945
1.18964625 0.04257865 0.03218641
1.19091756 0.04268180 0.03213536
1.19218886 0.04280431 0.03207586
1.19346017 0.04294661 0.03200748
1.19473147 0.04310913 0.03192977
1.19600278 0.04329221 0.03184232
1.19727408 0.04349612 0.03174470
1.19854539 0.04372107 0.03163649
1.19981670 0.04396720 0.03151730
1.20108800 0.04423458 0.03138673
1.20235931 0.04452317 0.03124440
1.20363061 0.04483287 0.03108994
1.20490192 0.04516348 0.03092302
1.20617322 0.04551470 0.03074328
1.20744453 0.04588612 0.03055041
1.20873062 0.04627724 0.03034412
1.21000192 0.04668742 0.03012413
1.21127323 0.04711594 0.02989018
1.21254453 0.04756192 0.02964204
1.21381584 0.04802437 0.02937950
1.21508714 0.04850216 0.02910237
1.21635845 0.04899402 0.02881051
1.21762975 0.04949853 0.02850378
1.21890106 0.05001412 0.02818208
1.22017237 0.05053906 0.02784534
1.22144367 0.05107145 0.02749351
1.22271498 0.05160923 0.02712659
1.22398628 0.05215015 0.02674460
1.22525759 0.05269179 0.02634759
1.22652889 0.05323152 0.02593563
1.22780020 0.05376653 0.02550886
1.22907150 0.05429379 0.02506740
1.23034281 0.05481008 0.02461144
1.23161411 0.05531194 0.02414118
1.23288542 0.05579570 0.02365685
1.23415673 0.05625745 0.02315872
1.23542803 0.05669305 0.02264706
1.23669934 0.05709809 0.02212219
1.23797064 0.05746794 0.02158442
1.23924195 0.05779768 0.02103409
1.24051325 0.05808214 0.02047155
1.24178456 0.05831586 0.01989715
1.24305586 0.05849309 0.01931124
1.24432717 0.05860781 0.01871417
1.24559847 0.05865368 0.01810627
1.24686978 0.05862407 0.01748782
1.24814109 0.05851200 0.01685912
1.24941239 0.05831021 0.01622037
1.25068370 0.05801106 0.01557174
1.25195500 0.05760660 0.01491333
1.25322631 0.05708852 0.01424516
1.25449761 0.05644816 0.01356713
1.25576892 0.05567646 0.01287904
1.25704022 0.05476403 0.01218057
1.25831153 0.05370105 0.01147122
1.25958283 0.05247735 0.01075034
1.26085414 0.05108230 0.01001710
1.26212545 0.04950492 0.00927045
1.26339675 0.04773375 0.00850914
1.26466806 0.04575695 0.00773168
1.26593936 0.04356219 0.00693636
1.26721067 0.04113673 0.00612125
1.26848197 0.03846734 0.00528424
1.26975328 0.03554033 0.00442318
1.27102458 0.03234154 0.00353625
1.27229589 0.02885630 0.00262315
1.27356719 0.02506946 0.00169062
1.27483850 0.02096535 0.00079918
1.27610981 0.01652777 0.00068298
1.27738111 0.01174001 0.00162329
1.27865242 0.00658479 0.00273785
1.27992372 0.00104430 0.00393279
1.28119503 -0.00489983 0.00520032
-0.96316762 0.02922687 0.00370138
-0.96189631 0.02641727 0.00222041
-0.96062353 0.01987820 0.00128394
-0.95934927 0.01694767 0.00122530
-0.95807353 0.01716893 0.00258744
-0.95679779 0.02027293 0.00464985
-0.95551909 0.02390273 0.00548976
-0.95423744 0.03218750 0.00529871
-0.95295431 0.03158490 0.01626269
-0.95167118 0.09100577 0.03855274
-0.95038804 0.17868567 0.04455571
-0.94910048 0.18736833 0.03890618
-0.94781143 0.15985567 0.03575959
-0.94651943 0.14008733 0.03505794
-0.94522743 0.13226513 0.03480251
-0.94393247 0.12765283 0.03421783
-0.94263604 0.12559943 0.03360827
-0.94133960 0.12388097 0.03318910
-0.94004021 0.12167143 0.03274438
-0.93873934 0.11913080 0.03234122
-0.93743699 0.11680437 0.03202901
-0.93613316 0.11467833 0.03174443
-0.93482786 0.11277247 0.03148248
-0.93351959 0.11104127 0.03123919
-0.93221133 0.10946973 0.03101029
-0.93090011 0.10803280 0.03079321
-0.92958890 0.10671313 0.03058669
-0.92827472 0.10549307 0.03038894
-0.92695907 0.10435930 0.03019963
-0.92564341 0.10329867 0.03001744
-0.92432480 0.10230053 0.02984277
-0.92300472 0.10135380 0.02967428
-0.92168315 0.10044957 0.02951308
-0.92036010 0.09957757 0.02935831
-0.91903410 0.09872780 0.02920935
-0.91770810 0.09789073 0.02906399
-0.91638062 0.09707487 0.02891611
-0.91505167 0.09633210 0.02876366
-0.91371975 0.09571007 0.02861563
-0.91238784 0.09517150 0.02847235
-0.91105297 0.09465183 0.02832732
-0.90971810 0.09413773 0.02818167
-0.90838027 0.09363627 0.02803925
-0.90704096 0.09314740 0.02789871
-0.90570166 0.09267070 0.02775918
-0.90435940 0.09220593 0.02762145
-0.90301565 0.09175183 0.02748444
-0.90167044 0.09130827 0.02734890
-0.90032374 0.09087423 0.02721417
-0.89897556 0.09044930 0.02708055
-0.89762591 0.09003243 0.02694743
-0.89627478 0.08962317 0.02681512
-0.89492217 0.08922133 0.02668373
-0.89356808 0.08882580 0.02655271
-0.89221251 0.08843633 0.02642222
-0.89085547 0.08805233 0.02629200
-0.88949695 0.08767353 0.02616223
-0.88813547 0.08729967 0.02603311
-0.88677399 0.08692990 0.02590385
-0.88541103 0.08656463 0.02577553
-0.88404659 0.08620273 0.02564690
-0.88267920 0.08584430 0.02551858
-0.88131181 0.08548920 0.02539068
-0.87994294 0.08513700 0.02526279
-0.87857259 0.08478750 0.02513506
-0.87719928 0.08444060 0.02500759
-0.87582598 0.08409547 0.02487959
-0.87445120 0.08375307 0.02475241
-0.87307345 0.08341227 0.02462479
-0.87169571 0.08307330 0.02449729
-0.87031650 0.08273573 0.02436951
-0.86893580 0.08239987 0.02424191
-0.86755215 0.08206523 0.02411416
-0.86616849 0.08173213 0.02398671
-0.86478336 0.08139990 0.02385868
-0.86339675 0.08106877 0.02373062
-0.86200866 0.08073840 0.02360206
-0.86061762 0.08040937 0.02347396
-0.85922657 0.08008107 0.02334540
-0.85783405 0.07975340 0.02321645
-0.85644005 0.07942640 0.02308709
-0.85504457 0.07910003 0.02295735
-0.85364761 0.07877463 0.02282769
-0.85224918 0.07844950 0.02269721
-0.85084926 0.07812533 0.02256683
-0.84944787 0.07780150 0.02243560
-0.84804648 0.07747837 0.02230398
-0.84664213 0.07715563 0.02217148
-0.84523630 0.07683390 0.02203842
-0.84382899 0.07651327 0.02190475
-0.84242169 0.07619317 0.02177083
-0.84101143 0.07587117 0.02163563
-0.83960116 0.07554760 0.02150031
-0.83818795 0.07522207 0.02136453
-0.83677473 0.07489420 0.02122788
-0.83536003 0.07456370 0.02109063
-0.83394238 0.07422973 0.02095272
-0.83252472 0.07389163 0.02081533
-0.83110559 0.07354537 0.02067779
-0.82968498 0.07318750 0.02054097
-0.82826289 0.07281627 0.02040404
-0.82684081 0.07243353 0.02026835
-0.82541576 0.07203900 0.02013348
-0.82398924 0.07163203 0.01999975
-0.82256272 0.07121217 0.01986731
-0.82113324 0.07077890 0.01973649
-0.81970376 0.07033230 0.01960744
-0.81827280 0.06987260 0.01948031
-0.81684036 0.06940057 0.01935529
-0.81540645 0.06891760 0.01923233
-0.81397106 0.06842567 0.01911143
-0.81253418 0.06792733 0.01899254
-0.81109584 0.06742570 0.01887546
-0.80965749 0.06692437 0.01875989
-0.80821618 0.06642717 0.01864554
-0.80677488 0.06593797 0.01853220
-0.80533209 0.06546047 0.01841935
-0.80388783 0.06499790 0.01830679
-0.80244209 0.06455297 0.01819406
-0.80099487 0.06412753 0.01808100
-0.79954765 0.06372267 0.01796722
-0.79809748 0.06333867 0.01785267
-0.79664730 0.06297520 0.01773704
-0.79519565 0.06263123 0.01762030
-0.79374252 0.06230523 0.01750226
-0.79228791 0.06199560 0.01738293
-0.79083182 0.06170030 0.01726219
-0.78937573 0.06141717 0.01714008
-0.78791669 0.06114357 0.01701632
-0.78645764 0.06087867 0.01689065
-0.78499712 0.06062377 0.01676338
-0.78353512 0.06037637 0.01663483
-0.78207164 0.06013053 0.01650490
-0.78060816 0.05988153 0.01637390
-0.77914320 0.05962567 0.01624251
-0.77767528 0.05935823 0.01611141
-0.77620885 0.05907187 0.01598121
-0.77473946 0.05876043 0.01585180
-0.77326859 0.05842447 0.01572357
-0.77179771 0.05806637 0.01559717
-0.77032537 0.05768697 0.01547251
-0.76885154 0.05728697 0.01534995
-0.76737623 0.05686690 0.01522970
-0.76590093 0.05642757 0.01511203
-0.76442266 0.05596997 0.01499710
-0.76294440 0.05549587 0.01488507
-0.76146466 0.05500740 0.01477591
-0.75998492 0.05450720 0.01466967
-0.75850222 0.05399853 0.01456621
-0.75701953 0.05348520 0.01446533
-0.75553535 0.05297133 0.01436689
-0.75405118 0.05246150 0.01427042
-0.75256405 0.05196033 0.01417561
-0.75107691 0.05147230 0.01408198
-0.74958830 0.05100153 0.01398916
-0.74809822 0.05055163 0.01389665
-0.74660813 0.05012533 0.01380400
-0.74511656 0.04972463 0.01371087
-0.74362352 0.04935050 0.01361693
-0.74212899 0.04900307 0.01352192
-0.74063447 0.04868177 0.01342558
-0.73913847 0.04838517 0.01332765
-0.73764099 0.04811143 0.01322813
-0.73614351 0.04785823 0.01312677
-0.73464307 0.04762283 0.01302353
-0.73314412 0.04740233 0.01291860
-0.73164220 0.04719323 0.01281203
-0.73014029 0.04699177 0.01270429
-0.72863542 0.04679253 0.01259625
-0.72713202 0.04658883 0.01249001
-0.72562567 0.04636473 0.01239006
-0.72411933 0.04607413 0.01229930
-0.72261150 0.04567743 0.01221042
-0.72110367 0.04522173 0.01211994
-0.71959436 0.04478653 0.01203380
-0.71808358 0.04438937 0.01194988
-0.71657132 0.04401890 0.01186456
-0.71505906 0.04366863 0.01177888
-0.71354532 0.04333353 0.01169313
-0.71203158 0.04301097 0.01160724
-0.71051488 0.04269860 0.01152150
-0.70899966 0.04239463 0.01143599
-0.70748148 0.04209770 0.01135072
-0.70596331 0.04180673 0.01126573
-0.70444366 0.04152090 0.01118112
-0.70292400 0.04123960 0.01109679
-0.70140287 0.04096220 0.01101288
-0.69988026 0.04068813 0.01092929
-0.69835765 0.04041697 0.01084604
-0.69683356 0.04014840 0.01076322
-0.69530800 0.03988207 0.01068073
-0.69378243 0.03961770 0.01059868
-0.69225538 0.03935507 0.01051698
-0.69072834 0.03909383 0.01043571
-0.68919982 0.03883390 0.01035480
-0.68766982 0.03857503 0.01027436
-0.68613981 0.03831713 0.01019431
-0.68460833 0.03805993 0.01011468
-0.68307685 0.03780340 0.01003554
-0.68154390 0.03754733 0.00995685
-0.68001094 0.03729157 0.00987860
-0.67847650 0.03703607 0.00980089
-0.67694059 0.03678067 0.00972368
-0.67540467 0.03652523 0.00964702
-0.67386728 0.03626963 0.00957092
-0.67232841 0.03601380 0.00949542
-0.67078954 0.03575760 0.00942055
-0.66925067 0.03550087 0.00934635
-0.66771032 0.03524350 0.00927287
-0.66616849 0.03498537 0.00920018
-0.66462666 0.03472633 0.00912825
-0.66308484 0.03446633 0.00905722
-0.66154005 0.03420517 0.00898715
-0.65999675 0.03394277 0.00891807
-0.65845049 0.03367900 0.00885005
-0.65690570 0.03341380 0.00878323
-0.65535796 0.03314720 0.00871760
-0.65381022 0.03287917 0.00865320
-0.65226248 0.03260990 0.00859008
-0.65071326 0.03234000 0.00852809
-0.64916404 0.03207037 0.00846697
-0.64761335 0.03180307 0.00840606
-0.64606265 0.03154203 0.00834378
-0.64451047 0.03130223 0.00827842
-0.64295830 0.03110470 0.00821187
-0.64140464 0.03094360 0.00814677
-0.63985099 0.03078717 0.00808110
-0.63829586 0.03061963 0.00801473
-0.63674073 0.03044057 0.00794948
-0.63518412 0.03025047 0.00788492
-0.63362751 0.03005293 0.00782128
-0.63207090 0.02985010 0.00775855
-0.63051133 0.02964320 0.00769663
-0.62895324 0.02943307 0.00763543
-0.62739368 0.02922037 0.00757499
-0.62583411 0.02900573 0.00751526
-0.62427306 0.02878967 0.00745625
-0.62271202 0.02857257 0.00739796
-0.62114950 0.02835480 0.00734032
-0.61958697 0.02813673 0.00728336
-0.61802445 0.02791867 0.00722708
-0.61646045 0.02770090 0.00717150
-0.61489497 0.02748367 0.00711654
-0.61333097 0.02726723 0.00706226
-0.61176401 0.02705187 0.00700866
-0.61019853 0.02683770 0.00695566
-0.60863157 0.02662500 0.00690333
-0.60706461 0.02641393 0.00685157
-0.60549618 0.02620467 0.00680046
-0.60392774 0.02599733 0.00674999
-0.60235783 0.02579213 0.00670004
-0.60078939 0.02558917 0.00665070
-0.59921800 0.02538850 0.00660197
-0.59764808 0.02519037 0.00655378
-0.59607669 0.02499490 0.00650606
-0.59450530 0.02480223 0.00645891
-0.59293243 0.02461243 0.00641214
-0.59135956 0.02442570 0.00636584
-0.58978669 0.02424203 0.00631998
-0.58821234 0.02406147 0.00627449
-0.58663799 0.02388410 0.00622936
-0.58506364 0.02371010 0.00618456
-0.58348781 0.02353933 0.00614002
-0.58191198 0.02337197 0.00609585
-0.58033616 0.02320797 0.00605186
-0.57875885 0.02304733 0.00600806
-0.57718302 0.02289013 0.00596446
-0.57560424 0.02273633 0.00592102
-0.57402693 0.02258593 0.00587768
-0.57244815 0.02243890 0.00583437
-0.57086937 0.02229517 0.00579111
-0.56929058 0.02215473 0.00574781
-0.56771032 0.02201753 0.00570444
-0.56613006 0.02188343 0.00566105
-0.56454980 0.02175233 0.00561751
-0.56296805 0.02162413 0.00557382
-0.56138779 0.02149860 0.00552995
-0.55980605 0.02137547 0.00548588
-0.55822283 0.02125437 0.00544175
-0.55664109 0.02113487 0.00539749
-0.55505787 0.02101607 0.00535339
-0.55347466 0.02089687 0.00530971
-0.55189144 0.02077530 0.00526703
-0.55030822 0.02064830 0.00522666
-0.54872352 0.02050620 0.00519035
-0.54713882 0.02032673 0.00515737
-0.54555413 0.02010423 0.00512308
-0.54396943 0.01987327 0.00508843
-0.54238325 0.01966267 0.00505623
-0.54079708 0.01947210 0.00502425
-0.53921090 0.01929650 0.00499191
-0.53762473 0.01913217 0.00495937
-0.53603855 0.01897707 0.00492674
-0.53445090 0.01882950 0.00489407
-0.53286472 0.01868820 0.00486134
-0.53127707 0.01855220 0.00482870
-0.52968942 0.01842070 0.00479615
-0.52810029 0.01829307 0.00476372
-0.52651263 0.01816867 0.00473141
-0.52492498 0.01804707 0.00469925
-0.52333585 0.01792787 0.00466726
-0.52174671 0.01781077 0.00463550
-0.52015758 0.01769537 0.00460390
-0.51856845 0.01758153 0.00457249
-0.51697932 0.01746897 0.00454132
-0.51538871 0.01735747 0.00451035
-0.51379958 0.01724677 0.00447962
-0.51220897 0.01713683 0.00444913
-0.51061836 0.01702743 0.00441886
-0.50902775 0.01691843 0.00438889
-0.50743714 0.01680973 0.00435924
-0.50584653 0.01670113 0.00432982
-0.50425592 0.01659260 0.00430072
-0.50266383 0.01648400 0.00427199
-0.50107322 0.01637520 0.00424355
-0.49948261 0.01626607 0.00421544
-0.49789052 0.01615650 0.00418779
-0.49629843 0.01604647 0.00416055
-0.49470782 0.01593580 0.00413370
-0.49311573 0.01582440 0.00410738
-0.49152364 0.01571223 0.00408148
-0.48993156 0.01559920 0.00405613
-0.48833947 0.01548523 0.00403133
-0.48674738 0.01537027 0.00400715
-0.48515529 0.01525420 0.00398354
-0.48356320 0.01513697 0.00396061
-0.48196964 0.01501863 0.00393828
-0.48037755 0.01489913 0.00391668
-0.47878546 0.01477860 0.00389571
-0.47719337 0.01465723 0.00387539
-0.47559980 0.01453530 0.00385561
-0.47400772 0.01441343 0.00383623
-0.47241563 0.01429260 0.00381684
-0.47082206 0.01417430 0.00379701
-0.46922997 0.01406213 0.00377560
-0.46763788 0.01396647 0.00375236
-0.46604432 0.01389823 0.00372943
-0.46445223 0.01385057 0.00370785
-0.46286014 0.01380463 0.00368603
-0.46126658 0.01375107 0.00366350
-0.45967449 0.01369100 0.00364110
-0.45808240 0.01362680 0.00361913
-0.45649031 0.01355957 0.00359751
-0.45489822 0.01348982 0.00357626
-0.45330613 0.01341822 0.00355534
-0.45171257 0.01334505 0.00353474
-0.45012048 0.01327068 0.00351444
-0.44852839 0.01319532 0.00349441
-0.44693778 0.01311923 0.00347470
-0.44534569 0.01304257 0.00345525
-0.44375360 0.01296544 0.00343606
-0.44216151 0.01288804 0.00341714
-0.44057090 0.01281044 0.00339844
-0.43897882 0.01273274 0.00338007
-0.43738821 0.01265504 0.00336192
-0.43579612 0.01257739 0.00334401
-0.43420551 0.01249994 0.00332632
-0.43261490 0.01242273 0.00330888
-0.43102429 0.01234582 0.00329167
-0.42943368 0.01226919 0.00327467
-0.42784307 0.01219299 0.00325793
-0.42625394 0.01211725 0.00324143
-0.42466333 0.01204194 0.00322512
-0.42307419 0.01196714 0.00320902
-0.42148358 0.01189290 0.00319315
-0.41989445 0.01181923 0.00317751
-0.41830532 0.01174617 0.00316207
-0.41671619 0.01167371 0.00314684
-0.41512853 0.01160191 0.00313184
-0.41353940 0.01153076 0.00311701
-0.41195175 0.01146035 0.00310243
-0.41036262 0.01139061 0.00308801
-0.40877496 0.01132163 0.00307383
-0.40718731 0.01125337 0.00305983
-0.40560114 0.01118586 0.00304601
-0.40401348 0.01111912 0.00303240
-0.40242731 0.01105314 0.00301896
-0.40084113 0.01098796 0.00300572
-0.39925496 0.01092358 0.00299269
-0.39766878 0.01085998 0.00297980
-0.39608261 0.01079719 0.00296710
-0.39449791 0.01073523 0.00295459
-0.39291321 0.01067409 0.00294226
-0.39132851 0.01061379 0.00293011
-0.38974382 0.01055434 0.00291812
-0.38816060 0.01049574 0.00290630
-0.38657738 0.01043797 0.00289459
-0.38499416 0.01038111 0.00288308
-0.38341094 0.01032512 0.00287165
-0.38182920 0.01027008 0.00286038
-0.38024598 0.01021598 0.00284921
-0.37866424 0.01016290 0.00283811
-0.37708398 0.01011090 0.00282706
-0.37550224 0.01006014 0.00281606
-0.37392198 0.01001076 0.00280492
-0.37234172 0.00996337 0.00279366
-0.37076145 0.00991930 0.00278235
-0.36918267 0.00987877 0.00277148
-0.36760388 0.00983911 0.00276070
-0.36602510 0.00979844 0.00274986
-0.36444780 0.00975672 0.00273905
-0.36286901 0.00971426 0.00272833
-0.36129171 0.00967137 0.00271777
-0.35971588 0.00962818 0.00270737
-0.35814005 0.00958480 0.00269710
-0.35656422 0.00954136 0.00268702
-0.35498840 0.00949793 0.00267708
-0.35341405 0.00945454 0.00266726
-0.35183970 0.00941128 0.00265758
-0.35026535 0.00936819 0.00264806
-0.34869248 0.00932529 0.00263864
-0.34711961 0.00928265 0.00262939
-0.34554674 0.00924028 0.00262025
-0.34397534 0.00919823 0.00261124
-0.34240395 0.00915650 0.00260237
-0.34083256 0.00911512 0.00259362
-0.33926264 0.00907414 0.00258502
-0.33769273 0.00903353 0.00257653
-0.33612429 0.00899331 0.00256812
-0.33455586 0.00895356 0.00255989
-0.33298742 0.00891426 0.00255178
-0.33142046 0.00887541 0.00254378
-0.32985350 0.00883705 0.00253587
-0.32828655 0.00879921 0.00252810
-0.32672107 0.00876192 0.00252044
-0.32515559 0.00872520 0.00251289
-0.32359159 0.00868910 0.00250548
-0.32202758 0.00865362 0.00249813
-0.32046358 0.00861885 0.00249085
-0.31890106 0.00858483 0.00248363
-0.31734002 0.00855169 0.00247648
-0.31577749 0.00851951 0.00246932
-0.31421793 0.00848844 0.00246207
-0.31265688 0.00845877 0.00245477
-0.31109731 0.00843080 0.00244726
-0.30953923 0.00840493 0.00243933
-0.30798114 0.00838194 0.00243080
-0.30642305 0.00836300 0.00242126
-0.30486644 0.00835160 0.00241054
-0.30330983 0.00835321 0.00239990
-0.30175470 0.00836585 0.00239043
-0.30019957 0.00837893 0.00238086
-0.29864591 0.00838690 0.00237053
-0.29709226 0.00839044 0.00236021
-0.29554008 0.00839010 0.00234995
-0.29398791 0.00838640 0.00233973
-0.29243721 0.00837990 0.00232960
-0.29088651 0.00837113 0.00231952
-0.28933730 0.00836045 0.00230953
-0.28778808 0.00834810 0.00229959
-0.28623886 0.00833435 0.00228974
-0.28469112 0.00831933 0.00227988
-0.28314485 0.00830326 0.00227006
-0.28159859 0.00828628 0.00226027
-0.28005381 0.00826850 0.00225047
-0.27850902 0.00825007 0.00224066
-0.27696572 0.00823111 0.00223088
-0.27542241 0.00821169 0.00222107
-0.27388059 0.00819192 0.00221125
-0.27234024 0.00817185 0.00220136
-0.27079989 0.00815159 0.00219147
-0.26925954 0.00813120 0.00218155
-0.26772067 0.00811071 0.00217156
-0.26618327 0.00809018 0.00216153
-0.26464588 0.00806963 0.00215140
-0.26310997 0.00804913 0.00214123
-0.26157405 0.00802869 0.00213102
-0.26003962 0.00800827 0.00212068
-0.25850518 0.00798794 0.00211034
-0.25697222 0.00796759 0.00209989
-0.25544074 0.00794722 0.00208939
-0.25390926 0.00792673 0.00207884
-0.25237926 0.00790604 0.00206830
-0.25084926 0.00788498 0.00205783
-0.24932074 0.00786330 0.00204744
-0.24779369 0.00784062 0.00203720
-0.24626665 0.00781659 0.00202737
-0.24474108 0.00779039 0.00201809
-0.24321552 0.00776114 0.00200970
-0.24169143 0.00772717 0.00200274
-0.24016882 0.00768634 0.00199809
-0.23864621 0.00763307 0.00199685
-0.23712508 0.00755125 0.00199650
-0.23560542 0.00743596 0.00199163
-0.23408577 0.00731795 0.00198402
-0.23256759 0.00722641 0.00197838
-0.23104942 0.00716110 0.00197352
-0.22953272 0.00711372 0.00196811
-0.22801750 0.00707878 0.00196220
-0.22650376 0.00705293 0.00195576
-0.22499002 0.00703379 0.00194890
-0.22347628 0.00701966 0.00194169
-0.22196550 0.00700930 0.00193418
-0.22045471 0.00700175 0.00192642
-0.21894541 0.00699632 0.00191847
-0.21743610 0.00699245 0.00191034
-0.21592827 0.00698973 0.00190207
-0.21442193 0.00698781 0.00189366
-0.21291705 0.00698643 0.00188514
-0.21141218 0.00698538 0.00187653
-0.20990879 0.00698448 0.00186782
-0.20840540 0.00698359 0.00185902
-0.20690496 0.00698259 0.00185016
-0.20540453 0.00698136 0.00184122
-0.20390557 0.00697980 0.00183225
-0.20240661 0.00697782 0.00182324
-0.20090913 0.00697530 0.00181421
-0.19941313 0.00697213 0.00180520
-0.19791861 0.00696815 0.00179623
-0.19642408 0.00696317 0.00178737
-0.19493104 0.00695691 0.00177869
-0.19343947 0.00694895 0.00177034
-0.19194791 0.00693825 0.00176238
-0.19045930 0.00692326 0.00175457
-0.18897069 0.00690357 0.00174661
-0.18748355 0.00688115 0.00173849
-0.18599642 0.00685883 0.00173041
-0.18451077 0.00683806 0.00172251
-0.18302659 0.00681862 0.00171470
-0.18154390 0.00680001 0.00170684
-0.18006268 0.00678214 0.00169898
-0.17858146 0.00676493 0.00169109
-0.17710172 0.00674834 0.00168319
-0.17562346 0.00673233 0.00167527
-0.17414667 0.00671690 0.00166733
-0.17266989 0.00670203 0.00165936
-0.17119606 0.00668771 0.00165137
-0.16972223 0.00667392 0.00164335
-0.16824841 0.00666067 0.00163530
-0.16677754 0.00664795 0.00162721
-0.16530667 0.00663576 0.00161909
-0.16383875 0.00662409 0.00161093
-0.16237084 0.00661294 0.00160273
-0.16090440 0.00660232 0.00159448
-0.15943796 0.00659220 0.00158619
-0.15797449 0.00658259 0.00157785
-0.15651101 0.00657348 0.00156947
-0.15504900 0.00656486 0.00156101
-0.15358848 0.00655673 0.00155251
-0.15212944 0.00654906 0.00154395
-0.15067039 0.00654186 0.00153533
-0.14921430 0.00653511 0.00152665
-0.14775822 0.00652879 0.00151789
-0.14630375 0.00652290 0.00150907
-0.14485062 0.00651741 0.00150018
-0.14339867 0.00651230 0.00149121
-0.14194791 0.00650757 0.00148216
-0.14049847 0.00650319 0.00147304
-0.13905022 0.00649913 0.00146383
-0.13760344 0.00649539 0.00145453
-0.13615770 0.00649193 0.00144515
-0.13471344 0.00648873 0.00143568
-0.13327021 0.00648578 0.00142612
-0.13182846 0.00648303 0.00141647
-0.13038804 0.00648047 0.00140672
-0.12894881 0.00647807 0.00139688
-0.12751090 0.00647580 0.00138694
-0.12607433 0.00647361 0.00137691
-0.12463893 0.00647147 0.00136678
-0.12320502 0.00646931 0.00135655
-0.12177229 0.00646709 0.00134626
-0.12034104 0.00646470 0.00133589
-0.11891096 0.00646205 0.00132550
-0.11748222 0.00645895 0.00131510
-0.11605496 0.00645521 0.00130479
-0.11462888 0.00645043 0.00129467
-0.11320413 0.00644403 0.00128498
-0.11178086 0.00643448 0.00127591
-0.11035892 0.00641759 0.00126696
-0.10893816 0.00639229 0.00125707
-0.10751888 0.00636663 0.00124663
-0.10610108 0.00634782 0.00123663
-0.10468446 0.00633476 0.00122678
-0.10326932 0.00632454 0.00121675
-0.10185551 0.00631570 0.00120661
-0.10044304 0.00630752 0.00119636
-0.09903203 0.00629958 0.00118603
-0.09762236 0.00629162 0.00117564
-0.09621417 0.00628348 0.00116521
-0.09480731 0.00627504 0.00115474
-0.09340178 0.00626623 0.00114423
-0.09199772 0.00625701 0.00113370
-0.09059500 0.00624730 0.00112315
-0.08919376 0.00623706 0.00111261
-0.08779384 0.00622624 0.00110206
-0.08639541 0.00621480 0.00109154
-0.08499845 0.00620267 0.00108106
-0.08360282 0.00618982 0.00107068
-0.08220867 0.00617617 0.00106040
-0.08081600 0.00616162 0.00105027
-0.07942466 0.00614604 0.00104031
-0.07803480 0.00612929 0.00103056
-0.07664641 0.00611113 0.00102111
-0.07525951 0.00609131 0.00101203
-0.07387393 0.00606942 0.00100346
-0.07248984 0.00604498 0.00099554
-0.07110722 0.00601718 0.00098848
-0.06972608 0.00598508 0.00098259
-0.06834642 0.00594653 0.00097802
-0.06696823 0.00589402 0.00097320
-0.06559138 0.00582969 0.00096525
-0.06421615 0.00578365 0.00095539
-0.06284240 0.00577933 0.00094710
-0.06146998 0.00580419 0.00093940
-0.06009919 0.00584017 0.00093058
-0.05872988 0.00588152 0.00092089
-0.05736204 0.00592728 0.00091023
-0.05599568 0.00597905 0.00089843
-0.05463080 0.00603942 0.00088495
-0.05326740 0.00611375 0.00086893
-0.05190548 0.00620872 0.00084902
-0.05054518 0.00633776 0.00082326
-0.04918636 0.00651862 0.00078972
-0.04782902 0.00679065 0.00074959
-0.04647316 0.00719134 0.00071368
-0.04511893 0.00756782 0.00068893
-0.04376617 0.00765566 0.00066018
-0.04241504 0.00750998 0.00062579
-0.04106524 0.00735432 0.00059876
-0.03971706 0.00724511 0.00057598
-0.03837051 0.00716832 0.00055273
-0.03702529 0.00711368 0.00052841
-0.03568185 0.00708017 0.00050215
-0.03433973 0.00706980 0.00047324
-0.03299939 0.00709210 0.00044031
-0.03166038 0.00716393 0.00040223
-0.03032315 0.00733093 0.00035822
-0.02898739 0.00766038 0.00031297
-0.02765326 0.00797925 0.00026924
-0.02632105 0.00784272 0.00022166
-0.02499002 0.00718619 0.00017571
-0.02366047 0.00635246 0.00014802
-0.02233255 0.00551763 0.00013246
-0.02100625 0.00469839 0.00012227
-0.01968143 0.00391062 0.00011058
-0.01835824 0.00315678 0.00010137
-0.01703653 0.00244429 0.00008806
-0.01571644 0.00176196 0.00007807
-0.01439801 0.00111210 0.00006690
-0.01308110 0.00046408 0.00004094
-0.01176578 0.00026446 0.00005734
-0.01045207 0.00070657 0.00009497
-0.00913993 0.00130894 0.00011989
-0.00782941 0.00190056 0.00012312
-0.00652048 0.00255877 0.00012849
-0.00521317 0.00321802 0.00013414
-0.00390746 0.00410973 0.00013055
-0.00260335 0.00499488 0.00015133
-0.00130087 0.00715431 0.00011512
-0.00000000 0.00825664 0.00024489
