# s/c   cf_mean    cf_std
0.00000000 0.00217454 0.00032523
0.00130087 0.00356964 0.00031102
0.00260174 0.00486585 0.00030900
0.00390261 0.00606879 0.00031809
0.00520348 0.00718388 0.00033691
0.00650435 0.00821637 0.00036406
0.00780522 0.00917130 0.00039830
0.00910609 0.01005354 0.00043865
0.01040697 0.01086777 0.00048434
0.01170784 0.01161849 0.00053481
0.01300871 0.01231004 0.00058957
0.01430958 0.01294657 0.00064824
0.01561045 0.01353209 0.00071045
0.01691132 0.01407043 0.00077590
0.01821219 0.01456527 0.00084429
0.01951306 0.01502014 0.00091534
0.02081393 0.01543840 0.00098878
0.02211480 0.01582328 0.00106436
0.02341567 0.01617787 0.00114184
0.02470176 0.01650511 0.00122100
0.02600263 0.01680780 0.00130164
0.02730350 0.01708863 0.00138354
0.02860437 0.01735013 0.00146653
0.02990524 0.01759473 0.00155045
0.03120611 0.01782472 0.00163513
0.03250698 0.01804228 0.00172044
0.03380786 0.01824947 0.00180625
0.03510873 0.01844824 0.00189245
0.03640960 0.01864043 0.00197894
0.03771047 0.01882777 0.00206563
0.03901134 0.01901190 0.00215245
0.04029743 0.01919433 0.00223932
0.04159830 0.01937651 0.00232621
0.04289917 0.01955977 0.00241307
0.04420004 0.01974535 0.00249986
0.04550091 0.01993442 0.00258657
0.04680178 0.02012805 0.00267318
0.04810265 0.02032723 0.00275970
0.04940352 0.02053287 0.00284613
0.05068961 0.02074581 0.00293247
0.05199048 0.02096680 0.00301876
0.05329135 0.02119653 0.00310502
0.05459222 0.02143562 0.00319128
0.05589309 0.02168463 0.00327758
0.05719396 0.02194404 0.00336398
0.05849483 0.02221428 0.00345051
0.05978092 0.02249573 0.00353724
0.06108179 0.02278868 0.00362423
0.06238266 0.02309341 0.00371154
0.06368353 0.02341012 0.00379923
0.06498440 0.02373897 0.00388739
0.06628528 0.02408006 0.00397607
0.06757136 0.02443348 0.00406536
0.06887223 0.02479924 0.00415533
0.07017310 0.02517732 0.00424606
0.07147398 0.02556768 0.00433764
0.07277485 0.02597022 0.00443014
0.07407572 0.02638482 0.00452364
0.07536180 0.02681133 0.00461822
0.07666268 0.02724956 0.00471398
0.07796355 0.02769930 0.00481098
0.07926442 0.02816030 0.00490932
0.08056529 0.02863232 0.00500907
0.08185138 0.02911505 0.00511030
0.08315225 0.02960819 0.00521311
0.08445312 0.03011143 0.00531756
0.08575399 0.03062441 0.00542374
0.08704008 0.03114678 0.00553170
0.08834095 0.03167817 0.00564153
0.08964182 0.03221820 0.00575330
0.09094269 0.03276647 0.00586706
0.09224356 0.03332258 0.00598289
0.09352965 0.03388611 0.00610084
0.09483052 0.03445666 0.00622097
0.09613139 0.03503380 0.00634333
0.09743226 0.03561710 0.00646798
0.09871835 0.03620614 0.00659497
0.10001922 0.03680048 0.00672433
0.10132009 0.03739971 0.00685611
0.10260618 0.03800340 0.00699035
0.10390705 0.03861111 0.00712707
0.10520792 0.03922244 0.00726631
0.10650879 0.03983696 0.00740809
0.10779488 0.04045427 0.00755243
0.10909575 0.04107397 0.00769935
0.11039662 0.04169566 0.00784885
0.11169749 0.04231896 0.00800095
0.11298358 0.04294349 0.00815564
0.11428445 0.04356889 0.00831293
0.11558532 0.04419481 0.00847281
0.11687141 0.04482090 0.00863527
0.11817228 0.04544684 0.00880028
0.11947315 0.04607231 0.00896784
0.12075924 0.04669701 0.00913791
0.12206011 0.04732066 0.00931046
0.12336098 0.04794299 0.00948546
0.12466185 0.04856374 0.00966287
0.12594794 0.04918268 0.00984265
0.12724881 0.04979958 0.01002475
0.12854968 0.05041425 0.01020911
0.12983577 0.05102478 0.01039532
0.13113664 0.05169926 0.01059135
0.13243751 0.05233532 0.01079664
0.13372359 0.05297270 0.01100484
0.13502447 0.05361268 0.01121248
0.13632534 0.05423528 0.01142125
0.13761142 0.05484083 0.01163106
0.13891229 0.05545813 0.01183734
0.14019838 0.05615697 0.01203707
0.14149925 0.05700793 0.01223535
0.14280012 0.05792232 0.01242893
0.14408621 0.05871133 0.01261750
0.14538708 0.05926667 0.01281600
0.14668795 0.05964266 0.01303823
0.14797404 0.05995080 0.01327594
0.14927491 0.06028839 0.01351404
0.15056100 0.06073794 0.01374814
0.15186187 0.06126117 0.01397403
0.15316274 0.06171992 0.01418669
0.15444883 0.06208643 0.01439711
0.15574970 0.06249736 0.01461564
0.15703579 0.06298102 0.01483179
0.15833666 0.06344324 0.01504311
0.15963753 0.06377403 0.01524720
0.16092362 0.06412202 0.01544501
0.16222449 0.06477051 0.01564299
0.16351058 0.06573401 0.01582456
0.16481145 0.06672594 0.01597451
0.16611232 0.06749270 0.01612143
0.16739841 0.06805036 0.01628636
0.16869928 0.06847749 0.01647502
0.16998537 0.06883609 0.01668303
0.17128624 0.06916576 0.01689703
0.17257232 0.06948734 0.01711264
0.17387319 0.06981670 0.01732518
0.17517407 0.07016805 0.01753353
0.17646015 0.07055264 0.01773660
0.17776102 0.07097165 0.01793365
0.17904711 0.07142278 0.01812523
0.18034798 0.07190242 0.01831151
0.18163407 0.07242179 0.01849197
0.18293494 0.07300046 0.01866584
0.18422103 0.07366963 0.01883539
0.18552190 0.07442057 0.01900608
0.18680799 0.07514642 0.01917278
0.18810886 0.07571387 0.01932898
0.18939495 0.07609733 0.01948875
0.19069582 0.07652026 0.01965765
0.19199669 0.07724207 0.01983669
0.19328278 0.07829269 0.02000807
0.19458365 0.07939932 0.02015005
0.19586974 0.08033971 0.02027869
0.19717061 0.08114625 0.02041130
0.19845669 0.08192241 0.02056471
0.19975757 0.08272397 0.02073607
0.20104365 0.08350459 0.02091031
0.20234452 0.08418266 0.02108562
0.20363061 0.08468249 0.02125640
0.20493148 0.08514910 0.02143924
0.20621757 0.08586900 0.02163140
0.20750366 0.08692056 0.02181535
0.20880453 0.08810423 0.02198854
0.21009062 0.08918008 0.02214394
0.21139149 0.09007186 0.02228931
0.21267758 0.09087838 0.02244921
0.21397845 0.09173053 0.02262759
0.21526454 0.09267275 0.02280916
0.21656541 0.09368295 0.02298996
0.21785149 0.09472222 0.02316716
0.21915236 0.09575599 0.02334326
0.22043845 0.09675458 0.02352026
0.22173932 0.09769358 0.02369831
0.22302541 0.09856300 0.02387580
0.22432628 0.09942049 0.02405624
0.22561237 0.10034041 0.02424035
0.22689846 0.10136099 0.02442827
0.22819933 0.10243327 0.02461574
0.22948542 0.10345651 0.02479711
0.23078629 0.10438942 0.02497351
0.23207238 0.10523889 0.02514991
0.23337325 0.10602223 0.02533072
0.23465933 0.10672571 0.02551652
0.23594542 0.10732329 0.02570836
0.23724629 0.10782294 0.02590591
0.23853238 0.10827868 0.02610950
0.23983325 0.10876190 0.02631676
0.24111934 0.10931000 0.02652177
0.24240543 0.10991717 0.02672310
0.24370630 0.11053128 0.02692207
0.24499239 0.11108506 0.02711952
0.24629326 0.11154547 0.02731819
0.24757935 0.11191804 0.02751502
0.24886543 0.11221826 0.02770799
0.25016630 0.11247807 0.02789949
0.25145239 0.11273553 0.02809396
0.25275326 0.11298506 0.02829099
0.25403935 0.11321407 0.02849048
0.25532544 0.11342344 0.02869222
0.25662631 0.11360272 0.02889098
0.25791240 0.11373060 0.02908554
0.25919849 0.11377849 0.02926733
0.26049936 0.11374093 0.02943785
0.26178545 0.11367125 0.02961075
0.26307153 0.11359355 0.02978321
0.26437240 0.11353418 0.02995433
0.26565849 0.11356360 0.03013422
0.26695936 0.11372237 0.03032023
0.26824545 0.11397893 0.03050065
0.26953154 0.11420316 0.03066501
0.27083241 0.11424664 0.03080466
0.27211850 0.11404020 0.03093469
0.27340459 0.11364734 0.03107119
0.27470546 0.11326478 0.03122636
0.27599154 0.11302560 0.03140559
0.27727763 0.11291025 0.03158845
0.27857850 0.11282656 0.03176075
0.27986459 0.11269476 0.03191218
0.28115068 0.11249362 0.03203143
0.28243677 0.11220313 0.03214448
0.28373764 0.11180887 0.03227681
0.28502373 0.11129214 0.03241805
0.28630981 0.11074543 0.03257004
0.28761068 0.11034578 0.03274365
0.28889677 0.11009153 0.03290852
0.29018286 0.10975182 0.03303034
0.29148373 0.10915345 0.03313406
0.29276982 0.10835914 0.03324093
0.29405591 0.10751985 0.03335675
0.29534200 0.10677845 0.03348696
0.29664287 0.10618913 0.03362212
0.29792895 0.10568763 0.03375133
0.29921504 0.10515720 0.03386801
0.30051591 0.10449104 0.03396721
0.30180200 0.10365973 0.03405540
0.30308809 0.10272210 0.03414378
0.30437418 0.10179381 0.03423659
0.30567505 0.10098456 0.03433360
0.30696114 0.10034807 0.03442537
0.30824722 0.09985152 0.03450348
0.30953331 0.09941006 0.03457124
0.31083418 0.09890723 0.03463294
0.31212027 0.09824384 0.03468780
0.31340636 0.09743590 0.03473279
0.31469245 0.09658651 0.03477521
0.31599332 0.09575175 0.03481931
0.31727941 0.09488564 0.03486028
0.31856549 0.09399072 0.03490661
0.31985158 0.09315175 0.03495811
0.32115245 0.09245628 0.03501186
0.32243854 0.09194200 0.03506255
0.32372463 0.09160912 0.03511121
0.32501072 0.09140571 0.03515785
0.32629681 0.09124131 0.03519220
0.32759768 0.09103406 0.03520929
0.32888376 0.09074686 0.03521017
0.33016985 0.09038599 0.03520685
0.33145594 0.08996206 0.03520198
0.33275681 0.08952246 0.03520208
0.33404290 0.08913638 0.03522024
0.33532899 0.08882080 0.03525228
0.33661508 0.08852576 0.03528403
0.33790116 0.08821610 0.03530909
0.33918725 0.08789455 0.03532504
0.34048812 0.08759394 0.03533181
0.34177421 0.08735286 0.03533348
0.34306030 0.08719769 0.03533142
0.34434639 0.08714329 0.03533028
0.34563247 0.08718443 0.03533340
0.34693335 0.08727310 0.03534664
0.34821943 0.08732157 0.03536448
0.34950552 0.08726759 0.03538171
0.35079161 0.08710210 0.03539695
0.35207770 0.08683923 0.03539938
0.35336379 0.08652611 0.03539575
0.35466466 0.08624059 0.03539309
0.35595074 0.08606140 0.03539431
0.35723683 0.08604632 0.03540680
0.35852292 0.08613146 0.03541984
0.35980901 0.08620926 0.03542670
0.36109510 0.08626692 0.03543495
0.36238118 0.08632230 0.03544323
0.36368206 0.08636217 0.03544938
0.36496814 0.08633134 0.03544854
0.36625423 0.08619861 0.03544199
0.36754032 0.08599596 0.03543755
0.36882641 0.08581097 0.03544012
0.37011250 0.08574672 0.03545920
0.37139858 0.08581887 0.03549057
0.37269945 0.08591228 0.03551475
0.37398554 0.08593696 0.03552834
0.37527163 0.08589116 0.03553464
0.37655772 0.08579646 0.03553047
0.37784381 0.08569324 0.03551546
0.37912989 0.08564165 0.03549536
0.38041598 0.08567491 0.03547842
0.38170207 0.08570524 0.03546260
0.38298816 0.08563754 0.03545329
0.38428903 0.08550753 0.03546337
0.38557512 0.08538279 0.03549044
0.38686121 0.08528685 0.03552333
0.38814729 0.08523085 0.03555481
0.38943338 0.08523126 0.03558199
0.39071947 0.08529259 0.03560328
0.39200556 0.08538235 0.03561643
0.39329165 0.08547021 0.03562229
0.39457773 0.08556245 0.03562485
0.39586382 0.08568152 0.03562424
0.39714991 0.08583998 0.03562106
0.39843600 0.08601212 0.03561884
0.39973687 0.08610171 0.03562006
0.40102296 0.08596041 0.03561634
0.40230905 0.08559952 0.03561466
0.40359513 0.08520054 0.03563574
0.40488122 0.08494800 0.03568273
0.40616731 0.08487132 0.03573167
0.40745340 0.08488716 0.03576377
0.40873949 0.08489219 0.03577708
0.41002557 0.08477907 0.03577354
0.41131166 0.08455986 0.03576275
0.41259775 0.08439088 0.03576529
0.41388384 0.08436937 0.03577691
0.41516993 0.08441799 0.03577927
0.41645601 0.08454176 0.03577950
0.41774210 0.08485318 0.03578720
0.41902819 0.08547025 0.03580103
0.42031428 0.08624184 0.03580603
0.42160037 0.08680317 0.03577802
0.42288645 0.08696939 0.03572696
0.42417254 0.08689163 0.03569545
0.42545863 0.08681376 0.03569251
0.42674472 0.08678013 0.03570526
0.42803081 0.08676867 0.03571536
0.42931690 0.08679107 0.03572337
0.43060298 0.08688802 0.03574149
0.43188907 0.08705971 0.03576454
0.43317516 0.08727314 0.03578525
0.43446125 0.08750461 0.03580154
0.43574734 0.08773643 0.03581169
0.43703342 0.08796534 0.03581730
0.43831951 0.08818815 0.03581807
0.43960560 0.08840467 0.03581467
0.44089169 0.08860476 0.03580820
0.44217778 0.08877339 0.03580241
0.44346386 0.08888668 0.03580031
0.44474995 0.08892630 0.03579211
0.44603604 0.08897218 0.03578748
0.44732213 0.08919594 0.03580918
0.44860822 0.08972048 0.03585150
0.44989430 0.09038352 0.03588998
0.45118039 0.09085322 0.03588951
0.45246648 0.09093634 0.03584976
0.45375257 0.09077418 0.03581518
0.45503866 0.09057709 0.03581079
0.45632474 0.09035059 0.03582513
0.45761083 0.09001369 0.03582735
0.45889692 0.08955022 0.03581788
0.46018301 0.08908040 0.03582483
0.46146910 0.08877009 0.03586063
0.46275519 0.08878910 0.03593240
0.46404127 0.08907798 0.03600617
0.46532736 0.08932817 0.03605035
0.46661345 0.08932010 0.03606201
0.46789954 0.08911444 0.03605479
0.46917084 0.08892027 0.03606786
0.47045693 0.08888503 0.03611931
0.47174302 0.08898971 0.03618291
0.47302911 0.08911190 0.03622733
0.47431520 0.08915782 0.03624918
0.47560128 0.08909244 0.03625171
0.47688737 0.08893424 0.03624733
0.47817346 0.08873641 0.03624708
0.47945955 0.08855649 0.03625488
0.48074564 0.08844963 0.03627246
0.48203172 0.08846394 0.03630302
0.48331781 0.08857154 0.03633742
0.48460390 0.08868956 0.03636625
0.48587521 0.08872725 0.03638048
0.48716129 0.08865247 0.03637973
0.48844738 0.08850901 0.03637613
0.48973347 0.08834812 0.03637936
0.49101956 0.08820576 0.03639188
0.49230565 0.08809278 0.03640966
0.49359173 0.08801601 0.03643105
0.49487782 0.08797939 0.03645404
0.49616391 0.08797796 0.03647667
0.49743522 0.08799785 0.03649713
0.49872130 0.08801635 0.03651257
0.50000739 0.08801300 0.03652327
0.50129348 0.08797098 0.03652940
0.50257957 0.08787970 0.03653036
0.50386566 0.08773495 0.03652698
0.50515174 0.08755576 0.03652176
0.50643783 0.08737828 0.03652203
0.50770914 0.08724046 0.03653174
0.50899523 0.08715717 0.03655014
0.51028131 0.08709526 0.03656772
0.51156740 0.08700592 0.03657745
0.51285349 0.08685712 0.03657761
0.51413958 0.08665052 0.03657220
0.51542567 0.08640577 0.03656620
0.51669697 0.08615073 0.03655967
0.51798306 0.08594191 0.03656460
0.51926915 0.08583835 0.03658578
0.52055524 0.08583673 0.03661005
0.52184132 0.08592322 0.03663610
0.52312741 0.08603261 0.03666076
0.52439872 0.08603442 0.03666338
0.52568480 0.08584073 0.03663460
0.52697089 0.08546433 0.03658518
0.52825698 0.08502710 0.03653822
0.52954307 0.08466350 0.03652001
0.53082916 0.08447984 0.03653495
0.53210046 0.08450585 0.03657277
0.53338655 0.08459728 0.03660561
0.53467264 0.08458697 0.03660607
0.53595873 0.08442002 0.03657989
0.53724481 0.08414765 0.03654040
0.53853090 0.08388737 0.03650668
0.53980221 0.08379083 0.03651326
0.54108830 0.08389616 0.03654759
0.54237438 0.08405454 0.03656365
0.54366047 0.08418197 0.03656792
0.54494656 0.08422593 0.03655720
0.54621787 0.08411502 0.03651443
0.54750395 0.08392148 0.03646488
0.54879004 0.08375324 0.03643388
0.55007613 0.08367436 0.03641996
0.55134744 0.08371535 0.03641867
0.55263352 0.08383687 0.03642068
0.55391961 0.08394362 0.03640814
0.55520570 0.08395514 0.03637513
0.55649179 0.08387261 0.03632797
0.55776309 0.08375561 0.03628008
0.55904918 0.08369628 0.03624988
0.56033527 0.08374800 0.03624003
0.56162136 0.08388966 0.03623771
0.56289266 0.08405399 0.03623188
0.56417875 0.08417915 0.03621520
0.56546484 0.08422178 0.03618543
0.56675093 0.08417362 0.03614745
0.56803702 0.08404686 0.03610508
0.56930832 0.08384510 0.03605807
0.57059441 0.08360259 0.03601223
0.57188050 0.08337455 0.03598010
0.57316659 0.08321021 0.03596412
0.57443789 0.08313405 0.03595626
0.57572398 0.08315483 0.03595201
0.57701007 0.08327044 0.03594557
0.57829616 0.08346329 0.03593798
0.57956746 0.08367781 0.03592428
0.58085355 0.08384102 0.03590268
0.58213964 0.08388438 0.03586759
0.58341094 0.08378748 0.03581613
0.58469703 0.08358979 0.03576056
0.58598312 0.08335891 0.03571343
0.58726921 0.08314816 0.03568271
0.58854051 0.08298091 0.03566289
0.58982660 0.08287904 0.03565468
0.59111269 0.08281786 0.03565098
0.59239878 0.08272320 0.03563328
0.59367008 0.08255379 0.03559960
0.59495617 0.08235342 0.03556838
0.59624226 0.08217993 0.03554963
0.59751356 0.08208057 0.03554742
0.59879965 0.08207333 0.03555901
0.60008574 0.08214702 0.03557446
0.60137183 0.08228019 0.03559159
0.60264313 0.08242617 0.03560216
0.60392922 0.08252391 0.03560315
0.60521531 0.08251105 0.03558469
0.60648661 0.08235879 0.03554528
0.60777270 0.08208593 0.03548985
0.60905879 0.08176065 0.03543333
0.61033010 0.08148789 0.03540061
0.61161618 0.08131968 0.03538794
0.61290227 0.08124990 0.03538599
0.61417358 0.08124835 0.03538795
0.61545967 0.08126095 0.03538470
0.61674575 0.08126716 0.03537956
0.61801706 0.08126806 0.03537702
0.61930315 0.08125834 0.03537439
0.62058924 0.08123943 0.03537227
0.62187532 0.08121443 0.03536748
0.62314663 0.08121237 0.03536389
0.62443272 0.08125786 0.03536390
0.62571880 0.08134317 0.03536259
0.62699011 0.08141847 0.03535420
0.62827620 0.08141387 0.03532888
0.62954750 0.08128161 0.03528333
0.63083359 0.08104080 0.03522993
0.63211968 0.08073578 0.03517847
0.63339099 0.08039756 0.03513249
0.63467707 0.08006496 0.03509810
0.63596316 0.07977493 0.03507816
0.63723447 0.07955430 0.03507087
0.63852056 0.07941978 0.03507439
0.63980664 0.07938888 0.03508924
0.64107795 0.07945289 0.03511262
0.64236404 0.07956807 0.03513416
0.64365012 0.07969338 0.03514876
0.64492143 0.07981348 0.03515893
0.64620752 0.07992197 0.03516478
0.64749361 0.08001503 0.03516803
0.64876491 0.08008514 0.03516835
0.65005100 0.08012628 0.03516534
0.65132231 0.08013150 0.03515845
0.65260839 0.08009487 0.03514739
0.65389448 0.08000872 0.03512989
0.65516579 0.07986985 0.03510620
0.65645188 0.07968410 0.03507765
0.65772318 0.07946731 0.03504950
0.65900927 0.07924214 0.03502914
0.66029536 0.07901194 0.03501522
0.66156666 0.07876436 0.03500542
0.66285275 0.07847503 0.03499177
0.66413884 0.07814373 0.03497374
0.66541014 0.07781353 0.03496441
0.66669623 0.07753978 0.03497663
0.66796754 0.07734918 0.03501035
0.66925363 0.07723057 0.03505505
0.67053971 0.07716483 0.03509997
0.67181102 0.07713452 0.03514194
0.67309711 0.07711322 0.03517789
0.67436841 0.07703893 0.03520070
0.67565450 0.07685425 0.03520066
0.67692581 0.07656986 0.03518691
0.67821189 0.07622942 0.03517432
0.67949798 0.07585646 0.03516471
0.68076929 0.07545387 0.03515508
0.68205538 0.07501914 0.03513872
0.68332668 0.07457752 0.03512062
0.68461277 0.07419594 0.03511877
0.68589886 0.07394145 0.03515034
0.68717016 0.07379623 0.03520260
0.68845625 0.07368214 0.03525230
0.68972756 0.07355586 0.03529367
0.69101364 0.07341213 0.03533015
0.69228495 0.07325113 0.03536202
0.69357104 0.07307640 0.03539014
0.69484234 0.07289549 0.03541423
0.69612843 0.07272736 0.03543737
0.69741452 0.07259292 0.03546159
0.69868582 0.07250675 0.03548883
0.69997191 0.07245830 0.03551503
0.70124322 0.07239733 0.03552648
0.70252931 0.07229865 0.03552490
0.70380061 0.07217646 0.03552348
0.70508670 0.07205125 0.03553114
0.70635801 0.07192080 0.03554570
0.70764409 0.07176951 0.03556042
0.70893018 0.07159275 0.03557374
0.71020149 0.07138624 0.03558432
0.71148758 0.07115633 0.03559338
0.71275888 0.07091550 0.03560193
0.71404497 0.07070129 0.03561729
0.71531627 0.07056473 0.03564950
0.71660236 0.07051319 0.03569179
0.71787367 0.07049808 0.03572603
0.71915976 0.07047262 0.03574357
0.72043106 0.07042588 0.03574795
0.72171715 0.07036285 0.03574416
0.72298845 0.07029507 0.03573813
0.72427454 0.07023389 0.03573548
0.72554585 0.07018103 0.03573940
0.72683194 0.07011614 0.03574571
0.72810324 0.07001014 0.03574745
0.72938933 0.06985073 0.03574099
0.73066064 0.06966296 0.03573535
0.73194672 0.06948515 0.03573937
0.73321803 0.06934289 0.03575627
0.73450412 0.06924200 0.03578279
0.73577542 0.06916828 0.03580952
0.73706151 0.06910674 0.03583196
0.73833282 0.06904984 0.03584849
0.73961890 0.06899435 0.03585940
0.74089021 0.06893783 0.03586461
0.74217630 0.06887747 0.03586391
0.74344760 0.06881126 0.03585713
0.74473369 0.06873829 0.03584452
0.74600500 0.06866096 0.03582776
0.74729108 0.06858659 0.03581052
0.74856239 0.06852306 0.03579648
0.74984848 0.06847563 0.03578752
0.75111978 0.06844554 0.03578391
0.75240587 0.06843131 0.03578471
0.75367718 0.06842996 0.03578860
0.75496327 0.06843861 0.03579460
0.75623457 0.06845442 0.03580169
0.75752066 0.06847477 0.03580916
0.75879196 0.06849752 0.03581629
0.76007805 0.06852098 0.03582256
0.76134936 0.06854482 0.03582783
0.76263545 0.06856977 0.03583224
0.76390675 0.06859815 0.03583632
0.76517806 0.06863410 0.03584115
0.76646414 0.06868389 0.03584845
0.76773545 0.06875449 0.03586011
0.76902154 0.06884794 0.03587577
0.77029284 0.06895164 0.03589011
0.77157893 0.06904081 0.03589521
0.77285024 0.06909884 0.03588997
0.77413633 0.06912202 0.03587677
0.77540763 0.06911019 0.03585802
0.77669372 0.06906422 0.03583585
0.77796502 0.06898476 0.03581081
0.77923633 0.06887634 0.03578524
0.78052242 0.06874774 0.03576272
0.78179372 0.06861071 0.03574650
0.78307981 0.06847664 0.03573831
0.78435112 0.06835790 0.03573973
0.78563720 0.06825879 0.03574877
0.78690851 0.06817316 0.03576104
0.78817982 0.06809797 0.03577423
0.78946590 0.06803191 0.03578709
0.79073721 0.06797460 0.03579870
0.79202330 0.06792453 0.03580813
0.79329460 0.06787927 0.03581464
0.79458069 0.06783381 0.03581698
0.79585200 0.06778149 0.03581432
0.79712330 0.06771725 0.03580716
0.79840939 0.06763656 0.03579741
0.79968070 0.06753606 0.03578555
0.80096678 0.06741471 0.03577231
0.80223809 0.06727454 0.03575902
0.80350939 0.06712543 0.03574938
0.80479548 0.06698068 0.03574876
0.80606679 0.06685179 0.03576112
0.80735288 0.06674025 0.03578468
0.80862418 0.06663824 0.03581328
0.80989549 0.06654312 0.03584365
0.81118157 0.06645624 0.03587399
0.81245288 0.06638255 0.03590489
0.81373897 0.06632618 0.03593696
0.81501027 0.06627897 0.03596687
0.81628158 0.06622593 0.03599007
0.81756767 0.06615951 0.03600578
0.81883897 0.06607851 0.03601488
0.82012506 0.06597852 0.03601567
0.82139637 0.06585505 0.03600638
0.82266767 0.06569980 0.03598234
0.82395376 0.06551616 0.03594565
0.82522507 0.06533207 0.03591256
0.82651115 0.06517631 0.03589843
0.82778246 0.06505372 0.03590405
0.82905376 0.06495469 0.03592339
0.83033985 0.06486961 0.03595164
0.83161116 0.06478939 0.03598420
0.83288246 0.06470862 0.03601899
0.83416855 0.06462205 0.03605376
0.83543986 0.06452454 0.03608638
0.83672594 0.06441138 0.03611487
0.83799725 0.06427994 0.03613843
0.83926856 0.06412869 0.03615670
0.84055464 0.06395658 0.03616934
0.84182595 0.06376295 0.03617602
0.84309725 0.06354836 0.03617641
0.84438334 0.06331692 0.03617161
0.84565465 0.06307783 0.03616380
0.84692595 0.06284512 0.03615653
0.84821204 0.06263830 0.03615513
0.84948335 0.06247721 0.03616469
0.85076944 0.06236794 0.03618689
0.85204074 0.06228611 0.03621201
0.85331205 0.06220221 0.03623315
0.85459813 0.06209955 0.03624821
0.85586944 0.06197214 0.03625751
0.85714075 0.06182038 0.03626359
0.85842683 0.06164269 0.03626560
0.85969814 0.06144202 0.03626542
0.86096944 0.06122430 0.03626397
0.86225553 0.06100326 0.03626604
0.86352684 0.06080219 0.03627841
0.86479814 0.06064990 0.03631120
0.86608423 0.06056155 0.03636832
0.86735554 0.06052812 0.03644208
0.86862684 0.06052523 0.03651860
0.86991293 0.06052821 0.03658430
0.87118424 0.06051998 0.03663271
0.87245554 0.06048709 0.03666260
0.87374163 0.06041861 0.03667437
0.87501293 0.06030547 0.03666878
0.87628424 0.06014183 0.03664740
0.87757033 0.05992731 0.03661196
0.87884163 0.05966669 0.03656592
0.88011294 0.05937002 0.03651379
0.88138424 0.05905101 0.03646141
0.88267033 0.05872365 0.03641397
0.88394164 0.05839999 0.03637512
0.88521294 0.05808823 0.03634675
0.88649903 0.05779468 0.03633011
0.88777034 0.05753064 0.03633009
0.88904164 0.05730359 0.03634809
0.89032773 0.05710655 0.03637539
0.89159904 0.05693271 0.03640421
0.89287034 0.05678433 0.03643261
0.89415643 0.05666454 0.03646115
0.89542774 0.05656927 0.03648828
0.89669904 0.05648951 0.03651262
0.89797035 0.05641470 0.03653235
0.89925643 0.05633874 0.03654834
0.90052774 0.05625721 0.03656065
0.90179905 0.05616558 0.03656894
0.90308513 0.05606128 0.03657399
0.90435644 0.05594032 0.03657446
0.90562774 0.05580038 0.03657048
0.90691383 0.05564034 0.03656167
0.90818514 0.05546158 0.03654875
0.90945644 0.05526823 0.03653259
0.91072775 0.05507173 0.03651728
0.91201384 0.05488547 0.03650640
0.91328514 0.05472190 0.03650284
0.91455645 0.05458955 0.03650761
0.91582775 0.05449230 0.03651957
0.91711384 0.05443488 0.03653927
0.91838515 0.05441673 0.03656528
0.91965645 0.05443519 0.03659690
0.92094254 0.05448008 0.03663161
0.92221385 0.05453459 0.03666557
0.92348515 0.05457167 0.03669078
0.92475646 0.05456966 0.03670134
0.92604254 0.05452864 0.03669967
0.92731385 0.05445910 0.03669116
0.92858516 0.05437319 0.03668157
0.92985646 0.05427700 0.03667352
0.93114255 0.05417282 0.03666734
0.93241385 0.05406261 0.03666395
0.93368516 0.05395156 0.03666538
0.93495647 0.05385207 0.03667876
0.93624255 0.05377011 0.03670399
0.93751386 0.05370562 0.03673559
0.93878516 0.05367547 0.03677611
0.94005647 0.05369221 0.03682674
0.94134256 0.05373272 0.03687630
0.94261386 0.05375795 0.03691045
0.94388517 0.05375548 0.03692903
0.94515647 0.05372667 0.03693559
0.94644256 0.05367113 0.03693211
0.94771387 0.05358899 0.03691924
0.94898517 0.05347843 0.03689676
0.95025648 0.05334123 0.03686529
0.95154257 0.05317890 0.03682505
0.95281387 0.05299072 0.03677363
0.95408518 0.05278495 0.03671467
0.95535648 0.05258450 0.03665918
0.95664257 0.05242566 0.03662396
0.95791388 0.05233888 0.03662006
0.95918518 0.05232437 0.03664310
0.96045649 0.05235220 0.03667753
0.96174258 0.05238484 0.03670876
0.96301388 0.05240726 0.03673317
0.96428519 0.05241471 0.03675061
0.96555649 0.05240058 0.03675918
0.96682780 0.05235786 0.03675486
0.96811389 0.05228249 0.03673660
0.96938519 0.05217681 0.03670591
0.97065650 0.05204621 0.03666604
0.97192780 0.05189861 0.03662059
0.97321389 0.05174077 0.03657213
0.97448520 0.05158090 0.03652358
0.97575650 0.05142745 0.03647764
0.97702781 0.05129070 0.03643768
0.97829911 0.05118025 0.03640677
0.97958520 0.05109886 0.03638487
0.98085651 0.05104395 0.03637043
0.98212781 0.05100612 0.03635926
0.98339912 0.05097704 0.03634880
0.98468520 0.05094947 0.03633709
0.98595651 0.05091758 0.03632266
0.98722781 0.05087775 0.03630510
0.98849912 0.05082576 0.03628314
0.98977043 0.05075896 0.03625620
0.99105651 0.05067754 0.03622486
0.99232782 0.05058441 0.03619090
0.99359912 0.05048334 0.03615650
0.99487043 0.05037540 0.03612223
0.99614174 0.05025629 0.03608499
0.99742782 0.05012188 0.03604183
0.99869913 0.04997493 0.03599363
0.99997043 0.04982259 0.03594352
1.00124174 0.04967392 0.03589528
1.00251305 0.04953619 0.03585167
1.00378435 0.04941101 0.03581269
1.00507044 0.04929620 0.03577678
1.00634174 0.04918853 0.03574245
1.00761305 0.04908616 0.03570898
1.00888436 0.04898846 0.03567643
1.01015566 0.04889582 0.03564524
1.01144175 0.04880871 0.03561575
1.01271305 0.04872767 0.03558842
1.01398436 0.04865349 0.03556364
1.01525567 0.04858719 0.03554200
1.01652697 0.04853012 0.03552419
1.01779828 0.04848343 0.03551093
1.01908436 0.04844708 0.03550244
1.02035567 0.04841550 0.03549565
1.02162698 0.04837812 0.03548475
1.02289828 0.04832555 0.03546519
1.02416959 0.04825095 0.03543418
1.02545567 0.04815383 0.03539390
1.02672698 0.04804270 0.03535086
1.02799829 0.04792819 0.03531063
1.02926959 0.04781611 0.03527594
1.03054090 0.04770887 0.03524836
1.03181220 0.04760964 0.03522916
1.03309829 0.04752293 0.03521763
1.03436960 0.04745541 0.03521181
1.03564090 0.04741114 0.03520795
1.03691221 0.04738808 0.03520060
1.03818351 0.04738114 0.03518615
1.03945482 0.04738577 0.03516506
1.04072612 0.04739323 0.03514692
1.04201221 0.04739544 0.03514061
1.04328352 0.04739296 0.03514533
1.04455482 0.04738633 0.03515732
1.04582613 0.04737211 0.03517170
1.04709743 0.04734647 0.03518452
1.04836874 0.04730843 0.03519378
1.04965483 0.04725893 0.03519897
1.05092613 0.04720018 0.03520058
1.05219744 0.04713788 0.03520114
1.05346874 0.04707991 0.03520324
1.05474005 0.04703401 0.03520820
1.05601135 0.04700825 0.03521763
1.05728266 0.04700911 0.03523272
1.05856875 0.04704194 0.03525492
1.05984005 0.04710556 0.03528236
1.06111136 0.04719298 0.03531014
1.06238266 0.04729197 0.03533113
1.06365397 0.04739583 0.03534195
1.06492527 0.04750557 0.03534437
1.06619658 0.04761792 0.03533893
1.06746788 0.04772538 0.03532516
1.06875397 0.04781764 0.03530175
1.07002528 0.04788684 0.03526805
1.07129658 0.04792950 0.03522459
1.07256789 0.04794562 0.03517251
1.07383919 0.04793666 0.03511342
1.07511050 0.04790427 0.03504868
1.07638181 0.04785683 0.03498326
1.07766789 0.04780889 0.03492427
1.07893920 0.04778492 0.03488472
1.08021050 0.04780385 0.03487408
1.08148181 0.04785546 0.03488419
1.08275312 0.04791455 0.03489984
1.08402442 0.04796840 0.03491464
1.08529573 0.04801591 0.03492848
1.08656703 0.04805705 0.03494108
1.08783834 0.04809298 0.03495312
1.08912443 0.04812232 0.03496339
1.09039573 0.04814432 0.03497138
1.09166704 0.04815909 0.03497686
1.09293834 0.04816809 0.03498061
1.09420965 0.04817194 0.03498242
1.09548095 0.04817058 0.03498254
1.09675226 0.04816299 0.03498139
1.09802356 0.04814744 0.03497959
1.09930965 0.04812287 0.03497882
1.10058096 0.04808965 0.03498066
1.10185226 0.04804800 0.03498671
1.10312357 0.04799817 0.03499789
1.10439487 0.04794048 0.03501486
1.10566618 0.04787475 0.03503766
1.10693748 0.04780147 0.03506641
1.10820879 0.04772156 0.03510122
1.10948010 0.04763691 0.03514250
1.11075140 0.04754971 0.03519057
1.11203749 0.04746254 0.03524590
1.11330879 0.04737686 0.03530814
1.11458010 0.04729462 0.03537733
1.11585141 0.04721784 0.03545350
1.11712271 0.04714590 0.03553536
1.11839402 0.04707760 0.03562161
1.11966532 0.04700634 0.03570825
1.12093663 0.04691724 0.03578743
1.12220793 0.04678756 0.03584719
1.12347924 0.04659990 0.03587875
1.12475054 0.04637207 0.03588431
1.12603663 0.04614898 0.03587100
1.12730794 0.04597069 0.03584118
1.12857924 0.04586038 0.03579352
1.12985055 0.04583839 0.03572324
1.13112185 0.04591921 0.03562954
1.13239316 0.04611771 0.03550874
1.13366446 0.04644309 0.03536082
1.13493577 0.04689254 0.03519260
1.13620707 0.04743899 0.03502754
1.13747838 0.04796252 0.03494908
1.13874969 0.04841069 0.03497295
1.14002099 0.04875198 0.03499107
1.14130708 0.04896530 0.03496028
1.14257838 0.04910540 0.03490596
1.14384969 0.04915569 0.03482823
1.14512100 0.04907425 0.03472587
1.14639230 0.04883121 0.03460549
1.14766361 0.04849319 0.03445889
1.14893491 0.04821838 0.03426471
1.15020622 0.04808321 0.03402855
1.15147752 0.04794747 0.03378013
1.15274883 0.04765319 0.03354265
1.15402013 0.04727375 0.03329943
1.15529144 0.04735239 0.03302168
1.15656274 0.04743936 0.03272923
1.15783405 0.04753666 0.03242338
1.15912014 0.04764469 0.03210436
1.16039144 0.04776386 0.03177239
1.16166275 0.04789455 0.03142775
1.16293405 0.04803714 0.03107076
1.16420536 0.04819200 0.03070176
1.16547667 0.04835948 0.03032113
1.16674797 0.04853990 0.02992926
1.16801928 0.04873360 0.02952662
1.16929058 0.04894086 0.02911367
1.17056189 0.04916197 0.02869093
1.17183319 0.04939719 0.02825893
1.17310450 0.04964674 0.02781825
1.17437580 0.04991083 0.02736951
1.17564711 0.05018965 0.02691334
1.17691841 0.05048333 0.02645041
1.17818972 0.05079200 0.02598144
1.17946103 0.05111574 0.02550715
1.18074711 0.05145461 0.02502832
1.18201842 0.05180861 0.02454574
1.18328972 0.05217772 0.02406025
1.18456103 0.05256188 0.02357271
1.18583234 0.05296096 0.02308400
1.18710364 0.05337481 0.02259504
1.18837495 0.05380323 0.02210677
1.18964625 0.05424596 0.02162017
1.19091756 0.05470270 0.02113623
1.19218886 0.05517308 0.02065596
1.19346017 0.05565668 0.02018039
1.19473147 0.05615303 0.01971059
1.19600278 0.05666158 0.01924761
1.19727408 0.05718174 0.01879253
1.19854539 0.05771283 0.01834642
1.19981670 0.05825410 0.01791036
1.20108800 0.05880475 0.01748541
1.20235931 0.05936390 0.01707261
1.20363061 0.05993056 0.01667299
1.20490192 0.06050371 0.01628752
1.20617322 0.06108221 0.01591714
1.20744453 0.06166485 0.01556270
1.20873062 0.06225034 0.01522501
1.21000192 0.06283726 0.01490474
1.21127323 0.06342415 0.01460251
1.21254453 0.06400942 0.01431876
1.21381584 0.06459138 0.01405384
1.21508714 0.06516825 0.01380793
1.21635845 0.06573814 0.01358105
1.21762975 0.06629903 0.01337304
1.21890106 0.06684883 0.01318360
1.22017237 0.06738529 0.01301220
1.22144367 0.06790608 0.01285819
1.22271498 0.06840871 0.01272070
1.22398628 0.06889060 0.01259873
1.22525759 0.06934901 0.01249112
1.22652889 0.06978110 0.01239656
1.22780020 0.07018387 0.01231364
1.22907150 0.07055419 0.01224082
1.23034281 0.07088878 0.01217652
1.23161411 0.07118423 0.01211903
1.23288542 0.07143696 0.01206665
1.23415673 0.07164326 0.01201759
1.23542803 0.07179925 0.01197007
1.23669934 0.07190088 0.01192229
1.23797064 0.07194396 0.01187244
1.23924195 0.07192410 0.01181869
1.24051325 0.07183678 0.01175925
1.24178456 0.07167727 0.01169232
1.24305586 0.07144067 0.01161608
1.24432717 0.07112190 0.01152875
1.24559847 0.07071569 0.01142852
1.24686978 0.07021658 0.01131358
1.24814109 0.06961891 0.01118211
1.24941239 0.06891684 0.01103225
1.25068370 0.06810429 0.01086214
1.25195500 0.06717501 0.01066984
1.25322631 0.06612251 0.01045340
1.25449761 0.06494010 0.01021078
1.25576892 0.06362087 0.00993989
1.25704022 0.06215767 0.00963856
1.25831153 0.06054314 0.00930453
1.25958283 0.05876966 0.00893543
1.26085414 0.05682941 0.00852881
1.26212545 0.05471430 0.00808211
1.26339675 0.05241599 0.00759263
1.26466806 0.04992591 0.00705759
1.26593936 0.04723521 0.00647410
1.26721067 0.04433480 0.00583921
1.26848197 0.04121531 0.00515001
1.26975328 0.03786712 0.00440378
1.27102458 0.03428030 0.00359857
1.27229589 0.03044468 0.00273490
1.27356719 0.02634977 0.00182328
1.27483850 0.02198482 0.00094114
1.27610981 0.01733876 0.00079720
1.27738111 0.01240025 0.00176759
1.27865242 0.00715762 0.00299881
1.27992372 0.00159890 0.00435698
1.28119503 -0.00428819 0.00582690
-0.96316762 0.03132373 0.00424712
-0.96189631 0.02872157 0.00279709
-0.96062353 0.02164820 0.00142010
-0.95934927 0.01831927 0.00105950
-0.95807353 0.01836290 0.00260365
-0.95679779 0.02169253 0.00472785
-0.95551909 0.02568443 0.00585783
-0.95423744 0.03533043 0.00565674
-0.95295431 0.03431377 0.01692053
-0.95167118 0.09748967 0.04031753
-0.95038804 0.19267067 0.04669653
-0.94910048 0.20232933 0.04067115
-0.94781143 0.17224533 0.03759255
-0.94651943 0.15054600 0.03696744
-0.94522743 0.14185100 0.03673078
-0.94393247 0.13668363 0.03611402
-0.94263604 0.13432080 0.03545295
-0.94133960 0.13235130 0.03499644
-0.94004021 0.12986510 0.03451773
-0.93873934 0.12703783 0.03408708
-0.93743699 0.12445267 0.03375316
-0.93613316 0.12209430 0.03344884
-0.93482786 0.11998123 0.03316858
-0.93351959 0.11806410 0.03290804
-0.93221133 0.11632443 0.03266286
-0.93090011 0.11473380 0.03243006
-0.92958890 0.11327377 0.03220879
-0.92827472 0.11192443 0.03199679
-0.92695907 0.11067087 0.03179397
-0.92564341 0.10949893 0.03159867
-0.92432480 0.10839603 0.03141091
-0.92300472 0.10735140 0.03123075
-0.92168315 0.10635427 0.03105791
-0.92036010 0.10539343 0.03089202
-0.91903410 0.10445823 0.03073286
-0.91770810 0.10353760 0.03057720
-0.91638062 0.10264117 0.03041935
-0.91505167 0.10182417 0.03025657
-0.91371975 0.10113710 0.03009816
-0.91238784 0.10054027 0.02994471
-0.91105297 0.09996437 0.02978939
-0.90971810 0.09939570 0.02963422
-0.90838027 0.09884053 0.02948170
-0.90704096 0.09829950 0.02933131
-0.90570166 0.09777260 0.02918258
-0.90435940 0.09725873 0.02903556
-0.90301565 0.09675703 0.02888955
-0.90167044 0.09626697 0.02874492
-0.90032374 0.09578740 0.02860107
-0.89897556 0.09531830 0.02845877
-0.89762591 0.09485817 0.02831698
-0.89627478 0.09440667 0.02817595
-0.89492217 0.09396340 0.02803598
-0.89356808 0.09352733 0.02789639
-0.89221251 0.09309817 0.02775743
-0.89085547 0.09267527 0.02761886
-0.88949695 0.09225833 0.02748087
-0.88813547 0.09184680 0.02734320
-0.88677399 0.09144040 0.02720602
-0.88541103 0.09103890 0.02706949
-0.88404659 0.09064147 0.02693285
-0.88267920 0.09024817 0.02679672
-0.88131181 0.08985860 0.02666073
-0.87994294 0.08947253 0.02652500
-0.87857259 0.08908947 0.02638926
-0.87719928 0.08870930 0.02625352
-0.87582598 0.08833223 0.02611835
-0.87445120 0.08795747 0.02598295
-0.87307345 0.08758487 0.02584742
-0.87169571 0.08721470 0.02571226
-0.87031650 0.08684653 0.02557706
-0.86893580 0.08648030 0.02544193
-0.86755215 0.08611557 0.02530644
-0.86616849 0.08575263 0.02517107
-0.86478336 0.08539107 0.02503547
-0.86339675 0.08503080 0.02489967
-0.86200866 0.08467213 0.02476416
-0.86061762 0.08431437 0.02462806
-0.85922657 0.08395783 0.02449181
-0.85783405 0.08360247 0.02435549
-0.85644005 0.08324787 0.02421867
-0.85504457 0.08289443 0.02408177
-0.85364761 0.08254177 0.02394438
-0.85224918 0.08218987 0.02380654
-0.85084926 0.08183910 0.02366864
-0.84944787 0.08148877 0.02352982
-0.84804648 0.08113933 0.02339048
-0.84664213 0.08079077 0.02325060
-0.84523630 0.08044377 0.02311048
-0.84382899 0.08009790 0.02296909
-0.84242169 0.07975287 0.02282736
-0.84101143 0.07940680 0.02268514
-0.83960116 0.07905857 0.02254184
-0.83818795 0.07870850 0.02239802
-0.83677473 0.07835650 0.02225373
-0.83536003 0.07800233 0.02210923
-0.83394238 0.07764443 0.02196359
-0.83252472 0.07728243 0.02181849
-0.83110559 0.07691220 0.02167331
-0.82968498 0.07652983 0.02152857
-0.82826289 0.07613417 0.02138435
-0.82684081 0.07572620 0.02124077
-0.82541576 0.07530627 0.02109826
-0.82398924 0.07487380 0.02095716
-0.82256272 0.07442790 0.02081742
-0.82113324 0.07396797 0.02067933
-0.81970376 0.07349387 0.02054291
-0.81827280 0.07300640 0.02040892
-0.81684036 0.07250617 0.02027701
-0.81540645 0.07199470 0.02014727
-0.81397106 0.07147400 0.02001976
-0.81253418 0.07094683 0.01989438
-0.81109584 0.07041643 0.01977088
-0.80965749 0.06988643 0.01964906
-0.80821618 0.06936090 0.01952858
-0.80677488 0.06884383 0.01940911
-0.80533209 0.06833910 0.01929025
-0.80388783 0.06785010 0.01917168
-0.80244209 0.06737960 0.01905300
-0.80099487 0.06692950 0.01893401
-0.79954765 0.06650103 0.01881430
-0.79809748 0.06609443 0.01869377
-0.79664730 0.06570930 0.01857217
-0.79519565 0.06534463 0.01844943
-0.79374252 0.06499890 0.01832537
-0.79228791 0.06467020 0.01819990
-0.79083182 0.06435660 0.01807303
-0.78937573 0.06405580 0.01794471
-0.78791669 0.06376497 0.01781481
-0.78645764 0.06348330 0.01768283
-0.78499712 0.06321217 0.01754910
-0.78353512 0.06294910 0.01741414
-0.78207164 0.06268773 0.01727768
-0.78060816 0.06242323 0.01714015
-0.77914320 0.06215170 0.01700204
-0.77767528 0.06186833 0.01686433
-0.77620885 0.06156533 0.01672749
-0.77473946 0.06123633 0.01659152
-0.77326859 0.06088190 0.01645675
-0.77179771 0.06050453 0.01632381
-0.77032537 0.06010510 0.01619283
-0.76885154 0.05968443 0.01606390
-0.76737623 0.05924317 0.01593739
-0.76590093 0.05878217 0.01581348
-0.76442266 0.05830257 0.01569234
-0.76294440 0.05780600 0.01557424
-0.76146466 0.05729460 0.01545911
-0.75998492 0.05677113 0.01534706
-0.75850222 0.05623883 0.01523798
-0.75701953 0.05570160 0.01513170
-0.75553535 0.05516390 0.01502788
-0.75405118 0.05463027 0.01492632
-0.75256405 0.05410547 0.01482657
-0.75107691 0.05359413 0.01472814
-0.74958830 0.05310083 0.01463056
-0.74809822 0.05262930 0.01453336
-0.74660813 0.05218237 0.01443610
-0.74511656 0.05176207 0.01433834
-0.74362352 0.05136953 0.01423979
-0.74212899 0.05100487 0.01414011
-0.74063447 0.05066740 0.01403903
-0.73913847 0.05035577 0.01393640
-0.73764099 0.05006793 0.01383200
-0.73614351 0.04980150 0.01372577
-0.73464307 0.04955363 0.01361764
-0.73314412 0.04932143 0.01350761
-0.73164220 0.04910117 0.01339588
-0.73014029 0.04888897 0.01328288
-0.72863542 0.04867933 0.01316951
-0.72713202 0.04846537 0.01305784
-0.72562567 0.04823040 0.01295273
-0.72411933 0.04792630 0.01285728
-0.72261150 0.04751113 0.01276396
-0.72110367 0.04703410 0.01266912
-0.71959436 0.04657863 0.01257885
-0.71808358 0.04616307 0.01249092
-0.71657132 0.04577540 0.01240145
-0.71505906 0.04540880 0.01231159
-0.71354532 0.04505813 0.01222159
-0.71203158 0.04472060 0.01213153
-0.71051488 0.04439377 0.01204158
-0.70899966 0.04407577 0.01195183
-0.70748148 0.04376523 0.01186231
-0.70596331 0.04346110 0.01177309
-0.70444366 0.04316243 0.01168422
-0.70292400 0.04286843 0.01159571
-0.70140287 0.04257853 0.01150755
-0.69988026 0.04229213 0.01141979
-0.69835765 0.04200880 0.01133241
-0.69683356 0.04172817 0.01124543
-0.69530800 0.04144987 0.01115892
-0.69378243 0.04117357 0.01107276
-0.69225538 0.04089903 0.01098709
-0.69072834 0.04062580 0.01090187
-0.68919982 0.04035387 0.01081717
-0.68766982 0.04008300 0.01073285
-0.68613981 0.03981313 0.01064905
-0.68460833 0.03954410 0.01056567
-0.68307685 0.03927577 0.01048279
-0.68154390 0.03900790 0.01040039
-0.68001094 0.03874047 0.01031849
-0.67847650 0.03847330 0.01023706
-0.67694059 0.03820630 0.01015625
-0.67540467 0.03793933 0.01007596
-0.67386728 0.03767223 0.00999625
-0.67232841 0.03740493 0.00991715
-0.67078954 0.03713730 0.00983874
-0.66925067 0.03686923 0.00976101
-0.66771032 0.03660050 0.00968405
-0.66616849 0.03633103 0.00960785
-0.66462666 0.03606073 0.00953253
-0.66308484 0.03578940 0.00945808
-0.66154005 0.03551693 0.00938466
-0.65999675 0.03524320 0.00931226
-0.65845049 0.03496813 0.00924099
-0.65690570 0.03469160 0.00917100
-0.65535796 0.03441360 0.00910219
-0.65381022 0.03413423 0.00903472
-0.65226248 0.03385363 0.00896855
-0.65071326 0.03357237 0.00890356
-0.64916404 0.03329150 0.00883950
-0.64761335 0.03301287 0.00877567
-0.64606265 0.03274067 0.00871051
-0.64451047 0.03249053 0.00864211
-0.64295830 0.03228450 0.00857239
-0.64140464 0.03211653 0.00850420
-0.63985099 0.03195353 0.00843540
-0.63829586 0.03177893 0.00836581
-0.63674073 0.03159220 0.00829746
-0.63518412 0.03139387 0.00822993
-0.63362751 0.03118777 0.00816334
-0.63207090 0.03097617 0.00809773
-0.63051133 0.03076040 0.00803294
-0.62895324 0.03054123 0.00796893
-0.62739368 0.03031953 0.00790574
-0.62583411 0.03009583 0.00784323
-0.62427306 0.02987063 0.00778143
-0.62271202 0.02964440 0.00772042
-0.62114950 0.02941753 0.00766013
-0.61958697 0.02919033 0.00760054
-0.61802445 0.02896323 0.00754165
-0.61646045 0.02873643 0.00748350
-0.61489497 0.02851020 0.00742597
-0.61333097 0.02828487 0.00736919
-0.61176401 0.02806060 0.00731309
-0.61019853 0.02783767 0.00725765
-0.60863157 0.02761623 0.00720285
-0.60706461 0.02739650 0.00714875
-0.60549618 0.02717870 0.00709525
-0.60392774 0.02696293 0.00704240
-0.60235783 0.02674947 0.00699013
-0.60078939 0.02653833 0.00693849
-0.59921800 0.02632980 0.00688742
-0.59764808 0.02612387 0.00683687
-0.59607669 0.02592073 0.00678688
-0.59450530 0.02572053 0.00673737
-0.59293243 0.02552337 0.00668841
-0.59135956 0.02532920 0.00663989
-0.58978669 0.02513830 0.00659180
-0.58821234 0.02495060 0.00654415
-0.58663799 0.02476620 0.00649692
-0.58506364 0.02458507 0.00645010
-0.58348781 0.02440737 0.00640360
-0.58191198 0.02423307 0.00635740
-0.58033616 0.02406233 0.00631145
-0.57875885 0.02389510 0.00626572
-0.57718302 0.02373143 0.00622017
-0.57560424 0.02357123 0.00617480
-0.57402693 0.02341457 0.00612952
-0.57244815 0.02326140 0.00608432
-0.57086937 0.02311170 0.00603917
-0.56929058 0.02296543 0.00599398
-0.56771032 0.02282247 0.00594875
-0.56613006 0.02268280 0.00590343
-0.56454980 0.02254627 0.00585792
-0.56296805 0.02241273 0.00581236
-0.56138779 0.02228203 0.00576656
-0.55980605 0.02215383 0.00572059
-0.55822283 0.02202783 0.00567445
-0.55664109 0.02190347 0.00562822
-0.55505787 0.02177997 0.00558209
-0.55347466 0.02165617 0.00553637
-0.55189144 0.02152997 0.00549166
-0.55030822 0.02139830 0.00544918
-0.54872352 0.02125110 0.00541105
-0.54713882 0.02106513 0.00537645
-0.54555413 0.02083417 0.00534044
-0.54396943 0.02059427 0.00530426
-0.54238325 0.02037567 0.00527057
-0.54079708 0.02017790 0.00523712
-0.53921090 0.01999563 0.00520321
-0.53762473 0.01982513 0.00516914
-0.53603855 0.01966417 0.00513500
-0.53445090 0.01951093 0.00510082
-0.53286472 0.01936417 0.00506668
-0.53127707 0.01922287 0.00503255
-0.52968942 0.01908627 0.00499852
-0.52810029 0.01895360 0.00496470
-0.52651263 0.01882433 0.00493095
-0.52492498 0.01869797 0.00489736
-0.52333585 0.01857417 0.00486397
-0.52174671 0.01845243 0.00483076
-0.52015758 0.01833257 0.00479772
-0.51856845 0.01821427 0.00476496
-0.51697932 0.01809733 0.00473238
-0.51538871 0.01798143 0.00470001
-0.51379958 0.01786650 0.00466790
-0.51220897 0.01775233 0.00463607
-0.51061836 0.01763870 0.00460452
-0.50902775 0.01752553 0.00457316
-0.50743714 0.01741270 0.00454216
-0.50584653 0.01729997 0.00451139
-0.50425592 0.01718733 0.00448100
-0.50266383 0.01707463 0.00445091
-0.50107322 0.01696170 0.00442115
-0.49948261 0.01684853 0.00439179
-0.49789052 0.01673493 0.00436284
-0.49629843 0.01662087 0.00433431
-0.49470782 0.01650617 0.00430619
-0.49311573 0.01639077 0.00427857
-0.49152364 0.01627460 0.00425145
-0.48993156 0.01615757 0.00422489
-0.48833947 0.01603953 0.00419890
-0.48674738 0.01592040 0.00417347
-0.48515529 0.01580017 0.00414875
-0.48356320 0.01567870 0.00412467
-0.48196964 0.01555600 0.00410134
-0.48037755 0.01543210 0.00407870
-0.47878546 0.01530710 0.00405678
-0.47719337 0.01518117 0.00403551
-0.47559980 0.01505473 0.00401487
-0.47400772 0.01492820 0.00399460
-0.47241563 0.01480277 0.00397440
-0.47082206 0.01467990 0.00395372
-0.46922997 0.01456327 0.00393142
-0.46763788 0.01446383 0.00390725
-0.46604432 0.01439300 0.00388333
-0.46445223 0.01434363 0.00386075
-0.46286014 0.01429613 0.00383794
-0.46126658 0.01424067 0.00381435
-0.45967449 0.01417830 0.00379090
-0.45808240 0.01411177 0.00376796
-0.45649031 0.01404197 0.00374534
-0.45489822 0.01396967 0.00372313
-0.45330613 0.01389540 0.00370127
-0.45171257 0.01381953 0.00367970
-0.45012048 0.01374243 0.00365843
-0.44852839 0.01366430 0.00363756
-0.44693778 0.01358543 0.00361693
-0.44534569 0.01350593 0.00359653
-0.44375360 0.01342605 0.00357649
-0.44216151 0.01334582 0.00355663
-0.44057090 0.01326545 0.00353708
-0.43897882 0.01318501 0.00351780
-0.43738821 0.01310460 0.00349872
-0.43579612 0.01302428 0.00347993
-0.43420551 0.01294411 0.00346138
-0.43261490 0.01286426 0.00344311
-0.43102429 0.01278464 0.00342504
-0.42943368 0.01270540 0.00340719
-0.42784307 0.01262656 0.00338961
-0.42625394 0.01254818 0.00337227
-0.42466333 0.01247027 0.00335517
-0.42307419 0.01239287 0.00333826
-0.42148358 0.01231604 0.00332164
-0.41989445 0.01223975 0.00330520
-0.41830532 0.01216411 0.00328901
-0.41671619 0.01208914 0.00327304
-0.41512853 0.01201487 0.00325729
-0.41353940 0.01194129 0.00324175
-0.41195175 0.01186840 0.00322641
-0.41036262 0.01179627 0.00321126
-0.40877496 0.01172488 0.00319633
-0.40718731 0.01165427 0.00318163
-0.40560114 0.01158444 0.00316709
-0.40401348 0.01151540 0.00315280
-0.40242731 0.01144719 0.00313865
-0.40084113 0.01137979 0.00312476
-0.39925496 0.01131318 0.00311100
-0.39766878 0.01124744 0.00309747
-0.39608261 0.01118254 0.00308412
-0.39449791 0.01111847 0.00307094
-0.39291321 0.01105525 0.00305793
-0.39132851 0.01099292 0.00304512
-0.38974382 0.01093146 0.00303248
-0.38816060 0.01087086 0.00301998
-0.38657738 0.01081118 0.00300767
-0.38499416 0.01075239 0.00299550
-0.38341094 0.01069455 0.00298350
-0.38182920 0.01063763 0.00297160
-0.38024598 0.01058171 0.00295984
-0.37866424 0.01052683 0.00294817
-0.37708398 0.01047307 0.00293655
-0.37550224 0.01042059 0.00292499
-0.37392198 0.01036952 0.00291329
-0.37234172 0.01032053 0.00290146
-0.37076145 0.01027503 0.00288968
-0.36918267 0.01023320 0.00287831
-0.36760388 0.01019235 0.00286717
-0.36602510 0.01015040 0.00285595
-0.36444780 0.01010742 0.00284487
-0.36286901 0.01006369 0.00283396
-0.36129171 0.01001948 0.00282324
-0.35971588 0.00997493 0.00281269
-0.35814005 0.00993016 0.00280229
-0.35656422 0.00988527 0.00279205
-0.35498840 0.00984036 0.00278197
-0.35341405 0.00979546 0.00277203
-0.35183970 0.00975068 0.00276228
-0.35026535 0.00970600 0.00275261
-0.34869248 0.00966154 0.00274315
-0.34711961 0.00961727 0.00273376
-0.34554674 0.00957326 0.00272449
-0.34397534 0.00952956 0.00271537
-0.34240395 0.00948619 0.00270637
-0.34083256 0.00944313 0.00269745
-0.33926264 0.00940045 0.00268864
-0.33769273 0.00935814 0.00267992
-0.33612429 0.00931622 0.00267130
-0.33455586 0.00927473 0.00266281
-0.33298742 0.00923369 0.00265443
-0.33142046 0.00919316 0.00264621
-0.32985350 0.00915309 0.00263802
-0.32828655 0.00911359 0.00263001
-0.32672107 0.00907461 0.00262207
-0.32515559 0.00903624 0.00261428
-0.32359159 0.00899851 0.00260662
-0.32202758 0.00896140 0.00259902
-0.32046358 0.00892499 0.00259150
-0.31890106 0.00888941 0.00258411
-0.31734002 0.00885466 0.00257671
-0.31577749 0.00882094 0.00256937
-0.31421793 0.00878834 0.00256194
-0.31265688 0.00875716 0.00255445
-0.31109731 0.00872770 0.00254674
-0.30953923 0.00870044 0.00253867
-0.30798114 0.00867614 0.00252995
-0.30642305 0.00865599 0.00252016
-0.30486644 0.00864371 0.00250917
-0.30330983 0.00864500 0.00249822
-0.30175470 0.00865778 0.00248841
-0.30019957 0.00867104 0.00247849
-0.29864591 0.00867898 0.00246780
-0.29709226 0.00868233 0.00245717
-0.29554008 0.00868159 0.00244654
-0.29398791 0.00867740 0.00243602
-0.29243721 0.00867027 0.00242553
-0.29088651 0.00866085 0.00241519
-0.28933730 0.00864940 0.00240488
-0.28778808 0.00863622 0.00239460
-0.28623886 0.00862161 0.00238443
-0.28469112 0.00860570 0.00237428
-0.28314485 0.00858867 0.00236414
-0.28159859 0.00857073 0.00235403
-0.28005381 0.00855198 0.00234394
-0.27850902 0.00853255 0.00233384
-0.27696572 0.00851256 0.00232373
-0.27542241 0.00849211 0.00231361
-0.27388059 0.00847130 0.00230346
-0.27234024 0.00845018 0.00229326
-0.27079989 0.00842888 0.00228306
-0.26925954 0.00840745 0.00227282
-0.26772067 0.00838589 0.00226247
-0.26618327 0.00836434 0.00225212
-0.26464588 0.00834278 0.00224166
-0.26310997 0.00832127 0.00223116
-0.26157405 0.00829981 0.00222057
-0.26003962 0.00827844 0.00220993
-0.25850518 0.00825712 0.00219919
-0.25697222 0.00823583 0.00218837
-0.25544074 0.00821453 0.00217749
-0.25390926 0.00819313 0.00216655
-0.25237926 0.00817155 0.00215562
-0.25084926 0.00814957 0.00214469
-0.24932074 0.00812698 0.00213385
-0.24779369 0.00810339 0.00212317
-0.24626665 0.00807843 0.00211290
-0.24474108 0.00805124 0.00210316
-0.24321552 0.00802094 0.00209435
-0.24169143 0.00798577 0.00208702
-0.24016882 0.00794354 0.00208213
-0.23864621 0.00788830 0.00208070
-0.23712508 0.00780339 0.00208045
-0.23560542 0.00768357 0.00207563
-0.23408577 0.00756075 0.00206791
-0.23256759 0.00746548 0.00206226
-0.23104942 0.00739753 0.00205740
-0.22953272 0.00734819 0.00205186
-0.22801750 0.00731183 0.00204585
-0.22650376 0.00728486 0.00203923
-0.22499002 0.00726492 0.00203224
-0.22347628 0.00725011 0.00202481
-0.22196550 0.00723925 0.00201714
-0.22045471 0.00723129 0.00200919
-0.21894541 0.00722553 0.00200103
-0.21743610 0.00722136 0.00199268
-0.21592827 0.00721839 0.00198418
-0.21442193 0.00721623 0.00197554
-0.21291705 0.00721465 0.00196680
-0.21141218 0.00721340 0.00195794
-0.20990879 0.00721232 0.00194899
-0.20840540 0.00721124 0.00193994
-0.20690496 0.00721005 0.00193082
-0.20540453 0.00720864 0.00192163
-0.20390557 0.00720688 0.00191239
-0.20240661 0.00720469 0.00190310
-0.20090913 0.00720196 0.00189380
-0.19941313 0.00719855 0.00188450
-0.19791861 0.00719431 0.00187525
-0.19642408 0.00718903 0.00186609
-0.19493104 0.00718244 0.00185712
-0.19343947 0.00717408 0.00184847
-0.19194791 0.00716289 0.00184022
-0.19045930 0.00714723 0.00183213
-0.18897069 0.00712669 0.00182389
-0.18748355 0.00710330 0.00181547
-0.18599642 0.00708000 0.00180710
-0.18451077 0.00705833 0.00179892
-0.18302659 0.00703804 0.00179080
-0.18154390 0.00701863 0.00178265
-0.18006268 0.00699998 0.00177449
-0.17858146 0.00698202 0.00176631
-0.17710172 0.00696470 0.00175811
-0.17562346 0.00694800 0.00174988
-0.17414667 0.00693189 0.00174164
-0.17266989 0.00691636 0.00173336
-0.17119606 0.00690139 0.00172506
-0.16972223 0.00688699 0.00171673
-0.16824841 0.00687314 0.00170836
-0.16677754 0.00685984 0.00169995
-0.16530667 0.00684709 0.00169152
-0.16383875 0.00683488 0.00168303
-0.16237084 0.00682321 0.00167451
-0.16090440 0.00681207 0.00166593
-0.15943796 0.00680147 0.00165731
-0.15797449 0.00679139 0.00164864
-0.15651101 0.00678183 0.00163992
-0.15504900 0.00677278 0.00163114
-0.15358848 0.00676422 0.00162229
-0.15212944 0.00675617 0.00161339
-0.15067039 0.00674858 0.00160443
-0.14921430 0.00674147 0.00159539
-0.14775822 0.00673480 0.00158629
-0.14630375 0.00672857 0.00157711
-0.14485062 0.00672276 0.00156785
-0.14339867 0.00671735 0.00155852
-0.14194791 0.00671233 0.00154910
-0.14049847 0.00670767 0.00153960
-0.13905022 0.00670335 0.00153002
-0.13760344 0.00669935 0.00152034
-0.13615770 0.00669565 0.00151058
-0.13471344 0.00669221 0.00150072
-0.13327021 0.00668903 0.00149077
-0.13182846 0.00668607 0.00148072
-0.13038804 0.00668330 0.00147056
-0.12894881 0.00668070 0.00146031
-0.12751090 0.00667823 0.00144995
-0.12607433 0.00667585 0.00143949
-0.12463893 0.00667351 0.00142893
-0.12320502 0.00667117 0.00141828
-0.12177229 0.00666875 0.00140754
-0.12034104 0.00666618 0.00139673
-0.11891096 0.00666334 0.00138588
-0.11748222 0.00666006 0.00137503
-0.11605496 0.00665612 0.00136425
-0.11462888 0.00665111 0.00135367
-0.11320413 0.00664444 0.00134352
-0.11178086 0.00663450 0.00133403
-0.11035892 0.00661695 0.00132470
-0.10893816 0.00659062 0.00131441
-0.10751888 0.00656390 0.00130356
-0.10610108 0.00654430 0.00129314
-0.10468446 0.00653069 0.00128287
-0.10326932 0.00652003 0.00127242
-0.10185551 0.00651080 0.00126183
-0.10044304 0.00650225 0.00125115
-0.09903203 0.00649397 0.00124037
-0.09762236 0.00648566 0.00122954
-0.09621417 0.00647717 0.00121865
-0.09480731 0.00646839 0.00120772
-0.09340178 0.00645923 0.00119675
-0.09199772 0.00644962 0.00118578
-0.09059500 0.00643953 0.00117480
-0.08919376 0.00642889 0.00116383
-0.08779384 0.00641767 0.00115289
-0.08639541 0.00640582 0.00114198
-0.08499845 0.00639328 0.00113113
-0.08360282 0.00637998 0.00112035
-0.08220867 0.00636586 0.00110966
-0.08081600 0.00635081 0.00109910
-0.07942466 0.00633471 0.00108870
-0.07803480 0.00631739 0.00107854
-0.07664641 0.00629860 0.00106867
-0.07525951 0.00627808 0.00105919
-0.07387393 0.00625539 0.00105022
-0.07248984 0.00623006 0.00104191
-0.07110722 0.00620124 0.00103450
-0.06972608 0.00616795 0.00102831
-0.06834642 0.00612795 0.00102354
-0.06696823 0.00607341 0.00101862
-0.06559138 0.00600647 0.00101049
-0.06421615 0.00595840 0.00100032
-0.06284240 0.00595359 0.00099176
-0.06146998 0.00597904 0.00098379
-0.06009919 0.00601598 0.00097462
-0.05872988 0.00605845 0.00096455
-0.05736204 0.00610539 0.00095352
-0.05599568 0.00615845 0.00094133
-0.05463080 0.00622033 0.00092743
-0.05326740 0.00629649 0.00091094
-0.05190548 0.00639394 0.00089043
-0.05054518 0.00652654 0.00086383
-0.04918636 0.00671268 0.00082897
-0.04782902 0.00699340 0.00078681
-0.04647316 0.00740824 0.00074859
-0.04511893 0.00779905 0.00072224
-0.04376617 0.00789044 0.00069221
-0.04241504 0.00773914 0.00065650
-0.04106524 0.00757750 0.00062850
-0.03971706 0.00746411 0.00060484
-0.03837051 0.00738443 0.00058059
-0.03702529 0.00732772 0.00055523
-0.03568185 0.00729285 0.00052790
-0.03433973 0.00728189 0.00049781
-0.03299939 0.00730453 0.00046334
-0.03166038 0.00737809 0.00042309
-0.03032315 0.00755033 0.00037627
-0.02898739 0.00789239 0.00032793
-0.02765326 0.00822615 0.00028134
-0.02632105 0.00808926 0.00023127
-0.02499002 0.00741360 0.00018348
-0.02366047 0.00655460 0.00015472
-0.02233255 0.00569492 0.00013834
-0.02100625 0.00485125 0.00012770
-0.01968143 0.00404052 0.00011535
-0.01835824 0.00326434 0.00010579
-0.01703653 0.00253134 0.00009178
-0.01571644 0.00182830 0.00008197
-0.01439801 0.00115866 0.00007134
-0.01308110 0.00049061 0.00004561
-0.01176578 0.00026649 0.00006155
-0.01045207 0.00070825 0.00009831
-0.00913993 0.00132964 0.00012443
-0.00782941 0.00193856 0.00012722
-0.00652048 0.00261593 0.00013263
-0.00521317 0.00329328 0.00013893
-0.00390746 0.00420991 0.00013549
-0.00260335 0.00511904 0.00015724
-0.00130087 0.00734355 0.00011908
-0.00000000 0.00847360 0.00025084
