# s/c   cf_mean    cf_std
0.00000000 0.00229204 0.00030172
0.00130087 0.00377734 0.00030340
0.00260174 0.00515753 0.00031591
0.00390261 0.00643858 0.00033803
0.00520348 0.00762627 0.00036855
0.00650435 0.00872618 0.00040641
0.00780522 0.00974366 0.00045073
0.00910609 0.01068391 0.00050080
0.01040697 0.01155188 0.00055604
0.01170784 0.01235238 0.00061596
0.01300871 0.01309002 0.00068015
0.01430958 0.01376921 0.00074820
0.01561045 0.01439422 0.00081976
0.01691132 0.01496911 0.00089450
0.01821219 0.01549780 0.00097211
0.01951306 0.01598404 0.00105229
0.02081393 0.01643140 0.00113476
0.02211480 0.01684333 0.00121926
0.02341567 0.01722309 0.00130556
0.02470176 0.01757382 0.00139342
0.02600263 0.01789849 0.00148264
0.02730350 0.01819996 0.00157302
0.02860437 0.01848092 0.00166439
0.02990524 0.01874395 0.00175658
0.03120611 0.01899148 0.00184946
0.03250698 0.01922583 0.00194288
0.03380786 0.01944919 0.00203674
0.03510873 0.01966362 0.00213093
0.03640960 0.01987108 0.00222537
0.03771047 0.02007342 0.00231997
0.03901134 0.02027236 0.00241468
0.04029743 0.02046952 0.00250944
0.04159830 0.02066642 0.00260422
0.04289917 0.02086450 0.00269898
0.04420004 0.02106506 0.00279371
0.04550091 0.02126934 0.00288839
0.04680178 0.02147848 0.00298303
0.04810265 0.02169353 0.00307763
0.04940352 0.02191546 0.00317221
0.05068961 0.02214514 0.00326680
0.05199048 0.02238340 0.00336143
0.05329135 0.02263095 0.00345613
0.05459222 0.02288846 0.00355095
0.05589309 0.02315651 0.00364594
0.05719396 0.02343562 0.00374115
0.05849483 0.02372625 0.00383665
0.05978092 0.02402878 0.00393249
0.06108179 0.02434356 0.00402876
0.06238266 0.02467084 0.00412551
0.06368353 0.02501087 0.00422282
0.06498440 0.02536380 0.00432078
0.06628528 0.02572975 0.00441946
0.06757136 0.02610880 0.00451893
0.06887223 0.02650097 0.00461930
0.07017310 0.02690625 0.00472063
0.07147398 0.02732458 0.00482302
0.07277485 0.02775587 0.00492654
0.07407572 0.02819999 0.00503130
0.07536180 0.02865678 0.00513737
0.07666268 0.02912603 0.00524484
0.07796355 0.02960754 0.00535379
0.07926442 0.03010105 0.00546431
0.08056529 0.03060627 0.00557648
0.08185138 0.03112291 0.00569039
0.08315225 0.03165066 0.00580611
0.08445312 0.03218915 0.00592372
0.08575399 0.03273805 0.00604330
0.08704008 0.03329697 0.00616491
0.08834095 0.03386551 0.00628865
0.08964182 0.03444329 0.00641456
0.09094269 0.03502988 0.00654272
0.09224356 0.03562487 0.00667318
0.09352965 0.03622781 0.00680601
0.09483052 0.03683827 0.00694127
0.09613139 0.03745582 0.00707900
0.09743226 0.03808000 0.00721925
0.09871835 0.03871037 0.00736206
0.10001922 0.03934647 0.00750749
0.10132009 0.03998786 0.00765555
0.10260618 0.04063410 0.00780629
0.10390705 0.04128473 0.00795972
0.10520792 0.04193933 0.00811588
0.10650879 0.04259745 0.00827478
0.10779488 0.04325868 0.00843643
0.10909575 0.04392258 0.00860084
0.11039662 0.04458876 0.00876801
0.11169749 0.04525680 0.00893795
0.11298358 0.04592633 0.00911064
0.11428445 0.04659696 0.00928608
0.11558532 0.04726831 0.00946424
0.11687141 0.04794005 0.00964511
0.11817228 0.04861183 0.00982866
0.11947315 0.04928332 0.01001486
0.12075924 0.04995422 0.01020367
0.12206011 0.05062422 0.01039504
0.12336098 0.05129306 0.01058894
0.12466185 0.05196047 0.01078531
0.12594794 0.05262621 0.01098409
0.12724881 0.05329005 0.01118523
0.12854968 0.05395179 0.01138865
0.12983577 0.05460940 0.01159390
0.13113664 0.05533031 0.01181283
0.13243751 0.05601071 0.01204115
0.13372359 0.05669429 0.01227197
0.13502447 0.05738178 0.01250164
0.13632534 0.05805105 0.01273217
0.13761142 0.05870231 0.01296353
0.13891229 0.05936784 0.01319047
0.14019838 0.06012407 0.01340949
0.14149925 0.06104956 0.01362597
0.14280012 0.06204677 0.01383656
0.14408621 0.06290501 0.01404238
0.14538708 0.06350529 0.01425967
0.14668795 0.06390937 0.01450259
0.14797404 0.06424057 0.01476160
0.14927491 0.06460646 0.01501954
0.15056100 0.06509805 0.01527182
0.15186187 0.06567257 0.01551440
0.15316274 0.06617574 0.01574264
0.15444883 0.06657688 0.01596864
0.15574970 0.06702842 0.01620289
0.15703579 0.06756123 0.01643380
0.15833666 0.06807059 0.01665953
0.15963753 0.06843357 0.01687791
0.16092362 0.06881564 0.01708910
0.16222449 0.06953274 0.01729917
0.16351058 0.07060213 0.01748952
0.16481145 0.07170284 0.01764516
0.16611232 0.07255142 0.01779882
0.16739841 0.07316744 0.01797311
0.16869928 0.07363900 0.01817357
0.16998537 0.07403587 0.01839483
0.17128624 0.07440203 0.01862223
0.17257232 0.07476019 0.01885109
0.17387319 0.07512747 0.01907641
0.17517407 0.07551913 0.01929701
0.17646015 0.07594719 0.01951183
0.17776102 0.07641260 0.01972011
0.17904711 0.07691269 0.01992255
0.18034798 0.07744374 0.02011940
0.18163407 0.07801844 0.02031003
0.18293494 0.07865885 0.02049350
0.18422103 0.07940013 0.02067228
0.18552190 0.08023184 0.02085277
0.18680799 0.08103451 0.02102923
0.18810886 0.08165878 0.02119435
0.18939495 0.08207660 0.02136363
0.19069582 0.08253822 0.02154339
0.19199669 0.08333333 0.02173462
0.19328278 0.08449673 0.02191751
0.19458365 0.08572128 0.02206837
0.19586974 0.08675668 0.02220505
0.19717061 0.08764140 0.02234625
0.19845669 0.08849147 0.02251065
0.19975757 0.08936891 0.02269556
0.20104365 0.09022175 0.02288392
0.20234452 0.09095927 0.02307360
0.20363061 0.09149659 0.02325861
0.20493148 0.09199551 0.02345801
0.20621757 0.09277877 0.02366836
0.20750366 0.09393475 0.02386995
0.20880453 0.09523797 0.02406052
0.21009062 0.09641879 0.02423162
0.21139149 0.09739210 0.02439137
0.21267758 0.09826873 0.02456722
0.21397845 0.09919530 0.02476417
0.21526454 0.10022118 0.02496505
0.21656541 0.10132323 0.02516590
0.21785149 0.10245784 0.02536300
0.21915236 0.10358637 0.02555906
0.22043845 0.10467562 0.02575650
0.22173932 0.10569778 0.02595507
0.22302541 0.10664249 0.02615328
0.22432628 0.10757418 0.02635492
0.22561237 0.10857744 0.02656068
0.22689846 0.10969562 0.02677078
0.22819933 0.11087324 0.02698063
0.22948542 0.11199712 0.02718379
0.23078629 0.11301960 0.02738101
0.23207238 0.11394801 0.02757804
0.23337325 0.11480175 0.02777990
0.23465933 0.11556634 0.02798731
0.23594542 0.11621438 0.02820200
0.23724629 0.11675524 0.02842329
0.23853238 0.11724949 0.02865152
0.23983325 0.11777512 0.02888387
0.24111934 0.11837393 0.02911362
0.24240543 0.11903885 0.02933957
0.24370630 0.11971235 0.02956306
0.24499239 0.12032078 0.02978488
0.24629326 0.12082741 0.03000804
0.24757935 0.12123700 0.03022888
0.24886543 0.12156553 0.03044528
0.25016630 0.12184973 0.03065995
0.25145239 0.12213178 0.03087811
0.25275326 0.12240885 0.03109902
0.25403935 0.12266720 0.03132266
0.25532544 0.12290706 0.03154835
0.25662631 0.12311534 0.03177026
0.25791240 0.12326695 0.03198734
0.25919849 0.12332775 0.03219003
0.26049936 0.12329059 0.03238043
0.26178545 0.12321716 0.03257437
0.26307153 0.12313449 0.03276806
0.26437240 0.12307580 0.03296028
0.26565849 0.12312215 0.03316141
0.26695936 0.12331898 0.03336812
0.26824545 0.12362606 0.03356813
0.26953154 0.12389389 0.03375013
0.27083241 0.12395606 0.03390505
0.27211850 0.12373640 0.03405050
0.27340459 0.12330855 0.03420403
0.27470546 0.12289719 0.03437836
0.27599154 0.12265439 0.03457795
0.27727763 0.12255764 0.03477996
0.27857850 0.12249896 0.03496994
0.27986459 0.12238335 0.03513645
0.28115068 0.12218254 0.03526748
0.28243677 0.12187610 0.03539305
0.28373764 0.12145976 0.03554115
0.28502373 0.12091607 0.03569864
0.28630981 0.12034689 0.03586688
0.28761068 0.11994539 0.03605793
0.28889677 0.11970377 0.03623837
0.29018286 0.11936163 0.03637096
0.29148373 0.11872765 0.03648514
0.29276982 0.11787452 0.03660440
0.29405591 0.11697222 0.03673332
0.29534200 0.11618447 0.03687780
0.29664287 0.11557292 0.03702604
0.29792895 0.11506352 0.03716657
0.29921504 0.11452450 0.03729353
0.30051591 0.11383156 0.03740050
0.30180200 0.11295270 0.03749644
0.30308809 0.11195647 0.03759289
0.30437418 0.11097378 0.03769467
0.30567505 0.11012698 0.03779975
0.30696114 0.10947479 0.03789790
0.30824722 0.10897861 0.03798133
0.30953331 0.10854110 0.03805304
0.31083418 0.10803258 0.03811891
0.31212027 0.10734281 0.03817772
0.31340636 0.10648673 0.03822563
0.31469245 0.10557716 0.03827131
0.31599332 0.10467788 0.03832029
0.31727941 0.10373907 0.03836716
0.31856549 0.10276706 0.03842099
0.31985158 0.10185973 0.03848062
0.32115245 0.10111759 0.03854151
0.32243854 0.10058732 0.03859716
0.32372463 0.10026933 0.03864880
0.32501072 0.10010073 0.03869746
0.32629681 0.09997549 0.03873163
0.32759768 0.09979489 0.03874749
0.32888376 0.09951667 0.03874580
0.33016985 0.09914703 0.03874020
0.33145594 0.09869968 0.03873500
0.33275681 0.09823112 0.03873484
0.33404290 0.09782644 0.03875624
0.33532899 0.09750569 0.03879231
0.33661508 0.09720937 0.03882750
0.33790116 0.09689648 0.03885484
0.33918725 0.09656564 0.03887167
0.34048812 0.09625247 0.03887948
0.34177421 0.09599983 0.03888165
0.34306030 0.09584137 0.03888046
0.34434639 0.09579615 0.03888001
0.34563247 0.09586487 0.03888365
0.34693335 0.09599616 0.03889842
0.34821943 0.09608996 0.03891797
0.34950552 0.09607153 0.03893492
0.35079161 0.09592600 0.03894969
0.35207770 0.09566323 0.03895094
0.35336379 0.09533397 0.03894592
0.35466466 0.09503042 0.03894289
0.35595074 0.09484548 0.03894472
0.35723683 0.09484987 0.03895923
0.35852292 0.09497441 0.03897407
0.35980901 0.09509750 0.03898201
0.36109510 0.09520122 0.03899047
0.36238118 0.09530463 0.03899973
0.36368206 0.09538726 0.03900641
0.36496814 0.09538528 0.03900498
0.36625423 0.09526491 0.03899900
0.36754032 0.09506370 0.03899500
0.36882641 0.09488857 0.03900036
0.37011250 0.09485776 0.03902240
0.37139858 0.09499164 0.03905703
0.37269945 0.09515659 0.03908500
0.37398554 0.09524187 0.03909882
0.37527163 0.09524180 0.03910548
0.37655772 0.09517665 0.03909930
0.37784381 0.09508930 0.03908079
0.37912989 0.09504684 0.03905803
0.38041598 0.09509076 0.03903916
0.38170207 0.09512655 0.03902317
0.38298816 0.09505597 0.03901569
0.38428903 0.09492483 0.03903028
0.38557512 0.09481417 0.03906346
0.38686121 0.09474734 0.03910256
0.38814729 0.09473387 0.03913850
0.38943338 0.09479021 0.03916912
0.39071947 0.09491647 0.03919221
0.39200556 0.09507591 0.03920527
0.39329165 0.09523218 0.03920969
0.39457773 0.09539161 0.03920991
0.39586382 0.09557769 0.03920604
0.39714991 0.09580374 0.03919928
0.39843600 0.09604021 0.03919339
0.39973687 0.09618120 0.03919235
0.40102296 0.09606219 0.03918705
0.40230905 0.09569648 0.03918552
0.40359513 0.09528933 0.03921126
0.40488122 0.09504651 0.03926794
0.40616731 0.09499860 0.03932829
0.40745340 0.09504943 0.03937118
0.40873949 0.09508202 0.03939384
0.41002557 0.09497699 0.03939889
0.41131166 0.09474917 0.03939884
0.41259775 0.09457546 0.03941551
0.41388384 0.09456750 0.03944521
0.41516993 0.09464305 0.03946710
0.41645601 0.09481539 0.03949029
0.41774210 0.09521270 0.03952394
0.41902819 0.09596217 0.03956394
0.42031428 0.09688939 0.03959351
0.42160037 0.09758363 0.03958551
0.42288645 0.09783609 0.03955191
0.42417254 0.09781586 0.03953974
0.42545863 0.09779606 0.03955830
0.42674472 0.09782452 0.03959286
0.42803081 0.09787723 0.03962332
0.42931690 0.09796968 0.03965039
0.43060298 0.09815494 0.03968939
0.43188907 0.09843343 0.03973364
0.43317516 0.09876606 0.03977442
0.43446125 0.09912524 0.03981056
0.43574734 0.09948753 0.03983929
0.43703342 0.09984698 0.03986218
0.43831951 0.10019790 0.03987885
0.43960560 0.10053915 0.03989029
0.44089169 0.10086010 0.03989752
0.44217778 0.10114628 0.03990660
0.44346386 0.10137554 0.03992125
0.44474995 0.10152970 0.03993217
0.44603604 0.10169815 0.03995001
0.44732213 0.10207018 0.03999780
0.44860822 0.10277773 0.04006815
0.44989430 0.10363636 0.04013328
0.45118039 0.10427292 0.04015569
0.45246648 0.10446672 0.04013546
0.45375257 0.10437741 0.04012071
0.45503866 0.10424026 0.04013808
0.45632474 0.10405985 0.04017285
0.45761083 0.10374576 0.04019135
0.45889692 0.10328031 0.04019686
0.46018301 0.10280400 0.04022212
0.46146910 0.10250542 0.04028169
0.46275519 0.10257847 0.04038132
0.46404127 0.10295896 0.04048281
0.46532736 0.10330040 0.04055314
0.46661345 0.10335564 0.04059143
0.46789954 0.10319528 0.04061095
0.46917084 0.10305440 0.04065379
0.47045693 0.10309658 0.04073905
0.47174302 0.10329719 0.04083524
0.47302911 0.10351481 0.04090800
0.47431520 0.10364148 0.04095346
0.47560128 0.10363569 0.04097536
0.47688737 0.10351779 0.04098850
0.47817346 0.10334823 0.04100478
0.47945955 0.10319403 0.04102860
0.48074564 0.10311870 0.04106167
0.48203172 0.10317712 0.04110684
0.48331781 0.10333956 0.04115455
0.48460390 0.10351285 0.04119548
0.48587521 0.10359508 0.04122073
0.48716129 0.10355118 0.04123038
0.48844738 0.10343082 0.04123762
0.48973347 0.10329244 0.04125339
0.49101956 0.10317597 0.04127966
0.49230565 0.10309307 0.04131213
0.49359173 0.10305114 0.04134936
0.49487782 0.10305341 0.04138861
0.49616391 0.10309376 0.04142825
0.49743522 0.10315515 0.04146624
0.49872130 0.10321134 0.04149990
0.50000739 0.10323734 0.04153000
0.50129348 0.10321339 0.04155658
0.50257957 0.10312698 0.04157930
0.50386566 0.10297239 0.04159924
0.50515174 0.10277056 0.04161865
0.50643783 0.10256233 0.04164536
0.50770914 0.10239099 0.04168294
0.50899523 0.10227237 0.04173022
0.51028131 0.10217049 0.04177677
0.51156740 0.10202962 0.04181545
0.51285349 0.10181484 0.04184448
0.51413958 0.10153158 0.04186870
0.51542567 0.10120251 0.04189340
0.51669697 0.10086056 0.04191729
0.51798306 0.10057097 0.04195339
0.51926915 0.10039917 0.04200561
0.52055524 0.10034007 0.04205819
0.52184132 0.10037760 0.04211033
0.52312741 0.10043508 0.04215934
0.52439872 0.10036303 0.04218406
0.52568480 0.10005884 0.04217538
0.52697089 0.09953689 0.04214496
0.52825698 0.09893780 0.04211723
0.52954307 0.09841602 0.04212035
0.53082916 0.09809470 0.04215680
0.53210046 0.09800887 0.04221476
0.53338655 0.09799517 0.04226483
0.53467264 0.09786369 0.04227974
0.53595873 0.09755235 0.04226704
0.53724481 0.09712275 0.04223981
0.53853090 0.09671180 0.04221833
0.53980221 0.09649733 0.04223903
0.54108830 0.09652469 0.04228658
0.54237438 0.09662178 0.04231006
0.54366047 0.09669264 0.04231996
0.54494656 0.09667440 0.04231384
0.54621787 0.09648460 0.04227310
0.54750395 0.09620327 0.04222575
0.54879004 0.09595476 0.04219937
0.55007613 0.09581224 0.04219076
0.55134744 0.09580855 0.04219357
0.55263352 0.09589947 0.04219950
0.55391961 0.09597301 0.04218889
0.55520570 0.09593491 0.04215764
0.55649179 0.09578760 0.04211274
0.55776309 0.09560071 0.04206731
0.55904918 0.09548616 0.04204223
0.56033527 0.09550706 0.04203807
0.56162136 0.09563817 0.04204105
0.56289266 0.09580062 0.04203863
0.56417875 0.09592258 0.04202511
0.56546484 0.09595215 0.04199838
0.56675093 0.09587818 0.04196293
0.56803702 0.09571524 0.04192405
0.56930832 0.09546737 0.04188060
0.57059441 0.09517333 0.04183903
0.57188050 0.09489807 0.04181300
0.57316659 0.09469929 0.04180439
0.57443789 0.09460524 0.04180276
0.57572398 0.09462762 0.04180255
0.57701007 0.09476415 0.04179687
0.57829616 0.09499318 0.04178681
0.57956746 0.09524897 0.04176794
0.58085355 0.09544218 0.04173921
0.58213964 0.09549040 0.04169503
0.58341094 0.09536986 0.04163179
0.58469703 0.09512555 0.04156368
0.58598312 0.09483844 0.04150281
0.58726921 0.09456995 0.04145846
0.58854051 0.09434878 0.04142409
0.58982660 0.09419970 0.04139862
0.59111269 0.09409476 0.04137707
0.59239878 0.09394398 0.04133643
0.59367008 0.09370402 0.04127767
0.59495617 0.09343280 0.04121996
0.59624226 0.09320571 0.04117476
0.59751356 0.09308169 0.04114535
0.59879965 0.09308061 0.04112658
0.60008574 0.09319087 0.04110948
0.60137183 0.09338100 0.04108969
0.60264313 0.09359453 0.04106076
0.60392922 0.09375188 0.04101937
0.60521531 0.09377443 0.04095564
0.60648661 0.09362543 0.04086805
0.60777270 0.09332658 0.04076434
0.60905879 0.09295918 0.04066081
0.61033010 0.09265383 0.04058422
0.61161618 0.09247807 0.04053012
0.61290227 0.09242846 0.04048759
0.61417358 0.09247171 0.04044847
0.61545967 0.09254811 0.04040441
0.61674575 0.09263144 0.04035838
0.61801706 0.09272316 0.04031533
0.61930315 0.09281912 0.04027486
0.62058924 0.09291308 0.04023442
0.62187532 0.09300997 0.04019296
0.62314663 0.09314076 0.04015464
0.62443272 0.09333171 0.04012004
0.62571880 0.09357321 0.04008565
0.62699011 0.09379978 0.04004270
0.62827620 0.09392703 0.03998386
0.62954750 0.09389380 0.03990524
0.63083359 0.09372005 0.03981814
0.63211968 0.09346296 0.03973761
0.63339099 0.09316095 0.03966420
0.63467707 0.09286301 0.03960739
0.63596316 0.09261723 0.03956959
0.63723447 0.09246123 0.03954713
0.63852056 0.09241891 0.03953788
0.63980664 0.09251845 0.03954090
0.64107795 0.09274994 0.03955139
0.64236404 0.09306475 0.03955826
0.64365012 0.09340821 0.03955549
0.64492143 0.09376081 0.03954521
0.64620752 0.09411348 0.03953003
0.64749361 0.09445520 0.03950992
0.64876491 0.09477761 0.03948577
0.65005100 0.09506762 0.03945764
0.65132231 0.09531490 0.03942544
0.65260839 0.09550836 0.03938940
0.65389448 0.09563541 0.03934811
0.65516579 0.09568960 0.03930169
0.65645188 0.09567611 0.03925335
0.65772318 0.09561325 0.03920922
0.65900927 0.09552879 0.03917735
0.66029536 0.09542812 0.03915724
0.66156666 0.09529801 0.03914455
0.66285275 0.09511404 0.03913002
0.66413884 0.09487808 0.03911142
0.66541014 0.09464948 0.03910348
0.66669623 0.09449660 0.03912016
0.66796754 0.09445217 0.03916223
0.66925363 0.09450269 0.03921811
0.67053971 0.09461757 0.03927623
0.67181102 0.09477299 0.03933359
0.67309711 0.09493373 0.03938691
0.67436841 0.09502165 0.03942620
0.67565450 0.09496507 0.03943994
0.67692581 0.09477432 0.03943834
0.67821189 0.09450073 0.03943913
0.67949798 0.09417116 0.03944414
0.68076929 0.09378736 0.03945137
0.68205538 0.09334756 0.03945507
0.68332668 0.09288387 0.03945937
0.68461277 0.09248940 0.03948471
0.68589886 0.09225285 0.03954639
0.68717016 0.09216076 0.03962973
0.68845625 0.09211481 0.03970602
0.68972756 0.09206050 0.03977030
0.69101364 0.09199047 0.03982804
0.69228495 0.09189804 0.03987852
0.69357104 0.09178671 0.03992404
0.69484234 0.09166291 0.03996617
0.69612843 0.09154708 0.04000791
0.69741452 0.09146404 0.04005412
0.69868582 0.09142710 0.04010742
0.69997191 0.09141977 0.04016291
0.70124322 0.09138037 0.04020742
0.70252931 0.09127892 0.04023853
0.70380061 0.09114261 0.04026880
0.70508670 0.09100294 0.04030456
0.70635801 0.09086395 0.04034149
0.70764409 0.09070431 0.04037089
0.70893018 0.09051545 0.04039257
0.71020149 0.09029374 0.04040650
0.71148758 0.09004117 0.04041536
0.71275888 0.08977283 0.04042214
0.71404497 0.08952860 0.04043796
0.71531627 0.08936506 0.04047717
0.71660236 0.08929149 0.04053156
0.71787367 0.08925139 0.04058116
0.71915976 0.08918901 0.04061434
0.72043106 0.08908954 0.04063504
0.72171715 0.08895973 0.04064867
0.72298845 0.08881307 0.04066061
0.72427454 0.08866838 0.04067538
0.72554585 0.08853073 0.04069410
0.72683194 0.08838107 0.04071023
0.72810324 0.08818803 0.04071394
0.72938933 0.08793652 0.04070142
0.73066064 0.08765642 0.04068267
0.73194672 0.08739199 0.04066978
0.73321803 0.08717097 0.04066656
0.73450412 0.08699935 0.04066991
0.73577542 0.08685896 0.04067099
0.73706151 0.08673062 0.04066487
0.73833282 0.08660498 0.04065084
0.73961890 0.08647804 0.04062963
0.74089021 0.08634555 0.04060156
0.74217630 0.08620414 0.04056704
0.74344760 0.08605036 0.04052627
0.74473369 0.08588251 0.04047985
0.74600500 0.08570617 0.04043002
0.74729108 0.08553299 0.04038017
0.74856239 0.08537734 0.04033351
0.74984848 0.08524953 0.04029126
0.75111978 0.08515351 0.04025279
0.75240587 0.08508872 0.04021681
0.75367718 0.08505217 0.04018200
0.75496327 0.08503983 0.04014729
0.75623457 0.08504820 0.04011208
0.75752066 0.08507372 0.04007591
0.75879196 0.08511358 0.04003853
0.76007805 0.08516561 0.03999977
0.76134936 0.08522985 0.03995989
0.76263545 0.08530794 0.03991933
0.76390675 0.08540419 0.03987881
0.76517806 0.08552519 0.03983948
0.76646414 0.08568041 0.03980309
0.76773545 0.08587926 0.03977212
0.76902154 0.08612017 0.03974649
0.77029284 0.08638202 0.03972112
0.77157893 0.08662757 0.03968838
0.77285024 0.08683568 0.03964758
0.77413633 0.08699903 0.03960181
0.77540763 0.08711620 0.03955312
0.77669372 0.08718956 0.03950400
0.77796502 0.08721826 0.03945432
0.77923633 0.08721031 0.03940638
0.78052242 0.08717981 0.03936296
0.78179372 0.08714422 0.03932699
0.78307981 0.08711714 0.03929940
0.78435112 0.08711429 0.03928129
0.78563720 0.08713985 0.03927133
0.78690851 0.08718519 0.03926392
0.78817982 0.08724598 0.03925708
0.78946590 0.08731943 0.03924965
0.79073721 0.08740408 0.03924078
0.79202330 0.08749750 0.03922978
0.79329460 0.08759509 0.03921589
0.79458069 0.08769014 0.03919820
0.79585200 0.08777282 0.03917584
0.79712330 0.08783623 0.03914993
0.79840939 0.08787706 0.03912226
0.79968070 0.08789201 0.03909399
0.80096678 0.08787952 0.03906504
0.80223809 0.08784464 0.03903681
0.80350939 0.08780146 0.03901084
0.80479548 0.08777672 0.03899398
0.80606679 0.08778852 0.03898712
0.80735288 0.08783761 0.03898815
0.80862418 0.08791358 0.03899302
0.80989549 0.08800456 0.03899637
0.81118157 0.08811072 0.03899930
0.81245288 0.08823672 0.03900214
0.81373897 0.08838660 0.03900655
0.81501027 0.08854855 0.03900930
0.81628158 0.08870138 0.03900613
0.81756767 0.08883312 0.03899728
0.81883897 0.08893864 0.03898334
0.82012506 0.08901172 0.03896478
0.82139637 0.08904042 0.03893891
0.82266767 0.08900996 0.03890176
0.82395376 0.08892829 0.03885748
0.82522507 0.08884371 0.03882164
0.82651115 0.08881016 0.03880753
0.82778246 0.08884324 0.03881257
0.82905376 0.08893048 0.03882914
0.83033985 0.08905440 0.03885089
0.83161116 0.08920074 0.03887480
0.83288246 0.08935729 0.03889894
0.83416855 0.08951255 0.03892173
0.83543986 0.08965518 0.03894176
0.83672594 0.08977448 0.03895758
0.83799725 0.08986349 0.03896906
0.83926856 0.08991757 0.03897617
0.84055464 0.08993318 0.03897916
0.84182595 0.08990798 0.03897765
0.84309725 0.08984180 0.03897212
0.84438334 0.08974032 0.03896347
0.84565465 0.08961641 0.03895400
0.84692595 0.08949183 0.03894772
0.84821204 0.08939606 0.03894894
0.84948335 0.08935956 0.03896291
0.85076944 0.08939245 0.03898925
0.85204074 0.08946641 0.03901824
0.85331205 0.08953981 0.03904107
0.85459813 0.08958958 0.03905637
0.85586944 0.08960789 0.03906496
0.85714075 0.08959288 0.03906842
0.85842683 0.08954466 0.03906694
0.85969814 0.08946796 0.03906163
0.86096944 0.08937252 0.03905351
0.86225553 0.08928090 0.03904765
0.86352684 0.08922987 0.03905147
0.86479814 0.08926237 0.03907526
0.86608423 0.08940528 0.03912382
0.86735554 0.08964158 0.03918903
0.86862684 0.08992468 0.03925709
0.86991293 0.09020600 0.03931409
0.87118424 0.09045357 0.03935527
0.87245554 0.09064388 0.03937946
0.87374163 0.09076262 0.03938890
0.87501293 0.09079837 0.03938528
0.87628424 0.09074172 0.03936888
0.87757033 0.09059468 0.03934231
0.87884163 0.09036490 0.03930816
0.88011294 0.09006829 0.03927126
0.88138424 0.08972594 0.03923715
0.88267033 0.08935954 0.03921097
0.88394164 0.08898878 0.03919608
0.88521294 0.08862762 0.03919335
0.88649903 0.08829107 0.03920393
0.88777034 0.08800088 0.03923335
0.88904164 0.08776809 0.03928246
0.89032773 0.08757762 0.03934033
0.89159904 0.08741221 0.03939738
0.89287034 0.08727301 0.03945179
0.89415643 0.08716464 0.03950402
0.89542774 0.08708441 0.03955297
0.89669904 0.08702116 0.03959671
0.89797035 0.08696389 0.03963463
0.89925643 0.08690281 0.03966728
0.90052774 0.08683274 0.03969544
0.90179905 0.08674725 0.03971978
0.90308513 0.08664025 0.03973978
0.90435644 0.08650724 0.03975529
0.90562774 0.08634269 0.03976614
0.90691383 0.08614538 0.03977221
0.90818514 0.08591652 0.03977412
0.90945644 0.08566192 0.03977294
0.91072775 0.08539764 0.03977262
0.91201384 0.08514273 0.03977699
0.91328514 0.08491585 0.03978824
0.91455645 0.08473096 0.03980612
0.91582775 0.08459602 0.03982916
0.91711384 0.08451988 0.03985662
0.91838515 0.08450482 0.03988680
0.91965645 0.08454769 0.03991814
0.92094254 0.08463692 0.03994932
0.92221385 0.08474538 0.03997620
0.92348515 0.08483592 0.03999301
0.92475646 0.08487783 0.03999483
0.92604254 0.08486692 0.03998413
0.92731385 0.08482041 0.03996844
0.92858516 0.08475443 0.03995263
0.92985646 0.08467956 0.03993983
0.93114255 0.08460002 0.03993083
0.93241385 0.08452040 0.03992685
0.93368516 0.08444962 0.03993139
0.93495647 0.08440637 0.03995210
0.93624255 0.08439925 0.03998909
0.93751386 0.08442480 0.04003219
0.93878516 0.08450197 0.04008088
0.94005647 0.08464780 0.04013680
0.94134256 0.08482839 0.04018684
0.94261386 0.08499051 0.04021925
0.94388517 0.08511068 0.04023542
0.94515647 0.08518873 0.04024111
0.94644256 0.08522263 0.04023896
0.94771387 0.08520854 0.04022969
0.94898517 0.08514436 0.04021384
0.95025648 0.08503070 0.04019271
0.95154257 0.08486957 0.04016594
0.95281387 0.08466188 0.04013267
0.95408518 0.08442093 0.04009542
0.95535648 0.08418392 0.04006652
0.95664257 0.08400901 0.04006372
0.95791388 0.08394129 0.04009530
0.95918518 0.08398841 0.04015586
0.96045649 0.08410756 0.04022707
0.96174258 0.08424399 0.04029552
0.96301388 0.08436971 0.04035804
0.96428519 0.08447437 0.04041637
0.96555649 0.08454622 0.04046800
0.96682780 0.08456979 0.04050860
0.96811389 0.08453800 0.04053847
0.96938519 0.08445003 0.04055965
0.97065650 0.08431301 0.04057611
0.97192780 0.08413750 0.04059048
0.97321389 0.08393479 0.04060560
0.97448520 0.08371662 0.04062340
0.97575650 0.08349903 0.04064636
0.97702781 0.08330005 0.04067706
0.97829911 0.08313538 0.04071682
0.97958520 0.08301431 0.04076536
0.98085651 0.08293407 0.04082003
0.98212781 0.08288299 0.04087745
0.98339912 0.08284742 0.04093547
0.98468520 0.08281488 0.04099302
0.98595651 0.08277670 0.04105038
0.98722781 0.08272431 0.04110782
0.98849912 0.08264907 0.04116434
0.98977043 0.08254522 0.04122006
0.99105651 0.08241062 0.04127606
0.99232782 0.08224765 0.04133398
0.99359912 0.08205847 0.04139572
0.99487043 0.08184306 0.04146138
0.99614174 0.08159575 0.04152774
0.99742782 0.08131386 0.04159191
0.99869913 0.08100177 0.04165398
0.99997043 0.08067124 0.04171630
1.00124174 0.08033763 0.04178173
1.00251305 0.08001200 0.04185162
1.00378435 0.07969849 0.04192507
1.00507044 0.07939393 0.04199973
1.00634174 0.07909346 0.04207376
1.00761305 0.07879380 0.04214654
1.00888436 0.07849387 0.04221818
1.01015566 0.07819385 0.04228914
1.01144175 0.07789459 0.04235990
1.01271305 0.07759712 0.04243086
1.01398436 0.07730279 0.04250242
1.01525567 0.07701336 0.04257503
1.01652697 0.07673077 0.04264920
1.01779828 0.07645623 0.04272531
1.01908436 0.07618918 0.04280341
1.02035567 0.07592336 0.04288102
1.02162698 0.07564716 0.04295360
1.02289828 0.07534651 0.04301727
1.02416959 0.07500849 0.04306844
1.02545567 0.07463181 0.04310788
1.02672698 0.07423051 0.04314102
1.02799829 0.07382179 0.04317268
1.02926959 0.07341503 0.04320441
1.03054090 0.07301640 0.04323654
1.03181220 0.07263103 0.04326956
1.03309829 0.07226401 0.04330377
1.03436960 0.07192226 0.04334077
1.03564090 0.07160682 0.04338029
1.03691221 0.07130979 0.04341945
1.03818351 0.07101957 0.04345521
1.03945482 0.07072978 0.04348683
1.04072612 0.07043546 0.04351420
1.04201221 0.07013237 0.04353646
1.04328352 0.06981881 0.04355417
1.04455482 0.06949178 0.04356677
1.04582613 0.06914779 0.04357197
1.04709743 0.06878421 0.04356785
1.04836874 0.06840179 0.04355349
1.04965483 0.06800502 0.04352916
1.05092613 0.06760104 0.04349560
1.05219744 0.06720148 0.04345521
1.05346874 0.06681726 0.04341027
1.05474005 0.06645541 0.04336208
1.05601135 0.06612413 0.04331250
1.05728266 0.06583258 0.04326395
1.05856875 0.06558697 0.04321730
1.05984005 0.06538562 0.04317296
1.06111136 0.06520742 0.04312415
1.06238266 0.06502626 0.04306715
1.06365397 0.06482633 0.04300046
1.06492527 0.06460335 0.04292478
1.06619658 0.06435713 0.04284367
1.06746788 0.06407973 0.04275542
1.06875397 0.06376252 0.04265818
1.07002528 0.06339962 0.04254670
1.07129658 0.06299056 0.04241559
1.07256789 0.06253899 0.04226053
1.07383919 0.06204948 0.04207794
1.07511050 0.06152943 0.04186712
1.07638181 0.06099304 0.04163025
1.07766789 0.06046858 0.04137598
1.07893920 0.06000027 0.04111939
1.08021050 0.05961971 0.04086918
1.08148181 0.05931078 0.04061654
1.08275312 0.05902741 0.04034507
1.08402442 0.05873983 0.04005030
1.08529573 0.05843866 0.03973556
1.08656703 0.05812029 0.03940538
1.08783834 0.05777991 0.03906236
1.08912443 0.05741223 0.03870830
1.09039573 0.05701295 0.03834513
1.09166704 0.05658010 0.03797460
1.09293834 0.05611420 0.03759924
1.09420965 0.05561521 0.03722081
1.09548095 0.05508276 0.03684091
1.09675226 0.05451698 0.03646059
1.09802356 0.05391907 0.03608112
1.09930965 0.05329263 0.03570383
1.10058096 0.05264258 0.03533050
1.10185226 0.05197481 0.03496263
1.10312357 0.05129443 0.03460072
1.10439487 0.05060524 0.03424515
1.10566618 0.04991122 0.03389585
1.10693748 0.04921634 0.03355288
1.10820879 0.04852578 0.03321658
1.10948010 0.04784579 0.03288770
1.11075140 0.04718356 0.03256727
1.11203749 0.04654601 0.03225621
1.11330879 0.04593924 0.03195514
1.11458010 0.04536814 0.03166460
1.11585141 0.04483694 0.03138520
1.11712271 0.04434541 0.03111675
1.11839402 0.04388960 0.03085870
1.11966532 0.04344642 0.03061640
1.12093663 0.04298144 0.03038863
1.12220793 0.04245353 0.03015823
1.12347924 0.04183334 0.02991258
1.12475054 0.04114040 0.02965873
1.12603663 0.04042230 0.02941437
1.12730794 0.03972212 0.02919131
1.12857924 0.03906316 0.02899163
1.12985055 0.03846324 0.02881549
1.13112185 0.03793539 0.02866157
1.13239316 0.03749273 0.02852862
1.13366446 0.03714798 0.02841633
1.13493577 0.03690858 0.02832340
1.13620707 0.03677922 0.02825149
1.13747838 0.03671452 0.02822850
1.13874969 0.03668013 0.02828270
1.14002099 0.03663717 0.02833827
1.14130708 0.03655529 0.02832278
1.14257838 0.03646075 0.02825425
1.14384969 0.03632501 0.02814516
1.14512100 0.03608805 0.02800305
1.14639230 0.03572482 0.02783500
1.14766361 0.03530173 0.02762523
1.14893491 0.03496094 0.02736646
1.15020622 0.03475698 0.02710179
1.15147752 0.03456496 0.02686514
1.15274883 0.03425155 0.02665082
1.15402013 0.03387574 0.02642731
1.15529144 0.03379606 0.02628399
1.15656274 0.03373529 0.02614219
1.15783405 0.03369451 0.02600274
1.15912014 0.03367364 0.02586559
1.16039144 0.03367257 0.02573070
1.16166275 0.03369116 0.02559807
1.16293405 0.03372923 0.02546770
1.16420536 0.03378656 0.02533960
1.16547667 0.03386292 0.02521382
1.16674797 0.03395802 0.02509041
1.16801928 0.03407157 0.02496945
1.16929058 0.03420321 0.02485105
1.17056189 0.03435258 0.02473533
1.17183319 0.03451927 0.02462244
1.17310450 0.03470284 0.02451253
1.17437580 0.03490281 0.02440580
1.17564711 0.03511869 0.02430245
1.17691841 0.03534994 0.02420272
1.17818972 0.03559599 0.02410685
1.17946103 0.03585624 0.02401512
1.18074711 0.03613006 0.02392780
1.18201842 0.03641679 0.02384521
1.18328972 0.03671573 0.02376766
1.18456103 0.03702616 0.02369548
1.18583234 0.03734732 0.02362903
1.18710364 0.03767843 0.02356864
1.18837495 0.03801867 0.02351469
1.18964625 0.03836720 0.02346754
1.19091756 0.03872315 0.02342755
1.19218886 0.03908561 0.02339509
1.19346017 0.03945367 0.02337051
1.19473147 0.03982635 0.02335416
1.19600278 0.04020269 0.02334638
1.19727408 0.04058166 0.02334748
1.19854539 0.04096224 0.02335776
1.19981670 0.04134337 0.02337748
1.20108800 0.04172396 0.02340687
1.20235931 0.04210291 0.02344613
1.20363061 0.04247908 0.02349541
1.20490192 0.04285133 0.02355482
1.20617322 0.04321848 0.02362440
1.20744453 0.04357934 0.02370415
1.20873062 0.04393269 0.02379400
1.21000192 0.04427730 0.02389381
1.21127323 0.04461193 0.02400336
1.21254453 0.04493529 0.02412235
1.21381584 0.04524612 0.02425043
1.21508714 0.04554310 0.02438711
1.21635845 0.04582494 0.02453184
1.21762975 0.04609029 0.02468397
1.21890106 0.04633782 0.02484274
1.22017237 0.04656619 0.02500729
1.22144367 0.04677402 0.02517666
1.22271498 0.04695996 0.02534977
1.22398628 0.04712262 0.02552543
1.22525759 0.04726062 0.02570233
1.22652889 0.04737257 0.02587903
1.22780020 0.04745708 0.02605398
1.22907150 0.04751276 0.02622549
1.23034281 0.04753819 0.02639175
1.23161411 0.04753199 0.02655082
1.23288542 0.04749275 0.02670059
1.23415673 0.04741908 0.02683885
1.23542803 0.04730959 0.02696322
1.23669934 0.04716289 0.02707119
1.23797064 0.04697760 0.02716007
1.23924195 0.04675234 0.02722703
1.24051325 0.04648576 0.02726910
1.24178456 0.04617649 0.02728310
1.24305586 0.04582320 0.02726571
1.24432717 0.04542457 0.02721344
1.24559847 0.04497927 0.02712260
1.24686978 0.04448602 0.02698933
1.24814109 0.04394354 0.02680957
1.24941239 0.04335057 0.02657907
1.25068370 0.04270589 0.02629339
1.25195500 0.04200828 0.02594786
1.25322631 0.04125656 0.02553762
1.25449761 0.04044957 0.02505758
1.25576892 0.03958619 0.02450244
1.25704022 0.03866533 0.02386666
1.25831153 0.03768591 0.02314446
1.25958283 0.03664691 0.02232983
1.26085414 0.03554734 0.02141652
1.26212545 0.03438624 0.02039802
1.26339675 0.03316271 0.01926759
1.26466806 0.03187587 0.01801822
1.26593936 0.03052490 0.01664268
1.26721067 0.02910901 0.01513351
1.26848197 0.02762748 0.01348307
1.26975328 0.02607963 0.01168370
1.27102458 0.02446483 0.00972793
1.27229589 0.02278251 0.00760945
1.27356719 0.02103215 0.00532651
1.27483850 0.01921330 0.00290440
1.27610981 0.01732557 0.00094115
1.27738111 0.01536862 0.00299177
1.27865242 0.01334219 0.00602883
1.27992372 0.01124608 0.00934526
1.28119503 0.00908018 0.01291414
-0.96316762 0.03155870 0.00339107
-0.96189631 0.02978967 0.00115057
-0.96062353 0.02420697 0.00037551
-0.95934927 0.02138460 0.00096602
-0.95807353 0.02145787 0.00255959
-0.95679779 0.02496497 0.00520287
-0.95551909 0.03029700 0.00703682
-0.95423744 0.04355997 0.00757820
-0.95295431 0.04074610 0.02055952
-0.95167118 0.11554343 0.04719108
-0.95038804 0.23156000 0.05519044
-0.94910048 0.24312200 0.04824699
-0.94781143 0.20563633 0.04462302
-0.94651943 0.17828333 0.04370434
-0.94522743 0.16690467 0.04319352
-0.94393247 0.15996267 0.04228178
-0.94263604 0.15653400 0.04131919
-0.94133960 0.15371700 0.04064319
-0.94004021 0.15035967 0.03996749
-0.93873934 0.14667533 0.03937288
-0.93743699 0.14333467 0.03890773
-0.93613316 0.14030727 0.03848779
-0.93482786 0.13760720 0.03810502
-0.93351959 0.13516877 0.03775273
-0.93221133 0.13296507 0.03742465
-0.93090011 0.13095730 0.03711576
-0.92958890 0.12911953 0.03682462
-0.92827472 0.12742617 0.03654812
-0.92695907 0.12585670 0.03628467
-0.92564341 0.12439267 0.03603313
-0.92432480 0.12301830 0.03579223
-0.92300472 0.12171923 0.03556254
-0.92168315 0.12048147 0.03534273
-0.92036010 0.11929200 0.03513247
-0.91903410 0.11813780 0.03493167
-0.91770810 0.11700490 0.03473707
-0.91638062 0.11590397 0.03454058
-0.91505167 0.11489827 0.03433996
-0.91371975 0.11404603 0.03414438
-0.91238784 0.11330163 0.03395559
-0.91105297 0.11258307 0.03376462
-0.90971810 0.11187580 0.03357498
-0.90838027 0.11118677 0.03339000
-0.90704096 0.11051543 0.03320734
-0.90570166 0.10986243 0.03302692
-0.90435940 0.10922597 0.03284901
-0.90301565 0.10860553 0.03267336
-0.90167044 0.10800010 0.03249952
-0.90032374 0.10740840 0.03232697
-0.89897556 0.10683017 0.03215650
-0.89762591 0.10626343 0.03198679
-0.89627478 0.10570807 0.03181859
-0.89492217 0.10516340 0.03165176
-0.89356808 0.10462830 0.03148570
-0.89221251 0.10410230 0.03132074
-0.89085547 0.10358510 0.03115707
-0.88949695 0.10307533 0.03099364
-0.88813547 0.10257300 0.03083110
-0.88677399 0.10207747 0.03066926
-0.88541103 0.10158850 0.03050825
-0.88404659 0.10110547 0.03034783
-0.88267920 0.10062780 0.03018772
-0.88131181 0.10015530 0.03002810
-0.87994294 0.09968743 0.02986864
-0.87857259 0.09922430 0.02970994
-0.87719928 0.09876547 0.02955163
-0.87582598 0.09831037 0.02939344
-0.87445120 0.09785923 0.02923587
-0.87307345 0.09741127 0.02907816
-0.87169571 0.09696667 0.02892080
-0.87031650 0.09652490 0.02876352
-0.86893580 0.09608603 0.02860627
-0.86755215 0.09564980 0.02844924
-0.86616849 0.09521620 0.02829242
-0.86478336 0.09478480 0.02813545
-0.86339675 0.09435587 0.02797880
-0.86200866 0.09392863 0.02782168
-0.86061762 0.09350333 0.02766457
-0.85922657 0.09307983 0.02750752
-0.85783405 0.09265813 0.02735053
-0.85644005 0.09223783 0.02719321
-0.85504457 0.09181900 0.02703560
-0.85364761 0.09140207 0.02687806
-0.85224918 0.09098623 0.02671981
-0.85084926 0.09057223 0.02656170
-0.84944787 0.09015943 0.02640283
-0.84804648 0.08974783 0.02624321
-0.84664213 0.08933827 0.02608364
-0.84523630 0.08893000 0.02592264
-0.84382899 0.08852433 0.02576142
-0.84242169 0.08811990 0.02559959
-0.84101143 0.08771503 0.02543753
-0.83960116 0.08730817 0.02527432
-0.83818795 0.08689970 0.02511043
-0.83677473 0.08648957 0.02494594
-0.83536003 0.08607747 0.02478114
-0.83394238 0.08566223 0.02461552
-0.83252472 0.08524297 0.02445046
-0.83110559 0.08481500 0.02428506
-0.82968498 0.08437440 0.02412049
-0.82826289 0.08391960 0.02395644
-0.82684081 0.08345173 0.02379296
-0.82541576 0.08297143 0.02363095
-0.82398924 0.08247747 0.02346988
-0.82256272 0.08196963 0.02331056
-0.82113324 0.08144740 0.02315332
-0.81970376 0.08091030 0.02299774
-0.81827280 0.08035907 0.02284462
-0.81684036 0.07979447 0.02269402
-0.81540645 0.07921813 0.02254613
-0.81397106 0.07863177 0.02240038
-0.81253418 0.07803873 0.02225709
-0.81109584 0.07744237 0.02211596
-0.80965749 0.07684683 0.02197675
-0.80821618 0.07625680 0.02183966
-0.80677488 0.07567607 0.02170341
-0.80533209 0.07510887 0.02156780
-0.80388783 0.07455930 0.02143276
-0.80244209 0.07403050 0.02129818
-0.80099487 0.07352407 0.02116301
-0.79954765 0.07304133 0.02102708
-0.79809748 0.07258303 0.02089056
-0.79664730 0.07214847 0.02075318
-0.79519565 0.07173637 0.02061445
-0.79374252 0.07134510 0.02047439
-0.79228791 0.07097267 0.02033301
-0.79083182 0.07061690 0.02019006
-0.78937573 0.07027527 0.02004569
-0.78791669 0.06994463 0.01989960
-0.78645764 0.06962417 0.01975125
-0.78499712 0.06931553 0.01960108
-0.78353512 0.06901603 0.01944945
-0.78207164 0.06871877 0.01929623
-0.78060816 0.06841833 0.01914170
-0.77914320 0.06811063 0.01898662
-0.77767528 0.06779037 0.01883180
-0.77620885 0.06744893 0.01867797
-0.77473946 0.06707937 0.01852487
-0.77326859 0.06668227 0.01837310
-0.77179771 0.06626030 0.01822332
-0.77032537 0.06581437 0.01807558
-0.76885154 0.06534540 0.01793018
-0.76737623 0.06485407 0.01778740
-0.76590093 0.06434153 0.01764744
-0.76442266 0.06380910 0.01751050
-0.76294440 0.06325847 0.01737683
-0.76146466 0.06269197 0.01724646
-0.75998492 0.06211253 0.01711955
-0.75850222 0.06152370 0.01699589
-0.75701953 0.06092980 0.01687539
-0.75553535 0.06033557 0.01675769
-0.75405118 0.05974610 0.01664253
-0.75256405 0.05916653 0.01652939
-0.75107691 0.05860203 0.01641780
-0.74958830 0.05805717 0.01630727
-0.74809822 0.05753610 0.01619739
-0.74660813 0.05704193 0.01608752
-0.74511656 0.05657683 0.01597732
-0.74362352 0.05614203 0.01586639
-0.74212899 0.05573763 0.01575433
-0.74063447 0.05536290 0.01564087
-0.73913847 0.05501637 0.01552585
-0.73764099 0.05469587 0.01540896
-0.73614351 0.05439883 0.01529013
-0.73464307 0.05412223 0.01516918
-0.73314412 0.05386280 0.01504617
-0.73164220 0.05361683 0.01492121
-0.73014029 0.05338010 0.01479476
-0.72863542 0.05314670 0.01466770
-0.72713202 0.05290950 0.01454227
-0.72562567 0.05265030 0.01442367
-0.72411933 0.05231550 0.01431584
-0.72261150 0.05185777 0.01421059
-0.72110367 0.05133127 0.01410379
-0.71959436 0.05082900 0.01400224
-0.71808358 0.05037090 0.01390319
-0.71657132 0.04994360 0.01380251
-0.71505906 0.04953947 0.01370149
-0.71354532 0.04915277 0.01360035
-0.71203158 0.04878027 0.01349923
-0.71051488 0.04841927 0.01339840
-0.70899966 0.04806797 0.01329780
-0.70748148 0.04772490 0.01319753
-0.70596331 0.04738883 0.01309768
-0.70444366 0.04705880 0.01299813
-0.70292400 0.04673390 0.01289904
-0.70140287 0.04641353 0.01280042
-0.69988026 0.04609710 0.01270228
-0.69835765 0.04578407 0.01260453
-0.69683356 0.04547400 0.01250726
-0.69530800 0.04516660 0.01241047
-0.69378243 0.04486150 0.01231416
-0.69225538 0.04455840 0.01221831
-0.69072834 0.04425710 0.01212299
-0.68919982 0.04395733 0.01202817
-0.68766982 0.04365893 0.01193381
-0.68613981 0.04336163 0.01183998
-0.68460833 0.04306527 0.01174667
-0.68307685 0.04276980 0.01165389
-0.68154390 0.04247493 0.01156162
-0.68001094 0.04218063 0.01146999
-0.67847650 0.04188667 0.01137889
-0.67694059 0.04159297 0.01128840
-0.67540467 0.04129937 0.01119852
-0.67386728 0.04100577 0.01110933
-0.67232841 0.04071203 0.01102078
-0.67078954 0.04041803 0.01093303
-0.66925067 0.04012360 0.01084599
-0.66771032 0.03982853 0.01075978
-0.66616849 0.03953290 0.01067445
-0.66462666 0.03923630 0.01059003
-0.66308484 0.03893873 0.01050669
-0.66154005 0.03864003 0.01042438
-0.65999675 0.03834000 0.01034323
-0.65845049 0.03803853 0.01026334
-0.65690570 0.03773550 0.01018481
-0.65535796 0.03743080 0.01010776
-0.65381022 0.03712443 0.01003217
-0.65226248 0.03681670 0.00995811
-0.65071326 0.03650813 0.00988543
-0.64916404 0.03619990 0.00981388
-0.64761335 0.03589380 0.00974277
-0.64606265 0.03559447 0.00967030
-0.64451047 0.03531900 0.00959434
-0.64295830 0.03509203 0.00951690
-0.64140464 0.03490733 0.00944104
-0.63985099 0.03472813 0.00936435
-0.63829586 0.03453617 0.00928683
-0.63674073 0.03433113 0.00921062
-0.63518412 0.03411350 0.00913531
-0.63362751 0.03388747 0.00906098
-0.63207090 0.03365557 0.00898779
-0.63051133 0.03341917 0.00891547
-0.62895324 0.03317927 0.00884395
-0.62739368 0.03293653 0.00877334
-0.62583411 0.03269177 0.00870353
-0.62427306 0.03244550 0.00863452
-0.62271202 0.03219810 0.00856632
-0.62114950 0.03195007 0.00849889
-0.61958697 0.03170187 0.00843223
-0.61802445 0.03145370 0.00836638
-0.61646045 0.03120597 0.00830133
-0.61489497 0.03095893 0.00823705
-0.61333097 0.03071287 0.00817353
-0.61176401 0.03046800 0.00811075
-0.61019853 0.03022463 0.00804872
-0.60863157 0.02998293 0.00798745
-0.60706461 0.02974310 0.00792694
-0.60549618 0.02950533 0.00786717
-0.60392774 0.02926977 0.00780810
-0.60235783 0.02903660 0.00774973
-0.60078939 0.02880597 0.00769208
-0.59921800 0.02857800 0.00763509
-0.59764808 0.02835297 0.00757874
-0.59607669 0.02813100 0.00752299
-0.59450530 0.02791223 0.00746782
-0.59293243 0.02769670 0.00741327
-0.59135956 0.02748460 0.00735914
-0.58978669 0.02727597 0.00730561
-0.58821234 0.02707087 0.00725256
-0.58663799 0.02686943 0.00719989
-0.58506364 0.02667167 0.00714769
-0.58348781 0.02647763 0.00709580
-0.58191198 0.02628737 0.00704433
-0.58033616 0.02610090 0.00699315
-0.57875885 0.02591823 0.00694218
-0.57718302 0.02573947 0.00689152
-0.57560424 0.02556450 0.00684101
-0.57402693 0.02539330 0.00679062
-0.57244815 0.02522593 0.00674037
-0.57086937 0.02506233 0.00669018
-0.56929058 0.02490247 0.00664001
-0.56771032 0.02474617 0.00658976
-0.56613006 0.02459343 0.00653945
-0.56454980 0.02444417 0.00648900
-0.56296805 0.02429820 0.00643841
-0.56138779 0.02415530 0.00638753
-0.55980605 0.02401527 0.00633651
-0.55822283 0.02387763 0.00628526
-0.55664109 0.02374200 0.00623387
-0.55505787 0.02360740 0.00618252
-0.55347466 0.02347277 0.00613158
-0.55189144 0.02333570 0.00608158
-0.55030822 0.02319310 0.00603402
-0.54872352 0.02303373 0.00599112
-0.54713882 0.02283177 0.00595219
-0.54555413 0.02258007 0.00591196
-0.54396943 0.02231840 0.00587160
-0.54238325 0.02208013 0.00583400
-0.54079708 0.02186480 0.00579668
-0.53921090 0.02166640 0.00575889
-0.53762473 0.02148093 0.00572092
-0.53603855 0.02130577 0.00568282
-0.53445090 0.02113917 0.00564471
-0.53286472 0.02097963 0.00560662
-0.53127707 0.02082607 0.00556863
-0.52968942 0.02067753 0.00553072
-0.52810029 0.02053330 0.00549294
-0.52651263 0.02039277 0.00545540
-0.52492498 0.02025537 0.00541801
-0.52333585 0.02012067 0.00538083
-0.52174671 0.01998830 0.00534388
-0.52015758 0.01985797 0.00530713
-0.51856845 0.01972930 0.00527066
-0.51697932 0.01960210 0.00523443
-0.51538871 0.01947607 0.00519847
-0.51379958 0.01935107 0.00516274
-0.51220897 0.01922690 0.00512729
-0.51061836 0.01910340 0.00509212
-0.50902775 0.01898033 0.00505730
-0.50743714 0.01885767 0.00502275
-0.50584653 0.01873523 0.00498855
-0.50425592 0.01861283 0.00495464
-0.50266383 0.01849040 0.00492116
-0.50107322 0.01836777 0.00488799
-0.49948261 0.01824490 0.00485529
-0.49789052 0.01812153 0.00482297
-0.49629843 0.01799763 0.00479118
-0.49470782 0.01787310 0.00475986
-0.49311573 0.01774783 0.00472903
-0.49152364 0.01762173 0.00469874
-0.48993156 0.01749470 0.00466907
-0.48833947 0.01736667 0.00464005
-0.48674738 0.01723753 0.00461161
-0.48515529 0.01710717 0.00458392
-0.48356320 0.01697557 0.00455701
-0.48196964 0.01684263 0.00453083
-0.48037755 0.01670843 0.00450544
-0.47878546 0.01657303 0.00448083
-0.47719337 0.01643657 0.00445704
-0.47559980 0.01629940 0.00443385
-0.47400772 0.01616210 0.00441123
-0.47241563 0.01602577 0.00438873
-0.47082206 0.01589207 0.00436579
-0.46922997 0.01576493 0.00434122
-0.46763788 0.01565647 0.00431446
-0.46604432 0.01557947 0.00428792
-0.46445223 0.01552620 0.00426286
-0.46286014 0.01547497 0.00423738
-0.46126658 0.01541493 0.00421112
-0.45967449 0.01534740 0.00418505
-0.45808240 0.01527520 0.00415949
-0.45649031 0.01519947 0.00413437
-0.45489822 0.01512110 0.00410964
-0.45330613 0.01504050 0.00408530
-0.45171257 0.01495820 0.00406130
-0.45012048 0.01487457 0.00403764
-0.44852839 0.01478987 0.00401431
-0.44693778 0.01470437 0.00399128
-0.44534569 0.01461823 0.00396858
-0.44375360 0.01453163 0.00394613
-0.44216151 0.01444477 0.00392403
-0.44057090 0.01435763 0.00390219
-0.43897882 0.01427043 0.00388067
-0.43738821 0.01418327 0.00385941
-0.43579612 0.01409623 0.00383843
-0.43420551 0.01400940 0.00381772
-0.43261490 0.01392290 0.00379728
-0.43102429 0.01383670 0.00377707
-0.42943368 0.01375090 0.00375714
-0.42784307 0.01366557 0.00373745
-0.42625394 0.01358077 0.00371803
-0.42466333 0.01349652 0.00369885
-0.42307419 0.01341285 0.00367991
-0.42148358 0.01332983 0.00366127
-0.41989445 0.01324745 0.00364282
-0.41830532 0.01316577 0.00362459
-0.41671619 0.01308480 0.00360663
-0.41512853 0.01300462 0.00358890
-0.41353940 0.01292520 0.00357140
-0.41195175 0.01284654 0.00355412
-0.41036262 0.01276874 0.00353710
-0.40877496 0.01269175 0.00352027
-0.40718731 0.01261562 0.00350368
-0.40560114 0.01254036 0.00348731
-0.40401348 0.01246594 0.00347113
-0.40242731 0.01239247 0.00345519
-0.40084113 0.01231984 0.00343942
-0.39925496 0.01224814 0.00342390
-0.39766878 0.01217733 0.00340859
-0.39608261 0.01210745 0.00339346
-0.39449791 0.01203850 0.00337851
-0.39291321 0.01197047 0.00336376
-0.39132851 0.01190341 0.00334922
-0.38974382 0.01183727 0.00333486
-0.38816060 0.01177208 0.00332067
-0.38657738 0.01170789 0.00330668
-0.38499416 0.01164467 0.00329283
-0.38341094 0.01158243 0.00327918
-0.38182920 0.01152122 0.00326565
-0.38024598 0.01146109 0.00325225
-0.37866424 0.01140204 0.00323898
-0.37708398 0.01134420 0.00322575
-0.37550224 0.01128774 0.00321260
-0.37392198 0.01123278 0.00319934
-0.37234172 0.01118001 0.00318588
-0.37076145 0.01113111 0.00317249
-0.36918267 0.01108626 0.00315954
-0.36760388 0.01104246 0.00314678
-0.36602510 0.01099750 0.00313402
-0.36444780 0.01095134 0.00312138
-0.36286901 0.01090432 0.00310890
-0.36129171 0.01085679 0.00309670
-0.35971588 0.01080882 0.00308465
-0.35814005 0.01076061 0.00307282
-0.35656422 0.01071223 0.00306117
-0.35498840 0.01066377 0.00304971
-0.35341405 0.01061531 0.00303845
-0.35183970 0.01056690 0.00302736
-0.35026535 0.01051860 0.00301645
-0.34869248 0.01047048 0.00300577
-0.34711961 0.01042254 0.00299523
-0.34554674 0.01037482 0.00298488
-0.34397534 0.01032737 0.00297469
-0.34240395 0.01028022 0.00296470
-0.34083256 0.01023337 0.00295486
-0.33926264 0.01018690 0.00294524
-0.33769273 0.01014076 0.00293573
-0.33612429 0.01009504 0.00292643
-0.33455586 0.01004970 0.00291728
-0.33298742 0.01000482 0.00290830
-0.33142046 0.00996042 0.00289949
-0.32985350 0.00991648 0.00289079
-0.32828655 0.00987312 0.00288231
-0.32672107 0.00983028 0.00287391
-0.32515559 0.00978807 0.00286570
-0.32359159 0.00974645 0.00285759
-0.32202758 0.00970554 0.00284962
-0.32046358 0.00966538 0.00284178
-0.31890106 0.00962601 0.00283403
-0.31734002 0.00958751 0.00282630
-0.31577749 0.00955006 0.00281863
-0.31421793 0.00951381 0.00281095
-0.31265688 0.00947902 0.00280318
-0.31109731 0.00944603 0.00279520
-0.30953923 0.00941533 0.00278682
-0.30798114 0.00938782 0.00277782
-0.30642305 0.00936477 0.00276767
-0.30486644 0.00935029 0.00275615
-0.30330983 0.00935080 0.00274463
-0.30175470 0.00936408 0.00273431
-0.30019957 0.00937789 0.00272385
-0.29864591 0.00938585 0.00271256
-0.29709226 0.00938877 0.00270136
-0.29554008 0.00938723 0.00269021
-0.29398791 0.00938185 0.00267909
-0.29243721 0.00937335 0.00266815
-0.29088651 0.00936230 0.00265725
-0.28933730 0.00934910 0.00264648
-0.28778808 0.00933405 0.00263576
-0.28623886 0.00931738 0.00262508
-0.28469112 0.00929935 0.00261445
-0.28314485 0.00928015 0.00260390
-0.28159859 0.00925991 0.00259333
-0.28005381 0.00923883 0.00258279
-0.27850902 0.00921703 0.00257222
-0.27696572 0.00919465 0.00256165
-0.27542241 0.00917179 0.00255109
-0.27388059 0.00914853 0.00254047
-0.27234024 0.00912500 0.00252984
-0.27079989 0.00910127 0.00251917
-0.26925954 0.00907736 0.00250842
-0.26772067 0.00905338 0.00249760
-0.26618327 0.00902938 0.00248674
-0.26464588 0.00900541 0.00247580
-0.26310997 0.00898146 0.00246473
-0.26157405 0.00895759 0.00245354
-0.26003962 0.00893379 0.00244224
-0.25850518 0.00891001 0.00243074
-0.25697222 0.00888622 0.00241904
-0.25544074 0.00886242 0.00240723
-0.25390926 0.00883857 0.00239533
-0.25237926 0.00881456 0.00238341
-0.25084926 0.00879020 0.00237148
-0.24932074 0.00876525 0.00235962
-0.24779369 0.00873932 0.00234792
-0.24626665 0.00871194 0.00233655
-0.24474108 0.00868226 0.00232570
-0.24321552 0.00864931 0.00231583
-0.24169143 0.00861114 0.00230748
-0.24016882 0.00856538 0.00230174
-0.23864621 0.00850552 0.00230000
-0.23712508 0.00841306 0.00229988
-0.23560542 0.00828194 0.00229504
-0.23408577 0.00814725 0.00228707
-0.23256759 0.00804270 0.00228132
-0.23104942 0.00796810 0.00227631
-0.22953272 0.00791393 0.00227053
-0.22801750 0.00787388 0.00226413
-0.22650376 0.00784412 0.00225712
-0.22499002 0.00782194 0.00224964
-0.22347628 0.00780538 0.00224174
-0.22196550 0.00779306 0.00223353
-0.22045471 0.00778388 0.00222502
-0.21894541 0.00777705 0.00221627
-0.21743610 0.00777195 0.00220729
-0.21592827 0.00776815 0.00219818
-0.21442193 0.00776525 0.00218894
-0.21291705 0.00776295 0.00217956
-0.21141218 0.00776099 0.00217001
-0.20990879 0.00775924 0.00216040
-0.20840540 0.00775748 0.00215066
-0.20690496 0.00775560 0.00214080
-0.20540453 0.00775349 0.00213089
-0.20390557 0.00775106 0.00212094
-0.20240661 0.00774812 0.00211085
-0.20090913 0.00774466 0.00210079
-0.19941313 0.00774046 0.00209069
-0.19791861 0.00773540 0.00208063
-0.19642408 0.00772927 0.00207071
-0.19493104 0.00772172 0.00206094
-0.19343947 0.00771229 0.00205152
-0.19194791 0.00769978 0.00204251
-0.19045930 0.00768243 0.00203374
-0.18897069 0.00765976 0.00202484
-0.18748355 0.00763396 0.00201576
-0.18599642 0.00760828 0.00200674
-0.18451077 0.00758437 0.00199788
-0.18302659 0.00756202 0.00198913
-0.18154390 0.00754060 0.00198029
-0.18006268 0.00752005 0.00197148
-0.17858146 0.00750021 0.00196259
-0.17710172 0.00748110 0.00195368
-0.17562346 0.00746267 0.00194479
-0.17414667 0.00744487 0.00193581
-0.17266989 0.00742769 0.00192682
-0.17119606 0.00741115 0.00191780
-0.16972223 0.00739523 0.00190878
-0.16824841 0.00737990 0.00189969
-0.16677754 0.00736515 0.00189054
-0.16530667 0.00735102 0.00188139
-0.16383875 0.00733746 0.00187216
-0.16237084 0.00732450 0.00186289
-0.16090440 0.00731211 0.00185357
-0.15943796 0.00730030 0.00184420
-0.15797449 0.00728907 0.00183477
-0.15651101 0.00727840 0.00182527
-0.15504900 0.00726828 0.00181571
-0.15358848 0.00725870 0.00180608
-0.15212944 0.00724965 0.00179639
-0.15067039 0.00724113 0.00178661
-0.14921430 0.00723310 0.00177676
-0.14775822 0.00722557 0.00176683
-0.14630375 0.00721850 0.00175682
-0.14485062 0.00721189 0.00174673
-0.14339867 0.00720571 0.00173655
-0.14194791 0.00719995 0.00172627
-0.14049847 0.00719459 0.00171591
-0.13905022 0.00718960 0.00170544
-0.13760344 0.00718496 0.00169488
-0.13615770 0.00718064 0.00168421
-0.13471344 0.00717662 0.00167344
-0.13327021 0.00717287 0.00166255
-0.13182846 0.00716936 0.00165157
-0.13038804 0.00716607 0.00164046
-0.12894881 0.00716295 0.00162924
-0.12751090 0.00715998 0.00161790
-0.12607433 0.00715712 0.00160644
-0.12463893 0.00715432 0.00159485
-0.12320502 0.00715152 0.00158316
-0.12177229 0.00714867 0.00157136
-0.12034104 0.00714566 0.00155946
-0.11891096 0.00714238 0.00154750
-0.11748222 0.00713862 0.00153550
-0.11605496 0.00713415 0.00152354
-0.11462888 0.00712850 0.00151174
-0.11320413 0.00712109 0.00150040
-0.11178086 0.00711017 0.00148984
-0.11035892 0.00709096 0.00147954
-0.10893816 0.00706211 0.00146822
-0.10751888 0.00703278 0.00145626
-0.10610108 0.00701122 0.00144477
-0.10468446 0.00699623 0.00143342
-0.10326932 0.00698447 0.00142183
-0.10185551 0.00697428 0.00141010
-0.10044304 0.00696484 0.00139824
-0.09903203 0.00695567 0.00138629
-0.09762236 0.00694648 0.00137427
-0.09621417 0.00693709 0.00136219
-0.09480731 0.00692737 0.00135007
-0.09340178 0.00691724 0.00133792
-0.09199772 0.00690664 0.00132576
-0.09059500 0.00689551 0.00131359
-0.08919376 0.00688381 0.00130142
-0.08779384 0.00687150 0.00128925
-0.08639541 0.00685853 0.00127711
-0.08499845 0.00684484 0.00126501
-0.08360282 0.00683034 0.00125299
-0.08220867 0.00681495 0.00124108
-0.08081600 0.00679856 0.00122930
-0.07942466 0.00678103 0.00121772
-0.07803480 0.00676217 0.00120637
-0.07664641 0.00674175 0.00119535
-0.07525951 0.00671948 0.00118475
-0.07387393 0.00669492 0.00117469
-0.07248984 0.00666751 0.00116535
-0.07110722 0.00663632 0.00115699
-0.06972608 0.00660024 0.00114999
-0.06834642 0.00655679 0.00114467
-0.06696823 0.00649731 0.00113943
-0.06559138 0.00642392 0.00113078
-0.06421615 0.00637072 0.00111979
-0.06284240 0.00636456 0.00111051
-0.06146998 0.00639133 0.00110184
-0.06009919 0.00643052 0.00109185
-0.05872988 0.00647550 0.00108099
-0.05736204 0.00652504 0.00106918
-0.05599568 0.00658100 0.00105616
-0.05463080 0.00664614 0.00104140
-0.05326740 0.00672648 0.00102396
-0.05190548 0.00682950 0.00100224
-0.05054518 0.00697020 0.00097391
-0.04918636 0.00716863 0.00093625
-0.04782902 0.00746985 0.00088972
-0.04647316 0.00791856 0.00084637
-0.04511893 0.00834390 0.00081632
-0.04376617 0.00844381 0.00078319
-0.04241504 0.00827855 0.00074401
-0.04106524 0.00810216 0.00071336
-0.03971706 0.00797836 0.00068720
-0.03837051 0.00789120 0.00066013
-0.03702529 0.00782888 0.00063176
-0.03568185 0.00779011 0.00060132
-0.03433973 0.00777697 0.00056805
-0.03299939 0.00779977 0.00053001
-0.03166038 0.00787696 0.00048530
-0.03032315 0.00806075 0.00043201
-0.02898739 0.00843109 0.00037552
-0.02765326 0.00879938 0.00032172
-0.02632105 0.00866152 0.00026573
-0.02499002 0.00793977 0.00021245
-0.02366047 0.00702091 0.00017986
-0.02233255 0.00610284 0.00016065
-0.02100625 0.00520162 0.00014754
-0.01968143 0.00433686 0.00013246
-0.01835824 0.00350855 0.00012119
-0.01703653 0.00272751 0.00010484
-0.01571644 0.00197617 0.00009439
-0.01439801 0.00126037 0.00008395
-0.01308110 0.00054610 0.00005738
-0.01176578 0.00027319 0.00007121
-0.01045207 0.00072036 0.00010605
-0.00913993 0.00138597 0.00013515
-0.00782941 0.00203550 0.00013794
-0.00652048 0.00275779 0.00014465
-0.00521317 0.00347804 0.00015335
-0.00390746 0.00445387 0.00015132
-0.00260335 0.00541952 0.00017606
-0.00130087 0.00780240 0.00013521
-0.00000000 0.00899763 0.00027252
