# s/c   P_w_mean    P_w_std
0.00000000 0.99993452 0.00002455
0.00130087 0.99955038 0.00001953
0.00260174 0.99915621 0.00001534
0.00390261 0.99875295 0.00001207
0.00520348 0.99834148 0.00000990
0.00650435 0.99792259 0.00000898
0.00780522 0.99749704 0.00000923
0.00910609 0.99706551 0.00001027
0.01040697 0.99662863 0.00001169
0.01170784 0.99618698 0.00001326
0.01300871 0.99574108 0.00001487
0.01430958 0.99529139 0.00001647
0.01561045 0.99483833 0.00001804
0.01691132 0.99438228 0.00001958
0.01821219 0.99392354 0.00002110
0.01951306 0.99346241 0.00002260
0.02081393 0.99299911 0.00002410
0.02211480 0.99253384 0.00002559
0.02341567 0.99206675 0.00002708
0.02470176 0.99159795 0.00002856
0.02600263 0.99112752 0.00003004
0.02730350 0.99065550 0.00003151
0.02860437 0.99018191 0.00003297
0.02990524 0.98970670 0.00003441
0.03120611 0.98922984 0.00003582
0.03250698 0.98875123 0.00003720
0.03380786 0.98827076 0.00003855
0.03510873 0.98778830 0.00003985
0.03640960 0.98730368 0.00004110
0.03771047 0.98681670 0.00004231
0.03901134 0.98632717 0.00004345
0.04029743 0.98583485 0.00004454
0.04159830 0.98533949 0.00004556
0.04289917 0.98484082 0.00004652
0.04420004 0.98433855 0.00004742
0.04550091 0.98383238 0.00004825
0.04680178 0.98332200 0.00004901
0.04810265 0.98280706 0.00004972
0.04940352 0.98228724 0.00005036
0.05068961 0.98176218 0.00005094
0.05199048 0.98123150 0.00005147
0.05329135 0.98069484 0.00005195
0.05459222 0.98015182 0.00005239
0.05589309 0.97960204 0.00005278
0.05719396 0.97904511 0.00005314
0.05849483 0.97848064 0.00005347
0.05978092 0.97790821 0.00005379
0.06108179 0.97732742 0.00005408
0.06238266 0.97673786 0.00005438
0.06368353 0.97613912 0.00005467
0.06498440 0.97553078 0.00005498
0.06628528 0.97491245 0.00005530
0.06757136 0.97428371 0.00005565
0.06887223 0.97364415 0.00005603
0.07017310 0.97299336 0.00005646
0.07147398 0.97233096 0.00005694
0.07277485 0.97165653 0.00005747
0.07407572 0.97096969 0.00005807
0.07536180 0.97027005 0.00005873
0.07666268 0.96955723 0.00005947
0.07796355 0.96883087 0.00006029
0.07926442 0.96809059 0.00006120
0.08056529 0.96733604 0.00006220
0.08185138 0.96656686 0.00006328
0.08315225 0.96578273 0.00006447
0.08445312 0.96498331 0.00006575
0.08575399 0.96416828 0.00006713
0.08704008 0.96333734 0.00006861
0.08834095 0.96249018 0.00007019
0.08964182 0.96162653 0.00007187
0.09094269 0.96074610 0.00007365
0.09224356 0.95984864 0.00007554
0.09352965 0.95893389 0.00007753
0.09483052 0.95800163 0.00007962
0.09613139 0.95705163 0.00008181
0.09743226 0.95608368 0.00008410
0.09871835 0.95509758 0.00008650
0.10001922 0.95409316 0.00008899
0.10132009 0.95307025 0.00009159
0.10260618 0.95202869 0.00009429
0.10390705 0.95096835 0.00009709
0.10520792 0.94988911 0.00009999
0.10650879 0.94879085 0.00010299
0.10779488 0.94767349 0.00010609
0.10909575 0.94653694 0.00010930
0.11039662 0.94538114 0.00011260
0.11169749 0.94420604 0.00011600
0.11298358 0.94301161 0.00011950
0.11428445 0.94179783 0.00012310
0.11558532 0.94056470 0.00012679
0.11687141 0.93931222 0.00013058
0.11817228 0.93804043 0.00013447
0.11947315 0.93674936 0.00013845
0.12075924 0.93543907 0.00014252
0.12206011 0.93410962 0.00014667
0.12336098 0.93276110 0.00015092
0.12466185 0.93139361 0.00015525
0.12594794 0.93000725 0.00015966
0.12724881 0.92860216 0.00016414
0.12854968 0.92717845 0.00016871
0.12983577 0.92570515 0.00017333
0.13113664 0.92416952 0.00018159
0.13243751 0.92262503 0.00018853
0.13372359 0.92107020 0.00019441
0.13502447 0.91950128 0.00019954
0.13632534 0.91792016 0.00020421
0.13761142 0.91632879 0.00020832
0.13891229 0.91472549 0.00021215
0.14019838 0.91309714 0.00021658
0.14149925 0.91142315 0.00022282
0.14280012 0.90969375 0.00023041
0.14408621 0.90792864 0.00023958
0.14538708 0.90616882 0.00025117
0.14668795 0.90443961 0.00026117
0.14797404 0.90274323 0.00026713
0.14927491 0.90106880 0.00027042
0.15056100 0.89939418 0.00027210
0.15186187 0.89770471 0.00027321
0.15316274 0.89600858 0.00027462
0.15444883 0.89432148 0.00027645
0.15574970 0.89264165 0.00027748
0.15703579 0.89095271 0.00027753
0.15833666 0.88925854 0.00027687
0.15963753 0.88757538 0.00027534
0.16092362 0.88590852 0.00027309
0.16222449 0.88421916 0.00027010
0.16351058 0.88244914 0.00026900
0.16481145 0.88060274 0.00027221
0.16611232 0.87871969 0.00028174
0.16739841 0.87683410 0.00029659
0.16869928 0.87496626 0.00030977
0.16998537 0.87311867 0.00031917
0.17128624 0.87128929 0.00032578
0.17257232 0.86947496 0.00032976
0.17387319 0.86767176 0.00033194
0.17517407 0.86587547 0.00033268
0.17646015 0.86408164 0.00033230
0.17776102 0.86228603 0.00033097
0.17904711 0.86048595 0.00032889
0.18034798 0.85867815 0.00032614
0.18163407 0.85685975 0.00032301
0.18293494 0.85502381 0.00032017
0.18422103 0.85315745 0.00031884
0.18552190 0.85125320 0.00031891
0.18680799 0.84931751 0.00032024
0.18810886 0.84737651 0.00032222
0.18939495 0.84545614 0.00032126
0.19069582 0.84355627 0.00031633
0.19199669 0.84163462 0.00031022
0.19328278 0.83962914 0.00030624
0.19458365 0.83753993 0.00030676
0.19586974 0.83540378 0.00031408
0.19717061 0.83324200 0.00032664
0.19845669 0.83106509 0.00033871
0.19975757 0.82886458 0.00034912
0.20104365 0.82664002 0.00035819
0.20234452 0.82441130 0.00036374
0.20363061 0.82219461 0.00036374
0.20493148 0.82000071 0.00035837
0.20621757 0.81779821 0.00035164
0.20750366 0.81552222 0.00034758
0.20880453 0.81315801 0.00034811
0.21009062 0.81073067 0.00035433
0.21139149 0.80827195 0.00036556
0.21267758 0.80580202 0.00037705
0.21397845 0.80331342 0.00038647
0.21526454 0.80079058 0.00039501
0.21656541 0.79822463 0.00040402
0.21785149 0.79561231 0.00041453
0.21915236 0.79295743 0.00042676
0.22043845 0.79026813 0.00044033
0.22173932 0.78755471 0.00045390
0.22302541 0.78482505 0.00046671
0.22432628 0.78208207 0.00047864
0.22561237 0.77931668 0.00049062
0.22689846 0.77651060 0.00050416
0.22819933 0.77365891 0.00052023
0.22948542 0.77077077 0.00053957
0.23078629 0.76786028 0.00056164
0.23207238 0.76493945 0.00058453
0.23337325 0.76201581 0.00060653
0.23465933 0.75909678 0.00062588
0.23594542 0.75619151 0.00064242
0.23724629 0.75330851 0.00065675
0.23853238 0.75044863 0.00066941
0.23983325 0.74760442 0.00068077
0.24111934 0.74476397 0.00069148
0.24240543 0.74191719 0.00070244
0.24370630 0.73906273 0.00071420
0.24499239 0.73620917 0.00072688
0.24629326 0.73336841 0.00074043
0.24757935 0.73055040 0.00075421
0.24886543 0.72776293 0.00076661
0.25016630 0.72500698 0.00077717
0.25145239 0.72227920 0.00078607
0.25275326 0.71957656 0.00079406
0.25403935 0.71689710 0.00080239
0.25532544 0.71424199 0.00081158
0.25662631 0.71161327 0.00082138
0.25791240 0.70901545 0.00083120
0.25919849 0.70645743 0.00084055
0.26049936 0.70394710 0.00084819
0.26178545 0.70148739 0.00085287
0.26307153 0.69907339 0.00085496
0.26437240 0.69669877 0.00085605
0.26565849 0.69435112 0.00085757
0.26695936 0.69200810 0.00086086
0.26824545 0.68966110 0.00086557
0.26953154 0.68731625 0.00087217
0.27083241 0.68499627 0.00088118
0.27211850 0.68274032 0.00088859
0.27340459 0.68056730 0.00089265
0.27470546 0.67847016 0.00089402
0.27599154 0.67642220 0.00089331
0.27727763 0.67439467 0.00089376
0.27857850 0.67238555 0.00089586
0.27986459 0.67040402 0.00089883
0.28115068 0.66846235 0.00090321
0.28243677 0.66657006 0.00090509
0.28373764 0.66473486 0.00090232
0.28502373 0.66297404 0.00090091
0.28630981 0.66128199 0.00090338
0.28761068 0.65963906 0.00090496
0.28889677 0.65801905 0.00090451
0.29018286 0.65642496 0.00090402
0.29148373 0.65490314 0.00090220
0.29276982 0.65347764 0.00089770
0.29405591 0.65214689 0.00088979
0.29534200 0.65089171 0.00087856
0.29664287 0.64968391 0.00086616
0.29792895 0.64850782 0.00085412
0.29921504 0.64736912 0.00084357
0.30051591 0.64628732 0.00083434
0.30180200 0.64528634 0.00082414
0.30308809 0.64437684 0.00081163
0.30437418 0.64355156 0.00079709
0.30567505 0.64278997 0.00078104
0.30696114 0.64206303 0.00076524
0.30824722 0.64135106 0.00075157
0.30953331 0.64065049 0.00074099
0.31083418 0.63997375 0.00073287
0.31212027 0.63934531 0.00072591
0.31340636 0.63878522 0.00071808
0.31469245 0.63829666 0.00070546
0.31599332 0.63787153 0.00068582
0.31727941 0.63750714 0.00065999
0.31856549 0.63720722 0.00062951
0.31985158 0.63696223 0.00059651
0.32115245 0.63675078 0.00056331
0.32243854 0.63654834 0.00053317
0.32372463 0.63633002 0.00051020
0.32501072 0.63608591 0.00049647
0.32629681 0.63582038 0.00049136
0.32759768 0.63554348 0.00049354
0.32888376 0.63526990 0.00049924
0.33016985 0.63501444 0.00050226
0.33145594 0.63478374 0.00050024
0.33275681 0.63457793 0.00049385
0.33404290 0.63439017 0.00048553
0.33532899 0.63420919 0.00047968
0.33661508 0.63403087 0.00047870
0.33790116 0.63385919 0.00048161
0.33918725 0.63369901 0.00048513
0.34048812 0.63354738 0.00048717
0.34177421 0.63339615 0.00048733
0.34306030 0.63323433 0.00048680
0.34434639 0.63305005 0.00048760
0.34563247 0.63283496 0.00049245
0.34693335 0.63258596 0.00050482
0.34821943 0.63231286 0.00052445
0.34950552 0.63203627 0.00054833
0.35079161 0.63177254 0.00057283
0.35207770 0.63153155 0.00059349
0.35336379 0.63131779 0.00060724
0.35466466 0.63112446 0.00061510
0.35595074 0.63093248 0.00062122
0.35723683 0.63071949 0.00063011
0.35852292 0.63047267 0.00064443
0.35980901 0.63019573 0.00066417
0.36109510 0.62990050 0.00068705
0.36238118 0.62959051 0.00071225
0.36368206 0.62926816 0.00073889
0.36496814 0.62894439 0.00076358
0.36625423 0.62863328 0.00078379
0.36754032 0.62834397 0.00079927
0.36882641 0.62807245 0.00081251
0.37011250 0.62780032 0.00082854
0.37139858 0.62750603 0.00085249
0.37269945 0.62718720 0.00088433
0.37398554 0.62685968 0.00091948
0.37527163 0.62653587 0.00095472
0.37655772 0.62622074 0.00098751
0.37784381 0.62591386 0.00101491
0.37912989 0.62560335 0.00103664
0.38041598 0.62527523 0.00105393
0.38170207 0.62492989 0.00106758
0.38298816 0.62458285 0.00107833
0.38428903 0.62424916 0.00108802
0.38557512 0.62392865 0.00109992
0.38686121 0.62361397 0.00111645
0.38814729 0.62329877 0.00113787
0.38943338 0.62297545 0.00116350
0.39071947 0.62263640 0.00119284
0.39200556 0.62227873 0.00122462
0.39329165 0.62190501 0.00125728
0.39457773 0.62151776 0.00128988
0.39586382 0.62111423 0.00132241
0.39714991 0.62068964 0.00135474
0.39843600 0.62024206 0.00138711
0.39973687 0.61978521 0.00141834
0.40102296 0.61935078 0.00144497
0.40230905 0.61897119 0.00146390
0.40359513 0.61864987 0.00147705
0.40488122 0.61835429 0.00149400
0.40616731 0.61805346 0.00151918
0.40745340 0.61773473 0.00154972
0.40873949 0.61740188 0.00158142
0.41002557 0.61707555 0.00160944
0.41131166 0.61677373 0.00163155
0.41259775 0.61649096 0.00165013
0.41388384 0.61620399 0.00167042
0.41516993 0.61589807 0.00169327
0.41645601 0.61557101 0.00171859
0.41774210 0.61519952 0.00175118
0.41902819 0.61474920 0.00179382
0.42031428 0.61419866 0.00184659
0.42160037 0.61357833 0.00190223
0.42288645 0.61296342 0.00194859
0.42417254 0.61238711 0.00198208
0.42545863 0.61184300 0.00200764
0.42674472 0.61131750 0.00203185
0.42803081 0.61079878 0.00205627
0.42931690 0.61028189 0.00208045
0.43060298 0.60975822 0.00210649
0.43188907 0.60921762 0.00213655
0.43317516 0.60865526 0.00217132
0.43446125 0.60807243 0.00220938
0.43574734 0.60747179 0.00224942
0.43703342 0.60685577 0.00229047
0.43831951 0.60622690 0.00233127
0.43960560 0.60558725 0.00237096
0.44089169 0.60493853 0.00240941
0.44217778 0.60428501 0.00244651
0.44346386 0.60363729 0.00248076
0.44474995 0.60300431 0.00251108
0.44603604 0.60238289 0.00253892
0.44732213 0.60174775 0.00257152
0.44860822 0.60106002 0.00261749
0.44989430 0.60029577 0.00267846
0.45118039 0.59948117 0.00274613
0.45246648 0.59868970 0.00280291
0.45375257 0.59795307 0.00284307
0.45503866 0.59726284 0.00287270
0.45632474 0.59661829 0.00289496
0.45761083 0.59602048 0.00291020
0.45889692 0.59548450 0.00291366
0.46018301 0.59501050 0.00290701
0.46146910 0.59456406 0.00290220
0.46275519 0.59410429 0.00290887
0.46404127 0.59358774 0.00293325
0.46532736 0.59301499 0.00297045
0.46661345 0.59244435 0.00300460
0.46789954 0.59190833 0.00302947
0.46917084 0.59140230 0.00304838
0.47045693 0.59090259 0.00307098
0.47174302 0.59038373 0.00310397
0.47302911 0.58984428 0.00314419
0.47431520 0.58929851 0.00318597
0.47560128 0.58876341 0.00322326
0.47688737 0.58825254 0.00325294
0.47817346 0.58776908 0.00327577
0.47945955 0.58730668 0.00329472
0.48074564 0.58685180 0.00331415
0.48203172 0.58638902 0.00333761
0.48331781 0.58590479 0.00336782
0.48460390 0.58539889 0.00340423
0.48587521 0.58488919 0.00344102
0.48716129 0.58439160 0.00347389
0.48844738 0.58391364 0.00350134
0.48973347 0.58345563 0.00352400
0.49101956 0.58301221 0.00354449
0.49230565 0.58257729 0.00356523
0.49359173 0.58214501 0.00358771
0.49487782 0.58171042 0.00361260
0.49616391 0.58126954 0.00364047
0.49743522 0.58082097 0.00367090
0.49872130 0.58036617 0.00370305
0.50000739 0.57990907 0.00373566
0.50129348 0.57945597 0.00376682
0.50257957 0.57901345 0.00379528
0.50386566 0.57858657 0.00381985
0.50515174 0.57817882 0.00383993
0.50643783 0.57778863 0.00385678
0.50770914 0.57740727 0.00387335
0.50899523 0.57702697 0.00389197
0.51028131 0.57664468 0.00391320
0.51156740 0.57626399 0.00393530
0.51285349 0.57589511 0.00395477
0.51413958 0.57554581 0.00396994
0.51542567 0.57521953 0.00398051
0.51669697 0.57491561 0.00398706
0.51798306 0.57462597 0.00399249
0.51926915 0.57433655 0.00400122
0.52055524 0.57403160 0.00401649
0.52184132 0.57370287 0.00403886
0.52312741 0.57335043 0.00406709
0.52439872 0.57298941 0.00409593
0.52568480 0.57265187 0.00411708
0.52697089 0.57235858 0.00412426
0.52825698 0.57211343 0.00411767
0.52954307 0.57190405 0.00410465
0.53082916 0.57169682 0.00409502
0.53210046 0.57146482 0.00409575
0.53338655 0.57119942 0.00410679
0.53467264 0.57091691 0.00412038
0.53595873 0.57064941 0.00412817
0.53724481 0.57041066 0.00412633
0.53853090 0.57019535 0.00411673
0.53980221 0.56998167 0.00410853
0.54108830 0.56973946 0.00411045
0.54237438 0.56945870 0.00412266
0.54366047 0.56915205 0.00413959
0.54494656 0.56883983 0.00415501
0.54621787 0.56853933 0.00416388
0.54750395 0.56826273 0.00416315
0.54879004 0.56800747 0.00415580
0.55007613 0.56775236 0.00414881
0.55134744 0.56748130 0.00414626
0.55263352 0.56718581 0.00414934
0.55391961 0.56686801 0.00415562
0.55520570 0.56654533 0.00415916
0.55649179 0.56623380 0.00415612
0.55776309 0.56593724 0.00414638
0.55904918 0.56564718 0.00413327
0.56033527 0.56534572 0.00412334
0.56162136 0.56502070 0.00411976
0.56289266 0.56467195 0.00412136
0.56417875 0.56430735 0.00412543
0.56546484 0.56394206 0.00412767
0.56675093 0.56358812 0.00412496
0.56803702 0.56325375 0.00411582
0.56930832 0.56294544 0.00409888
0.57059441 0.56266579 0.00407430
0.57188050 0.56241036 0.00404529
0.57316659 0.56216719 0.00401584
0.57443789 0.56192295 0.00398958
0.57572398 0.56166524 0.00396828
0.57701007 0.56138221 0.00395282
0.57829616 0.56106786 0.00394260
0.57956746 0.56072229 0.00393686
0.58085355 0.56035510 0.00393377
0.58213964 0.55998858 0.00392676
0.58341094 0.55964087 0.00391194
0.58469703 0.55932015 0.00388796
0.58598312 0.55902868 0.00385508
0.58726921 0.55876043 0.00381710
0.58854051 0.55850339 0.00377830
0.58982660 0.55824869 0.00374115
0.59111269 0.55799132 0.00370670
0.59239878 0.55773462 0.00367267
0.59367008 0.55748991 0.00363509
0.59495617 0.55726411 0.00359215
0.59624226 0.55705309 0.00354625
0.59751356 0.55684341 0.00350348
0.59879965 0.55662366 0.00346682
0.60008574 0.55638490 0.00343784
0.60137183 0.55612187 0.00341691
0.60264313 0.55583601 0.00340277
0.60392922 0.55553631 0.00339235
0.60521531 0.55524026 0.00337953
0.60648661 0.55496521 0.00335967
0.60777270 0.55472493 0.00332823
0.60905879 0.55452274 0.00328478
0.61033010 0.55434613 0.00323534
0.61161618 0.55417726 0.00318624
0.61290227 0.55400129 0.00314155
0.61417358 0.55381090 0.00310216
0.61545967 0.55360672 0.00306718
0.61674575 0.55339301 0.00303566
0.61801706 0.55317459 0.00300614
0.61930315 0.55295376 0.00297868
0.62058924 0.55273286 0.00295297
0.62187532 0.55251315 0.00292807
0.62314663 0.55229107 0.00290516
0.62443272 0.55206019 0.00288568
0.62571880 0.55181560 0.00287015
0.62699011 0.55155818 0.00285736
0.62827620 0.55129891 0.00284322
0.62954750 0.55105670 0.00282171
0.63083359 0.55084423 0.00278919
0.63211968 0.55066484 0.00274586
0.63339099 0.55051888 0.00269271
0.63467707 0.55040260 0.00263192
0.63596316 0.55030609 0.00256805
0.63723447 0.55021888 0.00250492
0.63852056 0.55013003 0.00244563
0.63980664 0.55002671 0.00239384
0.64107795 0.54989969 0.00235148
0.64236404 0.54974568 0.00231868
0.64365012 0.54956723 0.00229423
0.64492143 0.54937021 0.00227540
0.64620752 0.54915906 0.00226078
0.64749361 0.54893714 0.00224973
0.64876491 0.54870821 0.00224103
0.65005100 0.54847609 0.00223354
0.65132231 0.54824493 0.00222599
0.65260839 0.54801923 0.00221679
0.65389448 0.54780365 0.00220440
0.65516579 0.54760260 0.00218718
0.65645188 0.54742063 0.00216330
0.65772318 0.54725872 0.00213311
0.65900927 0.54711550 0.00209767
0.66029536 0.54698892 0.00205852
0.66156666 0.54687919 0.00201629
0.66285275 0.54679078 0.00196933
0.66413884 0.54672763 0.00191653
0.66541014 0.54668865 0.00185895
0.66669623 0.54666390 0.00180145
0.66796754 0.54664183 0.00174926
0.66925363 0.54661384 0.00170530
0.67053971 0.54657401 0.00167078
0.67181102 0.54652026 0.00164460
0.67309711 0.54645363 0.00162538
0.67436841 0.54638197 0.00160945
0.67565450 0.54632132 0.00158997
0.67692581 0.54628522 0.00156295
0.67821189 0.54627758 0.00152761
0.67949798 0.54629855 0.00148406
0.68076929 0.54634902 0.00143219
0.68205538 0.54642927 0.00137192
0.68332668 0.54653785 0.00130376
0.68461277 0.54666562 0.00123176
0.68589886 0.54679533 0.00116343
0.68717016 0.54691271 0.00110431
0.68845625 0.54701441 0.00105571
0.68972756 0.54710687 0.00101475
0.69101364 0.54719740 0.00097791
0.69228495 0.54728921 0.00094388
0.69357104 0.54738481 0.00091156
0.69484234 0.54748550 0.00087998
0.69612843 0.54758900 0.00084972
0.69741452 0.54769094 0.00082200
0.69868582 0.54778514 0.00079835
0.69997191 0.54786846 0.00077870
0.70124322 0.54794275 0.00076196
0.70252931 0.54801413 0.00074597
0.70380061 0.54808911 0.00072870
0.70508670 0.54816771 0.00071129
0.70635801 0.54824924 0.00069477
0.70764409 0.54833529 0.00067908
0.70893018 0.54842937 0.00066319
0.71020149 0.54853442 0.00064604
0.71148758 0.54865299 0.00062706
0.71275888 0.54878629 0.00060618
0.71404497 0.54892840 0.00058553
0.71531627 0.54906954 0.00056786
0.71660236 0.54919865 0.00055538
0.71787367 0.54931037 0.00054867
0.71915976 0.54940912 0.00054601
0.72043106 0.54950134 0.00054510
0.72171715 0.54959046 0.00054481
0.72298845 0.54967752 0.00054500
0.72427454 0.54976176 0.00054581
0.72554585 0.54984247 0.00054740
0.72683194 0.54992144 0.00054961
0.72810324 0.55000361 0.00055172
0.72938933 0.55009526 0.00055301
0.73066064 0.55019971 0.00055325
0.73194672 0.55031502 0.00055276
0.73321803 0.55043471 0.00055192
0.73450412 0.55055280 0.00055155
0.73577542 0.55066608 0.00055216
0.73706151 0.55077379 0.00055371
0.73833282 0.55087665 0.00055615
0.73961890 0.55097534 0.00055930
0.74089021 0.55107070 0.00056302
0.74217630 0.55116353 0.00056723
0.74344760 0.55125474 0.00057191
0.74473369 0.55134554 0.00057691
0.74600500 0.55143642 0.00058241
0.74729108 0.55152696 0.00058848
0.74856239 0.55161593 0.00059521
0.74984848 0.55170140 0.00060259
0.75111978 0.55178161 0.00061061
0.75240587 0.55185531 0.00061923
0.75367718 0.55192169 0.00062822
0.75496327 0.55198041 0.00063761
0.75623457 0.55203160 0.00064735
0.75752066 0.55207557 0.00065734
0.75879196 0.55211281 0.00066764
0.76007805 0.55214390 0.00067825
0.76134936 0.55216936 0.00068924
0.76263545 0.55218955 0.00070062
0.76390675 0.55220435 0.00071247
0.76517806 0.55221322 0.00072487
0.76646414 0.55221484 0.00073791
0.76773545 0.55220708 0.00075177
0.76902154 0.55218776 0.00076670
0.77029284 0.55215636 0.00078307
0.77157893 0.55211526 0.00080118
0.77285024 0.55206918 0.00082101
0.77413633 0.55202311 0.00084170
0.77540763 0.55198081 0.00086238
0.77669372 0.55194536 0.00088229
0.77796502 0.55191950 0.00090073
0.77923633 0.55190531 0.00091722
0.78052242 0.55190353 0.00093148
0.78179372 0.55191371 0.00094358
0.78307981 0.55193420 0.00095373
0.78435112 0.55196164 0.00096240
0.78563720 0.55199295 0.00097009
0.78690851 0.55202621 0.00097719
0.78817982 0.55206025 0.00098406
0.78946590 0.55209429 0.00099089
0.79073721 0.55212752 0.00099789
0.79202330 0.55215928 0.00100518
0.79329460 0.55218930 0.00101285
0.79458069 0.55221786 0.00102090
0.79585200 0.55224582 0.00102928
0.79712330 0.55227502 0.00103763
0.79840939 0.55230754 0.00104571
0.79968070 0.55234536 0.00105318
0.80096678 0.55239067 0.00105966
0.80223809 0.55244486 0.00106506
0.80350939 0.55250829 0.00106934
0.80479548 0.55257971 0.00107258
0.80606679 0.55265578 0.00107509
0.80735288 0.55273429 0.00107700
0.80862418 0.55281434 0.00107845
0.80989549 0.55289499 0.00107971
0.81118157 0.55297579 0.00108095
0.81245288 0.55305549 0.00108236
0.81373897 0.55313224 0.00108420
0.81501027 0.55320527 0.00108657
0.81628158 0.55327560 0.00108960
0.81756767 0.55334540 0.00109328
0.81883897 0.55341708 0.00109715
0.82012506 0.55349242 0.00110083
0.82139637 0.55357382 0.00110395
0.82266767 0.55366470 0.00110617
0.82395376 0.55376740 0.00110739
0.82522507 0.55388107 0.00110758
0.82651115 0.55400125 0.00110712
0.82778246 0.55412270 0.00110656
0.82905376 0.55424188 0.00110608
0.83033985 0.55435799 0.00110595
0.83161116 0.55447148 0.00110619
0.83288246 0.55458314 0.00110660
0.83416855 0.55469434 0.00110708
0.83543986 0.55480670 0.00110742
0.83672594 0.55492220 0.00110747
0.83799725 0.55504284 0.00110697
0.83926856 0.55517056 0.00110567
0.84055464 0.55530716 0.00110327
0.84182595 0.55545436 0.00109958
0.84309725 0.55561368 0.00109439
0.84438334 0.55578613 0.00108774
0.84565465 0.55597150 0.00107994
0.84692595 0.55616787 0.00107119
0.84821204 0.55637132 0.00106225
0.84948335 0.55657558 0.00105367
0.85076944 0.55677478 0.00104577
0.85204074 0.55696589 0.00103875
0.85331205 0.55715028 0.00103247
0.85459813 0.55733320 0.00102715
0.85586944 0.55751844 0.00102230
0.85714075 0.55770879 0.00101753
0.85842683 0.55790700 0.00101276
0.85969814 0.55811502 0.00100792
0.86096944 0.55833387 0.00100305
0.86225553 0.55856312 0.00099831
0.86352684 0.55879980 0.00099388
0.86479814 0.55903687 0.00098904
0.86608423 0.55926671 0.00098308
0.86735554 0.55948398 0.00097548
0.86862684 0.55968658 0.00096632
0.86991293 0.55987604 0.00095675
0.87118424 0.56005562 0.00094778
0.87245554 0.56022937 0.00094010
0.87374163 0.56040242 0.00093404
0.87501293 0.56058028 0.00092930
0.87628424 0.56076798 0.00092551
0.87757033 0.56097016 0.00092239
0.87884163 0.56119036 0.00091985
0.88011294 0.56143049 0.00091808
0.88138424 0.56169080 0.00091749
0.88267033 0.56197008 0.00091879
0.88394164 0.56226610 0.00092270
0.88521294 0.56257597 0.00092972
0.88649903 0.56289643 0.00094002
0.88777034 0.56322355 0.00095307
0.88904164 0.56355321 0.00096766
0.89032773 0.56388218 0.00098275
0.89159904 0.56420856 0.00099807
0.89287034 0.56453053 0.00101346
0.89415643 0.56484577 0.00102849
0.89542774 0.56515239 0.00104275
0.89669904 0.56545004 0.00105622
0.89797035 0.56573951 0.00106906
0.89925643 0.56602213 0.00108159
0.90052774 0.56630009 0.00109436
0.90179905 0.56657524 0.00110752
0.90308513 0.56684925 0.00112142
0.90435644 0.56712427 0.00113667
0.90562774 0.56740236 0.00115381
0.90691383 0.56768550 0.00117346
0.90818514 0.56797540 0.00119625
0.90945644 0.56827289 0.00122240
0.91072775 0.56857778 0.00125184
0.91201384 0.56888857 0.00128390
0.91328514 0.56920138 0.00131665
0.91455645 0.56951256 0.00134873
0.91582775 0.56981843 0.00137873
0.91711384 0.57011508 0.00140512
0.91838515 0.57039896 0.00142667
0.91965645 0.57066754 0.00144254
0.92094254 0.57091936 0.00145224
0.92221385 0.57115499 0.00145602
0.92348515 0.57137933 0.00145626
0.92475646 0.57159822 0.00145552
0.92604254 0.57181675 0.00145597
0.92731385 0.57203823 0.00145891
0.92858516 0.57226351 0.00146429
0.92985646 0.57249268 0.00147174
0.93114255 0.57272565 0.00148086
0.93241385 0.57296253 0.00149143
0.93368516 0.57320253 0.00150260
0.93495647 0.57344414 0.00151325
0.93624255 0.57368540 0.00152198
0.93751386 0.57392342 0.00152726
0.93878516 0.57415473 0.00152818
0.94005647 0.57437442 0.00152293
0.94134256 0.57457992 0.00151104
0.94261386 0.57477427 0.00149492
0.94388517 0.57496272 0.00147753
0.94515647 0.57515014 0.00146128
0.94644256 0.57533939 0.00144727
0.94771387 0.57553287 0.00143641
0.94898517 0.57573317 0.00142977
0.95025648 0.57594226 0.00142810
0.95154257 0.57616235 0.00143241
0.95281387 0.57639486 0.00144341
0.95408518 0.57664083 0.00146178
0.95535648 0.57689877 0.00148672
0.95664257 0.57716189 0.00151426
0.95791388 0.57742101 0.00153947
0.95918518 0.57766739 0.00155786
0.96045649 0.57789712 0.00156774
0.96174258 0.57811205 0.00157064
0.96301388 0.57831614 0.00156893
0.96428519 0.57851360 0.00156469
0.96555649 0.57870758 0.00155954
0.96682780 0.57890149 0.00155540
0.96811389 0.57909907 0.00155425
0.96938519 0.57930321 0.00155765
0.97065650 0.57951578 0.00156648
0.97192780 0.57973761 0.00158108
0.97321389 0.57996848 0.00160122
0.97448520 0.58020762 0.00162643
0.97575650 0.58045360 0.00165597
0.97702781 0.58070332 0.00168812
0.97829911 0.58095358 0.00172126
0.97958520 0.58120105 0.00175368
0.98085651 0.58144308 0.00178414
0.98212781 0.58167854 0.00181217
0.98339912 0.58190741 0.00183782
0.98468520 0.58213101 0.00186191
0.98595651 0.58235066 0.00188509
0.98722781 0.58256783 0.00190806
0.98849912 0.58278432 0.00193170
0.98977043 0.58300185 0.00195685
0.99105651 0.58322196 0.00198426
0.99232782 0.58344552 0.00201427
0.99359912 0.58367295 0.00204694
0.99487043 0.58390447 0.00208222
0.99614174 0.58414079 0.00212045
0.99742782 0.58438314 0.00216237
0.99869913 0.58463259 0.00220867
0.99997043 0.58488923 0.00225946
1.00124174 0.58515168 0.00231388
1.00251305 0.58541808 0.00237085
1.00378435 0.58568660 0.00242935
1.00507044 0.58595588 0.00248865
1.00634174 0.58622532 0.00254849
1.00761305 0.58649465 0.00260879
1.00888436 0.58676364 0.00266945
1.01015566 0.58703210 0.00273034
1.01144175 0.58729974 0.00279132
1.01271305 0.58756611 0.00285206
1.01398436 0.58783074 0.00291226
1.01525567 0.58809305 0.00297154
1.01652697 0.58835237 0.00302942
1.01779828 0.58860786 0.00308536
1.01908436 0.58885884 0.00313888
1.02035567 0.58910525 0.00318994
1.02162698 0.58934823 0.00323930
1.02289828 0.58959011 0.00328852
1.02416959 0.58983364 0.00333939
1.02545567 0.59008115 0.00339341
1.02672698 0.59033363 0.00345120
1.02799829 0.59059046 0.00351232
1.02926959 0.59085039 0.00357590
1.03054090 0.59111202 0.00364100
1.03181220 0.59137396 0.00370669
1.03309829 0.59163468 0.00377196
1.03436960 0.59189239 0.00383566
1.03564090 0.59214534 0.00389662
1.03691221 0.59239250 0.00395417
1.03818351 0.59263381 0.00400828
1.03945482 0.59286946 0.00405905
1.04072612 0.59309975 0.00410669
1.04201221 0.59332504 0.00415139
1.04328352 0.59354554 0.00419326
1.04455482 0.59376163 0.00423256
1.04582613 0.59397410 0.00426980
1.04709743 0.59418427 0.00430592
1.04836874 0.59439356 0.00434194
1.04965483 0.59460304 0.00437872
1.05092613 0.59481331 0.00441693
1.05219744 0.59502428 0.00445692
1.05346874 0.59523485 0.00449867
1.05474005 0.59544300 0.00454171
1.05601135 0.59564650 0.00458511
1.05728266 0.59584280 0.00462716
1.05856875 0.59602977 0.00466566
1.05984005 0.59620572 0.00469800
1.06111136 0.59637025 0.00472230
1.06238266 0.59652519 0.00473844
1.06365397 0.59667225 0.00474660
1.06492527 0.59681277 0.00474706
1.06619658 0.59694791 0.00474030
1.06746788 0.59707900 0.00472710
1.06875397 0.59720824 0.00470889
1.07002528 0.59733827 0.00468741
1.07129658 0.59747172 0.00466444
1.07256789 0.59761080 0.00464150
1.07383919 0.59775729 0.00461988
1.07511050 0.59791231 0.00460052
1.07638181 0.59807631 0.00458392
1.07766789 0.59824783 0.00456936
1.07893920 0.59842231 0.00455405
1.08021050 0.59859362 0.00453430
1.08148181 0.59875719 0.00450761
1.08275312 0.59891206 0.00447411
1.08402442 0.59905976 0.00443570
1.08529573 0.59920226 0.00439451
1.08656703 0.59934023 0.00435195
1.08783834 0.59947392 0.00430909
1.08912443 0.59960376 0.00426712
1.09039573 0.59973003 0.00422716
1.09166704 0.59985299 0.00419029
1.09293834 0.59997271 0.00415746
1.09420965 0.60008915 0.00412944
1.09548095 0.60020215 0.00410695
1.09675226 0.60031185 0.00409066
1.09802356 0.60041866 0.00408112
1.09930965 0.60052298 0.00407859
1.10058096 0.60062530 0.00408313
1.10185226 0.60072607 0.00409458
1.10312357 0.60082549 0.00411240
1.10439487 0.60092396 0.00413612
1.10566618 0.60102195 0.00416520
1.10693748 0.60111988 0.00419897
1.10820879 0.60121814 0.00423675
1.10948010 0.60131694 0.00427770
1.11075140 0.60141633 0.00432083
1.11203749 0.60151619 0.00436511
1.11330879 0.60161627 0.00440935
1.11458010 0.60171627 0.00445231
1.11585141 0.60181612 0.00449298
1.11712271 0.60191545 0.00453009
1.11839402 0.60201433 0.00456261
1.11966532 0.60211421 0.00459036
1.12093663 0.60221793 0.00461396
1.12220793 0.60233110 0.00463551
1.12347924 0.60246081 0.00465797
1.12475054 0.60261194 0.00468354
1.12603663 0.60278331 0.00471284
1.12730794 0.60296819 0.00474531
1.12857924 0.60315702 0.00478058
1.12985055 0.60333972 0.00481873
1.13112185 0.60350594 0.00486023
1.13239316 0.60364353 0.00490581
1.13366446 0.60374252 0.00495536
1.13493577 0.60379815 0.00500741
1.13620707 0.60380899 0.00505875
1.13747838 0.60378492 0.00510235
1.13874969 0.60374057 0.00513236
1.14002099 0.60369826 0.00514771
1.14130708 0.60367652 0.00515134
1.14257838 0.60368184 0.00514634
1.14384969 0.60372061 0.00513410
1.14512100 0.60379536 0.00511647
1.14639230 0.60390101 0.00509611
1.14766361 0.60402535 0.00507293
1.14893491 0.60416232 0.00504604
1.15020622 0.60432037 0.00501328
1.15147752 0.60451248 0.00497123
1.15274883 0.60474591 0.00492027
1.15402013 0.60502750 0.00485843
1.15529144 0.60531674 0.00477017
1.15656274 0.60559462 0.00467530
1.15783405 0.60588115 0.00457403
1.15912014 0.60617593 0.00446644
1.16039144 0.60647857 0.00435263
1.16166275 0.60678860 0.00423270
1.16293405 0.60710554 0.00410680
1.16420536 0.60742889 0.00397506
1.16547667 0.60775811 0.00383764
1.16674797 0.60809261 0.00369474
1.16801928 0.60843181 0.00354656
1.16929058 0.60877508 0.00339330
1.17056189 0.60912177 0.00323522
1.17183319 0.60947119 0.00307257
1.17310450 0.60982267 0.00290565
1.17437580 0.61017547 0.00273476
1.17564711 0.61052886 0.00256025
1.17691841 0.61088209 0.00238250
1.17818972 0.61123439 0.00220194
1.17946103 0.61158497 0.00201908
1.18074711 0.61193303 0.00183448
1.18201842 0.61227778 0.00164889
1.18328972 0.61261839 0.00146324
1.18456103 0.61295405 0.00127882
1.18583234 0.61328393 0.00109758
1.18710364 0.61360721 0.00092264
1.18837495 0.61392307 0.00075955
1.18964625 0.61423069 0.00061872
1.19091756 0.61452925 0.00051914
1.19218886 0.61481795 0.00048675
1.19346017 0.61509601 0.00053324
1.19473147 0.61536263 0.00064064
1.19600278 0.61561707 0.00078302
1.19727408 0.61585858 0.00094330
1.19854539 0.61608645 0.00111229
1.19981670 0.61629999 0.00128506
1.20108800 0.61649853 0.00145871
1.20235931 0.61668145 0.00163142
1.20363061 0.61684817 0.00180191
1.20490192 0.61699812 0.00196919
1.20617322 0.61713081 0.00213249
1.20744453 0.61724576 0.00229115
1.20873062 0.61734258 0.00244457
1.21000192 0.61742090 0.00259221
1.21127323 0.61748043 0.00273359
1.21254453 0.61752093 0.00286823
1.21381584 0.61754223 0.00299571
1.21508714 0.61754424 0.00311559
1.21635845 0.61752692 0.00322749
1.21762975 0.61749032 0.00333102
1.21890106 0.61743459 0.00342584
1.22017237 0.61735995 0.00351159
1.22144367 0.61726671 0.00358796
1.22271498 0.61715527 0.00365465
1.22398628 0.61702616 0.00371137
1.22525759 0.61687998 0.00375787
1.22652889 0.61671746 0.00379391
1.22780020 0.61653944 0.00381928
1.22907150 0.61634688 0.00383379
1.23034281 0.61614086 0.00383728
1.23161411 0.61592261 0.00382963
1.23288542 0.61569346 0.00381072
1.23415673 0.61545492 0.00378049
1.23542803 0.61520860 0.00373891
1.23669934 0.61495631 0.00368596
1.23797064 0.61469999 0.00362171
1.23924195 0.61444173 0.00354621
1.24051325 0.61418381 0.00345961
1.24178456 0.61392868 0.00336209
1.24305586 0.61367896 0.00325387
1.24432717 0.61343746 0.00313526
1.24559847 0.61320718 0.00300665
1.24686978 0.61299131 0.00286849
1.24814109 0.61279326 0.00272136
1.24941239 0.61261664 0.00256599
1.25068370 0.61246526 0.00240329
1.25195500 0.61234318 0.00223442
1.25322631 0.61225467 0.00206088
1.25449761 0.61220423 0.00188474
1.25576892 0.61219662 0.00170881
1.25704022 0.61223684 0.00153715
1.25831153 0.61233013 0.00137562
1.25958283 0.61248201 0.00123280
1.26085414 0.61269825 0.00112058
1.26212545 0.61298493 0.00105347
1.26339675 0.61334836 0.00104447
1.26466806 0.61379519 0.00109859
1.26593936 0.61433234 0.00121021
1.26721067 0.61496702 0.00136741
1.26848197 0.61570679 0.00155798
1.26975328 0.61655950 0.00177231
1.27102458 0.61753333 0.00200356
1.27229589 0.61863679 0.00224712
1.27356719 0.61987875 0.00249988
1.27483850 0.62126842 0.00275982
1.27610981 0.62281535 0.00302566
1.27738111 0.62452947 0.00329672
1.27865242 0.62642109 0.00357281
1.27992372 0.62850088 0.00385420
1.28119503 0.63077992 0.00414157
-0.96316762 0.62531797 0.00341482
-0.96189631 0.62312316 0.00382418
-0.96062353 0.62221944 0.00382618
-0.95934927 0.62166689 0.00382736
-0.95807353 0.62103593 0.00374129
-0.95679779 0.61990147 0.00339217
-0.95551909 0.61777311 0.00262728
-0.95423744 0.61342237 0.00272360
-0.95295431 0.60243729 0.00765231
-0.95167118 0.58832113 0.01171496
-0.95038804 0.58763435 0.01139148
-0.94910048 0.60202237 0.00955389
-0.94781143 0.61625853 0.00828148
-0.94651943 0.62531751 0.00744821
-0.94522743 0.63162260 0.00691900
-0.94393247 0.63646486 0.00647981
-0.94263604 0.64088723 0.00613070
-0.94133960 0.64513107 0.00581237
-0.94004021 0.64929356 0.00551917
-0.93873934 0.65327277 0.00526084
-0.93743699 0.65701944 0.00503345
-0.93613316 0.66054056 0.00483161
-0.93482786 0.66387051 0.00464890
-0.93351959 0.66703073 0.00448255
-0.93221133 0.67004452 0.00433035
-0.93090011 0.67292972 0.00419008
-0.92958890 0.67570237 0.00406034
-0.92827472 0.67837311 0.00393719
-0.92695907 0.68095638 0.00382382
-0.92564341 0.68345989 0.00371663
-0.92432480 0.68589379 0.00361463
-0.92300472 0.68825989 0.00352067
-0.92168315 0.69057175 0.00342976
-0.92036010 0.69282260 0.00334135
-0.91903410 0.69502147 0.00325581
-0.91770810 0.69716836 0.00317561
-0.91638062 0.69925424 0.00309848
-0.91505167 0.70128136 0.00302425
-0.91371975 0.70326102 0.00295557
-0.91238784 0.70520226 0.00288981
-0.91105297 0.70712542 0.00282384
-0.90971810 0.70902825 0.00276341
-0.90838027 0.71091073 0.00270300
-0.90704096 0.71277288 0.00264814
-0.90570166 0.71461469 0.00259330
-0.90435940 0.71644520 0.00253818
-0.90301565 0.71825537 0.00248629
-0.90167044 0.72004972 0.00243380
-0.90032374 0.72182825 0.00238715
-0.89897556 0.72359322 0.00234051
-0.89762591 0.72535141 0.00229389
-0.89627478 0.72709153 0.00225022
-0.89492217 0.72882034 0.00220621
-0.89356808 0.73054011 0.00216479
-0.89221251 0.73225085 0.00212373
-0.89085547 0.73394802 0.00208270
-0.88949695 0.73563842 0.00204385
-0.88813547 0.73731977 0.00200539
-0.88677399 0.73898983 0.00196989
-0.88541103 0.74065537 0.00193400
-0.88404659 0.74231186 0.00189853
-0.88267920 0.74396384 0.00186265
-0.88131181 0.74560678 0.00183270
-0.87994294 0.74724520 0.00179684
-0.87857259 0.74887458 0.00176691
-0.87719928 0.75049718 0.00173358
-0.87582598 0.75211977 0.00170368
-0.87445120 0.75373107 0.00167333
-0.87307345 0.75534011 0.00164346
-0.87169571 0.75694011 0.00161611
-0.87031650 0.75853785 0.00158578
-0.86893580 0.76013107 0.00155844
-0.86755215 0.76172203 0.00153359
-0.86616849 0.76330847 0.00150628
-0.86478336 0.76488814 0.00147897
-0.86339675 0.76646554 0.00145414
-0.86200866 0.76803616 0.00142932
-0.86061762 0.76960678 0.00140450
-0.85922657 0.77117514 0.00138024
-0.85783405 0.77273446 0.00135844
-0.85644005 0.77429153 0.00133365
-0.85504457 0.77585085 0.00131187
-0.85364761 0.77740339 0.00129011
-0.85224918 0.77895593 0.00126836
-0.85084926 0.78050395 0.00124601
-0.84944787 0.78204746 0.00122669
-0.84804648 0.78359096 0.00120559
-0.84664213 0.78513446 0.00118628
-0.84523630 0.78667119 0.00116698
-0.84382899 0.78821017 0.00115072
-0.84242169 0.78974915 0.00112905
-0.84101143 0.79128362 0.00111214
-0.83960116 0.79282260 0.00109591
-0.83818795 0.79435706 0.00107732
-0.83677473 0.79589379 0.00106347
-0.83536003 0.79743051 0.00104961
-0.83394238 0.79896949 0.00103342
-0.83252472 0.80050621 0.00101957
-0.83110559 0.80204294 0.00100573
-0.82968498 0.80358418 0.00098883
-0.82826289 0.80512316 0.00097805
-0.82684081 0.80666215 0.00096348
-0.82541576 0.80819661 0.00095197
-0.82398924 0.80972881 0.00094119
-0.82256272 0.81126102 0.00092663
-0.82113324 0.81278192 0.00091512
-0.81970376 0.81429831 0.00090667
-0.81827280 0.81580791 0.00089444
-0.81684036 0.81730395 0.00088060
-0.81540645 0.81879096 0.00086909
-0.81397106 0.82025989 0.00085688
-0.81253418 0.82171977 0.00084537
-0.81109584 0.82315932 0.00083387
-0.80965749 0.82458305 0.00081932
-0.80821618 0.82598192 0.00080782
-0.80677488 0.82736497 0.00079328
-0.80533209 0.82872542 0.00077942
-0.80388783 0.83007006 0.00076792
-0.80244209 0.83139209 0.00075170
-0.80099487 0.83269831 0.00073785
-0.79954765 0.83398644 0.00072706
-0.79809748 0.83526328 0.00071395
-0.79664730 0.83652203 0.00070011
-0.79519565 0.83777401 0.00069011
-0.79374252 0.83901469 0.00067937
-0.79228791 0.84025085 0.00066636
-0.79083182 0.84147797 0.00065566
-0.78937573 0.84270508 0.00064496
-0.78791669 0.84392994 0.00063513
-0.78645764 0.84515480 0.00062137
-0.78499712 0.84637740 0.00061383
-0.78353512 0.84760678 0.00060632
-0.78207164 0.84883616 0.00059882
-0.78060816 0.85007684 0.00059353
-0.77914320 0.85132203 0.00058512
-0.77767528 0.85257401 0.00058080
-0.77620885 0.85383277 0.00057240
-0.77473946 0.85509831 0.00056928
-0.77326859 0.85636836 0.00056303
-0.77179771 0.85764068 0.00055991
-0.77032537 0.85891073 0.00055368
-0.76885154 0.86018079 0.00054744
-0.76737623 0.86144633 0.00054433
-0.76590093 0.86270282 0.00053938
-0.76442266 0.86395254 0.00053317
-0.76294440 0.86519096 0.00053007
-0.76146466 0.86641582 0.00052300
-0.75998492 0.86762486 0.00051681
-0.75850222 0.86881808 0.00051288
-0.75701953 0.86999096 0.00050898
-0.75553535 0.87114124 0.00050054
-0.75405118 0.87227345 0.00049131
-0.75256405 0.87338079 0.00048516
-0.75107691 0.87446328 0.00047671
-0.74958830 0.87552316 0.00047057
-0.74809822 0.87656497 0.00046212
-0.74660813 0.87757966 0.00045368
-0.74511656 0.87857627 0.00044831
-0.74362352 0.87955480 0.00044067
-0.74212899 0.88051751 0.00042997
-0.74063447 0.88146667 0.00042463
-0.73913847 0.88240452 0.00041706
-0.73764099 0.88333559 0.00040952
-0.73614351 0.88425763 0.00040421
-0.73464307 0.88517966 0.00039891
-0.73314412 0.88609944 0.00039456
-0.73164220 0.88702147 0.00038928
-0.73014029 0.88794576 0.00038713
-0.72863542 0.88887684 0.00038500
-0.72713202 0.88981695 0.00038187
-0.72562567 0.89077062 0.00037875
-0.72411933 0.89173333 0.00037464
-0.72261150 0.89269831 0.00036840
-0.72110367 0.89364972 0.00036216
-0.71959436 0.89458079 0.00035593
-0.71808358 0.89548701 0.00035282
-0.71657132 0.89637966 0.00034971
-0.71505906 0.89725650 0.00034349
-0.71354532 0.89812203 0.00033912
-0.71203158 0.89897401 0.00033600
-0.71051488 0.89981921 0.00033289
-0.70899966 0.90065311 0.00032760
-0.70748148 0.90148023 0.00032232
-0.70596331 0.90230056 0.00031705
-0.70444366 0.90311186 0.00031392
-0.70292400 0.90391638 0.00031080
-0.70140287 0.90471638 0.00030553
-0.69988026 0.90550734 0.00030240
-0.69835765 0.90629379 0.00029714
-0.69683356 0.90707345 0.00029188
-0.69530800 0.90785085 0.00028875
-0.69378243 0.90861921 0.00028664
-0.69225538 0.90938305 0.00028351
-0.69072834 0.91014237 0.00027827
-0.68919982 0.91089944 0.00027513
-0.68766982 0.91164746 0.00027304
-0.68613981 0.91239096 0.00026990
-0.68460833 0.91312994 0.00026469
-0.68307685 0.91386441 0.00026362
-0.68154390 0.91459435 0.00025948
-0.68001094 0.91531977 0.00025526
-0.67847650 0.91603842 0.00025526
-0.67694059 0.91675254 0.00025319
-0.67540467 0.91746215 0.00025004
-0.67386728 0.91816949 0.00024799
-0.67232841 0.91886780 0.00024375
-0.67078954 0.91956384 0.00024061
-0.66925067 0.92025085 0.00023854
-0.66771032 0.92093785 0.00023747
-0.66616849 0.92161808 0.00023540
-0.66462666 0.92229153 0.00023433
-0.66308484 0.92295819 0.00023225
-0.66154005 0.92362034 0.00022911
-0.65999675 0.92427571 0.00022597
-0.65845049 0.92492429 0.00022283
-0.65690570 0.92556836 0.00022283
-0.65535796 0.92620339 0.00021969
-0.65381022 0.92683390 0.00021446
-0.65226248 0.92745311 0.00021341
-0.65071326 0.92806780 0.00021028
-0.64916404 0.92867119 0.00020504
-0.64761335 0.92926328 0.00020296
-0.64606265 0.92984407 0.00019982
-0.64451047 0.93041582 0.00019776
-0.64295830 0.93097627 0.00019461
-0.64140464 0.93153220 0.00019461
-0.63985099 0.93209040 0.00019258
-0.63829586 0.93264633 0.00019258
-0.63674073 0.93320678 0.00018943
-0.63518412 0.93376497 0.00018742
-0.63362751 0.93432316 0.00018627
-0.63207090 0.93487684 0.00018312
-0.63051133 0.93542825 0.00018110
-0.62895324 0.93597740 0.00018110
-0.62739368 0.93652203 0.00017997
-0.62583411 0.93705989 0.00017794
-0.62427306 0.93759774 0.00017682
-0.62271202 0.93812881 0.00017479
-0.62114950 0.93865311 0.00017367
-0.61958697 0.93917514 0.00017367
-0.61802445 0.93969266 0.00017163
-0.61646045 0.94020339 0.00017053
-0.61489497 0.94070960 0.00016738
-0.61333097 0.94120678 0.00016533
-0.61176401 0.94170395 0.00016424
-0.61019853 0.94219209 0.00016424
-0.60863157 0.94267571 0.00016218
-0.60706461 0.94315254 0.00016110
-0.60549618 0.94362486 0.00015797
-0.60392774 0.94409266 0.00015797
-0.60235783 0.94455141 0.00015483
-0.60078939 0.94500565 0.00015483
-0.59921800 0.94545763 0.00015170
-0.59764808 0.94590282 0.00015274
-0.59607669 0.94634124 0.00014960
-0.59450530 0.94677514 0.00014960
-0.59293243 0.94720226 0.00014544
-0.59135956 0.94762486 0.00014332
-0.58978669 0.94804520 0.00014332
-0.58821234 0.94845650 0.00014019
-0.58663799 0.94886328 0.00014019
-0.58506364 0.94927006 0.00014019
-0.58348781 0.94966780 0.00013705
-0.58191198 0.95006102 0.00013705
-0.58033616 0.95044972 0.00013495
-0.57875885 0.95083616 0.00013495
-0.57718302 0.95122034 0.00013181
-0.57560424 0.95159774 0.00012867
-0.57402693 0.95197288 0.00012659
-0.57244815 0.95234576 0.00012659
-0.57086937 0.95271186 0.00012659
-0.56929058 0.95307797 0.00012659
-0.56771032 0.95343955 0.00012456
-0.56613006 0.95380113 0.00012345
-0.56454980 0.95415593 0.00012140
-0.56296805 0.95451525 0.00012140
-0.56138779 0.95486780 0.00012140
-0.55980605 0.95522034 0.00012140
-0.55822283 0.95557288 0.00012140
-0.55664109 0.95592316 0.00011825
-0.55505787 0.95627571 0.00011825
-0.55347466 0.95662373 0.00012140
-0.55189144 0.95697853 0.00012031
-0.55030822 0.95733107 0.00012031
-0.54872352 0.95768588 0.00011928
-0.54713882 0.95804294 0.00011616
-0.54555413 0.95839548 0.00011616
-0.54396943 0.95873672 0.00011523
-0.54238325 0.95906893 0.00011523
-0.54079708 0.95939209 0.00011213
-0.53921090 0.95970395 0.00011213
-0.53762473 0.96001582 0.00011213
-0.53603855 0.96031638 0.00010992
-0.53445090 0.96061469 0.00010992
-0.53286472 0.96090847 0.00010904
-0.53127707 0.96119548 0.00010681
-0.52968942 0.96148249 0.00010595
-0.52810029 0.96176497 0.00010681
-0.52651263 0.96204520 0.00010595
-0.52492498 0.96231864 0.00010371
-0.52333585 0.96259661 0.00010371
-0.52174671 0.96286554 0.00010061
-0.52015758 0.96313446 0.00010152
-0.51856845 0.96340113 0.00010061
-0.51697932 0.96366554 0.00010061
-0.51538871 0.96392768 0.00009752
-0.51379958 0.96418757 0.00010061
-0.51220897 0.96444746 0.00009840
-0.51061836 0.96470056 0.00009752
-0.50902775 0.96495593 0.00009840
-0.50743714 0.96520904 0.00009752
-0.50584653 0.96545763 0.00009443
-0.50425592 0.96570621 0.00009529
-0.50266383 0.96595254 0.00009443
-0.50107322 0.96619661 0.00009443
-0.49948261 0.96644068 0.00009443
-0.49789052 0.96668249 0.00009135
-0.49629843 0.96691977 0.00009135
-0.49470782 0.96715706 0.00009135
-0.49311573 0.96739435 0.00009135
-0.49152364 0.96762486 0.00009135
-0.48993156 0.96785537 0.00009135
-0.48833947 0.96808136 0.00009062
-0.48674738 0.96830734 0.00008828
-0.48515529 0.96853107 0.00008828
-0.48356320 0.96875254 0.00009062
-0.48196964 0.96896723 0.00008758
-0.48037755 0.96918418 0.00008758
-0.47878546 0.96939435 0.00008758
-0.47719337 0.96960226 0.00008456
-0.47559980 0.96980565 0.00008456
-0.47400772 0.97000678 0.00008154
-0.47241563 0.97020339 0.00008154
-0.47082206 0.97039322 0.00008154
-0.46922997 0.97057853 0.00007913
-0.46763788 0.97075480 0.00007913
-0.46604432 0.97093107 0.00007913
-0.46445223 0.97110734 0.00007913
-0.46286014 0.97127910 0.00007677
-0.46126658 0.97145537 0.00007677
-0.45967449 0.97163164 0.00007677
-0.45808240 0.97181017 0.00007610
-0.45649031 0.97198644 0.00007610
-0.45489822 0.97216271 0.00007610
-0.45330613 0.97233898 0.00007610
-0.45171257 0.97251073 0.00007372
-0.45012048 0.97268701 0.00007372
-0.44852839 0.97285876 0.00007309
-0.44693778 0.97303051 0.00007067
-0.44534569 0.97320000 0.00007067
-0.44375360 0.97336949 0.00007067
-0.44216151 0.97353898 0.00007067
-0.44057090 0.97370169 0.00007067
-0.43897882 0.97386667 0.00007009
-0.43738821 0.97402938 0.00007009
-0.43579612 0.97419209 0.00007009
-0.43420551 0.97435254 0.00007067
-0.43261490 0.97451073 0.00007009
-0.43102429 0.97466667 0.00007009
-0.42943368 0.97482260 0.00007009
-0.42784307 0.97497627 0.00006712
-0.42625394 0.97512994 0.00006765
-0.42466333 0.97527910 0.00006765
-0.42307419 0.97542825 0.00006416
-0.42148358 0.97557514 0.00006463
-0.41989445 0.97572203 0.00006712
-0.41830532 0.97586441 0.00006712
-0.41671619 0.97600904 0.00006463
-0.41512853 0.97614689 0.00006416
-0.41353940 0.97628927 0.00006416
-0.41195175 0.97642486 0.00006416
-0.41036262 0.97656271 0.00006164
-0.40877496 0.97669605 0.00006416
-0.40718731 0.97682938 0.00006123
-0.40560114 0.97696271 0.00006164
-0.40401348 0.97709379 0.00006123
-0.40242731 0.97722034 0.00005832
-0.40084113 0.97734689 0.00005867
-0.39925496 0.97747345 0.00006123
-0.39766878 0.97759774 0.00005867
-0.39608261 0.97772203 0.00005832
-0.39449791 0.97784181 0.00005867
-0.39291321 0.97796158 0.00005572
-0.39132851 0.97808136 0.00005832
-0.38974382 0.97819887 0.00005572
-0.38816060 0.97831412 0.00005572
-0.38657738 0.97842938 0.00005572
-0.38499416 0.97854237 0.00005281
-0.38341094 0.97865537 0.00005545
-0.38182920 0.97876610 0.00005281
-0.38024598 0.97887458 0.00005281
-0.37866424 0.97898305 0.00005281
-0.37708398 0.97908927 0.00004992
-0.37550224 0.97919548 0.00005023
-0.37392198 0.97929944 0.00004992
-0.37234172 0.97940339 0.00004730
-0.37076145 0.97950734 0.00005023
-0.36918267 0.97960678 0.00004730
-0.36760388 0.97970847 0.00004730
-0.36602510 0.97981017 0.00004730
-0.36444780 0.97991186 0.00004730
-0.36286901 0.98001356 0.00004730
-0.36129171 0.98010847 0.00004730
-0.35971588 0.98021017 0.00004730
-0.35814005 0.98030960 0.00004440
-0.35656422 0.98040452 0.00004440
-0.35498840 0.98049944 0.00004440
-0.35341405 0.98059887 0.00004474
-0.35183970 0.98069379 0.00004474
-0.35026535 0.98078644 0.00004179
-0.34869248 0.98088136 0.00004179
-0.34711961 0.98097627 0.00004179
-0.34554674 0.98106667 0.00004155
-0.34397534 0.98115932 0.00004179
-0.34240395 0.98124746 0.00004179
-0.34083256 0.98134011 0.00003888
-0.33926264 0.98142825 0.00003888
-0.33769273 0.98151638 0.00003888
-0.33612429 0.98160452 0.00003888
-0.33455586 0.98169040 0.00003927
-0.33298742 0.98177627 0.00003630
-0.33142046 0.98186215 0.00003888
-0.32985350 0.98194576 0.00003630
-0.32828655 0.98202712 0.00003630
-0.32672107 0.98210847 0.00003630
-0.32515559 0.98219209 0.00003382
-0.32359159 0.98227345 0.00003382
-0.32202758 0.98235480 0.00003382
-0.32046358 0.98242938 0.00003382
-0.31890106 0.98251073 0.00003382
-0.31734002 0.98258757 0.00003148
-0.31577749 0.98266215 0.00003148
-0.31421793 0.98273672 0.00003148
-0.31265688 0.98281130 0.00003148
-0.31109731 0.98288588 0.00003148
-0.30953923 0.98295819 0.00002841
-0.30798114 0.98303051 0.00002929
-0.30642305 0.98309831 0.00002929
-0.30486644 0.98316836 0.00002731
-0.30330983 0.98323616 0.00002731
-0.30175470 0.98330395 0.00002731
-0.30019957 0.98337853 0.00002731
-0.29864591 0.98344633 0.00002731
-0.29709226 0.98352090 0.00002731
-0.29554008 0.98359774 0.00002557
-0.29398791 0.98367232 0.00002557
-0.29243721 0.98375141 0.00002731
-0.29088651 0.98382825 0.00002557
-0.28933730 0.98390960 0.00002557
-0.28778808 0.98399096 0.00002557
-0.28623886 0.98406554 0.00002557
-0.28469112 0.98414689 0.00002557
-0.28314485 0.98422825 0.00002557
-0.28159859 0.98430960 0.00002557
-0.28005381 0.98439096 0.00002557
-0.27850902 0.98447232 0.00002557
-0.27696572 0.98455367 0.00002557
-0.27542241 0.98463503 0.00002557
-0.27388059 0.98471638 0.00002557
-0.27234024 0.98479774 0.00002557
-0.27079989 0.98487910 0.00002557
-0.26925954 0.98496045 0.00002557
-0.26772067 0.98504407 0.00002413
-0.26618327 0.98512542 0.00002413
-0.26464588 0.98520678 0.00002413
-0.26310997 0.98528814 0.00002413
-0.26157405 0.98536949 0.00002413
-0.26003962 0.98545311 0.00002237
-0.25850518 0.98553446 0.00002237
-0.25697222 0.98561582 0.00002237
-0.25544074 0.98569718 0.00002237
-0.25390926 0.98578079 0.00002096
-0.25237926 0.98586667 0.00002237
-0.25084926 0.98594802 0.00002237
-0.24932074 0.98602938 0.00002237
-0.24779369 0.98611751 0.00002237
-0.24626665 0.98619887 0.00002237
-0.24474108 0.98628701 0.00002237
-0.24321552 0.98637288 0.00002413
-0.24169143 0.98646102 0.00002413
-0.24016882 0.98654915 0.00002413
-0.23864621 0.98663729 0.00002413
-0.23712508 0.98672994 0.00002096
-0.23560542 0.98681356 0.00001918
-0.23408577 0.98689492 0.00001918
-0.23256759 0.98696949 0.00001918
-0.23104942 0.98703729 0.00001918
-0.22953272 0.98710508 0.00001918
-0.22801750 0.98716610 0.00001918
-0.22650376 0.98722712 0.00001918
-0.22499002 0.98728814 0.00001918
-0.22347628 0.98734463 0.00001779
-0.22196550 0.98740565 0.00001779
-0.22045471 0.98746667 0.00001779
-0.21894541 0.98752090 0.00001779
-0.21743610 0.98758192 0.00001779
-0.21592827 0.98764294 0.00001779
-0.21442193 0.98769944 0.00001691
-0.21291705 0.98776045 0.00001691
-0.21141218 0.98782147 0.00001691
-0.20990879 0.98788249 0.00001691
-0.20840540 0.98794350 0.00001691
-0.20690496 0.98800452 0.00001691
-0.20540453 0.98806554 0.00001691
-0.20390557 0.98812655 0.00001691
-0.20240661 0.98819209 0.00001393
-0.20090913 0.98825537 0.00001691
-0.19941313 0.98831864 0.00001661
-0.19791861 0.98838418 0.00001691
-0.19642408 0.98844972 0.00001393
-0.19493104 0.98851525 0.00001661
-0.19343947 0.98858079 0.00001691
-0.19194791 0.98864859 0.00001691
-0.19045930 0.98871638 0.00001691
-0.18897069 0.98878418 0.00001691
-0.18748355 0.98885198 0.00001691
-0.18599642 0.98891977 0.00001691
-0.18451077 0.98898531 0.00001393
-0.18302659 0.98905085 0.00001661
-0.18154390 0.98911864 0.00001661
-0.18006268 0.98918192 0.00001393
-0.17858146 0.98924746 0.00001661
-0.17710172 0.98931299 0.00001393
-0.17562346 0.98937627 0.00001661
-0.17414667 0.98944181 0.00001393
-0.17266989 0.98950508 0.00001661
-0.17119606 0.98957062 0.00001393
-0.16972223 0.98963164 0.00001393
-0.16824841 0.98969944 0.00001393
-0.16677754 0.98976045 0.00001393
-0.16530667 0.98982147 0.00001393
-0.16383875 0.98988927 0.00001393
-0.16237084 0.98995028 0.00001393
-0.16090440 0.99001130 0.00001393
-0.15943796 0.99007684 0.00001691
-0.15797449 0.99014011 0.00001393
-0.15651101 0.99020113 0.00001393
-0.15504900 0.99026441 0.00001465
-0.15358848 0.99032994 0.00001393
-0.15212944 0.99039096 0.00001393
-0.15067039 0.99045424 0.00001465
-0.14921430 0.99051525 0.00001465
-0.14775822 0.99058079 0.00001393
-0.14630375 0.99064407 0.00001465
-0.14485062 0.99070508 0.00001465
-0.14339867 0.99077288 0.00001465
-0.14194791 0.99083390 0.00001465
-0.14049847 0.99089944 0.00001278
-0.13905022 0.99096271 0.00001465
-0.13760344 0.99102825 0.00001278
-0.13615770 0.99109153 0.00001465
-0.13471344 0.99115706 0.00001278
-0.13327021 0.99122034 0.00001465
-0.13182846 0.99128814 0.00001465
-0.13038804 0.99135367 0.00001278
-0.12894881 0.99142147 0.00001278
-0.12751090 0.99148927 0.00001278
-0.12607433 0.99155480 0.00001598
-0.12463893 0.99162260 0.00001598
-0.12320502 0.99169266 0.00001278
-0.12177229 0.99176045 0.00001278
-0.12034104 0.99182825 0.00001278
-0.11891096 0.99189605 0.00001278
-0.11748222 0.99197062 0.00001278
-0.11605496 0.99203842 0.00001278
-0.11462888 0.99211299 0.00001278
-0.11320413 0.99218079 0.00001278
-0.11178086 0.99225537 0.00001278
-0.11035892 0.99232994 0.00001278
-0.10893816 0.99240452 0.00001278
-0.10751888 0.99247910 0.00001278
-0.10610108 0.99254689 0.00001278
-0.10468446 0.99262147 0.00001278
-0.10326932 0.99269153 0.00001465
-0.10185551 0.99276384 0.00001278
-0.10044304 0.99283616 0.00001152
-0.09903203 0.99290621 0.00001278
-0.09762236 0.99298079 0.00001278
-0.09621417 0.99305311 0.00001152
-0.09480731 0.99312768 0.00001152
-0.09340178 0.99320000 0.00000959
-0.09199772 0.99327232 0.00001278
-0.09059500 0.99334689 0.00001278
-0.08919376 0.99342147 0.00001278
-0.08779384 0.99349605 0.00001278
-0.08639541 0.99357514 0.00001152
-0.08499845 0.99364972 0.00001152
-0.08360282 0.99372429 0.00001152
-0.08220867 0.99380113 0.00001278
-0.08081600 0.99387797 0.00000959
-0.07942466 0.99395480 0.00001152
-0.07803480 0.99402938 0.00001152
-0.07664641 0.99410847 0.00000959
-0.07525951 0.99418531 0.00001152
-0.07387393 0.99425989 0.00001152
-0.07248984 0.99433898 0.00000959
-0.07110722 0.99441582 0.00001152
-0.06972608 0.99449040 0.00001152
-0.06834642 0.99456497 0.00001152
-0.06696823 0.99463955 0.00001152
-0.06559138 0.99471186 0.00001107
-0.06421615 0.99477514 0.00001152
-0.06284240 0.99483616 0.00001152
-0.06146998 0.99489718 0.00001152
-0.06009919 0.99495819 0.00001152
-0.05872988 0.99502147 0.00001393
-0.05736204 0.99508475 0.00001107
-0.05599568 0.99514576 0.00001107
-0.05463080 0.99521130 0.00001393
-0.05326740 0.99527458 0.00001107
-0.05190548 0.99534011 0.00001393
-0.05054518 0.99540791 0.00001393
-0.04918636 0.99548023 0.00001393
-0.04782902 0.99555706 0.00001393
-0.04647316 0.99565198 0.00001393
-0.04511893 0.99578531 0.00001393
-0.04376617 0.99595028 0.00001691
-0.04241504 0.99611977 0.00001691
-0.04106524 0.99628927 0.00001691
-0.03971706 0.99645198 0.00001691
-0.03837051 0.99660791 0.00001691
-0.03702529 0.99676610 0.00001465
-0.03568185 0.99692429 0.00001393
-0.03433973 0.99708249 0.00001691
-0.03299939 0.99724520 0.00001691
-0.03166038 0.99741469 0.00001691
-0.03032315 0.99759322 0.00001996
-0.02898739 0.99779661 0.00001996
-0.02765326 0.99805198 0.00002616
-0.02632105 0.99835480 0.00002731
-0.02499002 0.99866893 0.00003049
-0.02366047 0.99895593 0.00002876
-0.02233255 0.99920452 0.00002557
-0.02100625 0.99941921 0.00002237
-0.01968143 0.99959322 0.00001918
-0.01835824 0.99973785 0.00001779
-0.01703653 0.99984859 0.00001598
-0.01571644 0.99992768 0.00001278
-0.01439801 0.99998192 0.00001278
-0.01308110 1.00001356 0.00000959
-0.01176578 1.00002034 0.00000959
-0.01045207 1.00000678 0.00000959
-0.00913993 0.99997288 0.00000959
-0.00782941 0.99991186 0.00000959
-0.00652048 0.99983277 0.00001278
-0.00521317 0.99971977 0.00001598
-0.00390746 0.99958644 0.00001918
-0.00260335 0.99938305 0.00002413
-0.00130087 0.99915706 0.00003516
-0.00000000 0.99870508 0.00001465
